/*--------------------------------*- C++ -*----------------------------------*\
  =========                 |
  \\      /  F ield         | OpenFOAM: The Open Source CFD Toolbox
   \\    /   O peration     | Website:  https://openfoam.org
    \\  /    A nd           | Version:  12
     \\/     M anipulation  |
\*---------------------------------------------------------------------------*/
FoamFile
{
    format      ascii;
    class       surfaceScalarField;
    location    "6.08";
    object      phi;
}
// * * * * * * * * * * * * * * * * * * * * * * * * * * * * * * * * * * * * * //

dimensions      [1 0 -1 0 0 0 0];

internalField   nonuniform List<scalar> 
7429
(
3.02274e-05
-3.02275e-05
6.09954e-05
-3.07682e-05
9.16725e-05
-3.06772e-05
0.000122039
-3.03668e-05
0.000151891
-2.9852e-05
0.00018108
-2.91888e-05
0.000209588
-2.85084e-05
0.00023771
-2.81221e-05
0.000265136
-2.74269e-05
0.000291276
-2.61393e-05
0.000315768
-2.44924e-05
0.000338374
-2.26064e-05
0.000358972
-2.05982e-05
0.000377516
-1.85445e-05
0.000394069
-1.65528e-05
0.000408806
-1.47366e-05
0.000421999
-1.31935e-05
0.000434048
-1.20497e-05
0.000445413
-1.13649e-05
0.000456663
-1.12498e-05
0.000468407
-1.17443e-05
0.000481315
-1.29083e-05
0.000496079
-1.47636e-05
0.000513381
-1.73028e-05
0.000533933
-2.0552e-05
0.000558348
-2.44146e-05
0.000587157
-2.88098e-05
0.000620847
-3.36898e-05
0.000659791
-3.89439e-05
0.000704249
-4.4458e-05
0.000754353
-5.0104e-05
0.000810129
-5.57756e-05
0.000871435
-6.13062e-05
0.0009379
-6.64651e-05
0.00100875
-7.08506e-05
0.00108362
-7.48658e-05
0.00116272
-7.90994e-05
0.00124577
-8.30496e-05
0.00133222
-8.64549e-05
0.00142136
-8.91428e-05
0.00151231
-9.09483e-05
0.00160413
-9.18168e-05
0.0016957
-9.15747e-05
0.00178592
-9.02185e-05
0.00187355
-8.76331e-05
0.00195727
-8.37126e-05
0.00203589
-7.86266e-05
0.00210805
-7.21607e-05
0.00217237
-6.43178e-05
0.00222767
-5.52973e-05
0.00227283
-4.51561e-05
0.00230672
-3.38966e-05
0.00232826
-2.15325e-05
0.00233648
-8.22741e-06
0.00232697
9.51395e-06
0.00230109
2.58783e-05
0.00225894
4.21482e-05
0.00220038
5.85633e-05
0.00212574
7.46437e-05
0.00203521
9.05259e-05
0.00192935
0.000105859
0.00180867
0.000120682
0.00167384
0.000134834
0.00152567
0.000148165
0.00136525
0.000160422
0.00119398
0.000171271
0.0010134
0.000180578
0.000825367
0.000188035
0.000631901
0.000193466
0.000435243
0.000196658
0.000237564
0.000197679
4.14173e-05
0.000196146
-0.000150612
0.00019203
-0.000336104
0.000185492
-0.000512501
0.000176397
-0.000677185
0.000164684
-0.00082782
0.000150635
-0.000962103
0.000134284
-0.00107793
0.000115823
-0.00117339
9.54659e-05
-0.00124712
7.37284e-05
-0.00129788
5.07581e-05
-0.00132505
2.71683e-05
-0.00132851
3.46328e-06
-0.00130438
-2.4127e-05
-0.00125579
-4.85882e-05
-0.00118442
-7.13757e-05
-0.00109186
-9.25598e-05
-0.000980002
-0.000111857
-0.000851089
-0.000128913
-0.000707902
-0.000143187
-0.000553627
-0.000154275
-0.000391774
-0.000161853
-0.000226064
-0.00016571
-6.05096e-05
-0.000165554
0.000100893
-0.000161403
0.000254181
-0.000153287
0.000395463
-0.000141283
0.000521233
-0.000125769
0.000628178
-0.000106946
0.000713514
-8.53354e-05
0.000775176
-6.16621e-05
0.000811636
-3.64602e-05
0.00082226
-1.06235e-05
0.000804608
1.76512e-05
0.000761485
4.3123e-05
0.000695036
6.6449e-05
0.000607621
8.74149e-05
0.000502367
0.000105255
0.000383089
0.000119278
0.000254221
0.000128868
0.000120613
0.000133608
-1.27205e-05
0.000133333
-0.00014054
0.00012782
-0.000257948
0.000117408
-0.000360336
0.000102388
-0.000443655
8.33187e-05
-0.000504703
6.10482e-05
-0.000541155
3.64524e-05
-0.000552017
1.08616e-05
-0.000534424
-1.75926e-05
-0.000491397
-4.30275e-05
-0.00042564
-6.57564e-05
-0.000340314
-8.53261e-05
-0.000239626
-0.000100689
-0.000128527
-0.000111099
-1.26358e-05
-0.000115892
0.00010203
-0.000114666
0.000209739
-0.000107709
0.000304927
-9.51882e-05
0.000382574
-7.76471e-05
0.0004387
-5.61258e-05
0.000470361
-3.16609e-05
0.000476084
-5.72294e-06
0.000452981
2.31027e-05
0.000404238
4.87433e-05
0.000332292
7.19453e-05
0.000240534
9.17585e-05
0.000133366
0.000107168
1.61943e-05
0.000117172
-0.000105569
0.000121763
-0.000225823
0.000120254
-0.000338917
0.000113094
-0.000439529
0.000100612
-0.00052314
8.36113e-05
-0.000586179
6.30389e-05
-0.000626194
4.00146e-05
-0.000641953
1.57589e-05
-0.000632624
-9.32889e-06
-0.000600061
-3.25632e-05
-0.000546469
-5.35915e-05
-0.000474937
-7.15316e-05
-0.000389306
-8.56313e-05
-0.000293972
-9.53341e-05
-0.000193557
-0.000100415
-9.27781e-05
-0.000100779
3.9093e-06
-9.66874e-05
9.24371e-05
-8.85278e-05
0.000169266
-7.68289e-05
0.00023169
-6.24242e-05
0.000277697
-4.60066e-05
0.000306196
-2.84986e-05
0.000317006
-1.081e-05
0.000310579
6.42695e-06
0.00028838
2.21988e-05
0.000252427
3.59524e-05
0.000205257
4.71707e-05
0.000149835
5.54221e-05
8.91894e-05
6.06452e-05
2.67497e-05
6.24397e-05
-3.44098e-05
6.11596e-05
-9.13154e-05
5.69055e-05
-0.000141274
4.99591e-05
-0.000182046
4.07711e-05
-0.000211877
2.98311e-05
-0.000229583
1.77058e-05
-0.0002345
4.91734e-06
-0.000226474
-8.02565e-06
-0.000206097
-2.03773e-05
-0.00017437
-3.17271e-05
-0.00013272
-4.16496e-05
-8.30483e-05
-4.96719e-05
-2.7466e-05
-5.55824e-05
3.16826e-05
-5.91486e-05
9.19084e-05
-6.02257e-05
0.00015073
-5.88221e-05
0.000205662
-5.49312e-05
0.000254475
-4.8813e-05
0.000295081
-4.06067e-05
0.000325743
-3.06612e-05
0.000345067
-1.93244e-05
0.000352098
-7.03143e-06
0.000346271
5.82705e-06
0.000327539
1.87328e-05
0.000296324
3.12145e-05
0.000253515
4.28086e-05
0.000200486
5.30289e-05
0.000139024
6.14623e-05
7.1348e-05
6.76762e-05
7.1348e-05
4.80297e-05
-7.82573e-05
9.66789e-05
-7.94176e-05
0.000144825
-7.88235e-05
0.000191886
-7.7428e-05
0.000237263
-7.52292e-05
0.000280306
-7.22327e-05
0.000320258
-6.846e-05
0.000356106
-6.397e-05
0.000387524
-5.88457e-05
0.000414631
-5.32464e-05
0.000437565
-4.74265e-05
0.000456932
-4.19737e-05
0.000472555
-3.62218e-05
0.000484012
-3.00016e-05
0.000491374
-2.39143e-05
0.00049507
-1.84331e-05
0.000495595
-1.37186e-05
0.000493445
-9.89951e-06
0.000489216
-7.13684e-06
0.00048354
-5.57401e-06
0.000477196
-5.40004e-06
0.000471068
-6.78094e-06
0.000466197
-9.89186e-06
0.00046373
-1.48362e-05
0.000464946
-2.17683e-05
0.000471072
-3.05406e-05
0.00048336
-4.10982e-05
0.000502582
-5.29112e-05
0.00052934
-6.57028e-05
0.000563813
-7.89306e-05
0.000605579
-9.187e-05
0.000653851
-0.000104048
0.00070952
-0.000116976
0.000773476
-0.000130421
0.000846308
-0.000143683
0.000927655
-0.000156213
0.00101635
-0.000167798
0.00111136
-0.000178053
0.00121161
-0.000186704
0.00131597
-0.000193506
0.00142321
-0.000198192
0.00153198
-0.000200588
0.00164089
-0.000200485
0.00174845
-0.000197776
0.00185315
-0.000192327
0.00195343
-0.000184
0.00204764
-0.000172831
0.00213441
-0.000158937
0.00221224
-0.00014214
0.00227953
-0.000122587
0.00233489
-0.000100516
0.002377
-7.60113e-05
0.00240479
-4.93248e-05
0.00241736
-2.07977e-05
0.00241026
1.66229e-05
0.00238492
5.12185e-05
0.00234162
8.54417e-05
0.00228046
0.000119723
0.00220162
0.000153489
0.00210535
0.000186788
0.00199201
0.000219206
0.00186206
0.000250629
0.00171625
0.000280645
0.00155569
0.000308725
0.0013817
0.000334411
0.00119595
0.000357021
0.00100021
0.000376315
0.00079667
0.000391579
0.000587572
0.000402564
0.000375399
0.000408832
0.000162654
0.000410424
-4.77947e-05
0.000406595
-0.0002532
0.000397435
-0.00045079
0.000383082
-0.000637708
0.000363315
-0.000811136
0.000338112
-0.000968574
0.000308073
-0.00110755
0.000273257
-0.00122585
0.000234124
-0.00132162
0.000191236
-0.00139332
0.000145432
-0.00143977
9.72057e-05
-0.00146
4.74013e-05
-0.00145123
-5.30458e-06
-0.00141623
-5.91275e-05
-0.00135548
-0.000109346
-0.00127024
-0.000156615
-0.00116213
-0.000200668
-0.00103327
-0.000240717
-0.000886471
-0.000275712
-0.000724891
-0.000304766
-0.00055216
-0.000327007
-0.000372277
-0.000341735
-0.000189357
-0.00034863
-7.80849e-06
-0.000347103
0.000168018
-0.000337229
0.000333778
-0.000319048
0.000485128
-0.000292633
0.000618355
-0.000258996
0.000730075
-0.000218666
0.000817368
-0.000172629
0.000877981
-0.000122274
0.000910478
-6.8957e-05
0.000913641
-1.37866e-05
0.000886842
4.44497e-05
0.00083277
9.71948e-05
0.000753311
0.000145909
0.000651237
0.000189489
0.000530259
0.000226233
0.000394786
0.000254751
0.000249781
0.000273872
0.000100746
0.000282643
-4.67398e-05
0.000280819
-0.000187042
0.000268122
-0.00031472
0.000245085
-0.000424809
0.000212477
-0.000513003
0.000171513
-0.000575835
0.00012388
-0.00061109
7.17072e-05
-0.000617257
1.70288e-05
-0.000593263
-4.15866e-05
-0.000541932
-9.43587e-05
-0.000465886
-0.000141802
-0.000368863
-0.000182349
-0.000255792
-0.000213759
-0.000132277
-0.000234614
-4.50535e-06
-0.000243663
0.000121053
-0.000240224
0.000237944
-0.0002246
0.000340247
-0.000197491
0.000422775
-0.000160175
0.00048133
-0.000114681
0.000513015
-6.33454e-05
0.000516239
-8.9473e-06
0.000490113
4.92287e-05
0.000436983
0.000101873
0.000359546
0.000149382
0.000261757
0.000189547
0.000148748
0.000220177
2.5915e-05
0.000240005
-0.000100152
0.00024783
-0.000223606
0.000243708
-0.000338537
0.000228025
-0.000439593
0.000201668
-0.000522288
0.000166307
-0.000583285
0.000124036
-0.000620398
7.71272e-05
-0.000632494
2.78554e-05
-0.000619682
-2.21415e-05
-0.000583764
-6.84812e-05
-0.000527188
-0.000110167
-0.000453327
-0.000145393
-0.000366293
-0.000172666
-0.00027055
-0.000191077
-0.000170833
-0.000200132
-7.17658e-05
-0.000199846
2.23177e-05
-0.000190771
0.000107491
-0.000173701
0.000180498
-0.000149836
0.000238791
-0.000120717
0.000280743
-8.79584e-05
0.000305378
-5.31341e-05
0.000312815
-1.82471e-05
0.000303716
1.55256e-05
0.000279665
4.62506e-05
0.000242654
7.29636e-05
0.000195352
9.44723e-05
0.000140496
0.000110278
8.14361e-05
0.000119705
2.09069e-05
0.000122969
-3.78458e-05
0.000119912
-9.20746e-05
0.000111134
-0.000139308
9.71925e-05
-0.000177551
7.90138e-05
-0.000205188
5.74682e-05
-0.000221147
3.36654e-05
-0.000225037
8.80646e-06
-0.000216756
-1.6306e-05
-0.00019691
-4.02233e-05
-0.000166508
-6.21293e-05
-0.000126964
-8.11939e-05
-8.00576e-05
-9.65781e-05
-2.77998e-05
-0.00010784
2.75303e-05
-0.000114479
8.36979e-05
-0.000116393
0.000138386
-0.00011351
0.000189353
-0.000105898
0.000234501
-9.39606e-05
0.000271965
-7.80713e-05
0.000300164
-5.88595e-05
0.000317853
-3.70133e-05
0.000324176
-1.33552e-05
0.000318663
1.13401e-05
0.000301292
3.61045e-05
0.000272464
6.00422e-05
0.000233026
8.22461e-05
0.000184221
0.000101834
0.000127723
0.00011796
6.55393e-05
0.00012986
0.000136887
7.53898e-05
-0.000153647
0.000150582
-0.00015461
0.000224337
-0.000152579
0.000295506
-0.000148597
0.000363034
-0.000142758
0.000426093
-0.000135292
0.000484033
-0.0001264
0.000536113
-0.00011605
0.000581019
-0.000103753
0.000616697
-8.8924e-05
0.00064037
-7.11001e-05
0.000648989
-5.05928e-05
0.00064101
-2.82429e-05
0.000614795
-3.78759e-06
0.000570921
1.99595e-05
0.000520178
3.23099e-05
0.000461524
4.49348e-05
0.00039792
5.37047e-05
0.000330219
6.05641e-05
0.000260145
6.44997e-05
0.00018975
6.49941e-05
0.000121158
6.18113e-05
5.62432e-05
5.50228e-05
-3.9379e-06
4.53447e-05
-5.71234e-05
3.14171e-05
-0.000100788
1.31237e-05
-0.000121815
-2.00714e-05
-0.000124176
-5.05506e-05
-0.000109159
-8.07197e-05
-7.73955e-05
-0.000110694
-2.90944e-05
-0.000140171
3.56856e-05
-0.000168828
0.000113543
-0.000194833
0.00020303
-0.000219908
0.000305318
-0.000245971
0.000420299
-0.000271194
0.000547093
-0.000294592
0.000684365
-0.000315326
0.000830465
-0.000332803
0.000983596
-0.000346637
0.00114164
-0.000356234
0.00130262
-0.000361572
0.00146413
-0.000361995
0.00162387
-0.000357519
0.00177977
-0.000348219
0.00192912
-0.000333348
0.00206969
-0.000313404
0.00219961
-0.000288857
0.00231709
-0.000259624
0.00241972
-0.000225209
0.00250568
-0.000186482
0.00257341
-0.000143742
0.00262168
-9.75945e-05
0.00264847
-4.75818e-05
0.00265366
1.14258e-05
0.00263617
6.87121e-05
0.00259592
0.000125693
0.00253299
0.000182656
0.00244741
0.000239065
0.00233911
0.000295088
0.00220873
0.000349582
0.00205707
0.000402289
0.00188536
0.000452359
0.00169557
0.000498516
0.00148938
0.000540604
0.00126908
0.000577312
0.00103702
0.000608385
0.000795949
0.000632645
0.000548787
0.000649727
0.000298634
0.000658985
4.86698e-05
0.000660388
-0.000197621
0.000652886
-0.000436824
0.000636638
-0.000665636
0.000611894
-0.000880746
0.000578425
-0.00107869
0.000536052
-0.00125656
0.00048595
-0.00141143
0.000428122
-0.0015408
0.000363493
-0.00164248
0.000292922
-0.00171469
0.000217639
-0.00175599
0.000138509
-0.00176567
5.70747e-05
-0.00174079
-3.01851e-05
-0.00168537
-0.000114545
-0.00159983
-0.000194884
-0.00148546
-0.000270988
-0.00134442
-0.000341705
-0.00117954
-0.0004056
-0.000994401
-0.000460848
-0.000792979
-0.000506188
-0.000579772
-0.000540213
-0.000359661
-0.000561846
-0.000137607
-0.000570684
8.09186e-05
-0.000565629
0.00029053
-0.000546841
0.000486052
-0.000514569
0.000662781
-0.000469362
0.000816148
-0.000412363
0.000942052
-0.00034457
0.00103729
-0.000267864
0.00109947
-0.000184456
0.00112648
-9.59681e-05
0.00111703
-4.33535e-06
0.00107377
8.77075e-05
0.000997825
0.000173142
0.000891617
0.000252117
0.000758946
0.000322159
0.000604674
0.000380506
0.000434368
0.000425056
0.000254349
0.000453892
7.12626e-05
0.000465729
-0.000108187
0.000460269
-0.000276911
0.000436846
-0.000428532
0.000396706
-0.000557154
0.000341099
-0.000657911
0.00027227
-0.000727019
0.000192988
-0.000761733
0.000106422
-0.00076081
1.6105e-05
-0.000724297
-7.80991e-05
-0.000655383
-0.000163273
-0.000557232
-0.000239953
-0.000434818
-0.000304763
-0.000294344
-0.000354233
-0.000142812
-0.000386145
1.19769e-05
-0.000398452
0.000162276
-0.000390523
0.000300651
-0.000362976
0.000420215
-0.000317055
0.00051502
-0.00025498
0.000580514
-0.000180175
0.000613745
-9.6577e-05
0.000613
-8.20156e-06
0.000578903
8.33255e-05
0.000514042
0.000166734
0.00042199
0.000241434
0.000307844
0.000303693
0.000177664
0.000350357
3.85634e-05
0.000379106
-0.000102753
0.000389146
-0.000239205
0.000380161
-0.000364211
0.000353031
-0.000472268
0.000309725
-0.000558609
0.000252647
-0.000620025
0.000185452
-0.000654433
0.000111536
-0.000661417
3.48398e-05
-0.000642121
-4.14378e-05
-0.000598298
-0.000112304
-0.000533198
-0.000175267
-0.000450845
-0.000227746
-0.000355904
-0.000267607
-0.000253339
-0.000293642
-0.000148162
-0.000305309
-4.5261e-05
-0.000302747
5.09558e-05
-0.000286988
0.000136604
-0.000259349
0.000208544
-0.000221776
0.000264513
-0.000176687
0.000302983
-0.000126428
0.000323601
-7.37517e-05
0.000326456
-2.11025e-05
0.000312857
2.91248e-05
0.000284513
7.45944e-05
0.000243664
0.000113813
0.000193068
0.000145068
0.000135782
0.000167565
7.47973e-05
0.000180689
1.34397e-05
0.000184326
-4.54817e-05
0.000178834
-9.92513e-05
0.000164904
-0.000145547
0.000143488
-0.000182471
0.000115937
-0.000208644
8.36417e-05
-0.000223199
4.82201e-05
-0.000225717
1.13252e-05
-0.000216511
-2.5512e-05
-0.000196126
-6.06091e-05
-0.00016565
-9.2605e-05
-0.000126553
-0.000120291
-8.05896e-05
-0.000142542
-2.97621e-05
-0.000158668
2.37272e-05
-0.000167968
7.77554e-05
-0.000170422
0.000130101
-0.000165856
0.00017869
-0.000154487
0.000221535
-0.000136806
0.000256942
-0.000113478
0.000283449
-8.5367e-05
0.000299954
-5.35181e-05
0.00030567
-1.90716e-05
0.000300239
1.67716e-05
0.000283663
5.26804e-05
0.000256335
8.73705e-05
0.0002191
0.00011948
0.000173137
0.000147798
0.00011999
0.000171106
6.15593e-05
0.000188291
0.000198447
0.000152486
-0.000306134
0.000304125
-0.000306248
0.000451665
-0.000300119
0.000591945
-0.000288878
0.00072163
-0.000272443
0.000837393
-0.000251055
0.000935815
-0.000224822
0.00101456
-0.00019479
0.00107195
-0.00016115
0.00110847
-0.000125443
0.00112583
-8.84586e-05
0.00112713
-5.1895e-05
0.00111581
-1.69227e-05
0.00109468
1.73415e-05
0.00105214
6.25047e-05
0.000980795
0.00010365
0.000886471
0.000139259
0.000771638
0.000168538
0.000643012
0.000189189
0.000504179
0.000203333
0.000360665
0.000208508
0.000217889
0.000204587
8.21079e-05
0.000190804
-4.18989e-05
0.000169351
-0.000148116
0.000137634
-0.000232737
9.77443e-05
-0.00030335
5.05416e-05
-0.000355095
1.19436e-06
-0.00039343
-4.23856e-05
-0.000406153
-9.79707e-05
-0.000390818
-0.000155506
-0.000344916
-0.00021473
-0.000267102
-0.000272647
-0.000158939
-0.000328071
-2.48089e-05
-0.000380101
0.000131763
-0.000427765
0.00030732
-0.000470149
0.000498465
-0.000506471
0.000701868
-0.000536207
0.000914221
-0.00055899
0.0011323
-0.000574318
0.00135271
-0.000581977
0.00157225
-0.000581537
0.00178796
-0.000573224
0.00199616
-0.000556424
0.00219465
-0.000531836
0.00238088
-0.000499638
0.00255147
-0.000459446
0.00270376
-0.00041191
0.00283617
-0.00035762
0.00294606
-0.000296372
0.00303069
-0.000228375
0.00308916
-0.000156065
0.00312358
-8.20037e-05
0.00312808
6.92783e-06
0.00310368
9.31155e-05
0.00305114
0.000178236
0.00297051
0.000263287
0.00286161
0.000347961
0.00272486
0.000431841
0.00256092
0.000513518
0.00237121
0.000592003
0.00215772
0.000665845
0.00192224
0.000733999
0.00166755
0.000795288
0.00139621
0.000848654
0.0011116
0.000892996
0.000816843
0.000927401
0.00051589
0.00095068
0.000212636
0.000962239
-8.91226e-05
0.000962146
-0.000385128
0.000948891
-0.000671127
0.000922637
-0.000943133
0.000883901
-0.00119687
0.000832164
-0.00142841
0.000767591
-0.00163412
0.000691661
-0.00181069
0.000604693
-0.0019551
0.000507901
-0.00206452
0.000402345
-0.00213703
0.000290147
-0.00217222
0.000173696
-0.00216807
5.2927e-05
-0.00212302
-7.52371e-05
-0.00204089
-0.00019667
-0.00192216
-0.000313616
-0.00176879
-0.000424356
-0.0015837
-0.000526793
-0.0013708
-0.000618508
-0.0011345
-0.000697144
-0.000879972
-0.000760717
-0.000612882
-0.000807303
-0.000339468
-0.00083526
-6.60709e-05
-0.000844081
0.00020082
-0.000832519
0.00045502
-0.000801041
0.000690122
-0.000749672
0.000899897
-0.000679137
0.00107916
-0.000591626
0.00122321
-0.000488618
0.00132825
-0.000372906
0.00139164
-0.000247842
0.00141148
-0.000115809
0.00138616
2.09804e-05
0.0013202
0.000153672
0.00121429
0.000279051
0.00107198
0.000394426
0.000898383
0.000495754
0.000699805
0.000579084
0.000483362
0.000641499
0.000256767
0.000680487
2.85381e-05
0.000693958
-0.00019264
0.000681447
-0.000398613
0.000642819
-0.000581541
0.000579634
-0.000734529
0.000494088
-0.000851663
0.000389404
-0.000928323
0.000269647
-0.000961523
0.000139622
-0.000949282
3.86397e-06
-0.000895852
-0.000131529
-0.000802662
-0.000256463
-0.000674397
-0.000368218
-0.00051763
-0.00046153
-0.000340491
-0.000531372
-0.000152146
-0.00057449
3.83336e-05
-0.000588932
0.000221329
-0.000573518
0.000387707
-0.000529354
0.000529216
-0.000458564
0.000639101
-0.000364865
0.000712489
-0.000253562
0.000746501
-0.000130589
0.000738513
-2.13026e-07
0.000693276
0.000128563
0.000611813
0.000248196
0.000499495
0.000353752
0.000362852
0.000440336
0.000209482
0.000503727
4.76311e-05
0.000540957
-0.000113961
0.000550738
-0.000267684
0.000533884
-0.000406319
0.000491666
-0.000523594
0.000427
-0.000614942
0.000343994
-0.000677016
0.000247526
-0.000708286
0.000142806
-0.000708859
3.54125e-05
-0.000680611
-6.96857e-05
-0.000626159
-0.000166756
-0.000549534
-0.000251892
-0.000455582
-0.000321697
-0.000349697
-0.000373492
-0.000237435
-0.000405904
-0.000124221
-0.000418522
-1.52985e-05
-0.00041167
8.4806e-05
-0.000387092
0.000172244
-0.000346787
0.000244006
-0.000293538
0.00029802
-0.000230701
0.000333182
-0.00016159
0.000349326
-8.98958e-05
0.000347112
-1.88891e-05
0.000328085
4.81522e-05
0.00029427
0.00010841
0.000248344
0.000159738
0.000193172
0.00020024
0.000132158
0.000228579
6.82935e-05
0.000244554
4.91172e-06
0.000247708
-5.5161e-05
0.000238906
-0.000109276
0.000219019
-0.000155262
0.000189475
-0.000191331
0.000152006
-0.000216295
0.000108606
-0.000229423
6.13472e-05
-0.000230547
1.24495e-05
-0.000220017
-3.60419e-05
-0.000198582
-8.20444e-05
-0.000167409
-0.000123777
-0.000128019
-0.000159681
-8.2209e-05
-0.000188351
-3.20124e-05
-0.000208864
2.05379e-05
-0.000220518
7.32798e-05
-0.000223163
0.000124102
-0.000216678
0.000170999
-0.000201383
0.000212174
-0.000177981
0.000246014
-0.000147318
0.00027119
-0.000110544
0.000286694
-6.90219e-05
0.000291868
-2.42459e-05
0.000286394
2.22456e-05
0.000270318
6.8757e-05
0.000244078
0.00011361
0.000208474
0.000155084
0.000164627
0.000191645
0.000114052
0.000221682
5.84958e-05
0.000243847
0.000256942
0.000323059
-0.000629193
0.000644249
-0.000627439
0.000959616
-0.000615487
0.00126512
-0.000594383
0.00155488
-0.000562202
0.00181976
-0.000515933
0.00204743
-0.000452491
0.00222718
-0.000374548
0.0023475
-0.000281467
0.00240036
-0.000178308
0.00237481
-6.29027e-05
0.00226887
5.40448e-05
0.00211128
0.000140666
0.00190225
0.000226368
0.00165797
0.000306791
0.00138279
0.000378827
0.00108194
0.000440109
0.000761771
0.000488705
0.000428044
0.000522916
8.97848e-05
0.000541591
-0.000245265
0.000543557
-0.000568919
0.000528242
-0.000873578
0.000495462
-0.00114939
0.000445166
-0.00139103
0.00037927
-0.00159189
0.000298602
-0.00174782
0.00020648
-0.00185289
0.000106257
-0.00188309
-1.21822e-05
-0.00183431
-0.000146751
-0.00173079
-0.000259023
-0.00158918
-0.000356348
-0.00141669
-0.000445138
-0.00121281
-0.000531942
-0.000979197
-0.000613719
-0.000719132
-0.000687831
-0.000436783
-0.000752499
-0.000136214
-0.00080704
0.000177853
-0.000850274
0.000500575
-0.000881712
0.000826856
-0.0009006
0.00115226
-0.000907385
0.00147298
-0.000902253
0.00178297
-0.000883209
0.00207965
-0.000853103
0.00235999
-0.000812179
0.00261947
-0.000759118
0.00285553
-0.000695504
0.0030653
-0.000621688
0.0032438
-0.000536112
0.00339059
-0.000443164
0.00350671
-0.000344496
0.00359015
-0.000239509
0.00363188
-0.00012373
0.0036425
-3.69578e-06
0.00361823
0.000117388
0.00355732
0.000239142
0.00345991
0.000360698
0.00332621
0.000481663
0.00315734
0.000600717
0.00295524
0.00071561
0.00272185
0.000825398
0.00245983
0.000927861
0.00217202
0.00102182
0.00186157
0.00110573
0.00153216
0.00117807
0.00118753
0.00123762
0.000832051
0.00128288
0.000470264
0.00131247
0.00010695
0.00132555
-0.000253133
0.00132223
-0.000604848
0.00130061
-0.000943019
0.00126081
-0.00126285
0.00120373
-0.00155956
0.00112888
-0.00182813
0.00103616
-0.00206431
0.000927845
-0.0022642
0.000804581
-0.00242443
0.000668128
-0.00254174
0.000519655
-0.00261374
0.000362142
-0.00263872
0.000198683
-0.00261796
3.21618e-05
-0.00254873
-0.000144462
-0.00243465
-0.000310747
-0.00227683
-0.000471445
-0.00207813
-0.000623054
-0.00184244
-0.000762482
-0.00157462
-0.000886325
-0.00128039
-0.000991371
-0.000966038
-0.00107507
-0.000638555
-0.00113479
-0.000305173
-0.00116864
2.64298e-05
-0.00117568
0.000348121
-0.00115421
0.000651834
-0.00110475
0.000929948
-0.00102779
0.00117541
-0.000924603
0.00138217
-0.00079838
0.00154499
-0.000651443
0.00165966
-0.000487572
0.00172191
-0.000310091
0.00173203
-0.000125934
0.00168876
6.42515e-05
0.00159514
0.000247299
0.0014536
0.000420586
0.00126916
0.000578863
0.00104833
0.000716589
0.000798829
0.000828583
0.000529577
0.000910751
0.000250439
0.000959626
-2.82787e-05
0.000972676
-0.000296395
0.000949564
-0.000543654
0.000890077
-0.000760907
0.000796887
-0.000939745
0.000672925
-0.00107329
0.000522949
-0.0011562
0.000352558
-0.00118636
0.000169779
-0.00116164
-2.08544e-05
-0.00108692
-0.000206248
-0.000964541
-0.000378842
-0.000801113
-0.000531647
-0.000604766
-0.000657877
-0.000385839
-0.000750299
-0.000155395
-0.000804934
7.51003e-05
-0.000819427
0.000293901
-0.000792318
0.000490327
-0.00072578
0.000655116
-0.000623353
0.0007805
-0.000490249
0.000861022
-0.000334083
0.000893388
-0.000162955
0.000877884
1.52912e-05
0.000817429
0.000189017
0.000715749
0.000349876
0.000579521
0.000489981
0.000417101
0.000602755
0.000237649
0.000683179
5.11274e-05
0.000727479
-0.000132905
0.000734771
-0.000305256
0.000706235
-0.000458101
0.000644511
-0.000584647
0.000553545
-0.000680234
0.000439582
-0.000742108
0.0003094
-0.000768959
0.000169657
-0.000761825
2.82779e-05
-0.0007231
-0.00010841
-0.00065654
-0.000233316
-0.000567156
-0.000341276
-0.000460601
-0.000428252
-0.000342872
-0.000491221
-0.00022028
-0.000528496
-9.86591e-05
-0.000540144
1.64992e-05
-0.000526828
0.000120564
-0.000491157
0.000209715
-0.000435938
0.000281072
-0.000364895
0.000332881
-0.000282509
0.000364344
-0.000193053
0.000375729
-0.000101281
0.00036809
-1.12501e-05
0.000343398
7.28438e-05
0.000303904
0.000147904
0.00025273
0.000210913
0.000192997
0.000259973
0.000127986
0.000293591
6.12646e-05
0.000311274
-4.24165e-06
0.000313214
-6.55027e-05
0.000300167
-0.000119983
0.000273499
-0.000165627
0.000235119
-0.000200828
0.000187206
-0.000224543
0.000132322
-0.000236226
7.30308e-05
-0.000235853
1.20757e-05
-0.000223928
-4.79662e-05
-0.000201314
-0.000104659
-0.000169295
-0.000155796
-0.000129447
-0.000199529
-8.35944e-05
-0.000234204
-3.37548e-05
-0.000258704
1.80344e-05
-0.000272308
6.97049e-05
-0.000274834
0.000119228
-0.000266202
0.000164705
-0.00024686
0.000204389
-0.000217665
0.000236835
-0.000179764
0.000260803
-0.000134512
0.000275393
-8.36123e-05
0.000280036
-2.88891e-05
0.000274467
2.78148e-05
0.000258793
8.44306e-05
0.000233451
0.000138953
0.00019924
0.000189295
0.000157243
0.000233643
0.00010888
0.000270045
5.5825e-05
0.000296902
0.000312767
0.000515988
-0.00114518
0.00102618
-0.00113763
0.00152028
-0.00110959
0.00198571
-0.00105981
0.00240991
-0.000986404
0.00278733
-0.000893354
0.00310463
-0.000769793
0.00337073
-0.000640645
0.00355943
-0.000470173
0.00368342
-0.000302299
0.00374084
-0.000120315
0.00374612
4.87583e-05
0.00363761
0.000249174
0.00342735
0.000436631
0.00312722
0.000606923
0.00274724
0.000758811
0.00230035
0.000886992
0.00179929
0.000989766
0.00125991
0.00106229
0.000698915
0.00110259
0.00013323
0.00110924
-0.000418919
0.00108039
-0.000940028
0.00101657
-0.00141179
0.000916923
-0.00182133
0.000788811
-0.00214352
0.000620793
-0.00238026
0.000443227
-0.00249698
0.000222969
-0.002533
2.38421e-05
-0.00253466
-0.000145092
-0.00247569
-0.000317996
-0.00233906
-0.00049298
-0.00212772
-0.000656472
-0.00185314
-0.000806523
-0.00152775
-0.000939112
-0.00116298
-0.0010526
-0.0007693
-0.00114618
-0.000356414
-0.00121993
6.70771e-05
-0.00127376
0.000494163
-0.0013088
0.000918633
-0.00132507
0.00133503
-0.00132378
0.00173725
-0.00130447
0.00212289
-0.00126885
0.00248597
-0.00121619
0.00282218
-0.00114839
0.00312889
-0.00106583
0.0034029
-0.000969513
0.00364186
-0.000860644
0.0038485
-0.000742756
0.0040174
-0.000612059
0.00414157
-0.00046867
0.00422602
-0.00032396
0.00426738
-0.000165089
0.0042666
-2.91329e-06
0.00422354
0.000160448
0.00413803
0.000324651
0.00400937
0.000489356
0.00383902
0.000652014
0.00362838
0.000811358
0.00337963
0.000964357
0.00309542
0.00110962
0.00277833
0.00124495
0.0024322
0.00136794
0.00206057
0.00147736
0.00166808
0.00157056
0.00125915
0.00164655
0.000839004
0.00170303
0.000412968
0.0017385
-1.31974e-05
0.00175172
-0.000433999
0.00174303
-0.000843349
0.00170996
-0.00123517
0.00165263
-0.00160386
0.00157243
-0.00194378
0.00146879
-0.00224912
0.0013415
-0.0025152
0.00119393
-0.0027374
0.00102678
-0.00291147
0.000842204
-0.00303468
0.000642863
-0.00310481
0.00043227
-0.00311944
0.000213317
-0.00307416
-1.31172e-05
-0.00297984
-0.000238782
-0.00283161
-0.000458982
-0.00263207
-0.00067099
-0.00238532
-0.000869804
-0.0020963
-0.0010515
-0.00177077
-0.00121185
-0.00141548
-0.00134666
-0.00103815
-0.0014524
-0.000647233
-0.00152571
-0.000252124
-0.00156375
0.000138227
-0.00156604
0.00051447
-0.00153045
0.000867544
-0.00145783
0.00118891
-0.00134915
0.00147013
-0.00120582
0.00170386
-0.00103211
0.00188365
-0.000831237
0.0020056
-0.000609521
0.00206548
-0.00036997
0.00206302
-0.000123473
0.00199838
0.000128888
0.00187395
0.000371729
0.00169376
0.000600779
0.00146411
0.000808513
0.00119297
0.000987727
0.000889845
0.00113171
0.000565747
0.00123485
0.000232321
0.00129305
-9.87092e-05
0.00130371
-0.0004147
0.00126555
-0.000703651
0.00117903
-0.000954554
0.00104779
-0.00115821
0.00087658
-0.00130658
0.000671324
-0.00139458
0.000440549
-0.00141908
0.000194284
-0.00138013
-5.98066e-05
-0.00128105
-0.000305331
-0.00112644
-0.000533452
-0.00092462
-0.000733463
-0.000686543
-0.000895954
-0.000423785
-0.00101306
-0.000149938
-0.00107878
0.000121099
-0.00109046
0.000375883
-0.0010471
0.000602099
-0.000951996
0.000788944
-0.000810198
0.000927902
-0.000629208
0.00101334
-0.000419522
0.00104258
-0.000192193
0.00101657
4.13017e-05
0.000938652
0.000266934
0.000814716
0.000473812
0.000653029
0.000651668
0.000463532
0.000792252
0.00025776
0.000888952
4.65839e-05
0.000938654
-0.000158875
0.00094023
-0.000348647
0.000896006
-0.000513941
0.000809806
-0.000648252
0.000687856
-0.000746621
0.000537951
-0.000806481
0.000369261
-0.000827642
0.000190817
-0.0008115
1.21364e-05
-0.000761727
-0.000158183
-0.000682857
-0.000312187
-0.000580692
-0.000443441
-0.000461778
-0.000547167
-0.000332924
-0.000620075
-0.000200863
-0.000660557
-7.1848e-05
-0.000669159
4.84976e-05
-0.000647174
0.000155495
-0.000598155
0.00024542
-0.000525863
0.000315654
-0.000435129
0.000364802
-0.000331657
0.000392201
-0.000220452
0.000398745
-0.000107825
0.000385848
1.64664e-06
0.000355638
0.000103054
0.000310972
0.00019257
0.000254964
0.00026692
0.000191078
0.000323859
0.000122815
0.000361854
5.35365e-05
0.000380553
-1.3459e-05
0.00038021
-7.54221e-05
0.000362131
-0.000129892
0.000327969
-0.000174889
0.000280117
-0.00020902
0.000221337
-0.00023135
0.000154651
-0.000241525
8.32057e-05
-0.000239663
1.02135e-05
-0.000226408
-6.1221e-05
-0.000202736
-0.00012833
-0.000170009
-0.000188524
-0.000129856
-0.000239683
-8.41447e-05
-0.000279915
-3.47846e-05
-0.000308064
1.6163e-05
-0.000323255
6.66838e-05
-0.000325355
0.000114823
-0.000314341
0.000158796
-0.000290834
0.000196992
-0.000255861
0.000228038
-0.000210809
0.000250815
-0.000157289
0.000264526
-9.73235e-05
0.000268623
-3.29861e-05
0.000262971
3.34673e-05
0.000247681
9.97201e-05
0.000223217
0.000163417
0.000190342
0.000222169
0.000150138
0.000273847
0.000103913
0.00031627
5.32616e-05
0.000347553
0.000366029
0.00111915
-0.00226433
0.00223022
-0.0022487
0.00331392
-0.0021933
0.00434717
-0.00209305
0.00530227
-0.00194151
0.00615335
-0.00174444
0.00684958
-0.00146602
0.00737839
-0.00116945
0.00762703
-0.000718816
0.00762717
-0.000302445
0.00736304
0.000143822
0.00689093
0.000520864
0.00626568
0.000874426
0.00551212
0.00119019
0.00465357
0.00146547
0.00371471
0.00169767
0.00271746
0.00188424
0.00168393
0.00202329
0.000633968
0.00211226
-0.000411652
0.00214821
-0.00143236
0.00212995
-0.00240233
0.00205036
-0.00329736
0.0019116
-0.00408488
0.00170444
-0.00473768
0.00144161
-0.00522576
0.00110888
-0.00552477
0.000742227
-0.00564003
0.000338232
-0.00558491
-3.12803e-05
-0.00530014
-0.000429855
-0.00489273
-0.000725412
-0.00441923
-0.000966474
-0.00389259
-0.00118311
-0.00332886
-0.00137025
-0.00274107
-0.0015269
-0.00213955
-0.00165412
-0.00153233
-0.00175341
-0.000926076
-0.00182617
-0.000328041
-0.0018718
0.000256533
-0.00189337
0.000822751
-0.00189129
0.00136539
-0.00186642
0.0018791
-0.00181818
0.00236075
-0.0017505
0.00280726
-0.0016627
0.00321585
-0.00155698
0.00358421
-0.00143418
0.00391086
-0.00129617
0.00419496
-0.00114474
0.00442748
-0.000975278
0.00461233
-0.000796912
0.00475183
-0.000608166
0.00483745
-0.000409581
0.00487633
-0.000203976
0.00486694
6.48363e-06
0.00480675
0.000220639
0.00469608
0.000435315
0.00453593
0.00064951
0.00432849
0.000859447
0.00407563
0.00106422
0.00377997
0.00126002
0.00344413
0.00144546
0.00307209
0.00161699
0.00266815
0.00177188
0.0022363
0.0019092
0.00178211
0.00202476
0.00131046
0.0021182
0.000827521
0.00218597
0.000339575
0.00222645
-0.000146977
0.00223827
-0.000625715
0.00222177
-0.00108953
0.00217377
-0.00153177
0.00209486
-0.0019461
0.00198676
-0.00232546
0.00184816
-0.00266451
0.00168055
-0.00295702
0.00148643
-0.00319806
0.00126782
-0.00338373
0.00102788
-0.00351103
0.000770158
-0.00357591
0.000497148
-0.00357679
0.000214196
-0.00351417
-7.57332e-05
-0.00339017
-0.00036278
-0.00320538
-0.000643771
-0.00296299
-0.000913381
-0.00266747
-0.00116533
-0.00232475
-0.00139422
-0.00194189
-0.00159471
-0.00152735
-0.00176121
-0.00108979
-0.00188996
-0.000638979
-0.00197652
-0.000184926
-0.0020178
0.000261958
-0.00201292
0.000690674
-0.00195917
0.00109084
-0.00185799
0.00145223
-0.00171055
0.00176556
-0.00151914
0.00202289
-0.00128944
0.00221725
-0.0010256
0.00234373
-0.000736005
0.002399
-0.000425237
0.00238147
-0.000105946
0.00229364
0.000216721
0.00213717
0.000528199
0.00191765
0.000820296
0.00164263
0.00108354
0.00132165
0.0013087
0.000965868
0.00148749
0.000588119
0.0016126
0.000201449
0.00167972
-0.000178774
0.00168393
-0.000539957
0.00162674
-0.000867751
0.00150682
-0.00115002
0.00133006
-0.00137591
0.00110246
-0.00153714
0.000832555
-0.00162755
0.000530965
-0.00164423
0.000210965
-0.00158872
-0.000115321
-0.001464
-0.000430046
-0.00127661
-0.000720845
-0.0010367
-0.000973372
-0.000756744
-0.00117591
-0.000451032
-0.00131877
-0.000135462
-0.00139435
0.000174432
-0.00140036
0.000462866
-0.00133554
0.000716005
-0.00120514
0.000921976
-0.00101617
0.00107178
-0.000779012
0.00115953
-0.000507274
0.00118307
-0.000215736
0.00114454
7.98342e-05
0.001048
0.00036348
0.000901327
0.000620481
0.000714533
0.000838462
0.000499522
0.00100726
0.00026872
0.00111975
3.49894e-05
0.00117238
-0.000189545
0.00116476
-0.000394012
0.00110047
-0.000569388
0.000985181
-0.000708756
0.000827224
-0.000807638
0.000636833
-0.00086405
0.000425672
-0.000878285
0.000205052
-0.000852779
-1.33693e-05
-0.0007919
-0.000219062
-0.000701233
-0.000402854
-0.000587329
-0.000557345
-0.000457555
-0.000676941
-0.000319256
-0.000758374
-0.000179461
-0.000800351
-4.47184e-05
-0.000803902
7.91497e-05
-0.000771042
0.00018765
-0.000706655
0.000277258
-0.00061547
0.000345382
-0.000503254
0.000391087
-0.000377362
0.000414475
-0.000243839
0.000416102
-0.000109453
0.000398205
1.95435e-05
0.000363085
0.000138175
0.000313893
0.000241762
0.000253971
0.000326843
0.0001869
0.00039093
0.000116274
0.00043248
4.54978e-05
0.000451329
-2.2296e-05
0.000448004
-8.42824e-05
0.000424117
-0.000138119
0.000381806
-0.000182075
0.000324072
-0.000214818
0.00025408
-0.000235631
0.000175464
-0.000244257
9.18324e-05
-0.000241018
6.97375e-06
-0.000226602
-7.56371e-05
-0.000202121
-0.000152811
-0.000168981
-0.000221663
-0.00012883
-0.000279834
-8.35115e-05
-0.000325233
-3.49694e-05
-0.000356606
1.48034e-05
-0.000373028
6.39175e-05
-0.000374469
0.00011048
-0.000360903
0.000152793
-0.000333147
0.000189376
-0.000292444
0.000218944
-0.000240377
0.000240481
-0.000178825
0.000253273
-0.000110116
0.00025688
-3.6593e-05
0.000251171
3.91766e-05
0.000236313
0.000114578
0.000212764
0.000186966
0.000181293
0.00025364
0.000142894
0.000312246
9.8855e-05
0.000360309
5.06584e-05
0.00039575
0.000416687
0.00136386
-0.00362819
0.0027193
-0.00360414
0.00406008
-0.00353407
0.00537526
-0.00340823
0.00663425
-0.0032005
0.00787645
-0.00298663
0.00895091
-0.00254049
0.0101801
-0.0023986
0.0106411
-0.00117989
0.0107651
-0.000426414
0.0105203
0.00038864
0.0100509
0.000990296
0.009361
0.00156429
0.00848755
0.00206365
0.00744802
0.002505
0.00626303
0.00288266
0.00495006
0.00319721
0.00353637
0.00343698
0.00205566
0.00359297
0.000546681
0.00365718
-0.000951329
0.00362797
-0.00239179
0.00349082
-0.00373515
0.00325496
-0.00492823
0.00289752
-0.00595641
0.00246979
-0.00672233
0.00187479
-0.00720461
0.00122451
-0.00692072
5.43447e-05
-0.00670358
-0.000248415
-0.00630318
-0.000830263
-0.00585083
-0.00117776
-0.00526291
-0.00155439
-0.00460692
-0.0018391
-0.00389045
-0.00208673
-0.00313913
-0.00227822
-0.00237321
-0.00242004
-0.00161118
-0.00251544
-0.000866771
-0.00257059
-0.000148771
-0.0025898
0.000535026
-0.00257717
0.00118378
-0.00254004
0.00179459
-0.00247723
0.00236244
-0.00238603
0.00288705
-0.00227511
0.00336833
-0.00214398
0.00380384
-0.00199249
0.00419249
-0.00182283
0.00453167
-0.00163535
0.00481944
-0.00143251
0.00505902
-0.00121486
0.005245
-0.00098289
0.00537663
-0.000739797
0.00545399
-0.000486941
0.0054768
-0.000226778
0.0054438
3.94758e-05
0.00535644
0.000308003
0.00521426
0.000577492
0.0050193
0.00084447
0.00477259
0.00110616
0.00447666
0.00136014
0.00413417
0.00160251
0.00374925
0.00183038
0.00332492
0.00204132
0.00286596
0.00223084
0.00237809
0.00239708
0.00186625
0.0025366
0.00133712
0.00264732
0.000796998
0.00272609
0.000252879
0.00277057
-0.000287846
0.002779
-0.000818173
0.00275209
-0.00133038
0.00268598
-0.00181702
0.0025815
-0.00227082
0.00244056
-0.00268492
0.00226225
-0.00305201
0.00204764
-0.00336664
0.00180106
-0.00362398
0.00152517
-0.00381716
0.00122106
-0.00394278
0.000895776
-0.00400087
0.000555232
-0.00398772
0.000201045
-0.0039047
-0.000158753
-0.0037521
-0.000515372
-0.00353225
-0.000863627
-0.00324894
-0.00119669
-0.00290812
-0.00150615
-0.00251646
-0.00178589
-0.00208154
-0.00202962
-0.00161246
-0.00223029
-0.00111909
-0.00238333
-0.00061247
-0.00248314
-0.000104567
-0.00252571
0.000392698
-0.00251018
0.000867388
-0.00243386
0.00130791
-0.00229852
0.00170355
-0.00210619
0.00204465
-0.00186024
0.00232127
-0.00156605
0.00252654
-0.00123087
0.00265408
-0.000863546
0.00270257
-0.000473733
0.00266921
-7.25799e-05
0.00255749
0.000328432
0.00236963
0.000716066
0.00211245
0.00107747
0.00179455
0.00140144
0.00142704
0.00167621
0.00102266
0.00189187
0.000595683
0.00203957
0.000161533
0.00211387
-0.000264142
0.0021096
-0.000665478
0.00202807
-0.0010273
0.00186865
-0.00133637
0.00163913
-0.00158072
0.00134681
-0.00175126
0.0010031
-0.00184174
0.000621438
-0.00184944
0.000218666
-0.00177604
-0.000188722
-0.00162539
-0.000580693
-0.00140648
-0.000939757
-0.00113006
-0.00124979
-0.000810947
-0.00149502
-0.000465881
-0.00166384
-0.000112327
-0.00174791
0.000231971
-0.00174466
0.000549598
-0.00165316
0.000825488
-0.00148103
0.00104649
-0.00123718
0.00120327
-0.000935786
0.00129076
-0.000594767
0.00130682
-0.000231794
0.00125438
0.000132274
0.00113926
0.000478599
0.000970817
0.000788925
0.000760745
0.00104853
0.000522458
0.00124555
0.000269929
0.00137228
1.73164e-05
0.001425
-0.000222617
0.0014047
-0.000438137
0.00131599
-0.000620083
0.00116713
-0.000761779
0.000968919
-0.000859222
0.000734277
-0.000910435
0.000476885
-0.00091704
0.000211658
-0.00088222
-4.81898e-05
-0.000810972
-0.00029031
-0.000709731
-0.000504095
-0.000585998
-0.000681079
-0.000447346
-0.000815592
-0.000301773
-0.000903947
-0.000156582
-0.000945542
-1.83936e-05
-0.00094209
0.0001072
-0.000896635
0.000215455
-0.000814911
0.000303277
-0.000703291
0.000368698
-0.000568676
0.000410583
-0.000419247
0.000429567
-0.000262823
0.000426747
-0.000106633
0.000404368
4.1922e-05
0.00036517
0.000177373
0.000312436
0.000294496
0.00024967
0.000389609
0.000180511
0.000460088
0.000108598
0.000504393
3.72854e-05
0.000522641
-3.0292e-05
0.000515581
-9.15329e-05
0.000485358
-0.000144164
0.000434437
-0.00018662
0.000366528
-0.000217708
0.000285168
-0.000236885
0.000194641
-0.000243972
9.89189e-05
-0.000239521
2.52323e-06
-0.000224229
-9.09297e-05
-0.000199236
-0.000177803
-0.000166052
-0.000254847
-0.000126303
-0.000319583
-8.18107e-05
-0.000369726
-3.44604e-05
-0.000403956
1.38432e-05
-0.000421332
6.12286e-05
-0.000421854
0.000105944
-0.000405619
0.000146426
-0.000373629
0.000181234
-0.000327251
0.000209231
-0.000268374
0.000229475
-0.00019907
0.000241347
-0.000121988
0.000244474
-3.97206e-05
0.000238759
4.48921e-05
0.000224402
0.000128934
0.00020187
0.000209499
0.000171865
0.000283645
0.000135384
0.000348726
9.3619e-05
0.000402074
4.79638e-05
0.000441405
0.000464651
0.00258803
-0.00621622
0.00520168
-0.00621779
0.00786565
-0.00619804
0.0105421
-0.00608472
0.013232
-0.00589035
0.0159475
-0.00570213
0.0188234
-0.00541634
0.0213853
-0.00496052
0.0214308
-0.0012254
0.0205946
0.000409774
0.0190509
0.00193236
0.0171082
0.00293293
0.0149003
0.00377226
0.0125438
0.00442015
0.0101054
0.00494335
0.00764141
0.00534665
0.00519051
0.00564811
0.0027734
0.00585409
0.000392413
0.00597396
-0.00195335
0.00600294
-0.00426939
0.00594401
-0.00653792
0.00575934
-0.0087206
0.00543765
-0.0107013
0.00487818
-0.0123532
0.00412177
-0.0134376
0.0029591
-0.013756
0.00154295
-0.0129712
-0.000730507
-0.0117804
-0.00143921
-0.0104085
-0.00220209
-0.00892477
-0.00266152
-0.00748634
-0.00299282
-0.00612533
-0.00320011
-0.004877
-0.00333506
-0.0037331
-0.00342212
-0.00268472
-0.00346842
-0.00171947
-0.00348068
-0.000823604
-0.00346646
8.14386e-06
-0.00342155
0.000785719
-0.00335474
0.00150929
-0.00326362
0.00217541
-0.00314335
0.00279046
-0.00300108
0.0033557
-0.00284035
0.00386638
-0.00265466
0.004324
-0.00245011
0.0047297
-0.00222853
0.00508045
-0.00198611
0.0053758
-0.00172786
0.00561434
-0.0014534
0.0057958
-0.00116434
0.0059191
-0.000863105
0.00598252
-0.000550355
0.00598749
-0.00023175
0.0059335
9.34686e-05
0.00582003
0.000421468
0.00564875
0.000748775
0.00542107
0.00107215
0.00513843
0.0013888
0.00480377
0.0016948
0.00441952
0.00198676
0.00398962
0.00226028
0.00351931
0.00251163
0.00301324
0.00273691
0.00247668
0.00293364
0.0019159
0.00309738
0.00133766
0.00322557
0.000748958
0.00331479
0.000158132
0.00336139
-0.000428203
0.00336533
-0.00100169
0.00332558
-0.00155394
0.00323823
-0.00207669
0.00310425
-0.00256247
0.00292634
-0.00300362
0.00270341
-0.00339281
0.00243684
-0.00372391
0.00213216
-0.00398998
0.00179124
-0.00418801
0.00141908
-0.00431297
0.00102073
-0.00436155
0.000603814
-0.00433377
0.000173265
-0.00423008
-0.000262444
-0.00405087
-0.000694583
-0.0037992
-0.0011153
-0.00347987
-0.00151601
-0.00309864
-0.00188737
-0.00266293
-0.0022216
-0.00218121
-0.00251134
-0.00166444
-0.00274706
-0.00112362
-0.00292415
-0.000570864
-0.0030359
-1.85016e-05
-0.00307807
0.00052076
-0.00304945
0.00103372
-0.00294682
0.00150783
-0.00277263
0.0019312
-0.00252956
0.00229228
-0.00222132
0.0025831
-0.00185687
0.00279497
-0.00144275
0.00292221
-0.000990779
0.002962
-0.00051353
0.0029131
-2.36758e-05
0.00277814
0.00046339
0.00256134
0.000932873
0.00226986
0.00136895
0.00191372
0.00175758
0.00150509
0.00208484
0.00105829
0.00233867
0.000588905
0.00250896
0.000114023
0.00258875
-0.000349406
0.00257303
-0.000783963
0.00246263
-0.00117382
0.0022585
-0.00150386
0.00196918
-0.00176194
0.00160489
-0.00193826
0.00117942
-0.00202648
0.000709661
-0.00202421
0.000216389
-0.0019332
-0.000279734
-0.00175866
-0.000755229
-0.0015101
-0.00118832
-0.00120154
-0.00155834
-0.000847866
-0.0018487
-0.000468782
-0.00204292
-8.27122e-05
-0.00213398
0.000290173
-0.00211754
0.000631431
-0.00199442
0.000924381
-0.00177397
0.00115611
-0.00146891
0.00131679
-0.00109646
0.0014009
-0.000678878
0.00140786
-0.000238751
0.0013415
0.000198629
0.00120894
0.000611159
0.00102073
0.000977132
0.000790402
0.00127887
0.000532685
0.00150327
0.000262757
0.00164221
-4.48587e-06
0.00169224
-0.000255363
0.00165558
-0.000477839
0.00153847
-0.000663266
0.00135255
-0.000804348
0.00111
-0.000898058
0.000827987
-0.000943609
0.000522436
-0.000942274
0.000210323
-0.000898647
-9.18176e-05
-0.000818156
-0.0003708
-0.000708207
-0.000614044
-0.00057677
-0.000812516
-0.00043178
-0.000960582
-0.000281433
-0.00105429
-0.000133191
-0.00109378
6.25732e-06
-0.00108154
0.000131482
-0.00102186
0.000238027
-0.000921456
0.00032308
-0.000788345
0.000384875
-0.000630471
0.000422667
-0.000457039
0.000437386
-0.000277542
0.000430531
-9.97778e-05
0.000404446
6.80072e-05
0.000362095
0.000219724
0.000306844
0.000349747
0.000242356
0.000454098
0.000172266
0.000530178
0.000100186
0.000576473
2.94052e-05
0.000593422
-3.7169e-05
0.000582155
-9.69375e-05
0.000545126
-0.000147847
0.000485346
-0.000188428
0.000407109
-0.000217617
0.000314357
-0.000235068
0.000212092
-0.00024081
0.000104661
-0.000235271
-3.0152e-06
-0.000219365
-0.000106835
-0.000194233
-0.000202936
-0.000161371
-0.000287709
-0.000122419
-0.000358535
-7.91328e-05
-0.000413012
-3.33502e-05
-0.000449739
1.31234e-05
-0.000467805
5.85026e-05
-0.000467233
0.000101162
-0.000448278
0.000139599
-0.000412066
0.000172503
-0.000360155
0.000198847
-0.000294718
0.000217766
-0.000217989
0.000228724
-0.000132947
0.000231393
-4.23896e-05
0.000225734
5.05515e-05
0.00021195
0.000142719
0.000190485
0.000230964
0.000162068
0.000312062
0.000127595
0.0003832
8.8198e-05
0.000441471
4.51734e-05
0.000484429
0.000509825
0.00237183
-0.00858806
0.00466398
-0.00850994
0.0069265
-0.00846056
0.00903977
-0.008198
0.0112423
-0.0080929
0.0139538
-0.00841366
0.0201792
-0.0116417
0.0340809
-0.0188622
0.0296909
0.00316451
0.0255874
0.00451329
0.0221605
0.00535929
0.019118
0.00597541
0.0163688
0.00652143
0.0138059
0.00698308
0.0113625
0.00738673
0.00898051
0.00772867
0.0066181
0.00801052
0.00424235
0.00822984
0.00183393
0.00838237
-0.00062527
0.00846215
-0.00314228
0.00846102
-0.0057487
0.00836576
-0.00848894
0.00817789
-0.0114665
0.00785574
-0.0147557
0.00741095
-0.0185596
0.00676306
-0.0228897
0.00587303
-0.0147577
-0.00886252
-0.011448
-0.00474895
-0.00998377
-0.00366629
-0.00850889
-0.00413639
-0.00724033
-0.00426138
-0.0059148
-0.00452564
-0.0046641
-0.00458576
-0.00343099
-0.00465523
-0.00229672
-0.00460269
-0.00124928
-0.00452812
-0.000296039
-0.0044197
0.000574423
-0.00429201
0.00136051
-0.00414084
0.00208021
-0.00398332
0.00273856
-0.0038017
0.00334648
-0.00360899
0.00389647
-0.00339035
0.00439614
-0.00315432
0.00484426
-0.00289824
0.00523798
-0.00262224
0.00557852
-0.00232665
0.00586238
-0.00201172
0.00608848
-0.0016795
0.00625604
-0.00133191
0.0063634
-0.000970465
0.00641087
-0.000597829
0.00639568
-0.000216561
0.00631967
0.000169482
0.00618201
0.000559124
0.00598412
0.000946672
0.0057269
0.00132937
0.00541273
0.00170298
0.00504433
0.0020632
0.00462534
0.00240575
0.00415918
0.00272643
0.00365086
0.00301996
0.0031057
0.00328207
0.00252994
0.0035094
0.00193047
0.00369685
0.0013134
0.00384263
0.000687171
0.00394102
5.85739e-05
0.00398999
-0.000562439
0.00398634
-0.00116819
0.00393133
-0.00174973
0.00381977
-0.0022991
0.00365361
-0.00280806
0.00343529
-0.00326844
0.00316379
-0.00367248
0.00284087
-0.00401362
0.0024733
-0.00428579
0.00206342
-0.00448387
0.00161717
-0.00460419
0.00114105
-0.00464404
0.000643672
-0.00460206
0.000131285
-0.00447903
-0.000385482
-0.00427631
-0.0008973
-0.00399746
-0.00139415
-0.003647
-0.00186647
-0.00323175
-0.00230262
-0.00276002
-0.00269334
-0.0022418
-0.00302956
-0.00168731
-0.00330156
-0.00110863
-0.00350282
-0.000518802
-0.00362573
6.89119e-05
-0.00366578
0.000640576
-0.00362111
0.00118238
-0.00348862
0.00168103
-0.00327128
0.00212398
-0.0029725
0.00249978
-0.00259713
0.0027989
-0.00215598
0.00301338
-0.00165723
0.00313715
-0.00111455
0.00316725
-0.000543624
0.00310334
4.02307e-05
0.00294766
0.000619073
0.00270547
0.00117506
0.00238485
0.00168956
0.00199668
0.00214575
0.00155431
0.00252722
0.00107325
0.00281973
0.000569914
0.0030123
6.2358e-05
0.00309631
-0.00042988
0.00306527
-0.00088993
0.00292268
-0.00130009
0.00266866
-0.00164506
0.00231415
-0.00191176
0.00187159
-0.00209046
0.00135813
-0.00217448
0.000793675
-0.00216159
0.000203499
-0.00205455
-0.000386766
-0.0018589
-0.000950883
-0.00158567
-0.00146155
-0.00124934
-0.00189467
-0.00086775
-0.00223029
-0.00046078
-0.00244989
-4.85513e-05
-0.0025462
0.000345564
-0.00251166
0.000703831
-0.00235269
0.00100871
-0.00207885
0.00124629
-0.00170648
0.00140695
-0.00125712
0.00148595
-0.000757883
0.00148334
-0.00023614
0.00140346
0.000278511
0.00125524
0.000759376
0.00105048
0.00118189
0.000803713
0.00152563
0.000531159
0.00177582
0.000248613
0.00192476
-2.83815e-05
0.00196923
-0.0002857
0.00191289
-0.00051124
0.00176401
-0.000696522
0.00153784
-0.000834654
0.00124813
-0.000923252
0.000916585
-0.000962035
0.000561219
-0.000953135
0.000201423
-0.000901579
-0.000143373
-0.000813704
-0.000458675
-0.000697398
-0.00073035
-0.000560367
-0.000949547
-0.000411735
-0.00110921
-0.000259019
-0.00120701
-0.000110299
-0.0012425
2.82877e-05
-0.00122013
0.000151391
-0.00114496
0.000254948
-0.00102501
0.000336215
-0.000869611
0.000393765
-0.000688021
0.000427534
-0.000490808
0.000438255
-0.000288263
0.000427859
-8.93818e-05
0.000398816
9.70509e-05
0.000354242
0.000264297
0.0002976
0.000406389
0.000232544
0.000519154
0.000162602
0.00060012
9.13598e-05
0.000647715
2.19441e-05
0.000662838
-4.27682e-05
0.000646868
-0.000100422
0.00060278
-0.000149125
0.000534049
-0.000187504
0.000445488
-0.000214733
0.000341586
-0.000230488
0.000227848
-0.000234906
0.000109078
-0.000228529
-9.39228e-06
-0.00021227
-0.000123094
-0.000187335
-0.000227871
-0.000155187
-0.000319857
-0.0001174
-0.000396322
-7.56651e-05
-0.000454747
-3.17833e-05
-0.000493621
1.25681e-05
-0.000512157
5.56979e-05
-0.000510363
9.60776e-05
-0.000488658
0.000132321
-0.00044831
0.000163243
-0.000391077
0.000187863
-0.000319338
0.00020545
-0.000235575
0.000215499
-0.000142995
0.000217761
-4.46519e-05
0.00021221
5.61027e-05
0.000199061
0.000155867
0.000178761
0.000251264
0.000151987
0.000338836
0.000119605
0.000415582
8.26422e-05
0.000478434
4.23218e-05
0.00052475
0.000552146
0.00244209
-0.0110301
0.00511127
-0.0111791
0.00823279
-0.0115821
0.0120085
-0.0119738
0.0168636
-0.0129479
0.0232859
-0.0148359
0.032398
-0.0207538
0.0468391
-0.0333033
0.0397489
0.0338875
0.0287519
0.024111
0.0198915
0.0160092
0.0124039
0.00901242
0.00577388
0.00262358
-0.000506728
-0.00369127
-0.0070124
-0.0105657
-0.0144461
-0.0187884
-0.0237183
-0.0294389
-0.0361953
-0.0252412
-0.0198165
-0.0180571
-0.0119331
-0.0130359
-0.00868748
-0.00946619
-0.00770612
-0.00686235
-0.00686522
-0.00490214
-0.00648585
-0.00340531
-0.00608259
-0.00222589
-0.00583465
-0.00123486
-0.00559372
-0.00035676
-0.00540622
0.000457349
-0.00523381
0.00121706
-0.00505172
0.00193793
-0.0048617
0.00260838
-0.00465377
0.00323682
-0.00443013
0.00381423
-0.0041864
0.00434619
-0.00392232
0.00482924
-0.00363737
0.0052609
-0.0033299
0.00563988
-0.00300122
0.00596439
-0.00265115
0.00623347
-0.0022808
0.00644415
-0.00189017
0.00659595
-0.00148371
0.00668722
-0.00106173
0.00671624
-0.00062685
0.00668271
-0.000183033
0.00658589
0.000266309
0.00642707
0.000717935
0.00620686
0.00116689
0.00592595
0.00161028
0.00558738
0.00204155
0.00519318
0.00245739
0.00474734
0.00285159
0.00425384
0.00321994
0.0037177
0.0035561
0.00314475
0.00385502
0.00254155
0.00411259
0.00191341
0.00432499
0.00126869
0.00448735
0.00061546
0.00459425
-3.72203e-05
0.00464267
-0.000681749
0.00463087
-0.00130958
0.00455917
-0.00191116
0.00442135
-0.0024775
0.00421995
-0.00300038
0.00395817
-0.00347161
0.00363502
-0.00388332
0.00325259
-0.0042288
0.00281877
-0.00450189
0.00233651
-0.00469732
0.0018126
-0.00481141
0.00125514
-0.0048413
0.000673558
-0.00478637
7.63536e-05
-0.00464686
-0.000524994
-0.00442474
-0.00111942
-0.00412363
-0.00169526
-0.00374899
-0.00224112
-0.00330825
-0.00274335
-0.00280975
-0.00319184
-0.00226362
-0.00357568
-0.00168118
-0.003884
-0.00107519
-0.0041088
-0.000459301
-0.00424162
0.000152329
-0.00427741
0.000745728
-0.00421451
0.00130643
-0.00404933
0.00182065
-0.0037855
0.00227561
-0.00342746
0.00265926
-0.00298078
0.00296181
-0.00245853
0.00317512
-0.00187053
0.00329332
-0.00123275
0.00331372
-0.000564025
0.00323594
0.00011801
0.00306267
0.000792338
0.00279988
0.00143785
0.0024563
0.00203314
0.00204355
0.0025585
0.00157567
0.0029951
0.00106852
0.00332688
0.000541335
0.00353948
1.14999e-05
0.00362614
-0.000501359
0.00357813
-0.000978357
0.00339968
-0.00140136
0.00309166
-0.00175525
0.00266803
-0.00202617
0.00214251
-0.00220399
0.00153595
-0.00228255
0.000872232
-0.00225967
0.000180623
-0.00213801
-0.000508432
-0.00192454
-0.00116435
-0.00163148
-0.00175462
-0.00127373
-0.00225242
-0.000870952
-0.00263307
-0.000442887
-0.00287796
-1.46087e-05
-0.00297448
0.000395017
-0.00292128
0.0007641
-0.00272177
0.001075
-0.00238975
0.0013141
-0.00194558
0.00147199
-0.00141501
0.00154418
-0.000830073
0.00153163
-0.000223591
0.00143992
0.000370223
0.00127861
0.000920684
0.00106101
0.00139949
0.000802494
0.00178415
0.000519726
0.00205859
0.000229379
0.0022151
-5.24505e-05
0.00225106
-0.000311662
0.0021721
-0.000536633
0.00198898
-0.000718627
0.00171983
-0.000852113
0.00138162
-0.00093439
0.000998862
-0.000966102
0.000592931
-0.000950254
0.000185574
-0.000892112
-0.000201515
-0.000798878
-0.000551909
-0.000677844
-0.000851384
-0.000538137
-0.00108925
-0.000388135
-0.00125922
-0.000236017
-0.00135913
-8.84652e-05
-0.00139006
4.72549e-05
-0.00135585
0.000166719
-0.00126443
0.000266026
-0.00112432
0.000342855
-0.00094644
0.00039599
-0.000741155
0.000425605
-0.000520424
0.000432757
-0.000295415
0.00041944
-7.60644e-05
0.000388306
0.000128185
0.000342489
0.000310113
0.000285472
0.000463407
0.00022081
0.000583816
0.000152019
0.00066891
8.2484e-05
0.00071725
1.52354e-05
0.000730087
-4.6997e-05
0.0007091
-0.000102053
0.000657837
-0.000148204
0.000580199
-0.000184204
0.000481488
-0.000209389
0.000366771
-0.000223471
0.000241929
-0.000226728
0.000112336
-0.000219747
-1.63733e-05
-0.000203396
-0.000139445
-0.000178958
-0.000252309
-0.000147822
-0.000350992
-0.000111505
-0.000432639
-7.16389e-05
-0.000494613
-2.98999e-05
-0.00053536
1.20971e-05
-0.000554154
5.27875e-05
-0.000551053
9.0749e-05
-0.000526619
0.000124707
-0.000482267
0.000153576
-0.000419946
0.000176448
-0.00034221
0.000192698
-0.000251825
0.000201881
-0.000152178
0.000203769
-4.65399e-05
0.000198383
6.14889e-05
0.000185925
0.000168325
0.000166848
0.00027034
0.000141764
0.000363921
0.000111497
0.000445849
7.70153e-05
0.000512915
3.94376e-05
0.000562327
0.000591584
0.00214852
-0.0131787
0.00433343
-0.013364
0.00648919
-0.0137378
0.00880704
-0.0142916
0.0108267
-0.0149676
0.0123613
-0.0163705
0.00984576
-0.0182383
-0.0234575
-0.00624175
-0.0135748
-0.00772808
-0.0104468
-0.00690392
-0.00951164
-0.00610409
-0.00850596
-0.00494037
-0.00802893
-0.00385841
-0.00756782
-0.00273165
-0.00720935
-0.00169819
-0.00686811
-0.000709225
-0.00658268
0.000191728
-0.00630717
0.00100689
-0.00604897
0.00175039
-0.00579522
0.00243414
-0.00554545
0.00306788
-0.00528752
0.0036567
-0.00501895
0.00420162
-0.00473132
0.00470191
-0.00442261
0.00515663
-0.00409209
0.00556479
-0.00373806
0.00592246
-0.00335889
0.006228
-0.0029567
0.00647892
-0.00253172
0.00667388
-0.00208514
0.00680859
-0.00161843
0.00688357
-0.00113671
0.00689515
-0.000638426
0.00684608
-0.000133961
0.00673382
0.000378568
0.00655824
0.000893514
0.00632071
0.00140442
0.00602212
0.00190887
0.00566572
0.00239794
0.00525408
0.00286903
0.00479004
0.00331564
0.00427852
0.00373146
0.00372451
0.00411011
0.00313394
0.00444559
0.00251206
0.00473448
0.00186758
0.00496946
0.00120759
0.00514735
0.000539309
0.00526253
-0.000127014
0.00530899
-0.000784115
0.00528797
-0.00142245
0.0051975
-0.00203314
0.00503204
-0.00260685
0.00479366
-0.00313517
0.0044865
-0.00360968
0.00410952
-0.0040227
0.00366561
-0.00436704
0.0031631
-0.00463689
0.00260636
-0.00482697
0.00200268
-0.00493344
0.0013616
-0.00495388
0.000694007
-0.00488745
9.91639e-06
-0.00473453
-0.000677907
-0.00449764
-0.00135631
-0.00418057
-0.00201232
-0.00378913
-0.00263257
-0.0033306
-0.00320188
-0.0028142
-0.00370824
-0.00225016
-0.00413973
-0.00165068
-0.00448348
-0.00102839
-0.00473109
-0.000397385
-0.00487262
0.000227894
-0.00490269
0.000833034
-0.00481965
0.00140307
-0.00461937
0.00192418
-0.0043066
0.00238325
-0.00388653
0.00276828
-0.00336581
0.0030695
-0.00275976
0.00327855
-0.00207959
0.0033901
-0.0013443
0.0034008
-0.000574728
0.00331117
0.000207641
0.00312407
0.000979441
0.00284589
0.00171603
0.00248585
0.00239318
0.00205622
0.00298813
0.00157173
0.00347959
0.00104875
0.00384986
0.000505583
0.00408264
-3.72789e-05
0.00416901
-0.000561232
0.00410208
-0.00104677
0.00388522
-0.00147606
0.00352096
-0.00183247
0.00302444
-0.00210292
0.00241295
-0.0022772
0.00171023
-0.00234915
0.000944187
-0.00231691
0.00014838
-0.0021838
-0.00064154
-0.00195706
-0.00139108
-0.00164927
-0.00206241
-0.00127718
-0.00262451
-0.000859631
-0.00305062
-0.000420261
-0.00331733
1.96184e-05
-0.00341436
0.000436755
-0.00333842
0.000810165
-0.00309518
0.00112202
-0.00270161
0.00135877
-0.00218234
0.00151114
-0.00156738
0.0015757
-0.000894632
0.0015539
-0.000201792
0.0014521
0.000472027
0.0012809
0.00109188
0.00105421
0.00162618
0.000788292
0.00205007
0.000500208
0.00234667
0.000207119
0.00250819
-7.49853e-05
0.00253317
-0.000332247
0.00242937
-0.000553296
0.00221003
-0.000729844
0.00189638
-0.000856738
0.00150851
-0.00093206
0.00107418
-0.000956981
0.000617852
-0.000935024
0.000163618
-0.000871871
-0.000264669
-0.000774719
-0.000649061
-0.000651735
-0.000974367
-0.000511693
-0.0012293
-0.000362408
-0.0014085
-0.000212517
-0.00150902
-6.904e-05
-0.00153353
6.27937e-05
-0.00148768
0.000177418
-0.00137905
0.000271722
-0.00121862
0.000343611
-0.00101833
0.00039221
-0.000789754
0.000417904
-0.000546118
0.000421871
-0.000299381
0.00040629
-6.04841e-05
0.000373851
0.000160624
0.00032765
0.000356315
0.000271146
0.000519911
0.00020782
0.000647142
0.000140957
0.000735774
7.38739e-05
0.000784333
9.4088e-06
0.000794552
-4.99034e-05
0.000768412
-0.000101992
0.000709925
-0.000145343
0.00062355
-0.000178887
0.000515032
-0.000201947
0.000389831
-0.000214483
0.000254466
-0.00021672
0.000114572
-0.000209308
-2.37845e-05
-0.000193166
-0.000155587
-0.0001695
-0.000275975
-0.000139609
-0.000380883
-0.000105009
-0.000467239
-6.72209e-05
-0.000532401
-2.77789e-05
-0.000574802
1.16504e-05
-0.000593583
4.97822e-05
-0.000589185
8.52488e-05
-0.000562086
0.000116872
-0.000513891
0.00014366
-0.000446733
0.00016481
-0.00036336
0.000179754
-0.000266769
0.000188093
-0.000160518
0.000189659
-4.81059e-05
0.000184479
6.66697e-05
0.000172757
0.000180046
0.000154932
0.000288165
0.000131558
0.000387295
0.000103422
0.000473985
7.14191e-05
0.000544918
3.65609e-05
0.000597186
0.000628145
0.000881241
-0.0140599
0.0017887
-0.0142715
0.0026235
-0.0145726
0.00345042
-0.0151185
0.00407382
-0.015591
0.00433699
-0.0166337
0.00345321
-0.0173545
-0.0200043
-0.00210239
-0.0114724
-0.00265767
-0.00989148
-0.00260712
-0.00956219
-0.0022531
-0.00885998
-0.00180166
-0.00848037
-0.00130712
-0.00806235
-0.000764969
-0.0077515
-0.000190414
-0.00744266
0.000410233
-0.00718333
0.00103103
-0.00692797
0.00165459
-0.00667253
0.00226988
-0.00641051
0.00286449
-0.00614006
0.00343342
-0.00585645
0.0039698
-0.00555533
0.00447261
-0.00523413
0.00493875
-0.00488875
0.00536406
-0.00451739
0.00574539
-0.0041194
0.00608058
-0.00369408
0.0063657
-0.00324182
0.00659821
-0.00276424
0.0067753
-0.00226223
0.0068959
-0.00173902
0.00695578
-0.00119659
0.00695631
-0.000638953
0.006893
-7.06564e-05
0.00676735
0.000504217
0.00657982
0.00108105
0.00633041
0.00165382
0.0060215
0.00221778
0.00565537
0.00276408
0.0052326
0.0032918
0.00475933
0.0037889
0.00423909
0.00425169
0.00367691
0.0046723
0.00307868
0.00504381
0.00245129
0.00536187
0.00180064
0.00562011
0.00113524
0.00581275
0.000463634
0.00593414
-0.000206771
0.0059794
-0.000865507
0.00594671
-0.00150463
0.00583663
-0.00211494
0.00564235
-0.00268696
0.00536568
-0.00321291
0.00501244
-0.00368356
0.00458017
-0.00409181
0.00407387
-0.0044306
0.00350189
-0.00469361
0.00286938
-0.00487611
0.00218517
-0.00497438
0.00145988
-0.00498577
0.000705398
-0.00490984
-6.60188e-05
-0.00474715
-0.000840599
-0.00450018
-0.00160328
-0.00417305
-0.00233946
-0.00377172
-0.0030339
-0.00330375
-0.00366985
-0.00277853
-0.00423346
-0.00220659
-0.00471167
-0.00159999
-0.00509008
-0.000971696
-0.00535938
-0.000335874
-0.00550844
0.000292719
-0.00553128
0.00089973
-0.00542666
0.00147031
-0.00518995
0.00199038
-0.00482667
0.00244687
-0.00434303
0.00282779
-0.00374673
0.0031234
-0.00305537
0.00332566
-0.00228184
0.00342915
-0.00144779
0.00343116
-0.000576745
0.00333207
0.000306733
0.00313516
0.00117635
0.00284691
0.00200428
0.00247711
0.00276298
0.00203814
0.0034271
0.00154447
0.00397327
0.0010149
0.00437943
0.000466444
0.0046311
-8.12594e-05
0.00471671
-0.000607832
0.00462866
-0.00109427
0.00437165
-0.00152229
0.00394898
-0.00187625
0.0033784
-0.00214264
0.00267934
-0.0023113
0.0018789
-0.00237639
0.00100927
-0.00233602
0.000108012
-0.00219366
-0.000783895
-0.00195826
-0.00162648
-0.00164175
-0.00237893
-0.00126121
-0.00300505
-0.00083711
-0.00347472
-0.000391877
-0.00376256
5.12747e-05
-0.00385751
0.000469255
-0.0037564
0.000841173
-0.0034671
0.00114949
-0.00300992
0.00138041
-0.00241326
0.00152579
-0.00171276
0.00158219
-0.000951028
0.00155186
-0.000171468
0.00144218
0.00058171
0.00126424
0.00126983
0.00103251
0.0018579
0.000763656
0.00231893
0.000474835
0.00263549
0.000183424
0.0027996
-9.49773e-05
0.00281157
-0.000346757
0.00268115
-0.000561181
0.00242445
-0.000730184
0.00206538
-0.000849569
0.0016279
-0.000917659
0.00114227
-0.000936239
0.000636433
-0.000909145
0.000136523
-0.000842595
-0.000331219
-0.000743428
-0.000748228
-0.000620363
-0.00109743
-0.000481558
-0.0013681
-0.000335523
-0.00155454
-0.000189732
-0.00165481
-5.10231e-05
-0.00167224
7.49264e-05
-0.00161363
0.000183784
-0.00148791
0.000272507
-0.00130735
0.000339177
-0.001085
0.000383244
-0.000833821
0.00040533
-0.000568204
0.000406615
-0.000300667
0.000389436
-4.33048e-05
0.000356331
0.000193729
0.000310578
0.000402067
0.000255295
0.000575194
0.000193925
0.000708513
0.00012971
0.000799988
6.56221e-05
0.000848421
4.48087e-06
0.000855693
-5.15432e-05
0.000824436
-0.000100469
0.000758851
-0.000140893
0.000663974
-0.000171871
0.00054601
-0.000192929
0.000410889
-0.000204011
0.000265548
-0.000205388
0.000115948
-0.000197739
-3.14335e-05
-0.000181986
-0.00017134
-0.000159266
-0.000298695
-0.000130855
-0.000409294
-9.81581e-05
-0.000499936
-6.2619e-05
-0.00056794
-2.57053e-05
-0.000611715
1.11895e-05
-0.000630478
4.67065e-05
-0.000624702
7.96516e-05
-0.000595031
0.000108938
-0.000543177
0.000133675
-0.00047147
0.00015314
-0.000382826
0.000166817
-0.000280446
0.000174352
-0.000168053
0.000175639
-4.93931e-05
0.000170697
7.16118e-05
0.000159736
0.000191007
0.000143156
0.000304746
0.000121498
0.000408952
9.54759e-05
0.000500008
6.59142e-05
0.000574479
3.37393e-05
0.000629361
0.000661884
0.000611927
-0.0146718
0.00121344
-0.014873
0.00176241
-0.0151216
0.00222173
-0.0155779
0.00250614
-0.0158754
0.00244744
-0.016575
0.00190782
-0.0168149
-0.0180965
-0.0012707
-0.0102017
-0.00162354
-0.00953865
-0.00167289
-0.00951285
-0.00146384
-0.00906902
-0.00107599
-0.00886822
-0.000618508
-0.00851984
-0.000100625
-0.00826939
0.000435503
-0.00797879
0.000977663
-0.00772549
0.00152839
-0.00747869
0.00207742
-0.00722156
0.00262034
-0.00695344
0.00315059
-0.0066703
0.00366583
-0.00637169
0.0041579
-0.0060474
0.00462235
-0.00569858
0.00505482
-0.00532123
0.00545159
-0.00491415
0.00580807
-0.00447588
0.00612103
-0.00400704
0.00638669
-0.00350747
0.0066017
-0.00297925
0.00676363
-0.00242416
0.00686947
-0.00184486
0.00691723
-0.00124435
0.00690556
-0.000627288
0.00683333
1.5705e-06
0.00669957
0.000637983
0.00650454
0.00127608
0.00624933
0.00190903
0.00593608
0.00253102
0.00556488
0.00313528
0.00514006
0.00371662
0.00466551
0.00426345
0.00414511
0.0047721
0.0035835
0.00523391
0.00298715
0.00564017
0.00236211
0.00598691
0.00171607
0.00626615
0.00105583
0.00647299
0.000389897
0.00660007
-0.000273446
0.00664274
-0.000924899
0.00659816
-0.00155617
0.0064679
-0.00215734
0.00624352
-0.0027203
0.00592864
-0.00323645
0.0055286
-0.0036972
0.00504092
-0.00409584
0.00447251
-0.00442485
0.00383089
-0.00467845
0.00312299
-0.00485167
0.00235839
-0.00494115
0.00154935
-0.00494467
0.000708917
-0.00486154
-0.000149148
-0.00469233
-0.00100981
-0.00444002
-0.00185559
-0.00410871
-0.00267077
-0.00370433
-0.00343828
-0.00323469
-0.00413949
-0.00270898
-0.00475917
-0.00213778
-0.00528287
-0.00153325
-0.00569461
-0.000908532
-0.0059841
-0.000277335
-0.00613964
0.000345593
-0.00615421
0.000945954
-0.00602702
0.00150893
-0.00575293
0.00202062
-0.00533836
0.0024683
-0.0047907
0.00284037
-0.0041188
0.00312714
-0.00334214
0.00332062
-0.00247533
0.00341571
-0.00154287
0.00340999
-0.000571027
0.00330388
0.000412838
0.00310091
0.00137933
0.002808
0.00229719
0.0024347
0.00313627
0.00199373
0.00386807
0.00150034
0.00446665
0.000970954
0.00490882
0.000424769
0.00517729
-0.000118919
0.0052604
-0.000640515
0.00515025
-0.00112077
0.0048519
-0.00154236
0.00437057
-0.00188906
0.0037251
-0.00214785
0.00293813
-0.00230909
0.00204014
-0.00236706
0.00106724
-0.00232045
6.14007e-05
-0.00217276
-0.000931586
-0.00193199
-0.00186725
-0.00161175
-0.00269918
-0.00122932
-0.00338747
-0.000804632
-0.00389941
-0.000360536
-0.00420666
7.91748e-05
-0.00429722
0.000492185
-0.00416941
0.000857628
-0.00383254
0.00115816
-0.00331046
0.00138078
-0.00263588
0.00151749
-0.00184947
0.00156575
-0.000999283
0.00152847
-0.00013419
0.00141313
0.000697049
0.00123161
0.00145135
0.000998647
0.00209087
0.000730904
0.00258667
0.000445611
0.00292079
0.000159553
0.00308566
-0.000111669
0.00308279
-0.000355113
0.00292459
-0.000560658
0.00263
-0.000720774
0.0022255
-0.000831972
0.0017391
-0.000892854
0.00120316
-0.000905694
0.000649273
-0.000874584
0.000105414
-0.00080591
-0.000399893
-0.000706659
-0.000847479
-0.000585256
-0.00121884
-0.000449772
-0.00150359
-0.000308352
-0.00169596
-0.000168153
-0.00179501
-3.56889e-05
-0.00180471
8.37591e-05
-0.00173308
0.000186261
-0.00159041
0.000269026
-0.00139011
0.000330415
-0.00114639
0.000370183
-0.000873589
0.000388879
-0.0005869
0.000388008
-0.000299796
0.000369676
-2.49729e-05
0.000336668
0.000226737
0.00029189
0.000446845
0.000238612
0.000628472
0.000179766
0.000767358
0.000118644
0.00086111
5.80064e-05
0.000909059
3.91777e-07
0.000913308
-5.20814e-05
0.000876909
-9.76846e-05
0.000804454
-0.000135137
0.000701426
-0.0001636
0.000574473
-0.000182727
0.000430017
-0.000192436
0.000275257
-0.000193145
0.000116657
-0.000185426
-3.91525e-05
-0.000170225
-0.000186541
-0.000148636
-0.000320284
-0.000121823
-0.000436107
-9.11468e-05
-0.000530612
-5.79211e-05
-0.000601166
-2.35581e-05
-0.000646078
1.07054e-05
-0.000664741
4.36024e-05
-0.000657599
7.40389e-05
-0.000625468
0.000101029
-0.000570167
0.000123759
-0.0004942
0.000141577
-0.000400644
0.000154038
-0.000292907
0.000160851
-0.000174866
0.000161908
-5.04509e-05
0.00015722
7.63004e-05
0.000147028
0.000201199
0.000131681
0.000320093
0.00011171
0.000428924
8.77553e-05
0.000523962
6.057e-05
0.000601665
3.10011e-05
0.000658929
0.000692885
0.00029465
-0.0149665
0.000572152
-0.0151505
0.000806499
-0.015356
0.000957123
-0.0157285
0.00101843
-0.0159367
0.000911292
-0.0164678
0.000710487
-0.0166141
-0.017386
-0.000372331
-0.00982937
-0.000465091
-0.00944589
-0.000497113
-0.00948082
-0.000365362
-0.00920077
-0.000156479
-0.00907711
0.000142742
-0.00881906
0.000505637
-0.00863228
0.000930998
-0.00840415
0.00138821
-0.0081827
0.0018578
-0.00794829
0.00233986
-0.00770362
0.00282775
-0.00744132
0.00330873
-0.00715128
0.00377774
-0.0068407
0.00423064
-0.0065003
0.00466117
-0.00612911
0.00506307
-0.00572313
0.00543293
-0.00528402
0.00576602
-0.00480897
0.00605793
-0.00429895
0.00630509
-0.00375463
0.00650439
-0.00317855
0.00665189
-0.00257166
0.00674547
-0.00193844
0.00678321
-0.00128209
0.00676322
-0.000607289
0.00668415
8.06397e-05
0.00654556
0.000776568
0.00634764
0.001474
0.00609149
0.00216518
0.00577729
0.00284523
0.00540904
0.00350352
0.00498875
0.00413691
0.00451973
0.00473247
0.00400647
0.00528536
0.00345407
0.0057863
0.0028676
0.00622664
0.0022539
0.00660061
0.00162024
0.0068998
0.00097316
0.00712008
0.0003214
0.00725183
-0.000326966
0.00729111
-0.000962923
0.00723412
-0.00157794
0.00708292
-0.00216363
0.00682921
-0.00271094
0.00647595
-0.0032115
0.00602916
-0.0036582
0.00548762
-0.00404242
0.00485673
-0.00435844
0.00414691
-0.00460029
0.00336484
-0.00476327
0.00252137
-0.00484431
0.00163039
-0.00484124
0.000705843
-0.00475275
-0.000237634
-0.00458042
-0.00118214
-0.004327
-0.00210901
-0.00399664
-0.00300113
-0.00359529
-0.00383963
-0.0031306
-0.00460418
-0.00261178
-0.00527798
-0.0020494
-0.00584526
-0.00145517
-0.00628883
-0.000841947
-0.00659733
-0.000223473
-0.00675811
0.000385796
-0.00676348
0.000971962
-0.00661319
0.00152067
-0.00630163
0.00201839
-0.00583608
0.00245257
-0.00522488
0.00281166
-0.00447789
0.00308673
-0.00361721
0.00327006
-0.00265866
0.0033566
-0.00162941
0.00334433
-0.000558755
0.00323346
0.000523706
0.00302845
0.00158434
0.0027354
0.00259024
0.00236434
0.00350733
0.00192775
0.00430467
0.0014402
0.0049542
0.000919516
0.0054295
0.000383116
0.00571369
-0.00014969
0.0057932
-0.000659601
0.00566016
-0.00112823
0.00532054
-0.00153779
0.00478013
-0.0018736
0.00406091
-0.00212257
0.0031871
-0.00227531
0.00219287
-0.00232644
0.00111838
-0.00227472
9.67965e-06
-0.00212352
-0.00108279
-0.00188257
-0.00210819
-0.0015637
-0.00301805
-0.00118445
-0.00376671
-0.000765218
-0.00431865
-0.000328689
-0.00464319
0.00010251
-0.00472842
0.0005055
-0.0045724
0.000860302
-0.00418735
0.00115
-0.00360015
0.00136221
-0.0028481
0.00148956
-0.00197682
0.00153003
-0.00103976
0.00148695
-9.11116e-05
0.00136841
0.00081559
0.00118631
0.00163345
0.000955417
0.00232176
0.00069235
0.00284974
0.00041399
0.00319915
0.000136705
0.00336295
-0.000124714
0.00334421
-0.000357661
0.00315754
-0.000552681
0.00282502
-0.000703004
0.00237582
-0.000805497
0.00184159
-0.000859649
0.00125731
-0.000867365
0.000656989
-0.00083354
7.15891e-05
-0.00076397
-0.000469463
-0.000666212
-0.000945237
-0.000547843
-0.0013372
-0.000417408
-0.00163402
-0.000281583
-0.00183178
-0.000148156
-0.00192843
-2.29322e-05
-0.00192993
8.96105e-05
-0.00184562
0.000185362
-0.00168616
0.000262014
-0.00146676
0.000318215
-0.00120259
0.000353829
-0.000909203
0.000369624
-0.000602694
0.000366947
-0.000297119
0.000348121
-6.14688e-06
0.000315638
0.000259219
0.000272401
0.000490083
0.000221378
0.000679495
0.000165635
0.000823101
0.000107975
0.00091877
5.10278e-05
0.000966006
-2.84618e-06
0.000967182
-5.16867e-05
0.00092575
-9.3927e-05
0.000846694
-0.000128425
0.000735924
-0.000154451
0.000600499
-0.000171734
0.0004473
-0.00018023
0.000283752
-0.000180381
0.000116808
-0.000172738
-4.6795e-05
-0.000158222
-0.000201057
-0.000137844
-0.000340662
-0.000112749
-0.000461203
-8.41506e-05
-0.00055921
-5.33006e-05
-0.000632016
-2.14553e-05
-0.000677924
1.01914e-05
-0.000696388
4.05105e-05
-0.000687918
6.84978e-05
-0.000653455
9.32589e-05
-0.000594928
0.00011406
-0.000515001
0.00013032
-0.000416904
0.000141631
-0.000304217
0.000147759
-0.000180994
0.000148604
-5.12957e-05
0.000144217
8.06873e-05
0.000134797
0.000210619
0.000120647
0.000334243
0.000102304
0.000447266
8.03511e-05
0.000545915
5.54412e-05
0.000626575
2.83746e-05
0.000685996
0.00072126
0.000160722
-0.0151272
0.000306821
-0.0152966
0.000435814
-0.0154849
0.000504994
-0.0157977
0.000546028
-0.0159778
0.000465218
-0.016387
0.000358559
-0.0165074
-0.0170275
-0.000174387
-0.00965498
-0.000171347
-0.00944893
-0.000131253
-0.00952092
2.34277e-05
-0.00935545
0.000230914
-0.00928459
0.000510525
-0.00909867
0.000836424
-0.00895818
0.00120749
-0.00877522
0.00161079
-0.00858601
0.00203399
-0.00837148
0.00247032
-0.00813995
0.00291112
-0.00788213
0.00335356
-0.00759372
0.00378673
-0.00727386
0.00420617
-0.00691975
0.00460499
-0.00652793
0.00498029
-0.00609843
0.00532551
-0.00562923
0.00563614
-0.0051196
0.005909
-0.00457181
0.00613954
-0.00398518
0.00632352
-0.00336254
0.0064583
-0.00270643
0.00654125
-0.00202139
0.00657055
-0.0013114
0.00654458
-0.00058132
0.00646162
0.000163599
0.00632124
0.00091695
0.00612407
0.00167116
0.00587069
0.00241856
0.00556225
0.00315367
0.00520138
0.00386439
0.00479051
0.00454777
0.00433333
0.00518966
0.00383329
0.0057854
0.00329578
0.00632381
0.00272624
0.00679618
0.0021309
0.00719595
0.00151637
0.00751433
0.000890319
0.00774612
0.000259747
0.0078824
-0.000366947
0.0079178
-0.000980688
0.00784786
-0.00157399
0.00767622
-0.00213788
0.0073931
-0.00266428
0.00700235
-0.00314513
0.00651001
-0.00357327
0.00591576
-0.00394011
0.00522356
-0.00424091
0.00444772
-0.00446958
0.00359351
-0.0046218
0.00267359
-0.00469404
0.00170264
-0.00468553
0.000697334
-0.00459413
-0.000329035
-0.00442166
-0.00135461
-0.00417085
-0.00235982
-0.00384591
-0.00332607
-0.00345289
-0.00423264
-0.00299914
-0.00505794
-0.00249337
-0.00578375
-0.0019464
-0.00639223
-0.00136916
-0.00686607
-0.000774407
-0.00719208
-0.000175407
-0.00735711
0.000413849
-0.00735274
0.000979908
-0.00717925
0.00150888
-0.0068306
0.00198758
-0.00631478
0.00240397
-0.00564127
0.00274728
-0.0048212
0.00300882
-0.00387875
0.00318065
-0.00283049
0.00325942
-0.00170818
0.00324172
-0.000541052
0.00312878
0.000636641
0.00292451
0.00178861
0.00263555
0.0028792
0.00227163
0.00387125
0.001845
0.00473129
0.00136998
0.00542922
0.000863263
0.00593621
0.000342408
0.00623454
-0.000173479
0.00630909
-0.000666135
0.00615282
-0.00111827
0.00577267
-0.00151237
0.00517423
-0.00183397
0.00438252
-0.00207069
0.00342382
-0.00221429
0.00233647
-0.00225885
0.00116294
-0.00220401
-4.5168e-05
-0.00205304
-0.00123375
-0.00181425
-0.00234699
-0.00150063
-0.00333167
-0.00113006
-0.00413728
-0.000721015
-0.00472769
-0.000296528
-0.00506767
0.000120897
-0.00514585
0.000510016
-0.00496152
0.000850719
-0.00452805
0.00112708
-0.00387651
0.00132744
-0.00304845
0.00144508
-0.00209446
0.00147832
-0.001073
0.001431
-4.3792e-05
0.00131129
0.000935302
0.00113122
0.00181353
0.000905436
0.00254754
0.000649975
0.0031052
0.000381482
0.00346764
0.000115352
0.00362908
-0.000133983
0.00359355
-0.000354803
0.00337836
-0.000538255
0.00300847
-0.00067839
0.00251596
-0.00077218
0.00193538
-0.000819716
0.00130484
-0.000823448
0.000660722
-0.000787649
3.57892e-05
-0.000718506
-0.000538606
-0.000623416
-0.00104033
-0.000509342
-0.00145128
-0.000384512
-0.00175885
-0.000255766
-0.00196053
-0.000130006
-0.00205419
-1.25499e-05
-0.00204739
9.28169e-05
-0.00195099
0.00018167
-0.00177502
0.000252225
-0.00153732
0.000303425
-0.00125379
0.000335182
-0.00094096
0.00034836
-0.000615873
0.000344394
-0.000293153
0.000325418
1.28292e-05
0.000293918
0.000290719
0.000252591
0.000531409
0.000204384
0.000727702
0.000151816
0.00087567
9.77862e-05
0.0009728
4.47048e-05
0.00101909
-5.33375e-06
0.00101722
-5.05242e-05
0.00097094
-8.94207e-05
0.000885591
-0.000121055
0.000767559
-0.00014475
0.000624194
-0.000160302
0.000462852
-0.000167732
0.000291183
-0.000167432
0.000116508
-0.000159977
-5.42508e-05
-0.000146239
-0.000214794
-0.000127155
-0.000359746
-0.000103809
-0.000484548
-7.72993e-05
-0.00058572
-4.8796e-05
-0.000660519
-1.942e-05
-0.0007073
9.64841e-06
-0.000725456
3.74659e-05
-0.000715736
6.3091e-05
-0.00067908
8.57214e-05
-0.000617558
0.000104678
-0.000533958
0.000119456
-0.000431682
0.000129704
-0.000314465
0.000135198
-0.000186488
0.000135875
-5.19718e-05
0.000131781
8.47809e-05
0.000123094
0.000219305
0.000110137
0.0003472
9.33533e-05
0.00046405
7.3289e-05
0.00056598
5.05707e-05
0.000649293
2.58744e-05
0.000710692
0.000747135
9.13823e-05
-0.0152186
0.000172813
-0.015378
0.000247169
-0.0155593
0.000276617
-0.0158271
0.000298272
-0.0159994
0.000237136
-0.0163259
0.00018712
-0.0164574
-0.0168403
-2.16555e-05
-0.00963332
3.95833e-05
-0.00951017
0.000115556
-0.00959689
0.000266892
-0.00950679
0.000463197
-0.0094809
0.000720246
-0.00935572
0.00101637
-0.0092543
0.00135075
-0.0091096
0.00171292
-0.00894817
0.00209873
-0.00875729
0.00249857
-0.0085398
0.00290459
-0.00828815
0.0033137
-0.00800283
0.00371538
-0.00767555
0.00410491
-0.00730927
0.0044782
-0.00690123
0.00482725
-0.00644748
0.00514952
-0.0059515
0.0054396
-0.00540968
0.00569346
-0.00482567
0.00590719
-0.0041989
0.00607763
-0.00353298
0.00620068
-0.00282948
0.00627418
-0.00209488
0.00629653
-0.00133375
0.00626714
-0.000551924
0.00618251
0.000248228
0.00604302
0.00105644
0.00584961
0.00186457
0.00560265
0.00266552
0.00530302
0.0034533
0.00495372
0.00421369
0.00455691
0.00494458
0.0041158
0.00563076
0.00363457
0.00626664
0.00311781
0.00684057
0.00257012
0.00734387
0.00199843
0.00776764
0.00140975
0.00810301
0.000809088
0.00834678
0.00020546
0.00848603
-0.000394259
0.00851752
-0.000981094
0.0084347
-0.00154738
0.00824251
-0.00208543
0.00793115
-0.00258679
0.00750371
-0.0030442
0.00696742
-0.00345024
0.0063218
-0.00379819
0.00557151
-0.00408219
0.00473172
-0.00429644
0.00380776
-0.00443741
0.00281455
-0.00450181
0.00176704
-0.00448934
0.000684867
-0.00439685
-0.000421528
-0.00422626
-0.0015252
-0.00398168
-0.00260439
-0.00366596
-0.00364179
-0.00328551
-0.00461309
-0.00284736
-0.00549609
-0.00235982
-0.00627128
-0.00183318
-0.00691888
-0.0012786
-0.00742065
-0.000707904
-0.00776278
-0.0001336
-0.00793142
0.000430583
-0.00791692
0.000971755
-0.00772042
0.00147676
-0.00733561
0.0019328
-0.00677083
0.00232885
-0.00603732
0.00265407
-0.00514641
0.00290053
-0.00412522
0.00306072
-0.00299068
0.00313149
-0.00177894
0.00310975
-0.000519314
0.00299656
0.000749828
0.00279615
0.00198903
0.00251488
0.00316047
0.00216215
0.00422399
0.00174984
0.0051436
0.00129169
0.00588737
0.000804231
0.00642368
0.000304328
0.00673445
-0.000190338
0.00680376
-0.000662103
0.00662458
-0.00109352
0.00620408
-0.00146908
0.00554979
-0.00177461
0.00468805
-0.0019984
0.00364761
-0.00213205
0.00247012
-0.00217099
0.00120188
-0.00211377
-0.000102392
-0.00196458
-0.00138294
-0.0017311
-0.00258047
-0.00142723
-0.00363553
-0.00106765
-0.00449687
-0.000674146
-0.00512119
-0.000265782
-0.00547604
0.000134569
-0.0055462
0.000506416
-0.00533336
0.000830578
-0.00485221
0.00109198
-0.00413792
0.0012796
-0.00323607
0.00138745
-0.00220231
0.00141421
-0.00109975
0.00136401
6.40347e-06
0.00124511
0.0010542
0.00106929
0.00198935
0.000850883
0.00276594
0.000605515
0.00335057
0.000348849
0.00372431
9.60373e-05
0.00388189
-0.00013973
0.00382931
-0.000347351
0.00358598
-0.000518684
0.0031798
-0.000648355
0.00264563
-0.000733681
0.0020207
-0.000775242
0.0013464
-0.000775389
0.000660868
-0.000738781
-8.18599e-07
-0.000671075
-0.000606312
-0.000579332
-0.00113207
-0.000471028
-0.00155958
-0.000352397
-0.00187748
-0.000231398
-0.00208153
-0.000113448
-0.00217214
-3.48301e-06
-0.00215735
9.38323e-05
-0.0020483
0.000175782
-0.00185697
0.000240377
-0.00160191
0.000286771
-0.00130018
0.000315001
-0.00096919
0.000325959
-0.000626831
0.000321009
-0.000288203
0.000302265
3.15728e-05
0.000272052
0.000320932
0.000232961
0.000570501
0.000187555
0.000773109
0.000138515
0.000924709
8.82766e-05
0.00102304
3.90685e-05
0.0010683
-7.1694e-06
0.00106346
-4.87416e-05
0.00101251
-8.44049e-05
0.000921254
-0.000113267
0.000796421
-0.00013479
0.000645717
-0.000148711
0.000476773
-0.000155198
0.00029767
-0.000154554
0.000115864
-0.000147398
-6.14074e-05
-0.000134502
-0.000227691
-0.000116746
-0.000377502
-9.51325e-05
-0.000506162
-7.06919e-05
-0.000610161
-4.44711e-05
-0.00068674
-1.75481e-05
-0.000734223
9.08098e-06
-0.000752085
3.45007e-05
-0.000741155
5.78772e-05
-0.000702456
7.84788e-05
-0.00063816
9.57134e-05
-0.000551192
0.000109108
-0.000445077
0.00011835
-0.000323707
0.000123277
-0.000191416
0.000123815
-5.25098e-05
0.00012001
8.85869e-05
0.000112045
0.00022727
0.000100204
0.000359041
8.49041e-05
0.00047935
6.66379e-05
0.000584246
4.5969e-05
0.000669962
2.35221e-05
0.000733139
0.000770657
5.36967e-05
-0.0152723
0.000103144
-0.0154275
0.000150976
-0.0156071
0.000164178
-0.0158403
0.000179808
-0.016015
0.000135546
-0.0162816
0.00011123
-0.0164331
-0.0167291
2.81926e-05
-0.00966152
0.000121119
-0.00960309
0.000219448
-0.00969522
0.000379796
-0.00966713
0.000570902
-0.009672
0.000813444
-0.00959826
0.00108922
-0.00953008
0.00139629
-0.00941668
0.00173031
-0.00928219
0.00208571
-0.00911269
0.00245427
-0.00890835
0.00283243
-0.00866631
0.00321236
-0.00838275
0.00358546
-0.00804865
0.00394926
-0.00767307
0.00429616
-0.00724813
0.00462178
-0.0067731
0.00492138
-0.00625111
0.00519082
-0.00567911
0.005428
-0.00506285
0.00562621
-0.00439711
0.00578353
-0.0036903
0.00589635
-0.0029423
0.00596168
-0.00216022
0.00597789
-0.00134997
0.00594721
-0.000521245
0.00586243
0.000333015
0.00572544
0.00119343
0.0055386
0.00205141
0.00530096
0.00290316
0.00501271
0.00374155
0.00467836
0.00454804
0.00429909
0.00532385
0.00387813
0.00605172
0.00341926
0.00672551
0.00292693
0.0073329
0.00240508
0.00786572
0.0018618
0.00831092
0.0013023
0.0086625
0.000731175
0.00891791
0.000159216
0.00905799
-0.000410499
0.00908723
-0.000966101
0.0089903
-0.0015022
0.00877861
-0.00201116
0.00844011
-0.00248489
0.00797744
-0.00291633
0.00739885
-0.00329868
0.00670415
-0.00362565
0.00589848
-0.00389203
0.0049981
-0.00409166
0.00400739
-0.00422142
0.00294431
-0.00427781
0.00182342
-0.00426378
0.000670844
-0.00417038
-0.000514937
-0.00400461
-0.00169096
-0.00376853
-0.00284048
-0.00346502
-0.0039453
-0.0031007
-0.0049774
-0.00268164
-0.00591515
-0.00221635
-0.00673657
-0.00171452
-0.00742072
-0.00118643
-0.00794874
-0.000643535
-0.00830567
-9.78757e-05
-0.00847708
0.000437422
-0.00845222
0.00095026
-0.00823326
0.00142834
-0.00781368
0.00185943
-0.00720192
0.00223262
-0.00641051
0.00253823
-0.00545202
0.00276917
-0.00435616
0.0029171
-0.00313861
0.00298082
-0.00184266
0.00295619
-0.000494691
0.0028442
0.000861819
0.00264975
0.00218348
0.00237914
0.00343108
0.00204073
0.0045624
0.00164573
0.00553859
0.00120911
0.006324
0.000744607
0.00688818
0.000268649
0.0072104
-0.000201102
0.00727351
-0.000648575
0.00707206
-0.00105706
0.00661257
-0.00141165
0.00590437
-0.00169957
0.00497597
-0.00190935
0.00385739
-0.00203317
0.00259393
-0.00206686
0.00123558
-0.00200863
-0.000160623
-0.00186287
-0.0015287
-0.00163845
-0.00280489
-0.00134599
-0.00392799
-0.00100256
-0.0048403
-0.000625331
-0.00549842
-0.000236772
-0.00586459
0.000143727
-0.0059267
0.000496012
-0.00568565
0.000801885
-0.00515808
0.0010472
-0.00438323
0.00122167
-0.00341054
0.00131995
-0.0023006
0.00134102
-0.00112081
0.00128915
5.8266e-05
0.00117265
0.0011707
0.00100299
0.00215901
0.000793883
0.00297505
0.000560269
0.00358418
0.000317359
0.00396722
7.89417e-05
0.0041203
-0.000142291
0.00405055
-0.000336081
0.00377977
-0.000495006
0.00333873
-0.000614196
0.00276482
-0.000691536
0.00209804
-0.000727849
0.00138272
-0.000725141
0.000658161
-0.000688242
-3.77185e-05
-0.000622908
-0.000671646
-0.000535453
-0.00121953
-0.000432761
-0.00166227
-0.000321652
-0.00198859
-0.000208459
-0.00219472
-9.85653e-05
-0.00228204
3.18199e-06
-0.0022591
9.29598e-05
-0.00213808
0.000168152
-0.00193216
0.000227056
-0.00166082
0.000269004
-0.00134213
0.000293978
-0.000994164
0.000303031
-0.000635884
0.000297433
-0.000282605
0.000279181
4.98247e-05
0.00025053
0.000349584
0.000213771
0.00060726
0.000171455
0.000815425
0.000125931
0.000970233
7.94201e-05
0.00106955
3.40684e-05
0.00111365
-8.42816e-06
0.00110595
-4.65205e-05
0.0010506
-7.90813e-05
0.000953815
-0.00010532
0.000822659
-0.000124769
0.000665166
-0.00013724
0.000489245
-0.000142874
0.000303303
-0.000142005
0.000114996
-0.000135201
-6.82118e-05
-0.000123169
-0.000239722
-0.000106736
-0.000393935
-8.68441e-05
-0.000526054
-6.44011e-05
-0.000632604
-4.04006e-05
-0.000710741
-1.57938e-05
-0.00075883
8.50001e-06
-0.000776379
3.16464e-05
-0.000764302
5.28996e-05
-0.00072371
7.1598e-05
-0.000656859
8.72057e-05
-0.0005668
9.93092e-05
-0.000457181
0.000107642
-0.00033204
0.000112042
-0.000195815
0.000112463
-5.29311e-05
0.000108962
9.20879e-05
0.000101684
0.000234548
9.09006e-05
0.000369824
7.69939e-05
0.000493257
6.04249e-05
0.000600815
4.16739e-05
0.000688713
2.13241e-05
0.000753489
0.000791981
3.04257e-05
-0.0153027
6.55852e-05
-0.0154626
0.000101145
-0.0156427
0.000109024
-0.0158482
0.000121444
-0.0160275
8.91001e-05
-0.0162493
7.56253e-05
-0.0164196
-0.0166535
5.38444e-05
-0.00971536
0.000160895
-0.00971014
0.000270027
-0.00980435
0.000429572
-0.00982668
0.000614281
-0.00985671
0.000843088
-0.00982707
0.00109856
-0.00978555
0.00138346
-0.00970158
0.00169419
-0.00959292
0.00202324
-0.00944174
0.0023658
-0.00925091
0.00271526
-0.00901577
0.00306665
-0.00873415
0.00341742
-0.00839942
0.00375329
-0.00800893
0.00407768
-0.00757252
0.00438001
-0.00707543
0.00465917
-0.00653027
0.00491106
-0.00593101
0.00512935
-0.00528113
0.00531273
-0.00458049
0.00545633
-0.0038339
0.00555838
-0.00304435
0.0056175
-0.00221934
0.00563131
-0.00136378
0.00559567
-0.0004856
0.00551335
0.000415329
0.00538412
0.00132266
0.00520386
0.00223166
0.00497615
0.00313087
0.00470443
0.00401328
0.00438661
0.00486586
0.00402694
0.00568352
0.0036284
0.00645026
0.00319446
0.00715945
0.0027288
0.00779856
0.00223808
0.00835644
0.00172427
0.00882473
0.00119589
0.00919089
0.0006597
0.0094541
0.000119271
0.00959841
-0.000415162
0.00962167
-0.000937908
0.00951304
-0.00144309
0.0092838
-0.00192106
0.00891808
-0.00236459
0.00842097
-0.00276842
0.00780268
-0.00312603
0.00706176
-0.00343109
0.00620354
-0.00367774
0.00524475
-0.00386344
0.00419309
-0.00398294
0.00306381
-0.00403372
0.0018742
-0.00401262
0.000649743
-0.0039235
-0.000604058
-0.00376552
-0.00184893
-0.00353901
-0.00306699
-0.00325146
-0.00423286
-0.00290482
-0.00532404
-0.00250811
-0.00631185
-0.00206784
-0.00717685
-0.00159277
-0.00789579
-0.00109395
-0.00844755
-0.000581724
-0.0088179
-6.80784e-05
-0.00899072
0.00043569
-0.00895599
0.000917768
-0.00871534
0.00136613
-0.00826205
0.001771
-0.00760679
0.00212102
-0.00676053
0.00240705
-0.00573805
0.0026201
-0.00456922
0.00275784
-0.00327634
0.00281265
-0.00189747
0.00278638
-0.000468417
0.00267857
0.000969626
0.00249223
0.00236981
0.00223389
0.00368942
0.00191242
0.00488388
0.00153838
0.00591263
0.00112405
0.00673833
0.000684933
0.0073273
0.000236015
0.00765932
-0.000206488
0.00771601
-0.000627278
0.00749285
-0.00101154
0.00699684
-0.00134426
0.00623709
-0.00161254
0.00524426
-0.00180829
0.00405314
-0.0019223
0.00270794
-0.00195056
0.00126384
-0.00189325
-0.00021793
-0.00175353
-0.00166842
-0.00153871
-0.0030197
-0.00126029
-0.00420642
-0.000934377
-0.00516621
-0.00057748
-0.00585532
-0.000209201
-0.00623287
0.000148918
-0.00628482
0.000480271
-0.006017
0.000766642
-0.00544445
0.00099516
-0.00461175
0.00115638
-0.00357176
0.0012452
-0.00238941
0.00126146
-0.00113707
0.00120923
0.00011049
0.00109653
0.0012834
0.000934442
0.0023211
0.000736044
0.00317345
0.000515774
0.00380445
0.000287173
0.00419582
6.40915e-05
0.00434339
-0.000142195
0.00425683
-0.000321854
0.00395943
-0.000468507
0.00348538
-0.000577523
0.00287383
-0.000647329
0.00216785
-0.000678518
0.00141391
-0.000673825
0.000653469
-0.000637668
-7.38758e-05
-0.000574953
-0.000734361
-0.000492405
-0.00130207
-0.00039607
-0.00175861
-0.000292383
-0.00209228
-0.000187158
-0.00229994
-8.58496e-05
-0.00238335
8.21311e-06
-0.00235316
9.06647e-05
-0.00222053
0.000159378
-0.00200087
0.000212838
-0.00171428
0.000250567
-0.00137986
0.000272719
-0.00101632
0.000280107
-0.000643272
0.000274109
-0.000276607
0.00025666
6.72732e-05
0.000229612
0.000376632
0.000195384
0.000641488
0.000156109
0.0008547
0.000114048
0.00101229
7.12636e-05
0.00111233
2.9644e-05
0.00115527
-9.23054e-06
0.00114483
-4.39929e-05
0.00108537
-7.36127e-05
0.000983435
-9.73982e-05
0.000846445
-0.000114921
0.000682689
-0.000126081
0.000500405
-0.000130958
0.00030818
-0.000129944
0.000113982
-0.000123499
-7.46569e-05
-0.000112346
-0.000250875
-9.72264e-05
-0.000409054
-7.89815e-05
-0.000544299
-5.84729e-05
-0.000653112
-3.65782e-05
-0.000732635
-1.41711e-05
-0.000781237
7.91179e-06
-0.000798462
2.89239e-05
-0.000785314
4.81898e-05
-0.000742976
6.51164e-05
-0.000673785
7.92165e-05
-0.0005809
9.01306e-05
-0.000468095
9.76304e-05
-0.00033954
0.000101548
-0.000199733
0.000101878
-5.32604e-05
9.86586e-05
9.53069e-05
9.20334e-05
0.000241174
8.22452e-05
0.000379612
6.96435e-05
0.000505858
5.46364e-05
0.000615822
3.76791e-05
0.00070567
1.9278e-05
0.00077189
0.000811259
1.13943e-05
4.45166e-05
7.44001e-05
8.48124e-05
9.16244e-05
6.85069e-05
5.81304e-05
6.6408e-05
0.000163842
0.000272573
0.000423015
0.000602602
0.000816656
0.00105641
0.00132545
0.0016126
0.00191974
0.00224114
0.00257012
0.00289973
0.0032227
0.00353987
0.00383737
0.00412044
0.00438099
0.00461533
0.00481823
0.00498747
0.00512038
0.00521442
0.00526724
0.00527725
0.00524237
0.00516349
0.00503878
0.00486861
0.00465417
0.00439709
0.00409844
0.0037602
0.00338584
0.00297843
0.0025421
0.00208125
0.00160098
0.0011064
0.000603822
9.95473e-05
-0.000400453
-0.000889848
-0.00136083
-0.00180642
-0.0022197
-0.0025959
-0.00292888
-0.00321195
-0.00344069
-0.00361212
-0.00372107
-0.00376637
-0.00374495
-0.0036587
-0.00350836
-0.00329486
-0.00302366
-0.00269845
-0.00232595
-0.00191333
-0.00146876
-0.00100197
-0.00052273
-4.20942e-05
0.000428613
0.000878787
0.00129743
0.0016748
0.0020004
0.00226607
0.00246367
0.00258977
0.00263936
0.00261181
0.00250787
0.00233117
0.00208711
0.00178408
0.00143226
0.00104311
0.000630962
0.000210538
-0.000203742
-0.000597389
-0.000955886
-0.0012661
-0.00151586
-0.00169719
-0.00180215
-0.00182683
-0.00177077
-0.00163769
-0.00143426
-0.00117224
-0.000865228
-0.00053033
-0.000185535
0.000150084
0.000459582
0.000726273
0.000938224
0.00108666
0.00116694
0.00117926
0.00112753
0.00101961
0.000866117
0.000679362
0.000472717
0.000259569
5.19705e-05
-0.000139205
-0.000304983
-0.000439632
-0.000539025
-0.000601912
-0.000628964
-0.000622769
-0.00058743
-0.000528287
-0.000450759
-0.000361058
-0.000264863
-0.000167922
-7.42225e-05
1.18212e-05
8.72283e-05
0.000149759
0.000198146
0.000232105
0.000251675
0.000257673
0.000251613
0.0002349
0.000209696
0.000177933
0.000141715
0.000103089
6.39412e-05
2.59076e-05
-9.60206e-06
-4.12143e-05
-6.80757e-05
-8.95658e-05
-0.000105359
-0.000115293
-0.000119538
-0.000118425
-0.000112406
-0.00010214
-8.82664e-05
-7.16097e-05
-5.29332e-05
-3.30237e-05
-1.26827e-05
7.32806e-06
2.63494e-05
4.37683e-05
5.90514e-05
7.1766e-05
8.15905e-05
8.83079e-05
9.18174e-05
9.20667e-05
8.91188e-05
8.31042e-05
7.42448e-05
6.28489e-05
4.93029e-05
3.39976e-05
1.73938e-05
)
;

boundaryField
{
    freeSurface
    {
        type            calculated;
        value           nonuniform List<scalar> 
181
(
-0.0153141
-0.0154958
-0.0156726
-0.0158586
-0.0160343
-0.0162262
-0.0164092
-0.0165954
-0.00978177
-0.00980758
-0.00991309
-0.00997712
-0.0100363
-0.0100411
-0.0100253
-0.00997062
-0.00988007
-0.00974888
-0.00957232
-0.00934475
-0.00906376
-0.00872239
-0.00832611
-0.00787002
-0.00735849
-0.00679082
-0.00616535
-0.00548403
-0.00474973
-0.00396681
-0.00313839
-0.00227216
-0.00137379
-0.000450718
0.000494203
0.00144738
0.00240183
0.00334531
0.00427036
0.00516451
0.00602176
0.00682462
0.00756686
0.0082349
0.0088173
0.00930499
0.00968547
0.00995668
0.0101027
0.0101217
0.0100024
0.00975477
0.00936367
0.00883425
0.00817888
0.00739473
0.00648662
0.00547348
0.00436452
0.00317276
0.00191949
0.000628323
-0.000690301
-0.00199928
-0.00328048
-0.00450406
-0.00564925
-0.00668436
-0.00758947
-0.00834036
-0.00891435
-0.00929713
-0.00947136
-0.00942669
-0.00916551
-0.00868069
-0.00798416
-0.00708614
-0.00600372
-0.00476682
-0.00340244
-0.00194706
-0.000440869
0.00107357
0.00254651
0.00393348
0.00518691
0.00626445
0.00712748
0.00773944
0.00807975
0.00813029
0.00788649
0.00735534
0.0065473
0.00549402
0.00423447
0.0028129
0.00128851
-0.000273985
-0.0018015
-0.00322313
-0.00446843
-0.00547323
-0.00619022
-0.00657767
-0.00662043
-0.0063265
-0.00571115
-0.0048237
-0.0037202
-0.00246969
-0.00114939
0.000162217
0.00139132
0.00247459
0.0033602
0.00401109
0.00440897
0.00455098
0.00444801
0.0041252
0.00362003
0.00297323
0.00223074
0.00144096
0.000647274
-0.000109215
-0.000793504
-0.0013796
-0.00184831
-0.00218847
-0.00239688
-0.00247705
-0.00243921
-0.00229594
-0.0020634
-0.00176267
-0.00141382
-0.00103589
-0.00064927
-0.000270547
8.39855e-05
0.000401837
0.00067325
0.000890917
0.00105092
0.00115148
0.0011933
0.00118034
0.00111698
0.0010103
0.000867935
0.000698482
0.000510339
0.000312425
0.000112869
-8.06768e-05
-0.000261141
-0.000422928
-0.000560955
-0.000671789
-0.000752545
-0.000801578
-0.000818473
-0.000804335
-0.000760394
-0.000689068
-0.000593615
-0.000477919
-0.000346258
-0.000203242
-5.35097e-05
9.82548e-05
0.000247188
0.000388471
0.000517254
0.000629368
0.000720975
0.000788494
0.000828653
)
;
    }
    walls
    {
        type            calculated;
        value           uniform 0;
    }
    floatingObject
    {
        type            calculated;
        value           nonuniform List<scalar> 
37
(
0.0102546
0.0103747
0.0104948
0.0106164
0.0107409
0.0108654
0.010992
0.0111202
0.0112491
0.0113801
0.0115127
0.0116467
0.0117822
0.0119191
0.0120582
0.0121981
0.0123409
0.0124837
0.0126294
0
0
0
0
0
0
0
0
0
0
0
0
0
0
0
-3.38813e-21
0
0
)
;
    }
    frontAndBack
    {
        type            empty;
    }
}


// ************************************************************************* //
