/*--------------------------------*- C++ -*----------------------------------*\
  =========                 |
  \\      /  F ield         | OpenFOAM: The Open Source CFD Toolbox
   \\    /   O peration     | Website:  https://openfoam.org
    \\  /    A nd           | Version:  12
     \\/     M anipulation  |
\*---------------------------------------------------------------------------*/
FoamFile
{
    format      ascii;
    class       surfaceScalarField;
    location    "18.72";
    object      phi;
}
// * * * * * * * * * * * * * * * * * * * * * * * * * * * * * * * * * * * * * //

dimensions      [1 0 -1 0 0 0 0];

internalField   nonuniform List<scalar> 
7429
(
0.000247119
-0.000247118
0.000502442
-0.000255323
0.000761607
-0.000259165
0.00102465
-0.000263043
0.00129195
-0.000267298
0.00156375
-0.000271798
0.00184025
-0.000276498
0.00212158
-0.000281336
0.00240781
-0.000286226
0.00269891
-0.000291099
0.00299467
-0.000295761
0.00329483
-0.000300159
0.00359899
-0.00030416
0.00390656
-0.000307567
0.00421679
-0.000310233
0.00452876
-0.000311965
0.00484131
-0.000312553
0.00515329
-0.00031198
0.00546319
-0.000309902
0.00576939
-0.000306198
0.00607009
-0.0003007
0.00636331
-0.000293222
0.00664693
-0.00028362
0.00691862
-0.000271688
0.00717593
-0.000257304
0.00741621
-0.000240281
0.00763686
-0.000220648
0.00783526
-0.000198402
0.00800884
-0.000173576
0.00815495
-0.000146113
0.00827122
-0.000116272
0.00835552
-8.4295e-05
0.00840585
-5.03309e-05
0.00842043
-1.45853e-05
0.00840127
1.91593e-05
0.00834708
5.41896e-05
0.00825692
9.01629e-05
0.00813062
0.000126299
0.0079685
0.000162121
0.00777134
0.000197158
0.00754045
0.000230898
0.00727741
0.000263038
0.00698424
0.00029317
0.00666321
0.00032103
0.00631693
0.000346279
0.00594833
0.000368603
0.00556052
0.000387812
0.00515693
0.00040359
0.00474114
0.000415784
0.00431694
0.000424199
0.00388826
0.000428687
0.00345906
0.000429193
0.00303355
0.000425513
0.00261568
0.000417868
0.00220978
0.000405899
0.0018196
0.000390179
0.00144945
0.00037015
0.00110274
0.000346714
0.000783446
0.000319294
0.000494376
0.00028907
0.000239322
0.000255054
2.04962e-05
0.000218826
-0.00015963
0.000180126
-0.000299356
0.000139726
-0.000396696
9.73394e-05
-0.000451768
5.50718e-05
-0.000464164
1.23969e-05
-0.000427818
-3.63466e-05
-0.000349042
-7.8776e-05
-0.000230287
-0.000118755
-7.35321e-05
-0.000156754
0.000118416
-0.000191948
0.000342566
-0.00022415
0.000594995
-0.000252429
0.000870635
-0.00027564
0.00116408
-0.000293441
0.00146958
-0.000305504
0.00178094
-0.000311363
0.00209131
-0.000310362
0.00239371
-0.000302409
0.00268131
-0.000287591
0.00294662
-0.000265317
0.00318308
-0.000236455
0.0033839
-0.000200823
0.0035429
-0.000159
0.0036551
-0.000112199
0.0037152
-6.01004e-05
0.00371781
-2.6096e-06
0.00365397
6.38356e-05
0.00352621
0.000127769
0.00333573
0.000190472
0.00308515
0.000250585
0.00277778
0.000307363
0.00241799
0.000359794
0.00201144
0.000406552
0.00156539
0.000446049
0.00108857
0.000476821
0.000591405
0.000497165
8.47888e-05
0.000506616
-0.000418451
0.00050324
-0.000905475
0.000487024
-0.00136329
0.000457811
-0.00177867
0.000415382
-0.00213939
0.000360719
-0.00243389
0.000294501
-0.00265203
0.000218143
-0.00278646
0.000134429
-0.00283201
4.55535e-05
-0.00277456
-5.74505e-05
-0.00261962
-0.000154945
-0.00237352
-0.000246099
-0.00204351
-0.000330004
-0.00163901
-0.0004045
-0.00117275
-0.000466264
-0.000660169
-0.000512581
-0.000119973
-0.000540196
0.000427418
-0.000547391
0.000959866
-0.000532447
0.00145505
-0.000495182
0.00189161
-0.000436559
0.00224923
-0.000357627
0.00251036
-0.000261124
0.00266111
-0.000150755
0.00269417
-3.3059e-05
0.00258914
0.000105036
0.00235837
0.000230763
0.00201235
0.00034602
0.00156652
0.000445831
0.00103974
0.000526781
0.000457266
0.000582477
-0.000150487
0.000607753
-0.000750442
0.000599955
-0.00130829
0.000557844
-0.00179046
0.000482172
-0.00216639
0.00037593
-0.00241118
0.000244794
-0.00250616
9.49817e-05
-0.00242928
-7.68823e-05
-0.00218535
-0.000243929
-0.00179083
-0.00039452
-0.00126736
-0.00052347
-0.000645137
-0.000622226
3.72419e-05
-0.000682378
0.000732048
-0.000694806
0.00138957
-0.000657522
0.00196043
-0.000570859
0.00240005
-0.000439623
0.00267176
-0.000271706
0.00275172
-7.99625e-05
0.00261431
0.000137409
0.0022765
0.000337812
0.00176478
0.000511716
0.00111746
0.000647326
0.000386282
0.000731174
-0.000365987
0.000752269
-0.00107093
0.000704941
-0.0016647
0.000593776
-0.00209182
0.000427116
-0.00231277
0.000220947
-0.00230364
-9.1217e-06
-0.00206303
-0.000240618
-0.00163002
-0.000433004
-0.00105473
-0.000575294
-0.000404863
-0.000649865
0.00023815
-0.000643013
0.000792402
-0.000554252
0.00118674
-0.000394336
0.00137043
-0.000183693
0.00130972
6.0708e-05
0.00101703
0.000292692
0.000539084
0.000477947
-5.57132e-05
0.000594798
-0.000679651
0.000623938
-0.00122651
0.000546862
-0.00160531
0.000378794
-0.0017479
0.00014259
-0.00160718
-0.000140712
-0.00120215
-0.000405034
-0.000588549
-0.000613601
0.000143287
-0.000731835
0.000871436
-0.00072815
0.00147014
-0.000598708
0.00183168
-0.000361532
0.00188671
-5.50343e-05
0.0016042
0.000282511
0.00103797
0.00056623
0.000284008
0.000753961
-0.000519206
0.000803214
-0.00121339
0.000694185
-0.00166071
0.000447324
-0.00177057
0.000109851
-0.00151549
-0.000255071
-0.000957018
-0.000558476
-0.000222522
-0.000734495
0.000515632
-0.000738154
0.00107609
-0.000560458
0.00131858
-0.000242487
0.00117894
0.000139635
0.00069472
0.000484221
0.00069472
0.000290173
-0.00053729
0.00059957
-0.000564719
0.000915559
-0.000575153
0.0012392
-0.000586679
0.0015716
-0.000599697
0.00191394
-0.000614138
0.00226694
-0.000629502
0.00263124
-0.000645634
0.00300694
-0.000661927
0.00339398
-0.000678137
0.00379175
-0.000693528
0.00419956
-0.000707973
0.0046165
-0.000721097
0.00504127
-0.000732329
0.00547236
-0.000741325
0.00590797
-0.000747575
0.00634591
-0.000750492
0.00678358
-0.000749647
0.00721814
-0.000744466
0.00764642
-0.000734478
0.00806489
-0.000719166
0.00846987
-0.000698202
0.00885748
-0.000671229
0.00922379
-0.000637996
0.00956478
-0.0005983
0.00987677
-0.000552264
0.0101559
-0.00049973
0.0103988
-0.000441356
0.0106024
-0.00037718
0.0107642
-0.00030788
0.010882
-0.000234132
0.0109546
-0.000156874
0.0109817
-7.74483e-05
0.0109602
6.91991e-06
0.0108775
0.000101893
0.0107391
0.000192586
0.0105485
0.000280802
0.0103093
0.000365497
0.0100254
0.000446034
0.00970083
0.000521684
0.00933857
0.000593152
0.0089413
0.000660313
0.00851134
0.000723126
0.00805166
0.00078071
0.00756595
0.000831986
0.00705813
0.000876428
0.0065325
0.00091344
0.00599344
0.000942646
0.00544526
0.000963969
0.00489325
0.000976204
0.00434177
0.000980175
0.00379558
0.000975377
0.00325987
0.00096123
0.00273862
0.000939116
0.0022372
0.000907316
0.0017593
0.00086808
0.00130936
0.000820092
0.000891903
0.000764169
0.000510466
0.000700731
0.000168226
0.000631311
-0.000131881
0.00055516
-0.000386913
0.000473858
-0.000595357
0.000388569
-0.00075346
0.00029783
-0.000862018
0.000205897
-0.000919835
0.000112889
-0.000924568
1.71291e-05
-0.000881373
-7.95414e-05
-0.000789692
-0.000170457
-0.000650911
-0.000257536
-0.000467837
-0.000339829
-0.000243898
-0.000415887
1.58658e-05
-0.000483914
0.000307252
-0.000543815
0.000624813
-0.000593202
0.000962301
-0.000630929
0.00131298
-0.000656185
0.00166964
-0.000668022
0.00202462
-0.000665339
0.00237048
-0.00064827
0.00269903
-0.000616138
0.00300301
-0.000569299
0.00327422
-0.000507667
0.00350543
-0.000432027
0.00369025
-0.000343824
0.0038215
-0.000243451
0.00389574
-0.000134343
0.00390745
-1.43184e-05
0.00384616
0.000125129
0.00371567
0.000258257
0.00351715
0.000388999
0.00325249
0.000515241
0.00292483
0.000635022
0.00253875
0.000745874
0.00210073
0.000844569
0.00161904
0.000927739
0.00110329
0.000992572
0.000565071
0.00103538
1.68057e-05
0.00105488
-0.000527851
0.0010479
-0.00105488
0.00101405
-0.00154975
0.000952676
-0.00199827
0.000863901
-0.00238639
0.000748845
-0.00270204
0.000610147
-0.00293461
0.000450711
-0.00307354
0.000273364
-0.00311487
8.68796e-05
-0.00304607
-0.000126248
-0.00287346
-0.000327549
-0.00260148
-0.000518079
-0.00223743
-0.000694058
-0.00179214
-0.000849791
-0.00127938
-0.000979023
-0.000717055
-0.00107491
-0.000123971
-0.00113328
0.000475483
-0.00114684
0.00105871
-0.00111567
0.00159989
-0.00103637
0.0020767
-0.000913371
0.00246551
-0.000746437
0.00274886
-0.000544474
0.00291018
-0.00031207
0.00294029
-6.31742e-05
0.00282406
0.000221266
0.00257203
0.000482794
0.00219393
0.000724126
0.00170549
0.000934268
0.00112782
0.00110445
0.000489496
0.0012208
-0.000176024
0.00127327
-0.00083285
0.00125678
-0.00144328
0.00116827
-0.00197073
0.00100963
-0.00238176
0.000786959
-0.00264857
0.00051161
-0.00275053
0.000196934
-0.00266763
-0.000159781
-0.00240553
-0.000506028
-0.00197946
-0.000820587
-0.00141046
-0.00109247
-0.000734111
-0.00129857
6.09428e-06
-0.00142258
0.000761275
-0.00144999
0.00147529
-0.00137153
0.00209447
-0.00119004
0.00256988
-0.000915036
0.00286207
-0.000563895
0.00294403
-0.000161918
0.00279477
0.000286662
0.00242994
0.000702648
0.00187555
0.0010661
0.00117397
0.00134891
0.000382844
0.0015223
-0.000429067
0.00156418
-0.00118741
0.00146328
-0.00182198
0.00122834
-0.00227325
0.000878393
-0.00249711
0.0004448
-0.00246713
-3.90962e-05
-0.00219173
-0.000516023
-0.0017055
-0.00091923
-0.00106502
-0.00121577
-0.000346973
-0.00136792
0.000360941
-0.00135093
0.000967442
-0.00116075
0.00139534
-0.00082223
0.00158755
-0.00037591
0.00151139
0.000136868
0.00118261
0.000621479
0.000648509
0.00101204
-1.29774e-05
0.00125628
-0.000708395
0.00131935
-0.00131727
0.00115573
-0.00174043
0.000801954
-0.00190327
0.000305436
-0.00175853
-0.000285457
-0.00132523
-0.000838334
-0.000661704
-0.00127712
0.000131738
-0.00152528
0.000922299
-0.00151871
0.00157299
-0.0012494
0.00196628
-0.000754821
0.00202497
-0.000113724
0.00172259
0.00058489
0.00111154
0.00117728
0.000297717
0.00156778
-0.000568079
0.00166901
-0.00131383
0.00143994
-0.00178988
0.000923369
-0.00189802
0.000217998
-0.00161278
-0.000540316
-0.000999075
-0.00117218
-0.000196873
-0.0015367
0.000605695
-0.00154072
0.00121136
-0.00116612
0.00146792
-0.00049905
0.00130647
0.000301088
0.000768264
0.00102243
0.00146298
6.67802e-05
-0.00060407
0.000144159
-0.000642097
0.000227719
-0.000658712
0.00032034
-0.0006793
0.000423836
-0.000703192
0.000541018
-0.000731319
0.000672749
-0.000761232
0.000821937
-0.000794822
0.000988583
-0.000828571
0.00117589
-0.000865443
0.00138498
-0.00090262
0.0016177
-0.000940694
0.0018733
-0.000976688
0.00215074
-0.00100977
0.00245291
-0.00104349
0.00278146
-0.00107613
0.0031352
-0.00110423
0.00351279
-0.00112724
0.0039104
-0.00114207
0.00432448
-0.00114856
0.00474984
-0.00114452
0.00518111
-0.00112948
0.0056119
-0.00110201
0.0060365
-0.0010626
0.00644719
-0.00100899
0.00683843
-0.000943497
0.00720269
-0.000863994
0.0075342
-0.00077286
0.00782514
-0.000668129
0.00806969
-0.000552429
0.00826078
-0.00042522
0.00839334
-0.000289433
0.00846241
-0.000146511
0.00847085
-1.52391e-06
0.00843778
0.000134967
0.00835381
0.000276549
0.00821706
0.000417558
0.00802703
0.000555522
0.0077844
0.000688664
0.00749056
0.00081553
0.00714902
0.000934692
0.00676403
0.0010453
0.00634098
0.00114617
0.00588513
0.00123656
0.00540138
0.00131573
0.00489501
0.00138279
0.00437105
0.0014374
0.00383478
0.00147892
0.0032915
0.00150725
0.00274603
0.00152167
0.00220372
0.00152248
0.00166991
0.00150919
0.00114904
0.0014821
0.000647088
0.00144107
0.000167808
0.0013866
-0.000283318
0.00131921
-0.000701397
0.00123817
-0.00108329
0.00114606
-0.00142461
0.00104205
-0.00172109
0.00092779
-0.0019693
0.000803373
-0.0021665
0.000671056
-0.00231074
0.000532803
-0.00240136
0.00038845
-0.00243465
0.000239189
-0.00241127
8.95101e-05
-0.00232452
-6.9618e-05
-0.0021848
-0.000219263
-0.00199171
-0.000363544
-0.00174744
-0.000501811
-0.00145481
-0.000632461
-0.00111789
-0.000752806
-0.000741604
-0.000860197
-0.000331903
-0.000953517
0.000104736
-0.00102984
0.000561586
-0.00108778
0.00103051
-0.00112511
0.00150297
-0.00114048
0.00197017
-0.00113254
0.00242275
-0.00110085
0.00285186
-0.00104524
0.003248
-0.000965444
0.00360158
-0.000861246
0.00390475
-0.000735198
0.00414828
-0.000587354
0.00432685
-0.000422015
0.00442999
-0.000237493
0.00446079
-4.51123e-05
0.00440229
0.000183626
0.00426072
0.00039983
0.00403655
0.00061317
0.00373169
0.000820102
0.00334984
0.00101687
0.00289616
0.00119955
0.0023794
0.00136133
0.00180941
0.00149773
0.00119825
0.00160373
0.000559872
0.00167377
-9.05789e-05
0.00170533
-0.000736807
0.00169413
-0.00136134
0.00163859
-0.00194688
0.00153821
-0.00247637
0.00139339
-0.00293329
0.00120577
-0.00330235
0.000979211
-0.0035713
0.000719663
-0.00372999
0.000432048
-0.00376601
0.000122904
-0.00367582
-0.00021644
-0.0034627
-0.000540673
-0.0031309
-0.000849873
-0.00268826
-0.0011367
-0.0021474
-0.00139065
-0.0015259
-0.00160052
-0.000846507
-0.00175431
-0.00013249
-0.0018473
0.000589818
-0.00186915
0.00129054
-0.00181639
0.00193994
-0.00168577
0.00251016
-0.00148359
0.00297491
-0.00121119
0.00331009
-0.000879653
0.00350015
-0.000502127
0.00352646
-8.94877e-05
0.00338368
0.000364049
0.00307894
0.000787533
0.00262317
0.0011799
0.00203313
0.00152431
0.00133679
0.00180079
0.000569218
0.00198837
-0.000232422
0.00207491
-0.0010222
0.00204656
-0.00175612
0.00190218
-0.00238921
0.00164272
-0.00288222
0.00127998
-0.00320053
0.000829916
-0.00331997
0.000316371
-0.00322082
-0.000258927
-0.00291028
-0.000816567
-0.00240236
-0.00132851
-0.00172456
-0.00177027
-0.000917722
-0.00210541
-3.33982e-05
-0.00230691
0.000867324
-0.00235071
0.00171714
-0.00222135
0.00245227
-0.00192517
0.00301502
-0.00147779
0.00335693
-0.000905806
0.00344935
-0.000254338
0.00326775
0.000468262
0.00283149
0.00113891
0.00216966
0.00172793
0.00133518
0.00218338
0.000396555
0.00246093
-0.00056407
0.0025248
-0.001456
0.00235521
-0.00219631
0.00196865
-0.00271269
0.00139478
-0.00295628
0.000688392
-0.00289333
-0.000102048
-0.00254111
-0.000868244
-0.00193783
-0.00152251
-0.00115161
-0.00200199
-0.000276811
-0.00224271
0.000578935
-0.00220667
0.0013069
-0.00188872
0.00181287
-0.0013282
0.00203294
-0.000595984
0.00192644
0.000243368
0.00151572
0.0010322
0.000854268
0.0016735
3.63815e-05
0.00207417
-0.000809688
0.00216542
-0.00155356
0.0018996
-0.0020737
0.00132209
-0.00227816
0.000509898
-0.00211571
-0.000447909
-0.00160595
-0.00134809
-0.000818416
-0.00206466
0.000126365
-0.00247006
0.00106819
-0.00246054
0.00184331
-0.00202452
0.00231069
-0.0012222
0.00237925
-0.000182276
0.00202218
0.000941953
0.00129874
0.00190073
0.000336505
0.00253002
-0.00068476
0.00269027
-0.00156056
0.00231573
-0.0021133
0.00147612
-0.00222734
0.000332037
-0.00187404
-0.000893615
-0.00113238
-0.00191385
-0.000170294
-0.00249878
0.000786918
-0.00249793
0.00150396
-0.00188317
0.00179971
-0.0007948
0.00159323
0.000507576
0.000934457
0.0016812
0.00239744
-3.49932e-05
-0.000569076
-3.66601e-05
-0.00064043
-1.20096e-05
-0.000683362
5.13392e-05
-0.000742648
0.000163899
-0.000815751
0.000339277
-0.000906696
0.000581864
-0.00100382
0.000900029
-0.00111299
0.00128915
-0.00121769
0.00174493
-0.00132122
0.00225337
-0.00141105
0.00281197
-0.00149929
0.00341918
-0.0015839
0.00407675
-0.00166734
0.00477835
-0.00174509
0.00551922
-0.001817
0.00629404
-0.00187905
0.00709425
-0.00192745
0.00791062
-0.00195845
0.00873617
-0.0019741
0.00956057
-0.00196892
0.0103727
-0.00194159
0.0111587
-0.00188805
0.011907
-0.00181087
0.0126018
-0.00170385
0.0132328
-0.00157448
0.0137831
-0.00141423
0.0142471
-0.00123688
0.0146089
-0.00102993
0.0148691
-0.000812654
0.0150228
-0.000578918
0.0150744
-0.000340998
0.0150284
-0.000100498
0.0148624
0.000164409
0.0145803
0.000417063
0.0142031
0.000653805
0.0137445
0.000876141
0.0132125
0.00108751
0.012614
0.00128716
0.0119558
0.00147378
0.0112456
0.00164485
0.0104914
0.00179956
0.00970075
0.00193678
0.00888141
0.0020559
0.00804105
0.0021561
0.00718716
0.00223668
0.00632672
0.00229785
0.00546685
0.00233879
0.00461468
0.00235942
0.0037754
0.00236095
0.00295739
0.00234049
0.0021644
0.00230218
0.00140466
0.00224184
0.000681647
0.00216408
1.91468e-07
0.00206805
-0.000632947
0.00195235
-0.00121287
0.00181809
-0.00173565
0.00166885
-0.00219808
0.00150448
-0.00259445
0.00132416
-0.00292318
0.0011321
-0.00318167
0.000929554
-0.00336674
0.00071787
-0.00347685
0.000498562
-0.0035133
0.00027564
-0.00347547
5.16797e-05
-0.00336662
-0.000178468
-0.00318625
-0.000399638
-0.00293564
-0.000614148
-0.00261871
-0.000818746
-0.00224001
-0.00101116
-0.00180602
-0.0011868
-0.00132268
-0.00134354
-0.000797858
-0.00147834
-0.000239584
-0.00158811
0.00034114
-0.0016685
0.000936412
-0.00172038
0.0015353
-0.00173937
0.00212681
-0.00172404
0.00269886
-0.00167291
0.00324075
-0.00158713
0.00374049
-0.00146519
0.00418681
-0.00130756
0.00456964
-0.00111803
0.00487842
-0.000896142
0.00510529
-0.000648882
0.00524475
-0.000376949
0.00528223
-8.25963e-05
0.00521925
0.000246612
0.0050543
0.000564775
0.00478738
0.000880087
0.00442087
0.00118662
0.00395928
0.00147846
0.00340954
0.00174929
0.00278228
0.00198859
0.00209004
0.00218997
0.00134805
0.00234572
0.000572742
0.00244908
-0.000217058
0.00249513
-0.00100088
0.00247795
-0.00175779
0.0023955
-0.00246633
0.00224675
-0.00310526
0.00203232
-0.00365596
0.00175646
-0.00409704
0.00142029
-0.00441347
0.00103609
-0.00459461
0.000613191
-0.00463392
0.000162209
-0.00451318
-0.000337179
-0.00424319
-0.000810656
-0.00382877
-0.0012643
-0.00328036
-0.0016851
-0.00261367
-0.00205735
-0.00184859
-0.00236559
-0.0010116
-0.0025913
-0.000134713
-0.00272418
0.000750429
-0.00275429
0.00160677
-0.00267273
0.00240033
-0.00247933
0.00309414
-0.0021774
0.00365871
-0.00177576
0.00406243
-0.00128337
0.00428661
-0.000726307
0.00431287
-0.000115751
0.00413406
0.000542859
0.00375741
0.00116418
0.00319458
0.00174273
0.00246826
0.00225063
0.00161409
0.00265495
0.000671482
0.00293099
-0.00031122
0.00305761
-0.00127815
0.00301349
-0.00217458
0.00279862
-0.00294741
0.00241554
-0.00354777
0.00188034
-0.00393417
0.00121631
-0.00407518
0.000457381
-0.00395396
-0.000380146
-0.00357595
-0.00119458
-0.00295637
-0.00194809
-0.00212953
-0.00259711
-0.00114645
-0.00308849
-7.20751e-05
-0.00338129
0.0010209
-0.00344368
0.00205092
-0.00325137
0.00293994
-0.0028142
0.00361788
-0.00215572
0.00402814
-0.00131607
0.00413186
-0.000358059
0.00390695
0.000693167
0.00337374
0.00167213
0.00256759
0.00253407
0.00155253
0.00319845
0.000415893
0.00359756
-0.000744018
0.00368471
-0.00181694
0.00342813
-0.00269929
0.002851
-0.00330702
0.00200251
-0.00357484
0.000956215
-0.00347303
-0.000203856
-0.00301887
-0.00132241
-0.00225793
-0.00228345
-0.00127827
-0.00298166
-0.000194254
-0.00332673
0.000857884
-0.00325881
0.00174658
-0.00277742
0.00235918
-0.0019408
0.00261256
-0.000849361
0.00246686
0.000389072
0.00194581
0.00155325
0.00111832
0.00250099
0.000101517
0.00309097
-0.000953496
0.00322044
-0.00187819
0.00282429
-0.00252573
0.00196963
-0.00278209
0.000766258
-0.00259344
-0.000636564
-0.0019782
-0.00196333
-0.00102243
-0.00302043
0.000124405
-0.00361689
0.0012678
-0.00360394
0.00220866
-0.00296537
0.00277617
-0.00178972
0.0028577
-0.000263809
0.00242606
0.00137359
0.00155035
0.00277644
0.000387195
0.00369317
-0.000843866
0.00392134
-0.00189438
0.00336625
-0.00254989
0.00213163
-0.0026711
0.000453245
-0.00222794
-0.00133677
-0.00131556
-0.00282623
-0.00013974
-0.0036746
0.00102318
-0.00366085
0.00188897
-0.00274895
0.00223769
-0.00114353
0.00197243
0.000772836
0.00115463
0.002499
0.00355207
-0.000424227
-0.000144848
-0.000801184
-0.000263472
-0.00114018
-0.00034437
-0.00142101
-0.00046181
-0.00163482
-0.000601944
-0.00176733
-0.000774184
-0.00184879
-0.000922358
-0.00187979
-0.00108198
-0.00194509
-0.00115239
-0.00199085
-0.00127547
-0.00197778
-0.00142412
-0.00185544
-0.00162164
-0.00160784
-0.0018315
-0.0012259
-0.00204927
-0.00070954
-0.00226145
-6.5016e-05
-0.00246153
0.000697017
-0.00264108
0.00156414
-0.00279457
0.00252036
-0.00291467
0.00354456
-0.00299831
0.00461163
-0.00303599
0.00570382
-0.00303377
0.00679479
-0.00297902
0.00786532
-0.00288139
0.00888454
-0.00272306
0.00983951
-0.00252946
0.0106958
-0.00227056
0.0114504
-0.00199144
0.012063
-0.0016425
0.0125272
-0.00127692
0.0128305
-0.00088215
0.0129659
-0.000476426
0.0129402
-7.48315e-05
0.0128069
0.000297755
0.012561
0.000662967
0.0122044
0.00101043
0.0117442
0.00133626
0.0111928
0.00163892
0.0105637
0.00191628
0.00986922
0.00216826
0.00912079
0.00239328
0.00832856
0.00259179
0.00750215
0.00276319
0.00665069
0.00290736
0.00578247
0.00302433
0.00490496
0.00311419
0.00402495
0.00317785
0.00315039
0.00321335
0.00228674
0.00322307
0.00144246
0.00320523
0.000619733
0.00316322
-0.000170839
0.00309275
-0.000927326
0.00299833
-0.0016416
0.00287835
-0.0023074
0.00273385
-0.00292106
0.00256601
-0.0034771
0.00237413
-0.00397042
0.00216217
-0.00439359
0.00192766
-0.00474625
0.00167682
-0.00502477
0.00141062
-0.00522565
0.00113043
-0.0053433
0.00083552
-0.00537886
0.000534126
-0.00533509
0.000231864
-0.00519517
-8.82368e-05
-0.0049779
-0.000395735
-0.00468026
-0.000697283
-0.00430496
-0.000989448
-0.00385564
-0.00126806
-0.00333777
-0.00152903
-0.00275741
-0.00176715
-0.00212278
-0.00197818
-0.00144197
-0.00215914
-0.000725496
-0.00230459
1.67234e-05
-0.00241072
0.000771572
-0.00247523
0.00152688
-0.00249468
0.00226993
-0.0024671
0.00298665
-0.00238963
0.00366369
-0.00226417
0.00428667
-0.00208817
0.00484438
-0.00186527
0.00531996
-0.00159361
0.00570751
-0.00128369
0.00598851
-0.000929876
0.00616261
-0.000551053
0.00621706
-0.000137044
0.00614931
0.000314365
0.00595734
0.000756745
0.00564179
0.00119564
0.00520452
0.00162388
0.00465137
0.00203161
0.00399309
0.00240757
0.00324054
0.00274114
0.00241009
0.00302043
0.00151882
0.00323698
0.000588237
0.00337966
-0.000359002
0.00344237
-0.00129902
0.00341797
-0.00220454
0.00330102
-0.00305315
0.00309536
-0.00381443
0.0027936
-0.00446878
0.00241081
-0.0049946
0.00194611
-0.00536666
0.00140814
-0.00557231
0.00081884
-0.0056029
0.000192798
-0.00545098
-0.000489099
-0.00511913
-0.0011425
-0.00461275
-0.00177067
-0.00394316
-0.0023547
-0.00313035
-0.00287016
-0.00220439
-0.00329156
-0.00119115
-0.00360453
-0.000129252
-0.00378609
0.000936925
-0.00382047
0.00196904
-0.00370485
0.00292419
-0.00343448
0.00375769
-0.0030109
0.00443271
-0.00245078
0.00491455
-0.00176522
0.00517428
-0.000986037
0.00520184
-0.000143308
0.00498015
0.000764552
0.00452004
0.00162429
0.00383419
0.00242858
0.0029549
0.00312992
0.00192029
0.00368956
0.000778647
0.00407263
-0.000405463
0.00424172
-0.00157043
0.00417846
-0.00264997
0.00387816
-0.00357972
0.0033453
-0.00430029
0.00260091
-0.00476112
0.00167713
-0.00492707
0.00062333
-0.00477953
-0.000527679
-0.00432289
-0.00165122
-0.00357559
-0.00269538
-0.00258003
-0.00359268
-0.00139773
-0.00427079
-0.00010587
-0.00467314
0.00120441
-0.00475396
0.00243638
-0.00448334
0.00349916
-0.00387698
0.00430619
-0.00296275
0.00478927
-0.00179915
0.00490191
-0.000470701
0.00462744
0.000967642
0.00398084
0.00231873
0.00300967
0.00350525
0.00178953
0.00441858
0.000426146
0.00496095
-0.00095684
0.0050677
-0.00222958
0.00470088
-0.00327303
0.00389445
-0.00397986
0.00270933
-0.00427754
0.0012539
-0.00412891
-0.000352483
-0.00355587
-0.00189545
-0.00261679
-0.00322253
-0.0014166
-0.00418185
-9.1173e-05
-0.00465216
0.00117396
-0.00452395
0.00224235
-0.0038458
0.00297276
-0.00267122
0.00326238
-0.00113898
0.00307225
0.000579204
0.00242552
0.00219998
0.00140757
0.00351894
0.000162487
0.00433605
-0.00112287
0.00450579
-0.00225055
0.00395198
-0.00303963
0.00275871
-0.0033551
0.00108173
-0.00313362
-0.000858042
-0.00239695
-0.0027
-0.00125096
-0.00416641
0.000125523
-0.00499338
0.00149714
-0.00497556
0.00262401
-0.00409224
0.00330165
-0.00246736
0.00339644
-0.000358594
0.0028779
0.00189213
0.00183011
0.00382423
0.000442365
0.00508092
-0.00102339
0.00538709
-0.00227096
0.00461382
-0.00304308
0.00290374
-0.00317242
0.000582584
-0.00262682
-0.00188237
-0.00152181
-0.00393124
-0.000105211
-0.0050912
0.00128884
-0.00505491
0.00232183
-0.00378194
0.00273016
-0.00155186
0.0023986
0.0011044
0.00140178
0.00349582
0.00495385
-0.00153545
0.0013906
-0.00302551
0.00122659
-0.00438422
0.00101435
-0.00552016
0.000674125
-0.00634565
0.000223554
-0.00671466
-0.00040518
-0.00668179
-0.000955226
-0.00628541
-0.00147836
-0.00578352
-0.00165428
-0.0050521
-0.00200689
-0.00420287
-0.00227335
-0.00326534
-0.00255917
-0.00223959
-0.00285725
-0.0011082
-0.00318066
0.000143795
-0.00351345
0.00152676
-0.00384449
0.00304042
-0.00415474
0.00467619
-0.00443034
0.00641328
-0.00465175
0.00823253
-0.00481756
0.0101028
-0.00490628
0.0119909
-0.00492182
0.0138433
-0.00483144
0.0156319
-0.00467003
0.0172845
-0.00437561
0.0187881
-0.00403308
0.0200334
-0.00351583
0.0210903
-0.00304836
0.0217429
-0.00229509
0.0220924
-0.00162644
0.0221019
-0.000891693
0.021848
-0.00022245
0.0213794
0.000393741
0.0207053
0.000971821
0.0198629
0.00150535
0.0188843
0.00198904
0.0177983
0.00242232
0.0166302
0.00280702
0.015402
0.00314449
0.0141319
0.0034383
0.0128362
0.003689
0.0115274
0.00390058
0.0102168
0.00407379
0.00891372
0.00421044
0.00762506
0.00431298
0.00635969
0.00437955
0.00512271
0.00441484
0.00391909
0.00441697
0.00275436
0.0043878
0.00163406
0.00432553
0.000563421
0.00423386
-0.000453503
0.00410967
-0.00141126
0.00395609
-0.0023047
0.00377179
-0.00312939
0.00355854
-0.00388069
0.00331731
-0.00455368
0.00304712
-0.00514442
0.0027529
-0.00564926
0.0024325
-0.006064
0.00209155
-0.00638327
0.00172989
-0.00660466
0.00135182
-0.00672896
0.000959827
-0.00675235
0.00055751
-0.00666918
0.000148697
-0.00649478
-0.000262641
-0.00622077
-0.000669741
-0.0058496
-0.00106845
-0.00538559
-0.00145346
-0.00483487
-0.00181878
-0.0042028
-0.00216111
-0.00349784
-0.00247211
-0.00273049
-0.00274553
-0.00190981
-0.00297982
-0.00104762
-0.00316678
-0.000158729
-0.00329961
0.000745023
-0.00337898
0.00164802
-0.00339767
0.00253349
-0.00335257
0.00338782
-0.00324396
0.0041929
-0.00306925
0.00493287
-0.00282814
0.00559375
-0.00252615
0.00615848
-0.00215834
0.00661533
-0.00174055
0.00695216
-0.0012667
0.00715202
-0.000750919
0.00722224
-0.00020726
0.00714209
0.000394513
0.00691666
0.000982171
0.00654466
0.00156764
0.00602958
0.00213896
0.00537882
0.00268238
0.00460296
0.00318343
0.00371887
0.00362522
0.00274304
0.00399626
0.00169659
0.00428344
0.000604526
0.00447172
-0.000506292
0.00455319
-0.00160773
0.00451941
-0.00266759
0.00436087
-0.00365777
0.00408555
-0.00454752
0.00368335
-0.00530659
0.00316988
-0.00591382
0.00255335
-0.00634542
0.00183974
-0.00657896
0.00105238
-0.00659884
0.000212679
-0.0064153
-0.000672643
-0.00601689
-0.00154091
-0.00541295
-0.00237462
-0.00461875
-0.0031489
-0.00365724
-0.00383168
-0.00256006
-0.00438873
-0.00136702
-0.00479757
-0.00011903
-0.00503407
0.00113931
-0.00507881
0.00235207
-0.00491761
0.0034703
-0.00455271
0.00444864
-0.00398924
0.00523356
-0.0032357
0.00579509
-0.00232674
0.00609161
-0.00128255
0.00611444
-0.000166143
0.00584826
0.00103073
0.00529997
0.00217258
0.00448931
0.00323924
0.0034517
0.00416753
0.00222999
0.00491127
0.000885188
0.00541744
-0.000508118
0.00563503
-0.00187705
0.00554739
-0.00314421
0.00514532
-0.00423349
0.00443457
-0.00507653
0.00344395
-0.00561084
0.00221145
-0.00580104
0.000813525
-0.0056254
-0.000703324
-0.0050855
-0.00219112
-0.00420608
-0.0035748
-0.00303678
-0.00476197
-0.00164993
-0.00565764
-0.000137194
-0.00618588
0.00139623
-0.00628739
0.0028373
-0.00592441
0.004078
-0.00511768
0.00501525
-0.0039
0.00557141
-0.0023553
0.00569028
-0.000589569
0.00536371
0.0012942
0.00460134
0.0030811
0.00345791
0.00464867
0.00203102
0.00584548
0.000439102
0.00655287
-0.00117936
0.00668616
-0.00266435
0.00618587
-0.00386995
0.00510005
-0.00467647
0.00351585
-0.00500082
0.00157824
-0.00480585
-0.000547447
-0.0041105
-0.00259079
-0.00298498
-0.00434805
-0.00155957
-0.00560726
-8.52855e-07
-0.00621088
0.00150318
-0.00602798
0.00275915
-0.00510177
0.0036061
-0.00351817
0.00393581
-0.00146869
0.0036949
0.000820114
0.00291453
0.00298036
0.00169999
0.00473347
0.000221361
0.00581468
-0.00130635
0.00603351
-0.00264023
0.00528586
-0.00357307
0.00369154
-0.00394737
0.00145603
-0.00369091
-0.0011145
-0.0028272
-0.00356372
-0.00148275
-0.00551086
0.000129115
-0.00660524
0.00173416
-0.00658061
0.00305161
-0.00540968
0.00384063
-0.00325638
0.00394867
-0.000466632
0.00334083
0.00249996
0.0021151
0.00504997
0.000493361
0.00670266
-0.00121398
0.00709443
-0.0026606
0.00606044
-0.00354832
0.00379146
-0.00368593
0.000720196
-0.00303454
-0.00253376
-0.00173095
-0.00523483
-6.5138e-05
-0.00675701
0.00156351
-0.00668355
0.00276703
-0.00498546
0.00323591
-0.00202074
0.00283604
0.00150427
0.00165581
0.00467605
0.00660967
-0.0029098
0.00430041
-0.00569277
0.00400955
-0.00809138
0.00341296
-0.00979616
0.0023789
-0.0104944
0.0009218
-0.00996696
-0.000932621
-0.00852014
-0.00240205
-0.0069194
-0.0030791
-0.00718027
-0.00139341
-0.0084639
-0.000723253
-0.00976139
-0.000975867
-0.0105312
-0.00178935
-0.0106153
-0.00277313
-0.0100389
-0.00375706
-0.00888834
-0.00466404
-0.00726894
-0.00546389
-0.00529756
-0.00612611
-0.0030428
-0.0066851
-0.000560914
-0.00713364
0.00207469
-0.00745317
0.00478385
-0.00761544
0.00754166
-0.00767963
0.0102594
-0.00754923
0.0128886
-0.00729913
0.0153332
-0.00682022
0.0175945
-0.00629441
0.0195508
-0.00547214
0.0212993
-0.0047969
0.0223374
-0.00333313
0.0227612
-0.00205028
0.0226291
-0.000759518
0.0221014
0.000305183
0.0212646
0.00123057
0.0202167
0.00201975
0.0190279
0.00269412
0.017745
0.00327191
0.0164051
0.00376225
0.015031
0.00418113
0.0136429
0.00453261
0.0122529
0.0048283
0.0108705
0.00507135
0.00950266
0.00526845
0.00815614
0.00542031
0.00683291
0.00553368
0.00554086
0.00560503
0.00427706
0.00564335
0.00304949
0.00564242
0.00185886
0.00560759
0.000711223
0.00553544
-0.000394194
0.00543095
-0.00144778
0.00528744
-0.00244741
0.0051093
-0.00338828
0.00489695
-0.00426526
0.00464877
-0.00507202
0.00436531
-0.0058043
0.00404959
-0.00645898
0.0037018
-0.00702428
0.00331819
-0.00750238
0.0029106
-0.00788187
0.00247105
-0.00816088
0.0020089
-0.00833619
0.00152713
-0.00840463
0.00102826
-0.00836473
0.000517618
-0.00821323
-2.81064e-06
-0.00795323
-0.000522637
-0.00758511
-0.00103787
-0.00711136
-0.0015422
-0.00653584
-0.00202898
-0.00586455
-0.00249007
-0.00510481
-0.00292085
-0.00426602
-0.0033109
-0.00335663
-0.00365491
-0.00239156
-0.00394489
-0.00138256
-0.00417578
-0.000342905
-0.00433927
0.000708803
-0.00443069
0.00175827
-0.00444714
0.00278549
-0.00437979
0.00377448
-0.00423295
0.00470489
-0.00399966
0.00555909
-0.00368234
0.00632154
-0.0032886
0.00697226
-0.00280906
0.00749386
-0.00226215
0.00788283
-0.00165567
0.00811378
-0.000981868
0.00818826
-0.000281731
0.00809744
0.000485332
0.00783914
0.00124047
0.00741184
0.00199494
0.00682076
0.00273004
0.00607498
0.00342815
0.0051862
0.00407222
0.00417213
0.0046393
0.00305461
0.00511377
0.00185791
0.00548014
0.000611068
0.00571856
-0.000655146
0.0058194
-0.0019098
0.00577407
-0.00311751
0.00556858
-0.00424371
0.00521174
-0.00525629
0.00469593
-0.00611753
0.00403111
-0.00680013
0.00323596
-0.00728419
0.0023238
-0.00754286
0.00131105
-0.0075623
0.000232118
-0.00733755
-0.000897388
-0.00687378
-0.00200468
-0.00617209
-0.00307631
-0.00525874
-0.00406225
-0.00415402
-0.00493639
-0.00289623
-0.00564653
-0.00152806
-0.00616574
-9.68888e-05
-0.00646524
0.00134184
-0.00651754
0.00272528
-0.00630105
0.00400178
-0.0058292
0.00511441
-0.00510187
0.00600846
-0.00412975
0.0066426
-0.00296088
0.00697736
-0.00161731
0.00699106
-0.000179841
0.00667973
0.00134206
0.00604725
0.00280506
0.00511471
0.00417178
0.00392048
0.00536175
0.00251914
0.00631261
0.000984341
0.00695224
-0.000610964
0.00723034
-0.00217619
0.00711261
-0.00362276
0.00659189
-0.00486438
0.00567619
-0.0058213
0.00440087
-0.00642853
0.00281869
-0.00664117
0.00102617
-0.00643671
-0.00090778
-0.00581578
-0.00281205
-0.00480562
-0.00458496
-0.00346758
-0.00610002
-0.00188388
-0.00724134
-0.00015811
-0.00791165
0.00158751
-0.008033
0.00322715
-0.00756406
0.0046344
-0.00652493
0.00569579
-0.00496139
0.00632126
-0.00298078
0.00644889
-0.000717204
0.00606724
0.00167585
0.00518843
0.00395992
0.00388119
0.00595591
0.00224611
0.00748056
0.000426937
0.00837204
-0.00140713
0.00852022
-0.003085
0.00786374
-0.00444688
0.00646193
-0.00535073
0.00441971
-0.00569776
0.00192526
-0.00545155
-0.000793656
-0.00463325
-0.00340909
-0.0033303
-0.005651
-0.0016872
-0.00725036
0.000105696
-0.00800377
0.00182584
-0.00774813
0.00326123
-0.00653715
0.00422435
-0.00448129
0.00458322
-0.00182757
0.00429267
0.00111067
0.0033814
0.00389163
0.001974
0.00614087
0.000269213
0.00751947
-0.00148651
0.00778923
-0.00302038
0.00681973
-0.00409001
0.00476117
-0.00451852
0.00188454
-0.00422577
-0.00140725
-0.0032383
-0.00455119
-0.00170369
-0.00704547
0.000134595
-0.00844353
0.0019623
-0.00840831
0.00346066
-0.00690804
0.00435714
-0.00415286
0.00447585
-0.000585349
0.00377876
0.00319706
0.00238157
0.00644715
0.00054015
0.00854408
-0.00139555
0.00903013
-0.00303361
0.0076985
-0.0040339
0.00479175
-0.00417522
0.00086152
-0.00342145
-0.00328753
-0.00192814
-0.00672814
-2.34728e-05
-0.00866168
0.00182854
-0.00853556
0.00319508
-0.006352
0.00372115
-0.00254681
0.00325501
0.0019704
0.00189839
0.00603267
0.00850806
-0.00760452
0.0119049
-0.0150641
0.0114691
-0.0216352
0.00998407
-0.0265244
0.00726808
-0.0290099
0.00340736
-0.0286715
-0.00127108
-0.0258857
-0.0051878
-0.0215231
-0.00744171
-0.0194407
-0.00347585
-0.0178076
-0.00235633
-0.0168128
-0.00197062
-0.0159354
-0.00266675
-0.0149011
-0.00380744
-0.0134802
-0.00517801
-0.0115753
-0.00656892
-0.00915545
-0.00788372
-0.00622314
-0.00905842
-0.00285827
-0.01005
0.000853077
-0.010845
0.00480324
-0.0114033
0.00892204
-0.0117342
0.0131746
-0.0119322
0.017443
-0.0118176
0.0216822
-0.0115383
0.0256994
-0.0108374
0.0295328
-0.0101279
0.0325345
-0.00847377
0.0354361
-0.00769855
0.0358299
-0.00372689
0.0351004
-0.00132078
0.0334824
0.000858406
0.0315162
0.00227141
0.0293323
0.00341445
0.0270581
0.00429393
0.0247656
0.00498663
0.0224981
0.00553942
0.0202944
0.005966
0.0181688
0.00630667
0.0161354
0.00656603
0.0141911
0.0067726
0.0123359
0.00692656
0.0105703
0.00703402
0.00887992
0.00711071
0.00726411
0.00714949
0.00571906
0.00715008
0.00423751
0.0071249
0.00282058
0.00705935
0.00146368
0.00696449
0.000171321
0.0068278
-0.00106106
0.00666333
-0.00223094
0.00645732
-0.00333427
0.00621263
-0.00436554
0.00592823
-0.00532147
0.0056047
-0.00619669
0.00524053
-0.00698737
0.00484027
-0.00768415
0.00439859
-0.00828781
0.00392185
-0.00878561
0.0034084
-0.00917941
0.00286485
-0.00946182
0.00229131
-0.00962843
0.00169374
-0.00967599
0.00107582
-0.00960248
0.000444113
-0.00940921
-0.000196083
-0.00909381
-0.000838032
-0.0086592
-0.00147248
-0.00810804
-0.00209337
-0.00744536
-0.00269166
-0.00667769
-0.00325774
-0.00581294
-0.00378559
-0.00486144
-0.0042624
-0.0038355
-0.00468085
-0.0027447
-0.00503569
-0.00160734
-0.00531313
-0.000441543
-0.00550507
0.000740804
-0.00561304
0.00191457
-0.0056209
0.00306431
-0.00552954
0.00416941
-0.00533804
0.00520798
-0.00503823
0.00616072
-0.00463509
0.00700952
-0.00413739
0.00773304
-0.00353258
0.00831434
-0.00284345
0.00874163
-0.00208296
0.00899748
-0.00123772
0.00907529
-0.000359544
0.00897037
0.000590252
0.0086785
0.00153234
0.00819896
0.00247448
0.00753672
0.00339228
0.00670268
0.0042622
0.00571098
0.00506392
0.00458132
0.00576895
0.00333612
0.00635897
0.00200272
0.00681353
0.000616197
0.00710509
-0.000794453
0.00723005
-0.00218891
0.00716853
-0.00352983
0.0069095
-0.00477678
0.00645869
-0.00589834
0.00581749
-0.00685133
0.00498411
-0.00760332
0.00398794
-0.00812854
0.00284902
-0.00841018
0.0015927
-0.00842511
0.000247047
-0.00816975
-0.00115275
-0.00764373
-0.0025307
-0.00685691
-0.00386312
-0.00582819
-0.00509097
-0.00459274
-0.00617185
-0.00318702
-0.00705224
-0.00165768
-0.00769508
-6.8883e-05
-0.00805404
0.00152902
-0.00811544
0.00306955
-0.00784158
0.00448976
-0.00724942
0.00572002
-0.00633213
0.00671246
-0.00512218
0.00740779
-0.00365622
0.00777644
-0.00198596
0.00778007
-0.000183476
0.00742864
0.0016935
0.00671686
0.00351683
0.00567165
0.005217
0.00433646
0.00669694
0.00277403
0.00787504
0.00106499
0.00866128
-0.000710721
0.00900604
-0.00245275
0.00885464
-0.00405978
0.00819892
-0.00543664
0.00705305
-0.00649574
0.00545996
-0.00716647
0.00348942
-0.00739521
0.00125491
-0.00716291
-0.00114008
-0.00646762
-0.00350734
-0.00533976
-0.00571282
-0.00384981
-0.00758998
-0.00208731
-0.00900383
-0.000171161
-0.0098278
0.00176618
-0.00997035
0.0035791
-0.00937697
0.00513365
-0.00807949
0.00630639
-0.00613412
0.00699137
-0.00366575
0.00712508
-0.000850917
0.00669163
0.0021093
0.00570979
0.00494176
0.00424912
0.00741658
0.00243614
0.00929354
0.000421805
0.0103864
-0.00161646
0.0105585
-0.003475
0.00972229
-0.00497341
0.00796034
-0.00595944
0.00540573
-0.00632613
0.00229195
-0.00603282
-0.00108696
-0.00510192
-0.00433999
-0.00363095
-0.00712197
-0.00178876
-0.00909255
0.0002137
-0.0100062
0.00213093
-0.00966536
0.00372256
-0.00812878
0.00478714
-0.00554587
0.00517307
-0.0022135
0.00483321
0.00145053
0.00380137
0.00492348
0.00221773
0.0077245
0.00030664
0.00943056
-0.00165591
0.00975177
-0.00336686
0.00853069
-0.00455949
0.0059538
-0.00503584
0.00236089
-0.00470816
-0.00173492
-0.00360707
-0.00565228
-0.00189961
-0.00875293
0.000140552
-0.0104837
0.00216879
-0.0104366
0.00382888
-0.00856813
0.00481842
-0.00514239
0.00494515
-0.000712087
0.00416923
0.00397298
0.00261771
0.00799868
0.000576327
0.0105855
-0.00156475
0.0111712
-0.00337005
0.00950379
-0.00446602
0.00588773
-0.00461249
0.00100799
-0.00376497
-0.00413505
-0.00210096
-0.00839214
7.98093e-06
-0.0107706
0.00206808
-0.0105957
0.00358061
-0.00786453
0.00415734
-0.00312354
0.00363147
0.00249627
0.00211687
0.00754727
0.0106249
-0.0117199
0.0236248
-0.0231311
0.0228803
-0.0331284
0.0199813
-0.0405794
0.0147191
-0.0445975
0.00742552
-0.0449956
-0.000872998
-0.0409141
-0.00926936
-0.0346696
-0.0136861
-0.0331403
-0.00500524
-0.0343478
-0.0011488
-0.0363357
1.73177e-05
-0.03681
-0.00219248
-0.0357103
-0.00490718
-0.0331135
-0.00777474
-0.0293048
-0.0103776
-0.024565
-0.0126236
-0.0191556
-0.0144678
-0.0132878
-0.0159177
-0.0071446
-0.0169882
-0.000867021
-0.0176809
0.00546815
-0.0180694
0.0117207
-0.0181848
0.0177257
-0.0178226
0.023409
-0.0172216
0.028598
-0.0160264
0.0337061
-0.0152359
0.038601
-0.0133688
0.0430597
-0.0121572
0.044558
-0.00522518
0.042747
0.000490212
0.0390654
0.00454001
0.034692
0.00664489
0.030513
0.00759343
0.0267625
0.00804444
0.0235081
0.00824094
0.0206455
0.00840209
0.0181177
0.00849381
0.0158412
0.00858317
0.0137701
0.00863707
0.0118601
0.00868264
0.010084
0.00870266
0.00841086
0.00870716
0.00683013
0.00869144
0.00532194
0.00865768
0.00387736
0.00859465
0.0024947
0.00850756
0.00115722
0.00839683
-0.000124679
0.00824639
-0.00136019
0.00806331
-0.00254383
0.00784697
-0.00367334
0.00758683
-0.00474397
0.00728326
-0.00575071
0.00693497
-0.00668393
0.00653791
-0.00754101
0.0060976
-0.00831722
0.00561648
-0.0089986
0.00507996
-0.00958433
0.00450758
-0.0100653
0.00388939
-0.0104363
0.00323584
-0.0106913
0.00254626
-0.0108255
0.00182803
-0.0108359
0.00108622
-0.0107191
0.000327303
-0.0104732
-0.000441976
-0.0100999
-0.0012114
-0.00959907
-0.00197329
-0.00897429
-0.00271814
-0.00823099
-0.00343497
-0.00737519
-0.00411354
-0.00641561
-0.00474518
-0.00536366
-0.00531434
-0.00423305
-0.00581147
-0.00303803
-0.00623072
-0.00179288
-0.00655827
-0.000514912
-0.00678304
0.000774155
-0.00690211
0.00205642
-0.00690317
0.00330998
-0.0067831
0.00451314
-0.00654119
0.00564314
-0.00616823
0.00667859
-0.00567054
0.00759911
-0.0050579
0.00838281
-0.00431628
0.0090127
-0.00347334
0.0094726
-0.00254286
0.00974791
-0.00151303
0.00982565
-0.000437278
0.00970772
0.000708179
0.00938434
0.00185572
0.00885967
0.00299915
0.00813607
0.00411588
0.00722633
0.00517195
0.00614602
0.00614422
0.00491603
0.00699894
0.0035624
0.00771261
0.00211407
0.00826186
0.000607699
0.00861146
-0.000923048
0.0087608
-0.00243344
0.00867892
-0.00388641
0.00836247
-0.00523694
0.00780922
-0.00644674
0.0070273
-0.00747658
0.00601394
-0.00828891
0.00480028
-0.00885112
0.00341122
-0.00914176
0.00188334
-0.00915087
0.000256159
-0.00886608
-0.00143755
-0.00828386
-0.00311291
-0.0074244
-0.00472258
-0.0063036
-0.00621178
-0.00495773
-0.00751771
-0.0034288
-0.00858117
-0.00176684
-0.00935704
-3.70659e-05
-0.00978382
0.00169818
-0.00985069
0.00336897
-0.00951237
0.0049049
-0.00878535
0.0062371
-0.00766433
0.00730792
-0.006193
0.00805584
-0.00440414
0.00844657
-0.00237669
0.00844669
-0.000183598
0.00805669
0.0020835
0.0072768
0.00429673
0.00613509
0.0063587
0.00467909
0.00815294
0.00298477
0.00956936
0.00112591
0.0105201
-0.000801222
0.0109332
-0.00269115
0.0107446
-0.00443203
0.0099398
-0.00592241
0.00854344
-0.00706659
0.00660414
-0.00779071
0.00421355
-0.00803252
0.00149671
-0.00777485
-0.00139775
-0.00701447
-0.00426771
-0.00578489
-0.0069424
-0.00416515
-0.00920972
-0.00225284
-0.0109161
-0.000177197
-0.0119034
0.00191888
-0.0120664
0.00388002
-0.0113381
0.00555694
-0.00975641
0.00682024
-0.00739742
0.00755542
-0.00440093
0.00769228
-0.000987774
0.00721361
0.00258797
0.00613705
0.00601832
0.00454936
0.00900427
0.00257706
0.0112658
0.000395235
0.0125682
-0.00180468
0.0127584
-0.0038092
0.0117268
-0.00542163
0.00957278
-0.00647478
0.00645887
-0.00685625
0.00267343
-0.00651774
-0.00142548
-0.00548778
-0.00536995
-0.00387784
-0.00873191
-0.00186491
-0.0111055
0.00031592
-0.0121871
0.00239861
-0.011748
0.00412458
-0.00985476
0.00526894
-0.00669022
0.00567747
-0.00262203
0.00529203
0.00183597
0.00415348
0.00606203
0.00241849
0.00945948
0.000333744
0.0115153
-0.00180357
0.0118891
-0.0036627
0.0103898
-0.00495812
0.00724923
-0.00547342
0.00287618
-0.0051147
-0.00209364
-0.00391648
-0.0068505
-0.00206238
-0.010607
0.000147802
-0.0126939
0.00234247
-0.0126312
0.00413757
-0.0103632
0.00520458
-0.00620941
0.00533624
-0.00084374
0.00449129
0.00481792
0.0028096
0.00968037
0.000602401
0.0127927
-0.00170689
0.0134805
-0.00365296
0.0114499
-0.00482978
0.00706455
-0.00497587
0.00115408
-0.00404907
-0.00506185
-0.00224144
-0.0101998
4.27114e-05
-0.0130548
0.00227367
-0.0128266
0.00390736
-0.00949822
0.00452532
-0.00374151
0.00394813
0.00307346
0.00229981
0.00919559
0.0129247
-0.0145296
0.0381544
-0.0297223
0.038073
-0.0458242
0.0360832
-0.0631505
0.0320454
-0.0814901
0.0257652
-0.100178
0.0178145
-0.118383
0.00893595
-0.132393
0.000324362
-0.121266
-0.0161324
-0.10857
-0.0138449
-0.0948544
-0.0136984
-0.0817284
-0.0153185
-0.0693532
-0.0172823
-0.0578387
-0.0192893
-0.047119
-0.0210973
-0.0370772
-0.0226654
-0.0275643
-0.0239807
-0.0184212
-0.0250607
-0.00950047
-0.025909
-0.000650413
-0.026531
0.00825437
-0.0269742
0.0173097
-0.0272401
0.026729
-0.0272418
0.0366167
-0.0271093
0.047329
-0.0267387
0.0588355
-0.0267424
0.0720362
-0.0265695
0.067157
-0.007278
0.0594742
0.00245761
0.0508231
0.00914131
0.0434719
0.0118912
0.0368782
0.0132385
0.0315971
0.0128746
0.0271213
0.0125202
0.0233811
0.0119811
0.0201413
0.0116419
0.0173716
0.0112635
0.0149472
0.0110077
0.0128048
0.0107795
0.0108711
0.0106164
0.0091004
0.0104733
0.00745141
0.0103562
0.00589319
0.0102497
0.00441119
0.0101397
0.00298839
0.0100175
0.00161503
0.00988092
0.000291914
0.00971994
-0.000991947
0.00953025
-0.00223095
0.00930232
-0.00341721
0.00903323
-0.00454947
0.0087191
-0.00562488
0.00835866
-0.00663693
0.00794703
-0.00758107
0.00748205
-0.00844704
0.00696358
-0.00922485
0.00639429
-0.0099122
0.00576731
-0.0104977
0.00509309
-0.0109757
0.00436741
-0.0113392
0.00359934
-0.0115817
0.00278869
-0.0116981
0.00194445
-0.0116838
0.00107196
-0.0115361
0.000179602
-0.0112539
-0.000724223
-0.0108369
-0.00162838
-0.0102862
-0.00252393
-0.00960536
-0.00339903
-0.00880052
-0.0042398
-0.00787904
-0.00503502
-0.00684963
-0.00577459
-0.00572357
-0.0064404
-0.00451418
-0.00702086
-0.00323617
-0.00750873
-0.00190614
-0.0078883
-0.000544848
-0.00814433
0.000827708
-0.00827466
0.00219203
-0.0082675
0.00352506
-0.00811612
0.00480053
-0.00781666
0.00599975
-0.00736746
0.0070977
-0.00676848
0.00807141
-0.00603162
0.0089003
-0.00514517
0.00956563
-0.00413867
0.0100486
-0.0030258
0.0103366
-0.0018011
0.0104128
-0.000513439
0.0102834
0.00083754
0.00993515
0.00220402
0.00937082
0.00356348
0.00859749
0.0048892
0.00762645
0.00614299
0.00647566
0.00729501
0.00516685
0.00830776
0.00372751
0.00915195
0.00218992
0.00979945
0.000590709
0.0102107
-0.00103251
0.010384
-0.0026347
0.0102811
-0.00417407
0.00990184
-0.00560436
0.00923951
-0.00687816
0.0083011
-0.00796655
0.00710233
-0.00882246
0.00565619
-0.00941547
0.00400423
-0.00971746
0.00218533
-0.0097153
0.000254003
-0.00940626
-0.0017466
-0.00878343
-0.00373574
-0.00786199
-0.00564402
-0.00666573
-0.00740804
-0.00522799
-0.00895546
-0.0036058
-0.0102034
-0.00184148
-0.0111214
-3.54241e-06
-0.0116218
0.00183588
-0.0116901
0.00360962
-0.0112861
0.00523243
-0.0104082
0.00664329
-0.00907519
0.00777328
-0.007323
0.00856094
-0.0051918
0.00897023
-0.00278598
0.00896237
-0.000175738
0.00854133
0.00250454
0.00770539
0.00513267
0.00648598
0.00757811
0.00493957
0.00969935
0.00313778
0.0113711
0.00116284
0.0124951
-0.000882641
0.0129786
-0.00288337
0.0127453
-0.00472773
0.0117842
-0.00630498
0.0101207
-0.00751314
0.0078123
-0.00827636
0.00497676
-0.00852738
0.00174773
-0.00824685
-0.00167828
-0.00743276
-0.0050818
-0.006126
-0.00824916
-0.00440441
-0.0109313
-0.00237683
-0.0129437
-0.000176627
-0.0141036
0.00204024
-0.0142833
0.00411443
-0.0134123
0.00588753
-0.0115295
0.00721449
-0.00872438
0.0079873
-0.00517375
0.00812549
-0.00112596
0.00760737
0.0031061
0.00646188
0.00716381
0.00477419
0.010692
0.0026796
0.0133604
0.000363819
0.014884
-0.00196003
0.0150823
-0.00407623
0.013843
-0.00577558
0.0112721
-0.00688182
0.00756511
-0.0072672
0.00305881
-0.00689243
-0.00180025
-0.00578134
-0.00648103
-0.00405497
-0.0104583
-0.00190925
-0.0132512
0.000408904
-0.0145052
0.00262002
-0.0139592
0.00444716
-0.0116819
0.00565485
-0.00789791
0.00607726
-0.00304445
0.00565238
0.00226086
0.00442811
0.00728629
0.00257222
0.0113154
0.000349011
0.0137385
-0.00192155
0.0141596
-0.00389666
0.0123649
-0.00527138
0.00862395
-0.00581619
0.00342099
-0.00543119
-0.00247865
-0.00415574
-0.00812594
-0.00218665
-0.0125761
0.000154054
-0.0150346
0.00247693
-0.0149541
0.00437535
-0.0122616
0.0055019
-0.00733596
0.00563495
-0.000976789
0.00473625
0.00571663
0.00295253
0.0114641
0.000616216
0.015129
-0.00182095
0.0159177
-0.00387192
0.0135008
-0.00510749
0.00830012
-0.00525335
0.00129993
-0.00426323
-0.00605197
-0.0023435
-0.0121195
7.59004e-05
-0.0154742
0.00243677
-0.0151875
0.00416265
-0.0112241
0.00481119
-0.00439004
0.00419352
0.00369113
0.00244175
0.0109474
0.0153665
-0.0143479
0.0525023
-0.0301382
0.0538633
-0.048592
0.054537
-0.0708971
0.0543505
-0.0976953
0.0525633
-0.129217
0.0493365
-0.164794
0.0445124
-0.201593
0.0371238
-0.183336
-0.162388
-0.140891
-0.120607
-0.101868
-0.0847197
-0.0689543
-0.0543271
-0.0405831
-0.0274795
-0.0147797
-0.00225246
0.0102859
0.0230174
0.0362139
0.0500119
0.0646594
0.0797821
0.0955664
0.0752647
0.0130237
0.0580644
0.019658
0.0451711
0.0220346
0.0358566
0.0212057
0.0289546
0.0201405
0.0239297
0.0178995
0.0200963
0.0163536
0.0172102
0.0148671
0.0149075
0.0139446
0.0129803
0.0131907
0.0112749
0.012713
0.00972176
0.0123326
0.0082582
0.0120799
0.00685896
0.0118726
0.0055122
0.0117029
0.00420203
0.0115598
0.00291488
0.0114268
0.0016533
0.011279
0.000413236
0.011121
-0.00080439
0.0109376
-0.00200092
0.0107268
-0.00316462
0.010466
-0.00429541
0.010164
-0.0053861
0.00980979
-0.00642779
0.00940035
-0.0074152
0.00893444
-0.00833687
0.00840372
-0.00918401
0.00781072
-0.00994787
0.00715815
-0.0106203
0.00643977
-0.0111929
0.00566562
-0.0116565
0.00483101
-0.0120044
0.00394723
-0.0122295
0.00301379
-0.0123258
0.00204079
-0.0122888
0.00103493
-0.0121149
5.76745e-06
-0.011803
-0.00103611
-0.0113523
-0.00207913
-0.0107642
-0.00311198
-0.0100426
-0.00412071
-0.00919287
-0.00508948
-0.00822256
-0.00600534
-0.00714105
-0.0068561
-0.00596049
-0.00762096
-0.00469424
-0.00828711
-0.00335856
-0.00884441
-0.0019716
-0.00927526
-0.000553014
-0.00956292
0.000877709
-0.00970539
0.00229813
-0.00968792
0.00368531
-0.0095033
0.00501193
-0.00914329
0.00625812
-0.00861364
0.00739761
-0.00790797
0.00840717
-0.00704118
0.00926597
-0.00600396
0.00995375
-0.00482646
0.0104504
-0.00352246
0.0107446
-0.0020953
0.0108211
-0.000589889
0.0106789
0.000979748
0.0103099
0.002573
0.00971538
0.00415797
0.00890818
0.00569641
0.00789399
0.00715718
0.00669269
0.0084963
0.00532786
0.00967258
0.00382811
0.0106517
0.00222885
0.0113987
0.000562714
0.0118768
-0.00112304
0.0120698
-0.00278678
0.0119448
-0.00438286
0.0114979
-0.00586673
0.0107234
-0.00718917
0.00962355
-0.00831252
0.00822568
-0.0091959
0.00653957
-0.00980565
0.00461398
-0.0101172
0.00249684
-0.0101076
0.000244446
-0.00977496
-0.00207924
-0.00912232
-0.00438838
-0.00815474
-0.0066116
-0.00690902
-0.00865376
-0.00541229
-0.0104522
-0.00372011
-0.0118955
-0.00188369
-0.0129578
2.94618e-05
-0.0135349
0.00194048
-0.0136011
0.00378134
-0.013127
0.00546809
-0.0120949
0.00693161
-0.0105387
0.00809792
-0.0084893
0.00891308
-0.00600697
0.00933001
-0.00320291
0.00931672
-0.000162441
0.00887009
0.00295117
0.00799416
0.0060086
0.00672345
0.00884882
0.00511333
0.0113095
0.00323335
0.0132511
0.00117464
0.0145538
-0.000947962
0.0151013
-0.0030233
0.0148206
-0.00493722
0.0136981
-0.00657344
0.0117569
-0.00782537
0.00906423
-0.00861376
0.00576515
-0.00887021
0.00200418
-0.00857204
-0.00197645
-0.00771883
-0.00593501
-0.00635733
-0.00961065
-0.00456262
-0.012726
-0.00245493
-0.0150514
-0.00016958
-0.016389
0.00212812
-0.016581
0.0042769
-0.0155611
0.00611394
-0.0133665
0.00748506
-0.0100955
0.00827898
-0.00596767
0.00841573
-0.00126271
0.00786947
0.00365236
0.00667275
0.00836052
0.00491064
0.0124541
0.00273865
0.0155324
0.000331992
0.0172906
-0.0020778
0.017492
-0.00426988
0.0160351
-0.00602624
0.0130285
-0.00716281
0.00870167
-0.00755178
0.00344779
-0.00714445
-0.00220758
-0.00597523
-0.00765026
-0.00416666
-0.0122669
-0.00192753
-0.0154903
0.000488158
-0.0169209
0.00278611
-0.0162571
0.00468469
-0.0135805
0.0059338
-0.00914703
0.00636276
-0.0034734
0.00590742
0.00271619
0.00461878
0.00857494
0.00267529
0.0132589
0.000355114
0.0160587
-0.0020076
0.0165224
-0.0040624
0.0144197
-0.00549075
0.0100523
-0.00605414
0.00398439
-0.00564932
-0.00288347
-0.00431942
-0.00945584
-0.00227023
-0.0146253
0.000159441
-0.0174643
0.00256913
-0.0173638
0.00453625
-0.0142288
0.00570167
-0.00850139
0.00583504
-0.00111015
0.00489792
0.00665374
0.00304377
0.0133182
0.000620983
0.0175518
-0.00190099
0.0184396
-0.00402216
0.015622
-0.00529596
0.00957392
-0.00543881
0.00144278
-0.00440357
-0.0070872
-0.00240601
-0.0141171
0.000105133
-0.0179853
0.00255383
-0.0176362
0.00434123
-0.0130115
0.00500925
-0.00505807
0.00436255
0.00433783
0.00253908
0.0127708
0.0179056
-0.00118225
0.0536846
-0.00194491
0.054626
-0.00206542
0.0546575
-0.00133716
0.0536223
-0.000280388
0.0515066
0.00100398
0.0480521
0.00175154
0.0437648
0.0388753
-0.000588854
0.0136126
0.00179567
0.0172734
0.00590245
0.0179278
0.00886425
0.0182439
0.0111622
0.0178426
0.0120292
0.0170326
0.0120764
0.0163064
0.0115167
0.0154269
0.0106877
0.0147736
0.00969127
0.0141872
0.00864054
0.0137637
0.00754685
0.0134263
0.00645033
0.0131764
0.00534013
0.0129828
0.00421813
0.0128249
0.00308136
0.0126966
0.0019388
0.0125694
0.000785105
0.0124327
-0.000368527
0.0122746
-0.00151732
0.0120864
-0.00265112
0.0118606
-0.00376939
0.0115843
-0.00486265
0.0112573
-0.00592176
0.0108689
-0.00693896
0.0104176
-0.00790193
0.00989741
-0.00880441
0.0093062
-0.00963616
0.00864247
-0.0103869
0.0079089
-0.0110467
0.00709956
-0.0116066
0.0062255
-0.0120582
0.00528259
-0.0123933
0.00428237
-0.0126048
0.00322526
-0.0126864
0.00212242
-0.0126331
0.000981604
-0.0124414
-0.000185912
-0.0121095
-0.001368
-0.0116367
-0.00255189
-0.011025
-0.00372375
-0.0102774
-0.00486831
-0.00939979
-0.00596707
-0.00840042
-0.00700471
-0.00728892
-0.0079676
-0.00607687
-0.008833
-0.00478006
-0.00958392
-0.00341219
-0.0102123
-0.00199246
-0.010695
-0.000540328
-0.011015
0.000923187
-0.0111689
0.00237457
-0.0111393
0.00378936
-0.0109181
0.00514372
-0.0104977
0.00641458
-0.00988451
0.00757608
-0.00906947
0.00860372
-0.00806882
0.00947693
-0.00687717
0.0101749
-0.00552443
0.0106759
-0.00402347
0.0109708
-0.00239024
0.0110463
-0.000665331
0.0108949
0.00113113
0.0105123
0.00295564
0.00990102
0.00476921
0.00906666
0.00653077
0.00802906
0.00819478
0.00679856
0.0097268
0.00540188
0.0110693
0.00386753
0.0121861
0.00222852
0.0130377
0.000530571
0.0135748
-0.00119055
0.0137909
-0.00288886
0.0136431
-0.00451445
0.0131235
-0.00602685
0.0122358
-0.00737556
0.0109723
-0.00851529
0.00936542
-0.00941323
0.0074375
-0.0100311
0.00523184
-0.0103421
0.00280786
-0.0103279
0.000230236
-0.00997997
-0.00242716
-0.00930588
-0.00506247
-0.00831293
-0.00760455
-0.00703521
-0.00993148
-0.00550315
-0.0119842
-0.00376771
-0.013631
-0.00189523
-0.0148303
5.97166e-05
-0.0154899
0.002011
-0.0155524
0.00388542
-0.0150014
0.00560691
-0.0138164
0.0070965
-0.0120283
0.00828301
-0.00967581
0.00911073
-0.00683468
0.00953146
-0.00362364
0.00951376
-0.000144745
0.00904923
0.00341571
0.00814931
0.00690852
0.00684624
0.0101519
0.00519795
0.0129578
0.0032753
0.0151738
0.00117195
0.0166572
-0.000993539
0.0172667
-0.00311139
0.0169385
-0.00506244
0.0156491
-0.00672791
0.0134224
-0.00800321
0.0103395
-0.0088017
0.00656364
-0.00905972
0.00226221
-0.00874864
-0.00228753
-0.00787061
-0.00681305
-0.00647881
-0.0110024
-0.0046439
-0.0145609
-0.00249038
-0.0172049
-0.000159507
-0.0187199
0.00217998
-0.0189205
0.00436749
-0.0177486
0.00623648
-0.0152355
0.00763145
-0.0114905
0.00843217
-0.00676839
0.00856486
-0.0013954
0.00800128
0.00421594
0.00677153
0.00959028
0.00497108
0.0142545
0.00275151
0.017752
0.00030601
0.0197361
-0.0021564
0.0199545
-0.00438735
0.018266
-0.0061724
0.0148135
-0.00732275
0.00985202
-0.00770853
0.00383357
-0.00727872
-0.00263739
-0.00606987
-0.00885911
-0.00421251
-0.0141242
-0.00191308
-0.0177898
0.000552508
-0.0193865
0.00289973
-0.0186043
0.00483517
-0.0155159
0.00610503
-0.0104169
0.006534
-0.00390237
0.00605658
0.00319361
0.00472717
0.00990435
0.00272958
0.0152564
0.000352954
0.0184353
-0.00205987
0.0189352
-0.00415869
0.0165185
-0.00561595
0.0115096
-0.00618891
0.00455734
-0.00577093
-0.00330145
-0.00440857
-0.0108182
-0.00231318
-0.0167207
0.000163683
-0.0199411
0.00261856
-0.0198187
0.00462191
-0.0162321
0.00580576
-0.00968524
0.00593809
-0.00124249
0.0049783
0.00761353
0.00308513
0.0152114
0.000615534
0.0200214
-0.00194779
0.021003
-0.00410391
0.0177781
-0.00539537
0.0108654
-0.00553313
0.00158055
-0.00447116
-0.00814918
-0.00243023
-0.016158
0.000129514
-0.0205451
0.00262445
-0.0201311
0.00444317
-0.0148302
0.00511971
-0.00573461
0.00445572
0.00500183
0.00259249
0.0146341
0.0204981
0.000896349
0.0527882
0.00184421
0.0536781
0.00263824
0.0538635
0.00316443
0.0530961
0.00304408
0.0516269
0.00254015
0.048556
0.00128746
0.0450175
0.0401628
0.0012359
0.0123767
0.00259361
0.0159157
0.00411371
0.0164077
0.00524335
0.0171143
0.00636275
0.0167232
0.00708535
0.01631
0.00754082
0.0158509
0.00761962
0.0153481
0.00741789
0.0149753
0.00699057
0.0146145
0.00639755
0.0143567
0.00568883
0.014135
0.00487872
0.0139866
0.00400726
0.0138542
0.00307671
0.0137555
0.00210586
0.0136675
0.00109318
0.0135821
5.93504e-05
0.0134666
-0.000997634
0.0133316
-0.00206508
0.0131538
-0.00313329
0.0129288
-0.00419735
0.0126484
-0.00524334
0.0123033
-0.0062637
0.0118893
-0.0072459
0.0113997
-0.00818084
0.0108324
-0.00905827
0.0101836
-0.00986764
0.00945184
-0.0105981
0.00863939
-0.0112405
0.00774194
-0.011785
0.00676997
-0.0122222
0.00571987
-0.0125443
0.00460438
-0.0127429
0.00342386
-0.0128122
0.00219181
-0.0127472
0.000916607
-0.0125439
-0.000389302
-0.0122
-0.00171182
-0.0117156
-0.0030363
-0.0110914
-0.004348
-0.0103333
-0.00562635
-0.00944472
-0.00685569
-0.0084344
-0.00801502
-0.00731185
-0.00909015
-0.00608969
-0.0100552
-0.00478164
-0.010892
-0.00340406
-0.0115899
-0.00197448
-0.0121246
-0.000514215
-0.0124753
0.000956187
-0.0126393
0.00241425
-0.0125974
0.00383511
-0.0123389
0.00519538
-0.0118579
0.00647019
-0.0111593
0.00763485
-0.0102341
0.00866325
-0.00909723
0.0095371
-0.00775102
0.0102345
-0.00622186
0.0107342
-0.00452317
0.0110264
-0.00268239
0.0110971
-0.000736015
0.0109391
0.00128911
0.0105494
0.00334533
0.00993045
0.00538815
0.00908862
0.0073726
0.0080366
0.00924681
0.00679702
0.0109664
0.00538994
0.0124763
0.00384542
0.0137306
0.0022028
0.0146803
0.000496383
0.0152812
-0.00123294
0.0155202
-0.0029376
0.0153478
-0.00457134
0.0147573
-0.00608608
0.0137505
-0.00743865
0.0123248
-0.00858099
0.0105077
-0.0094778
0.00833432
-0.0100931
0.00584717
-0.0104
0.00311471
-0.0103809
0.000211188
-0.0100279
-0.00278022
-0.00934356
-0.00574678
-0.00834259
-0.00860553
-0.00705123
-0.0112228
-0.00550806
-0.0135274
-0.00375949
-0.0153796
-0.0018784
-0.0167114
8.52279e-05
-0.0174535
0.00204505
-0.0175122
0.00392629
-0.0168826
0.00565234
-0.0155425
0.00714586
-0.0135218
0.0083341
-0.0108641
0.00916349
-0.00766407
0.00958005
-0.0040402
0.00955779
-0.000122481
0.00908523
0.00388826
0.00817532
0.00781843
0.0068632
0.011464
0.00520086
0.0146201
0.00326647
0.0171082
0.00115289
0.0187707
-0.0010213
0.0194409
-0.00314694
0.0190641
-0.00510442
0.0176066
-0.00677376
0.0150917
-0.00805298
0.0116188
-0.00884795
0.00735861
-0.0091046
0.00251886
-0.00878629
-0.00260585
-0.00789986
-0.00769947
-0.00649729
-0.012405
-0.00465248
-0.0164057
-0.00248931
-0.0193681
-0.000151903
-0.0210573
0.00219672
-0.0212691
0.00438916
-0.019941
0.00626024
-0.0171066
0.00765724
-0.0128875
0.00845599
-0.00756714
0.00858169
-0.00152111
0.00801132
0.00478631
0.00676958
0.010832
0.00495673
0.0160674
0.00271973
0.019989
0.000269822
0.022186
-0.00219749
0.0224218
-0.0044321
0.0205006
-0.00621893
0.0166004
-0.00736601
0.0109991
-0.0077427
0.00421026
-0.00729986
-0.00308023
-0.00607323
-0.0100857
-0.00419367
-0.0160038
-0.00187735
-0.0201061
0.000600174
-0.021864
0.00295884
-0.020963
0.0049019
-0.017459
0.00617282
-0.0116878
0.00659557
-0.00432512
0.00610515
0.00368403
0.00475739
0.0112521
0.00273833
0.0172755
0.000344244
0.0208294
-0.00207943
0.0213588
-0.00418806
0.0186272
-0.00565114
0.0129727
-0.00622422
0.00513042
-0.00579977
-0.00372589
-0.00442688
-0.0121911
-0.00231852
-0.018829
0.0001662
-0.0224258
0.0026273
-0.0222798
0.00463555
-0.0182404
0.00581984
-0.0108695
0.00594884
-0.00137149
0.00498199
0.00858038
0.00307974
0.0171137
0.00060134
0.0224998
-0.00196236
0.0235667
-0.00412065
0.0199364
-0.00541015
0.0121549
-0.00554196
0.00171236
-0.00447077
-0.00922036
-0.00241906
-0.0182097
0.000148623
-0.0231127
0.00265059
-0.0226331
0.00447237
-0.016652
0.00514733
-0.00640957
0.0044771
0.00567206
0.00260413
0.016507
0.0231022
0.00134731
0.0514409
0.00277855
0.0522469
0.00411129
0.0525307
0.00516971
0.0520377
0.00569606
0.0511006
0.00538168
0.0488704
0.00329244
0.0471067
0.0434552
-0.000299426
0.0126761
0.000478884
0.0151374
0.00187617
0.0150104
0.00309797
0.0158925
0.0042068
0.0156143
0.00488934
0.0156275
0.00536714
0.0153731
0.00554409
0.0151711
0.0055297
0.0149897
0.00531368
0.0148305
0.00494405
0.0147264
0.00443794
0.0146412
0.00382266
0.0146018
0.0031087
0.0145682
0.00231314
0.014551
0.00145251
0.0145281
0.000543961
0.0144906
-0.000410689
0.0144212
-0.00139475
0.0143157
-0.00239908
0.0141581
-0.00341393
0.0139436
-0.00442813
0.0136625
-0.0054307
0.0133058
-0.00641152
0.0128701
-0.0073588
0.012347
-0.008262
0.0117356
-0.00911133
0.011033
-0.00989504
0.0102356
-0.0106033
0.00934767
-0.011225
0.00836364
-0.0117515
0.00729649
-0.0121728
0.00614116
-0.012481
0.00491255
-0.0126687
0.00361152
-0.012729
0.00225219
-0.0126563
0.00084384
-0.012447
-0.000598573
-0.0120993
-0.00205948
-0.0116127
-0.00352298
-0.0109887
-0.00497195
-0.010231
-0.00638408
-0.00934546
-0.00774121
-0.00834049
-0.00902
-0.0072238
-0.0102068
-0.00600963
-0.0112693
-0.00471116
-0.0121904
-0.00334536
-0.0129557
-0.00192848
-0.0135415
-0.00048152
-0.0139223
0.000975378
-0.0140962
0.00241889
-0.0140409
0.00382533
-0.0137454
0.00517095
-0.0132036
0.00643061
-0.012419
0.00758254
-0.0113861
0.00859918
-0.0101139
0.00946074
-0.00861257
0.0101473
-0.00690846
0.010639
-0.00501479
0.0109238
-0.00296726
0.010989
-0.000801147
0.0108271
0.00145092
0.0104376
0.00373484
0.00981994
0.00600585
0.00898289
0.00820965
0.0079385
0.0102912
0.00670426
0.0122006
0.00530871
0.0138719
0.00378116
0.0152581
0.002151
0.0163105
0.000458791
0.0169734
-0.00125461
0.0172336
-0.00293975
0.017033
-0.0045584
0.0163759
-0.00605423
0.0152463
-0.00739193
0.0136625
-0.00852013
0.0116359
-0.00940368
0.00921787
-0.0100091
0.00645258
-0.0103087
0.00341429
-0.0102828
0.000185325
-0.00993013
-0.00313288
-0.00924717
-0.00642974
-0.00825102
-0.00960168
-0.00696812
-0.0125057
-0.0054368
-0.0150587
-0.00370221
-0.0171141
-0.0018377
-0.0185759
0.000106165
-0.0193973
0.00204686
-0.0194529
0.00390911
-0.0187449
0.00561512
-0.0172485
0.00709043
-0.0149971
0.00826474
-0.0120384
0.00908152
-0.00848084
0.00948953
-0.00444822
0.00946414
-9.70875e-05
0.00899249
0.00435991
0.00808689
0.00872403
0.00678128
0.0127696
0.005131
0.0162704
0.00321003
0.0190291
0.00111843
0.0208623
-0.00103156
0.0215909
-0.003135
0.0211676
-0.00507107
0.0195427
-0.00672145
0.0167421
-0.00798535
0.0128826
-0.00876922
0.00814248
-0.00901767
0.00276731
-0.00869775
-0.00292577
-0.0078163
-0.00858092
-0.00642361
-0.0137977
-0.00459515
-0.0182342
-0.00245262
-0.0215106
-0.00014061
-0.0233693
0.00218155
-0.0235913
0.00434865
-0.0221081
0.00619642
-0.0189544
0.00757458
-0.0142656
0.00836092
-0.00835348
0.00848047
-0.00164065
0.00790942
0.00535736
0.00667611
0.0120653
0.00487888
0.0178646
0.00265873
0.0222091
0.000221333
0.0246234
-0.00220265
0.0248458
-0.00441011
0.0227081
-0.00617401
0.0183643
-0.00730259
0.0121277
-0.00766794
0.00457561
-0.00721953
-0.00352864
-0.00599399
-0.0113113
-0.00412194
-0.0178758
-0.00182129
-0.0224067
0.0006319
-0.0243172
0.00296834
-0.0232994
0.00489124
-0.0193819
0.00614597
-0.0129425
0.00655745
-0.0047366
0.00606279
0.00417869
0.00471751
0.0125974
0.00270692
0.0192861
0.000328761
0.0232076
-0.00206769
0.0237553
-0.00415678
0.0207163
-0.00560502
0.0144209
-0.00616967
0.00569506
-0.00574562
-0.00414995
-0.00438236
-0.0135544
-0.0022905
-0.0209209
0.000167007
-0.0248834
0.00259911
-0.0247119
0.00458451
-0.0202258
0.00575289
-0.0120379
0.00587672
-0.00149532
0.00491696
0.00954014
0.00303275
0.0189979
0.000579665
0.0249528
-0.00194757
0.0260939
-0.00407883
0.0220677
-0.00534923
0.0134253
-0.00547387
0.001837
-0.00440946
-0.0102848
-0.00237645
-0.0202427
0.00016256
-0.0256518
0.00263628
-0.0251068
0.0044358
-0.0184515
0.00510009
-0.00707386
0.00443381
0.00633834
0.00257834
0.0183625
0.0256805
0.00109159
0.0503493
0.00225997
0.0510785
0.00339771
0.051393
0.00424363
0.0511918
0.00457062
0.0507736
0.00411219
0.0493288
0.00261176
0.0486072
0.046067
-9.29238e-06
0.0126854
0.000649748
0.0144784
0.00151935
0.0141408
0.00244751
0.0149643
0.00323854
0.0148233
0.00382374
0.0150423
0.00423268
0.0149641
0.00442322
0.0149806
0.00445516
0.0149578
0.00431244
0.0149733
0.00403314
0.0150057
0.00362593
0.0150484
0.00310834
0.0151194
0.00248772
0.0151888
0.00178334
0.0152554
0.00100853
0.0153029
0.000173204
0.0153259
-0.000711184
0.0153056
-0.00163251
0.015237
-0.00258
0.0151056
-0.00354225
0.0149059
-0.00450809
0.0146284
-0.0054661
0.0142638
-0.00640457
0.0138085
-0.00731552
0.013258
-0.00818401
0.012604
-0.00900068
0.0118496
-0.00975575
0.0109906
-0.0104377
0.0100296
-0.0110367
0.00896266
-0.0115425
0.00780232
-0.0119468
0.00654547
-0.0122415
0.00520723
-0.0124183
0.00378827
-0.0124708
0.00230467
-0.0123941
0.000767192
-0.0121838
-0.000808931
-0.0118379
-0.00240533
-0.011357
-0.00400391
-0.0107415
-0.0055874
-0.00999606
-0.00712954
-0.00912585
-0.00861141
-0.00813877
-0.0100071
-0.00704461
-0.011301
-0.00585446
-0.0124595
-0.00458332
-0.0134616
-0.00324601
-0.014293
-0.0018595
-0.014928
-0.000444059
-0.0153377
0.000980239
-0.0155205
0.00239127
-0.0154519
0.00376605
-0.0151202
0.00508061
-0.0145181
0.00631185
-0.0136502
0.00743466
-0.0125089
0.00842676
-0.011106
0.0092653
-0.0094511
0.00993314
-0.0075763
0.0104108
-0.00549243
0.0106851
-0.00324161
0.0107447
-0.000860757
0.0105828
0.00161284
0.0101977
0.00411999
0.00958995
0.00661356
0.00876824
0.00903136
0.00774479
0.0113146
0.00653732
0.0134081
0.00516971
0.0152395
0.00367168
0.0167561
0.00207548
0.0179067
0.000419558
0.0186293
-0.00125536
0.0189085
-0.00290439
0.018682
-0.00448358
0.0179551
-0.00594673
0.0167095
-0.00724947
0.0149653
-0.00835046
0.0127369
-0.0092105
0.0100779
-0.00979919
0.00704126
-0.0100889
0.00370399
-0.0100589
0.000155358
-0.00970914
-0.00348267
-0.00903644
-0.00710244
-0.00805859
-0.0105795
-0.00679783
-0.0137665
-0.00530071
-0.0165559
-0.0036053
-0.0188096
-0.00177736
-0.0204038
0.00012204
-0.0212967
0.0020197
-0.0213506
0.00383964
-0.0205648
0.00550568
-0.0189145
0.00694526
-0.0164367
0.00809235
-0.0131855
0.00888573
-0.00927422
0.00928041
-0.0048429
0.0092525
-6.91772e-05
0.00878724
0.00482517
0.00789778
0.00961348
0.00661707
0.0140503
0.00499995
0.0178875
0.00311953
0.0209096
0.00107884
0.022903
-0.0010256
0.0236953
-0.00308145
0.0232234
-0.00497216
0.0214334
-0.00658411
0.0183541
-0.00781717
0.0141157
-0.0085803
0.00890561
-0.00881939
0.0030064
-0.00850184
-0.00324332
-0.00763684
-0.00944592
-0.0062715
-0.0151631
-0.00448187
-0.0200238
-0.00238604
-0.0236065
-0.000127794
-0.0256275
0.00213819
-0.0258573
0.00425447
-0.0242244
0.00605667
-0.0207566
0.00739946
-0.0156084
0.00816437
-0.0091184
0.00827724
-0.00175352
0.00771277
0.00592183
0.0065056
0.0132725
0.00474354
0.0196267
0.00257041
0.0243823
0.000189945
0.0270039
-0.00217473
0.0272104
-0.00433033
0.0248637
-0.0060502
0.0200841
-0.00714861
0.0132261
-0.00749879
0.00492579
-0.00705192
-0.0039755
-0.00584533
-0.0125179
-0.00400522
-0.0197159
-0.00174899
-0.024663
0.000648837
-0.026715
0.00293372
-0.0255843
0.0048139
-0.021262
0.00603719
-0.0141658
0.00643379
-0.0051332
0.00594142
0.00467106
0.0046176
0.0139212
0.00264182
0.0212619
0.000307631
0.0255418
-0.0020289
0.0260918
-0.00407286
0.0227602
-0.00548847
0.0158365
-0.00603813
0.00624472
-0.0056199
-0.00456817
-0.00428368
-0.0148906
-0.00223444
-0.0229702
0.000166099
-0.0272839
0.00253921
-0.027085
0.00447809
-0.0221647
0.00561666
-0.0131765
0.00573441
-0.00161306
0.00479402
0.0104805
0.00295166
0.0208402
0.00055248
0.027352
-0.0019073
0.0285537
-0.00398684
0.0241472
-0.00522357
0.014662
-0.00534054
0.00195397
-0.00429646
-0.0113289
-0.00230779
-0.0222314
0.000171704
-0.0281313
0.00258698
-0.0275221
0.0043428
-0.0202073
0.00498895
-0.00772001
0.00433525
0.00699204
0.00252044
0.0201773
0.028201
0.000834015
0.0495153
0.0017339
0.0501786
0.00255945
0.0505674
0.00316468
0.0505865
0.00339612
0.0505421
0.00297529
0.0497497
0.00194289
0.0496396
0.0480099
0.000102772
0.0125826
0.000709242
0.0138719
0.00130716
0.0135429
0.002004
0.0142674
0.00262953
0.0141978
0.00313088
0.0145409
0.00349603
0.014599
0.00369188
0.0147847
0.00374304
0.0149066
0.00364775
0.0150685
0.0034329
0.0152205
0.00308384
0.0153974
0.0026313
0.015572
0.00208493
0.0157352
0.0014431
0.0158972
0.000730461
0.0160155
-4.65986e-05
0.016103
-0.000873714
0.0161327
-0.00173911
0.0161024
-0.0026362
0.0160027
-0.00354913
0.0158188
-0.00446842
0.0155477
-0.00538105
0.0151765
-0.00627868
0.0147062
-0.0071465
0.0141258
-0.00797734
0.0134349
-0.00875856
0.0126309
-0.00947901
0.0117111
-0.010133
0.0106836
-0.0107059
0.00953557
-0.0111897
0.00828616
-0.0115756
0.00693134
-0.0118555
0.00548708
-0.0120222
0.00395498
-0.0120691
0.00235157
-0.0119909
0.000689052
-0.0117832
-0.00101667
-0.0114446
-0.00274393
-0.010975
-0.00447345
-0.0103774
-0.006185
-0.00965263
-0.00785435
-0.00880804
-0.00945601
-0.0078507
-0.0109644
-0.00678874
-0.012363
-0.00563765
-0.0136106
-0.00440808
-0.0146912
-0.00311355
-0.0155875
-0.00177267
-0.0162688
-0.000404173
-0.0167062
0.00097264
-0.0168973
0.00233626
-0.0168155
0.00366468
-0.0164486
0.00493451
-0.0157879
0.00612365
-0.0148394
0.00720687
-0.0135921
0.00816317
-0.0120623
0.008972
-0.0102599
0.00961333
-0.00821762
0.0100732
-0.00595232
0.0103347
-0.00350314
0.0103878
-0.000913842
0.0102288
0.0017719
0.00985325
0.00449551
0.0092623
0.00720452
0.00846469
0.00982897
0.00747259
0.0123067
0.00630259
0.0145781
0.00497807
0.016564
0.00352791
0.0182063
0.0019835
0.0194511
0.000381155
0.0202316
-0.00123713
0.0205268
-0.00283219
0.020277
-0.00435703
0.0194799
-0.00577048
0.0181229
-0.00702561
0.0162204
-0.00808913
0.0138005
-0.00891764
0.0109064
-0.00948396
0.00760757
-0.00976034
0.00398038
-0.00973106
0.000126077
-0.00938633
-0.0038274
-0.00873006
-0.0077587
-0.00778339
-0.0115262
-0.00656174
-0.0149881
-0.00511173
-0.0180059
-0.00347178
-0.0204495
-0.00169993
-0.0221756
0.000133213
-0.0231299
0.00196822
-0.0231856
0.00372666
-0.0223233
0.00533686
-0.0205247
0.00672643
-0.0178263
0.0078324
-0.0142914
0.00859605
-0.0100379
0.00897483
-0.00522167
0.00894366
-3.80147e-05
0.00849051
0.00527833
0.00762736
0.0104766
0.00638555
0.0152921
0.00481871
0.0194543
0.00299993
0.0227283
0.00102729
0.0248757
-0.00100599
0.0257286
-0.00299263
0.02521
-0.00481877
0.0232596
-0.00637583
0.0199111
-0.00756548
0.0153053
-0.00830058
0.00964072
-0.00852762
0.00323344
-0.00821712
-0.00355382
-0.00737819
-0.0102848
-0.00605487
-0.0164864
-0.00432315
-0.0217556
-0.00229569
-0.0256339
-0.000114454
-0.0278088
0.00207125
-0.028043
0.00411532
-0.0262685
0.00585422
-0.0224955
0.00714809
-0.0169023
0.0078842
-0.00985451
0.0079897
-0.00185902
0.0074397
0.00647183
0.00627002
0.0144422
0.00456241
0.0213343
0.00246046
0.0264842
0.000159462
0.0293049
-0.00211949
0.0294894
-0.00420157
0.0269458
-0.00586106
0.0217436
-0.00691864
0.0142837
-0.00725146
0.00525861
-0.00681167
-0.00441529
-0.00563786
-0.0136917
-0.00385145
-0.0215023
-0.00166418
-0.0268502
0.000652526
-0.0290317
0.00286224
-0.027794
0.00468017
-0.02308
0.00585949
-0.0153451
0.00623846
-0.00551217
0.00575545
0.00515407
0.00446825
0.0152084
0.00254979
0.0231803
0.000281871
0.0278097
-0.00196706
0.0283408
-0.00394505
0.0247382
-0.00531317
0.0172046
-0.00584259
0.00677413
-0.00543501
-0.00497574
-0.00414033
-0.0161853
-0.00215552
-0.024955
0.00016362
-0.029603
0.00245296
-0.0293743
0.00432593
-0.0240376
0.00542338
-0.0142739
0.00553426
-0.00172394
0.00462337
0.0113914
0.00284242
0.0226212
0.000523037
0.0296714
-0.00184579
0.0309225
-0.00385338
0.0261548
-0.00504456
0.0158532
-0.00515352
0.00206293
-0.00414137
-0.012341
-0.00221803
-0.0241547
0.000176441
-0.0305257
0.00250856
-0.0298542
0.00420309
-0.0219019
0.00482486
-0.00834178
0.00419105
0.00762584
0.00243614
0.0219322
0.0306371
0.000604191
0.0489111
0.00125389
0.0495289
0.00184837
0.0499729
0.00225631
0.0501786
0.00241166
0.0503868
0.00208759
0.0500737
0.00141017
0.050317
0.0494201
0.000231421
0.0123512
0.000824614
0.0132787
0.0013039
0.0130636
0.00188368
0.0136877
0.00236469
0.0137168
0.00278065
0.014125
0.00307864
0.014301
0.00325828
0.0146051
0.0033086
0.0148563
0.00323034
0.0151468
0.00304188
0.015409
0.00273976
0.0156996
0.00232999
0.0159817
0.00181778
0.0162474
0.00123293
0.0164821
0.000566448
0.016682
-0.000157351
0.0168268
-0.000934892
0.0169103
-0.00175158
0.0169191
-0.00259818
0.0168493
-0.00346291
0.0166835
-0.00433506
0.0164198
-0.00520087
0.0160423
-0.00605198
0.0155573
-0.00687864
0.0149525
-0.00766755
0.0142238
-0.00840997
0.0133733
-0.00909585
0.0123969
-0.00971624
0.011304
-0.0102615
0.0100808
-0.0107209
0.00874558
-0.0110869
0.00729731
-0.0113517
0.00575189
-0.0115085
0.00411177
-0.011551
0.00239415
-0.0114742
0.000612254
-0.0112717
-0.00121919
-0.0109444
-0.00307129
-0.0104932
-0.00492457
-0.00991674
-0.00676149
-0.00922082
-0.00855028
-0.00841097
-0.0102659
-0.0074918
-0.0118836
-0.00647492
-0.0133798
-0.00536986
-0.0147156
-0.00419121
-0.0158698
-0.0029513
-0.0168274
-0.00166919
-0.017551
-0.000359509
-0.0180159
0.000957749
-0.0182146
0.00226238
-0.0181202
0.00353293
-0.0177191
0.00474706
-0.0170021
0.00588401
-0.0159763
0.00691979
-0.0146279
0.00783216
-0.0129746
0.00860406
-0.0110318
0.00921638
-0.00882994
0.00965295
-0.00638889
0.00990049
-0.00375069
0.00994937
-0.000962718
0.00979255
0.00192872
0.00943039
0.00485768
0.0088616
0.0077733
0.00809565
0.0105949
0.00714363
0.0132588
0.00602121
0.0157005
0.00475107
0.0178342
0.00336135
0.019596
0.00188203
0.0209304
0.000347218
0.0217665
-0.00119931
0.0220734
-0.002728
0.0218057
-0.00418588
0.0209378
-0.00553815
0.0194752
-0.00673829
0.0174205
-0.00775245
0.0148146
-0.0085436
0.0116976
-0.00908333
0.0081473
-0.00934599
0.00424304
-0.00931511
9.52032e-05
-0.00898154
-0.00416097
-0.00835041
-0.00838983
-0.00744131
-0.0124353
-0.00626928
-0.0161602
-0.0048797
-0.0193955
-0.00330867
-0.0220205
-0.00160688
-0.0238774
0.000142719
-0.0248795
0.0018981
-0.024941
0.00358076
-0.0240059
0.00512092
-0.0220649
0.00644923
-0.0191546
0.0075053
-0.0153475
0.00823345
-0.010766
0.00859372
-0.00558194
0.00856034
-4.63351e-06
0.00812381
0.00571486
0.00729465
0.0113058
0.00610308
0.0164837
0.00459988
0.0209575
0.00285803
0.0244702
0.000969539
0.0267642
-0.000974055
0.0276722
-0.00287489
0.0271109
-0.00462099
0.0250057
-0.0061107
0.0214008
-0.00724734
0.016442
-0.00794905
0.0103424
-0.00816375
0.00344814
-0.00786343
-0.00385414
-0.00705749
-0.0110908
-0.00578733
-0.0177565
-0.00412888
-0.023414
-0.00218691
-0.0275759
-0.000100739
-0.0298949
0.00198584
-0.0301295
0.00394133
-0.028224
0.00560295
-0.0241571
0.00683842
-0.0181377
0.0075392
-0.0105553
0.00763698
-0.00195679
0.0071082
0.00700061
0.005985
0.0155654
0.00434732
0.0229719
0.00233738
0.0284942
0.000131065
0.0315112
-0.00204175
0.0316622
-0.00403377
0.0289378
-0.0056202
0.0233301
-0.00662877
0.0152922
-0.00694294
0.00557278
-0.00651507
-0.00484316
-0.0053846
-0.0148222
-0.0036704
-0.0232165
-0.00156646
-0.0289542
0.000645176
-0.0312434
0.00276087
-0.0299097
0.00450143
-0.0248205
0.00562778
-0.0164715
0.00598642
-0.00587081
0.00551832
0.00562217
0.00428021
0.0164465
0.00243742
0.0250231
0.000259768
0.0299873
-0.00188663
0.0304872
-0.00378255
0.0266341
-0.00509192
0.018514
-0.00559671
0.00727892
-0.00520351
-0.00536894
-0.00396218
-0.0174266
-0.00205843
-0.0268587
0.000159747
-0.0318212
0.00234613
-0.0315607
0.00413809
-0.0258296
0.00518576
-0.0153216
0.00528921
-0.00182739
0.00441583
0.0122648
0.00271159
0.0243254
0.000490907
0.0318921
-0.00176755
0.033181
-0.0036876
0.0280749
-0.00482415
0.0169897
-0.0049248
0.00216358
-0.00395373
-0.0133121
-0.00211223
-0.0259962
0.000177523
-0.0328155
0.0024071
-0.0320838
0.00402669
-0.0235215
0.00461938
-0.00893447
0.00401124
0.00823398
0.00233119
0.0236123
0.0329683
0.000436576
0.0484746
0.000902226
0.0490633
0.00132667
0.0495485
0.00160519
0.0499001
0.00172101
0.050271
0.00147814
0.0503166
0.00103394
0.0507612
0.050454
0.000277147
0.0120741
0.000855579
0.0127003
0.00127247
0.0126467
0.00179612
0.013164
0.0022065
0.0133064
0.00257432
0.0137571
0.00283311
0.0140422
0.00298598
0.0144522
0.00303106
0.0148112
0.0029673
0.0152106
0.00278951
0.0155867
0.00250726
0.0159818
0.00213289
0.0163561
0.00166969
0.0167106
0.00111857
0.0170332
0.000494005
0.0173066
-0.000187993
0.0175088
-0.000917031
0.0176393
-0.0016842
0.0176863
-0.00248296
0.0176481
-0.00329897
0.0174995
-0.00411854
0.0172394
-0.00493953
0.0168633
-0.00574338
0.0163611
-0.00652692
0.015736
-0.00727044
0.0149673
-0.00797286
0.0140757
-0.00862028
0.0130444
-0.00920726
0.0118909
-0.00972077
0.0105943
-0.0101547
0.00917951
-0.0105006
0.0076432
-0.0107505
0.00600176
-0.0108978
0.00425908
-0.0109354
0.00243176
-0.0108613
0.000538199
-0.0106675
-0.00141306
-0.0103537
-0.00338503
-0.00992486
-0.00535345
-0.00937518
-0.00731117
-0.00871388
-0.00921158
-0.00794225
-0.0110375
-0.00706905
-0.0127568
-0.00610387
-0.014345
-0.00505481
-0.0157647
-0.00393662
-0.016988
-0.00276121
-0.0180028
-0.00154205
-0.0187701
-0.00030121
-0.0192567
0.000947569
-0.0194633
0.00218509
-0.0193577
0.00338919
-0.0189232
0.00453989
-0.0181528
0.00561602
-0.0170524
0.00659903
-0.0156109
0.00746115
-0.0138368
0.00819094
-0.0117616
0.00876936
-0.00940836
0.0091817
-0.00680123
0.00941257
-0.00398155
0.00945708
-0.00100723
0.00930534
0.00208047
0.00895851
0.0052045
0.00841716
0.00831465
0.00768794
0.0113241
0.00678213
0.0141646
0.00571514
0.0167675
0.00450846
0.0190408
0.0031885
0.020916
0.00178402
0.0223349
0.000327349
0.0232231
-0.00114133
0.023542
-0.0025904
0.0232548
-0.00397137
0.0223188
-0.00525448
0.0207583
-0.006393
0.0185591
-0.00735118
0.0157728
-0.00809974
0.0124461
-0.00860906
0.00865662
-0.0088604
0.00449438
-0.00882693
6.17267e-05
-0.00850821
-0.00447969
-0.00790897
-0.00898907
-0.00704292
-0.0133014
-0.0059318
-0.0172713
-0.0046092
-0.0207181
-0.00311805
-0.0235117
-0.00150147
-0.025494
0.000156088
-0.0265371
0.00182003
-0.0266049
0.00341567
-0.0256016
0.0048759
-0.0235251
0.00613436
-0.020413
0.00713351
-0.0163466
0.00782323
-0.0114558
0.0081628
-0.00592151
0.00812715
3.10174e-05
0.00771054
0.00613148
0.00692158
0.0120947
0.00578854
0.0176167
0.00435901
0.0223871
0.00270492
0.0261243
0.000912894
0.0285562
-0.000927543
0.0295127
-0.00273094
0.0289143
-0.00438786
0.0266626
-0.00579986
0.0228128
-0.00687534
0.0175175
-0.00753982
0.0110069
-0.0077413
0.00364962
-0.00745432
-0.00414112
-0.0066889
-0.0118562
-0.00547831
-0.0189671
-0.00390535
-0.024987
-0.00206218
-0.0294191
-8.49877e-05
-0.0318721
0.00188933
-0.0321039
0.00374403
-0.0300787
0.00531826
-0.0257313
0.00648728
-0.0193068
0.00714858
-0.0112166
0.00723892
-0.00204713
0.00673536
0.00750416
0.00566535
0.0166354
0.00411225
0.024525
0.00220411
0.0304023
0.000106976
0.0336083
-0.00194505
0.0337142
-0.00383521
0.030828
-0.00533926
0.0248341
-0.00629301
0.016246
-0.00658776
0.00586753
-0.00617687
-0.00525405
-0.00509936
-0.0158997
-0.00346787
-0.024848
-0.00146313
-0.0309589
0.000629304
-0.0333358
0.00263725
-0.0319177
0.00428934
-0.0264726
0.00535562
-0.0175378
0.00569289
-0.00620808
0.0052437
0.00607135
0.00406355
0.0176267
0.00230997
0.0267767
0.000237155
0.0320601
-0.00179177
0.0325161
-0.0035939
0.0284363
-0.00483609
0.0197562
-0.00531321
0.00775604
-0.00493762
-0.00574453
-0.0037579
-0.0186063
-0.00194944
-0.0286672
0.000154815
-0.0339255
0.00222425
-0.0336301
0.00392422
-0.0275296
0.00491585
-0.0163132
0.0050116
-0.00192313
0.0041816
0.0130948
0.00256537
0.0259416
0.000457434
0.034
-0.0016769
0.0353153
-0.00349803
0.029896
-0.00457333
0.018065
-0.00466586
0.00225611
-0.00374252
-0.0142354
-0.00199502
-0.0277437
0.000175477
-0.034986
0.00228841
-0.0341967
0.00382325
-0.0250563
0.00438347
-0.00949468
0.00380516
0.00881229
0.00221108
0.0252064
0.0351794
0.000326397
0.0481482
0.000664868
0.0487248
0.000969259
0.0492441
0.00116236
0.049707
0.00125009
0.0501832
0.00105829
0.0505084
0.000769278
0.0510502
0.0512233
0.000281722
0.0117923
0.000844758
0.0121372
0.00122099
0.0122705
0.00171951
0.0126655
0.00208125
0.0129447
0.00242965
0.0134087
0.00265943
0.0138124
0.00280982
0.0143018
0.00285038
0.0147707
0.00279312
0.0152678
0.00262733
0.0157525
0.00237461
0.0162345
0.00202713
0.0167036
0.00158739
0.0171503
0.00107794
0.0175426
0.000489724
0.0178948
-0.000146712
0.0181452
-0.000833358
0.0183259
-0.00155583
0.0184087
-0.00230009
0.0183923
-0.0030627
0.0182622
-0.00383803
0.0180147
-0.00460942
0.0176347
-0.00536868
0.0171204
-0.00609764
0.016465
-0.00679904
0.0156687
-0.00745481
0.0147315
-0.00806613
0.0136557
-0.0086152
0.01244
-0.00909703
0.0110761
-0.00950529
0.00958777
-0.00982856
0.00796648
-0.0100621
0.00623532
-0.0102
0.00439695
-0.0102371
0.00246889
-0.0101581
0.000459188
-0.00997729
-0.00159389
-0.00968481
-0.00367751
-0.00927687
-0.00576138
-0.00876147
-0.00782656
-0.00813527
-0.00983779
-0.00740849
-0.0117643
-0.00658525
-0.01358
-0.00567592
-0.0152543
-0.00468768
-0.0167529
-0.00363573
-0.0180399
-0.00253027
-0.0191083
-0.00138467
-0.0199157
-0.000215586
-0.0204258
0.00095888
-0.0206378
0.00212295
-0.0205217
0.00325574
-0.020056
0.0043384
-0.0192354
0.00535051
-0.0180645
0.00627002
-0.0165304
0.00708281
-0.0146496
0.00776814
-0.0124469
0.00830932
-0.00994955
0.0086937
-0.00718561
0.00890873
-0.00419658
0.00894691
-0.00104541
0.00880186
0.00222551
0.00847222
0.00553414
0.00796079
0.00882608
0.00727312
0.0120118
0.00641818
0.0150195
0.00541194
0.0177738
0.0042752
0.0201776
0.00303081
0.0221604
0.00170634
0.0236594
0.000337764
0.0245917
-0.00104872
0.0249285
-0.00240787
0.024614
-0.00371292
0.0236238
-0.00491619
0.0219616
-0.00598685
0.0196297
-0.00689083
0.0166768
-0.00759564
0.0131509
-0.00807373
0.00913471
-0.00830264
0.00472329
-0.00827067
2.97581e-05
-0.00796637
-0.00478399
-0.00740664
-0.00954879
-0.00658643
-0.0141216
-0.00554362
-0.0183141
-0.00429019
-0.0219715
-0.00289388
-0.024908
-0.00137795
-0.0270099
0.000187221
-0.0281022
0.00175246
-0.0281702
0.00325477
-0.0271039
0.0046241
-0.0248944
0.00580805
-0.021597
0.00674766
-0.0172862
0.00739278
-0.0121009
0.0077087
-0.00623743
0.00767465
6.50636e-05
0.00728003
0.00652611
0.00653585
0.0128389
0.00546732
0.0186853
0.0041214
0.023733
0.00255889
0.0276868
0.000870535
0.0302445
-0.000857449
0.0312406
-0.00255488
0.0306117
-0.00411608
0.0282238
-0.00544344
0.0241402
-0.0064535
0.0185275
-0.0070785
0.0116319
-0.00726464
0.00383576
-0.00699529
-0.00441047
-0.00627452
-0.012577
-0.0051331
-0.0201085
-0.00365012
-0.02647
-0.00191625
-0.0311529
-6.02276e-05
-0.0337281
0.00179458
-0.0339587
0.00354053
-0.0318246
0.00502035
-0.0272111
0.00611655
-0.020403
0.00673691
-0.011837
0.006818
-0.00212823
0.00634309
0.00797907
0.00533379
0.0176447
0.00387018
0.0259886
0.00207261
0.0321999
9.39086e-05
0.035587
-0.00182812
0.0356363
-0.00360845
0.0326083
-0.005024
0.0262497
-0.0059193
0.0171413
-0.0061919
0.00614013
-0.00580263
-0.00564332
-0.00478589
-0.0169164
-0.00324581
-0.0263881
-0.0013549
-0.0328498
0.000611017
-0.0353017
0.00250188
-0.0338085
0.00405677
-0.0280275
0.00505981
-0.0185408
0.0053719
-0.00652016
0.00494637
0.00649688
0.00383119
0.0187418
0.0021764
0.0284315
0.000217521
0.034019
-0.00168516
0.0344188
-0.00338506
0.0301362
-0.00455422
0.0209254
-0.00500082
0.00820264
-0.00464578
-0.00609957
-0.00353367
-0.0197184
-0.00183024
-0.0303706
0.00015007
-0.0359058
0.00209299
-0.035573
0.00369329
-0.0291299
0.00462445
-0.0172444
0.0047127
-0.00201138
0.00393128
0.0138762
0.00241079
0.0274621
0.000424176
0.0359866
-0.00157791
0.0373174
-0.00329264
0.0316107
-0.00430231
0.0190747
-0.00438571
0.00233951
-0.00351458
-0.0151065
-0.0018697
-0.0293886
0.0001711
-0.0370268
0.00215711
-0.0361827
0.00360053
-0.0264997
0.0041269
-0.0100211
0.00358234
0.00935685
0.00208186
0.0267068
0.0372612
0.000249105
0.000515661
0.000747634
0.000888739
0.000951862
0.000783093
0.000589754
0.000333619
0.000898678
0.00122646
0.00176563
0.00205538
0.00241342
0.0025975
0.00275124
0.00276596
0.00271332
0.00256405
0.00232764
0.00200381
0.00159668
0.00110761
0.000566254
-3.346e-05
-0.000674057
-0.00134657
-0.00204422
-0.00275866
-0.00348015
-0.00420016
-0.00490804
-0.00559098
-0.00624236
-0.00685657
-0.00742373
-0.00793597
-0.00838792
-0.00876755
-0.00906952
-0.00928794
-0.00941574
-0.00944762
-0.00937973
-0.00920723
-0.00893081
-0.00854979
-0.00806839
-0.0074848
-0.00680494
-0.00603953
-0.00518879
-0.00426925
-0.00328806
-0.00225648
-0.00118848
-9.92422e-05
0.000997079
0.00208343
0.00314269
0.00415597
0.00510356
0.00596144
0.0067227
0.00736442
0.00787085
0.00822733
0.00842988
0.00846418
0.00832647
0.00801448
0.00753729
0.00689385
0.00609479
0.00515377
0.00408941
0.00292504
0.00168497
0.00039667
-0.000888417
-0.00215916
-0.00337931
-0.00450354
-0.00550335
-0.00634875
-0.00700693
-0.00745413
-0.00766882
-0.00763503
-0.00735747
-0.00683187
-0.00606833
-0.00509467
-0.00393316
-0.00261606
-0.0012101
0.000250322
0.00170996
0.00311424
0.00439506
0.00550293
0.0063801
0.00698558
0.0072815
0.007247
0.00687242
0.00617448
0.00517593
0.00392119
0.0024636
0.00086828
-0.000732225
-0.00231921
-0.00377982
-0.00501911
-0.00596257
-0.00654718
-0.00672311
-0.00647227
-0.00579801
-0.00473859
-0.00335152
-0.00173046
-9.54832e-06
0.00172143
0.00335346
0.00473753
0.00576365
0.00634451
0.00641939
0.00597191
0.00502935
0.00365915
0.00197063
0.000118483
-0.00166792
-0.00333399
-0.00465703
-0.00549152
-0.00574443
-0.00538072
-0.00443127
-0.00299208
-0.00122619
0.000603763
0.00237126
0.00382751
0.00476717
0.00505863
0.00465893
0.00361337
0.0020619
0.000222361
-0.00155281
-0.00314695
-0.00423911
-0.0046531
-0.00431873
-0.0032807
-0.00169278
0.000152353
0.00196034
0.00345765
0.00433072
0.00441635
0.0036876
0.00226591
0.000401755
-0.00146943
-0.00307623
-0.00401491
-0.004084
-0.00326503
-0.00173186
0.000165635
0.00201327
0.00336264
0.00386125
0.00335812
0.00195416
)
;

boundaryField
{
    freeSurface
    {
        type            calculated;
        value           nonuniform List<scalar> 
181
(
0.0478991
0.0484583
0.0490121
0.0495659
0.0501201
0.0506772
0.0512435
0.051813
0.0114587
0.0115722
0.0119427
0.0121263
0.0126549
0.0130507
0.0136283
0.0141481
0.0147559
0.0153205
0.0159018
0.016471
0.0170274
0.0175574
0.0180317
0.0184362
0.018745
0.0189665
0.0190812
0.01909
0.0189766
0.0187362
0.0183547
0.0178283
0.0171479
0.0163201
0.0153457
0.0142228
0.0129522
0.0115281
0.00996739
0.00826846
0.00645374
0.00452476
0.00250077
0.000391303
-0.0017664
-0.00395393
-0.0061424
-0.00830797
-0.0104214
-0.0124441
-0.0143454
-0.0161051
-0.0176725
-0.0190211
-0.0201399
-0.0209837
-0.021515
-0.0217341
-0.0216081
-0.0211153
-0.0202487
-0.0190121
-0.0173883
-0.0154108
-0.0130887
-0.010456
-0.00754208
-0.00439914
-0.00107971
0.00236321
0.00584614
0.00930327
0.0126552
0.0158186
0.0187148
0.0212419
0.0233247
0.0248995
0.02588
0.0262136
0.0258847
0.024844
0.0230858
0.0206295
0.0175222
0.0138091
0.00958191
0.00493798
-4.03008e-06
-0.00506155
-0.0100744
-0.0148851
-0.0192878
-0.023133
-0.0262251
-0.0284159
-0.0295626
-0.0296298
-0.0285081
-0.0261753
-0.0227049
-0.0181634
-0.0127064
-0.00653335
9.95659e-05
0.00690068
0.0135369
0.0196838
0.0249877
0.0291444
0.0318399
0.0328411
0.0321987
0.0296844
0.0253795
0.019471
0.0122165
0.00401169
-0.00466131
-0.0132512
-0.021168
-0.027857
-0.032774
-0.0354491
-0.0356896
-0.0334567
-0.0285952
-0.0214291
-0.0124178
-0.00220311
0.00842655
0.0185872
0.0273588
0.0338884
0.0374392
0.0374227
0.0342744
0.0275727
0.0179758
0.00639303
-0.00600703
-0.0178659
-0.0278273
-0.0346157
-0.0371317
-0.035576
-0.0294838
-0.0194805
-0.00681162
0.00689658
0.0197874
0.029983
0.0358586
0.0361939
0.0317303
0.0220175
0.00861663
-0.00643394
-0.0207564
-0.0319585
-0.0377509
-0.037381
-0.0306272
-0.0181175
-0.00209702
0.014605
0.0288838
0.0378508
0.0391886
0.0332175
0.0200134
0.00240861
-0.0159255
-0.0309218
-0.0389243
-0.0380304
-0.0278491
-0.0105197
0.00985998
0.0281108
0.0392154
)
;
    }
    walls
    {
        type            calculated;
        value           uniform 0;
    }
    floatingObject
    {
        type            calculated;
        value           nonuniform List<scalar> 
37
(
-0.0343899
-0.0347926
-0.0351954
-0.035603
-0.0360205
-0.0364379
-0.0368628
-0.0372925
-0.0377247
-0.0381643
-0.0386088
-0.0390582
-0.0395125
-0.0399717
-0.0404383
-0.0409074
-0.0413862
-0.0418651
-0.0423538
-5.42101e-20
0
0
0
0
0
0
0
0
0
0
0
0
0
0
0
0
0
)
;
    }
    frontAndBack
    {
        type            empty;
    }
}


// ************************************************************************* //
