/*--------------------------------*- C++ -*----------------------------------*\
  =========                 |
  \\      /  F ield         | OpenFOAM: The Open Source CFD Toolbox
   \\    /   O peration     | Website:  https://openfoam.org
    \\  /    A nd           | Version:  12
     \\/     M anipulation  |
\*---------------------------------------------------------------------------*/
FoamFile
{
    format      ascii;
    class       surfaceScalarField;
    location    "8.68";
    object      phi;
}
// * * * * * * * * * * * * * * * * * * * * * * * * * * * * * * * * * * * * * //

dimensions      [1 0 -1 0 0 0 0];

internalField   nonuniform List<scalar> 
7429
(
9.85907e-05
-9.85905e-05
0.00019888
-0.000100289
0.000301651
-0.000102771
0.000407581
-0.000105929
0.000517341
-0.00010976
0.000631587
-0.000114245
0.000750958
-0.000119371
0.000875963
-0.000125005
0.00100708
-0.000131117
0.00114463
-0.00013755
0.00128879
-0.000144162
0.00143965
-0.000150851
0.00159702
-0.00015737
0.00176068
-0.000163662
0.00193012
-0.000169437
0.0021046
-0.000174483
0.00228323
-0.000178632
0.00246514
-0.000181905
0.00264902
-0.000183881
0.00283345
-0.000184433
0.00301686
-0.00018341
0.00319748
-0.000180615
0.00337378
-0.000176298
0.00354379
-0.000170011
0.00370546
-0.000161676
0.0038568
-0.000151333
0.00399586
-0.000139066
0.00412069
-0.00012483
0.00422942
-0.000108729
0.00431996
-9.05393e-05
0.00439052
-7.05609e-05
0.00443955
-4.90245e-05
0.00446559
-2.60416e-05
0.00446733
-1.73687e-06
0.00444764
1.96904e-05
0.0044044
4.32405e-05
0.00433718
6.72196e-05
0.00424602
9.11552e-05
0.00413137
0.000114651
0.00399407
0.000137305
0.00383529
0.000158781
0.00365643
0.000178853
0.00345922
0.000197209
0.00324558
0.000213642
0.00301768
0.000227902
0.00277789
0.000239786
0.00252876
0.000249132
0.00227298
0.000255784
0.00201333
0.000259653
0.00175269
0.000260636
0.00149404
0.000258651
0.00124034
0.000253697
0.000994605
0.000245736
0.000759714
0.000234891
0.000538621
0.000221093
0.00033386
0.000204761
0.000148122
0.000185739
-1.62825e-05
0.000164404
-0.000157389
0.000141106
-0.00027325
0.000115862
-0.000362222
8.89712e-05
-0.000422616
6.03941e-05
-0.000454475
3.18596e-05
-0.00045414
-3.35671e-07
-0.000421884
-3.22562e-05
-0.000360085
-6.1799e-05
-0.000270017
-9.00677e-05
-0.000152831
-0.000117186
-1.00079e-05
-0.000142823
0.000156248
-0.000166256
0.000344055
-0.000187807
0.000550292
-0.000206237
0.000771429
-0.000221137
0.00100395
-0.000232523
0.00124371
-0.000239762
0.00148623
-0.000242513
0.00172701
-0.000240779
0.00196143
-0.000234424
0.00218457
-0.000223137
0.00239167
-0.000207104
0.00257813
-0.000186463
0.00273951
-0.000161373
0.00287172
-0.000132211
0.00297114
-9.94197e-05
0.00303483
-6.36891e-05
0.00306041
-2.55773e-05
0.00304115
1.92596e-05
0.00297694
6.4208e-05
0.00286907
0.000107867
0.00271924
0.000149834
0.0025295
0.000189738
0.00230258
0.000226922
0.00204183
0.00026075
0.00175143
0.0002904
0.00143675
0.000314681
0.00110387
0.000332873
0.0007596
0.000344272
0.000411498
0.000348102
6.71544e-05
0.000344344
-0.000265281
0.000332436
-0.000577749
0.000312467
-0.00086256
0.000284811
-0.00111233
0.000249772
-0.00132056
0.00020823
-0.00148168
0.000161115
-0.00159159
0.000109916
-0.00164709
5.54946e-05
-0.00164495
-2.13754e-06
-0.00158405
-6.08974e-05
-0.0014695
-0.000114556
-0.00130566
-0.000163838
-0.00109793
-0.000207727
-0.000853281
-0.00024465
-0.000580621
-0.000272659
-0.000289484
-0.000291137
9.12697e-06
-0.000298611
0.000303917
-0.00029479
0.000583449
-0.000279532
0.000836759
-0.00025331
0.00105376
-0.000216998
0.00122568
-0.000171922
0.00134567
-0.000119988
0.00140904
-6.33732e-05
0.0014126
-3.56293e-06
0.00135291
5.96963e-05
0.00123734
0.000115569
0.00107184
0.000165499
0.000864449
0.00020739
0.000625024
0.000239425
0.000365854
0.00025917
0.00010008
0.000265774
-0.000158956
0.000259036
-0.000397883
0.000238927
-0.000604555
0.000206672
-0.000768918
0.000164363
-0.0008832
0.000114282
-0.000942976
5.97767e-05
-0.000947022
4.04546e-06
-0.000894285
-5.27368e-05
-0.000794179
-0.000100106
-0.00065524
-0.00013894
-0.000488524
-0.000166716
-0.00030701
-0.000181514
-0.000124624
-0.000182386
4.51742e-05
-0.000169798
0.000190132
-0.000144957
0.000300559
-0.000110428
0.000369844
-6.92847e-05
0.000395394
-2.55499e-05
0.000375653
1.97414e-05
0.000317795
5.78571e-05
0.000230237
8.75587e-05
0.000123785
0.000106452
1.06981e-05
0.000113087
-9.52853e-05
0.000105983
-0.000182853
8.75676e-05
-0.000242167
5.93136e-05
-0.000266721
2.45543e-05
-0.000251125
-1.55958e-05
-0.000197828
-5.32975e-05
-0.000112532
-8.52957e-05
-3.33798e-06
-0.000109194
0.000119295
-0.000122633
0.000242884
-0.000123589
0.000355277
-0.000112393
0.000445222
-8.99448e-05
0.000503906
-5.86847e-05
0.000525632
-2.17255e-05
0.000506125
1.9507e-05
0.000448158
5.79666e-05
0.00035677
9.13884e-05
0.000239401
0.000117369
0.000105886
0.000133516
-3.30691e-05
0.000138955
-0.000166336
0.000133267
-0.00028397
0.000117634
-0.000377833
9.3863e-05
-0.000442155
6.43215e-05
-0.000474127
3.19723e-05
-0.000473352
-7.75523e-07
-0.000442634
-3.0718e-05
-0.000386893
-5.5741e-05
-0.00031265
-7.42426e-05
-0.000227174
-8.54755e-05
-0.00013816
-8.90148e-05
-5.26618e-05
-8.5498e-05
2.33763e-05
-7.60381e-05
8.54815e-05
-6.21051e-05
0.000131058
-4.55763e-05
0.000159252
-2.81943e-05
0.000170974
-1.17218e-05
0.000168373
2.60125e-06
0.000154719
1.36533e-05
0.000133633
2.10861e-05
0.000108905
2.47283e-05
8.31918e-05
2.57131e-05
5.88548e-05
2.43369e-05
3.71425e-05
2.17124e-05
1.78533e-05
1.92892e-05
1.78533e-05
6.99605e-05
-0.00016855
0.000143127
-0.000173455
0.000219974
-0.000179617
0.000301696
-0.00018765
0.00038998
-0.000198044
0.000486091
-0.000210355
0.00059138
-0.000224659
0.00070714
-0.000240764
0.000834372
-0.000258349
0.000973952
-0.000277129
0.00112646
-0.00029667
0.00129233
-0.000316722
0.00147159
-0.000336625
0.00166378
-0.000355852
0.00186832
-0.000373975
0.00208428
-0.000390443
0.00231032
-0.000404672
0.00254455
-0.000416138
0.00278495
-0.000424279
0.00302909
-0.000428577
0.0032743
-0.000428618
0.0035177
-0.000424016
0.00375588
-0.000414475
0.00398559
-0.000399719
0.00420365
-0.000379737
0.00440674
-0.000354427
0.00459163
-0.000323948
0.00475544
-0.00028864
0.00489544
-0.000248731
0.00500969
-0.000204793
0.00509631
-0.000157172
0.00515421
-0.000106927
0.00518303
-5.4861e-05
0.00518055
7.40317e-07
0.00513609
6.41492e-05
0.00505579
0.000123545
0.00494275
0.00018026
0.00480023
0.000233668
0.00463128
0.000283608
0.00443762
0.000330965
0.00422016
0.000376243
0.00398067
0.000418341
0.00372135
0.000456527
0.0034447
0.000490299
0.00315359
0.000519007
0.00285125
0.000542131
0.00254061
0.000559769
0.0022251
0.000571286
0.00190825
0.000576511
0.00159359
0.000575292
0.00128439
0.000567856
0.000984057
0.000554025
0.000695684
0.000534109
0.000422373
0.000508202
0.000166997
0.00047647
-6.64737e-05
0.000438231
-0.000275914
0.000395179
-0.000459659
0.00034815
-0.000613592
0.000295039
-0.000737965
0.000240235
-0.000830244
0.000181251
-0.000888569
0.000118719
-0.00091213
5.54208e-05
-0.000900822
-1.16434e-05
-0.00085669
-7.6389e-05
-0.000779394
-0.000139094
-0.00066953
-0.000199933
-0.000528479
-0.000258237
-0.000358435
-0.000312867
-0.00016187
-0.000362821
5.76273e-05
-0.000407304
0.000296968
-0.000445578
0.000552448
-0.000476617
0.000819639
-0.000499715
0.00109399
-0.000514114
0.00137052
-0.000519045
0.00164431
-0.000514562
0.00190999
-0.000500113
0.00216234
-0.000475483
0.00239616
-0.00044092
0.00260645
-0.00039676
0.00278835
-0.00034327
0.00293746
-0.000281321
0.0030495
-0.000211465
0.00312162
-0.000135807
0.00315098
-5.49359e-05
0.00313159
3.86541e-05
0.00306436
0.000131436
0.00295026
0.000221971
0.00279059
0.000309503
0.00258732
0.000393007
0.00234323
0.000471008
0.00206227
0.000541714
0.00174931
0.000603358
0.00141043
0.000653562
0.00105242
0.000690879
0.000682864
0.00071383
0.000310066
0.0007209
-5.76552e-05
0.000712065
-0.000411142
0.000685922
-0.000741761
0.000643087
-0.00104124
0.000584288
-0.00130169
0.000510223
-0.00151653
0.000423073
-0.00167969
0.000324277
-0.00178592
0.000216137
-0.00183382
0.0001034
-0.00181714
-1.88136e-05
-0.00174004
-0.000138002
-0.00160563
-0.000248971
-0.00141803
-0.000351432
-0.00118364
-0.000442117
-0.000910462
-0.000517829
-0.000608242
-0.00057488
-0.00028811
-0.00061127
3.82963e-05
-0.000625017
0.000358571
-0.000615064
0.000660267
-0.000581229
0.000931527
-0.00052457
0.00116172
-0.00044719
0.00134135
-0.000351554
0.00146298
-0.000241622
0.00152269
-0.00012308
0.00151444
4.68389e-06
0.00144191
0.000132235
0.00130922
0.000248252
0.00112284
0.000351884
0.000892022
0.000438208
0.000628628
0.000502819
0.000345741
0.000542057
5.77622e-05
0.000553753
-0.000219792
0.000536591
-0.000473216
0.00049235
-0.000689458
0.000422914
-0.000857754
0.000332659
-0.000970464
0.000226991
-0.00102306
0.000112375
-0.00101183
-7.18955e-06
-0.000943608
-0.000120956
-0.00082439
-0.000219324
-0.000664237
-0.000299093
-0.000476033
-0.00035492
-0.000274398
-0.000383149
-7.45729e-05
-0.000382211
0.000108367
-0.000352738
0.000261642
-0.000298232
0.000374683
-0.000223469
0.000441059
-0.000135661
0.000458191
-4.26825e-05
0.000426378
5.1555e-05
0.000353487
0.000130748
0.00024884
0.000192206
0.000125103
0.000230189
-3.73294e-06
0.000241923
-0.000123775
0.000226025
-0.000221642
0.000185435
-0.000286962
0.000124633
-0.000313062
5.06539e-05
-0.000295545
-3.31127e-05
-0.000237563
-0.00011128
-0.000145092
-0.000177767
-2.72329e-05
-0.000227053
0.000104002
-0.000253868
0.000235383
-0.00025497
0.000353864
-0.000230874
0.000447966
-0.000184046
0.000508515
-0.000119233
0.000529856
-4.30675e-05
0.000509054
4.03092e-05
0.000448989
0.000118032
0.000355043
0.000185335
0.00023562
0.000236792
0.000100771
0.000268364
-3.8034e-05
0.00027776
-0.000169821
0.000265054
-0.00028465
0.000232463
-0.000374621
0.000183834
-0.000434447
0.000124148
-0.00046167
5.91949e-05
-0.000456661
-5.78423e-06
-0.00042271
-6.46688e-05
-0.000364769
-0.000113682
-0.00028981
-0.000149202
-0.000205109
-0.000170176
-0.000118226
-0.000175898
-3.60327e-05
-0.000167691
3.57541e-05
-0.000147825
9.31965e-05
-0.000119548
0.000134052
-8.64318e-05
0.000157748
-5.18898e-05
0.000165471
-1.94449e-05
0.000159953
8.11937e-06
0.000144258
2.93479e-05
0.000122106
4.32378e-05
9.71911e-05
4.96435e-05
7.24891e-05
5.0415e-05
5.02499e-05
4.65762e-05
3.09907e-05
4.09715e-05
1.45892e-05
3.56907e-05
3.24426e-05
-6.53857e-05
-0.000103164
-0.00012791
-0.00011093
-0.000184081
-0.000123445
-0.000229374
-0.000142356
-0.000260356
-0.000167062
-0.000273336
-0.000197374
-0.000264607
-0.000233388
-0.000231173
-0.000274198
-0.000170795
-0.000318726
-8.11818e-05
-0.000366741
3.85503e-05
-0.000416401
0.000188584
-0.000466755
0.000368444
-0.000516484
0.000577616
-0.000565024
0.000815472
-0.00061183
0.00107913
-0.000654096
0.00136688
-0.000692421
0.00167509
-0.000724354
0.00200052
-0.000749709
0.00233854
-0.000766597
0.00268411
-0.000774182
0.00303176
-0.000771672
0.00337544
-0.000758151
0.00371034
-0.000734615
0.00402952
-0.000698919
0.00432948
-0.00065439
0.00460402
-0.000598484
0.00484676
-0.000531379
0.00505411
-0.000456079
0.0052218
-0.000372479
0.00534581
-0.000281187
0.00542278
-0.000183898
0.00544945
-8.15311e-05
0.00543209
1.80982e-05
0.00538083
0.000115415
0.00529006
0.000214312
0.00515853
0.000311789
0.00498606
0.000406142
0.00477365
0.000496015
0.00452435
0.00058027
0.00424269
0.000657902
0.00393287
0.000728159
0.00359919
0.000790208
0.003246
0.000843492
0.00287757
0.000887433
0.0024981
0.00092161
0.00211221
0.000945651
0.00172427
0.000959226
0.00133829
0.000962499
0.000958315
0.000955264
0.000588725
0.000937446
0.000233751
0.000908999
-0.000102536
0.000870395
-0.000416475
0.000822141
-0.0007052
0.000765194
-0.000965995
0.000699026
-0.00119488
0.000624061
-0.0013895
0.000542772
-0.00154896
0.000454495
-0.00166767
0.000358952
-0.0017465
0.000260073
-0.00178561
0.00015783
-0.0017831
5.29116e-05
-0.00173707
-5.76715e-05
-0.00165128
-0.000162179
-0.001526
-0.00026437
-0.00136237
-0.000363572
-0.00116247
-0.000458131
-0.00092898
-0.000546357
-0.000665212
-0.000626589
-0.000374443
-0.000698074
-6.16062e-05
-0.000758414
0.000268394
-0.000806618
0.000610908
-0.000842229
0.000960059
-0.000863264
0.00130999
-0.000868975
0.00165469
-0.000859266
0.00198777
-0.000833191
0.00230297
-0.000790683
0.00259388
-0.000731827
0.00285489
-0.000657771
0.00307987
-0.000568249
0.00326343
-0.000464884
0.00340193
-0.000349964
0.00349059
-0.000224467
0.00352666
-9.10071e-05
0.00350446
6.08536e-05
0.00342569
0.000210209
0.00329129
0.000356367
0.00310246
0.000498337
0.0028614
0.000634062
0.00257167
0.000760743
0.00223832
0.000875059
0.00186758
0.000974099
0.00146699
0.00105416
0.00104496
0.00111291
0.000610767
0.00114802
0.00017437
0.0011573
-0.000254317
0.00114075
-0.000664714
0.00109632
-0.00104629
0.00102467
-0.00138916
0.000927156
-0.00168387
0.000804933
-0.00192196
0.000661162
-0.00209777
0.000500086
-0.00220512
0.000323493
-0.00224207
0.000140347
-0.00220317
-5.77094e-05
-0.00209437
-0.000246805
-0.00191804
-0.000425297
-0.00167951
-0.000589964
-0.00138696
-0.000734666
-0.00105036
-0.000854435
-0.000681889
-0.000943349
-0.000294831
-0.000998327
9.64915e-05
-0.00101634
0.000477286
-0.000995859
0.000832716
-0.000936658
0.00114898
-0.000840835
0.0014135
-0.000711713
0.00161565
-0.000553701
0.00174689
-0.000372865
0.00180259
-0.000178778
0.00177747
2.98079e-05
0.00167769
0.000232009
0.0015073
0.000418644
0.00127436
0.000584829
0.000990765
0.0007218
0.000671105
0.000822479
0.00033186
0.000881301
-9.27459e-06
0.000894888
-0.000334724
0.00086204
-0.000627088
0.000784714
-0.000871946
0.000667772
-0.00105666
0.00051737
-0.00117246
0.000342792
-0.00121547
0.000155389
-0.00118288
-3.97792e-05
-0.00108336
-0.000220475
-0.000924665
-0.000378021
-0.000719858
-0.0005039
-0.000485088
-0.000589689
-0.000238473
-0.000629764
1.54186e-06
-0.000622225
0.000216891
-0.000568088
0.000392532
-0.000473873
0.000516635
-0.000347571
0.00058171
-0.000200736
0.000585953
-4.6925e-05
0.000532188
0.00010532
0.000429654
0.000233281
0.000290703
0.000331157
0.000131331
0.000389561
-3.11867e-05
0.00040444
-0.000179671
0.00037451
-0.000298703
0.000304467
-0.000376689
0.000202619
-0.000405626
7.95905e-05
-0.000382939
-5.57994e-05
-0.000312441
-0.000181778
-0.000201618
-0.000288591
-6.2151e-05
-0.000366519
9.13605e-05
-0.00040738
0.000243388
-0.000406998
0.000378844
-0.00036633
0.000484787
-0.00028999
0.000551447
-0.000185893
0.000573117
-6.47371e-05
0.000548028
6.53975e-05
0.000479872
0.000186188
0.00037523
0.000289977
0.000244184
0.000367838
9.83337e-05
0.000414214
-4.95168e-05
0.00042561
-0.00018765
0.000403187
-0.000305661
0.000350474
-0.000395596
0.000273769
-0.000452397
0.000180949
-0.000474277
8.1075e-05
-0.000462588
-1.74733e-05
-0.00042131
-0.000105946
-0.00035639
-0.000178602
-0.000275303
-0.000230289
-0.000186296
-0.000259183
-9.69637e-05
-0.00026523
-1.43407e-05
-0.000250314
5.60414e-05
-0.000218207
0.000110313
-0.000173819
0.000146702
-0.000122821
0.000165409
-7.05962e-05
0.000168034
-2.20697e-05
0.000157673
1.84805e-05
0.000138065
4.89559e-05
0.000113276
6.80266e-05
8.67574e-05
7.61619e-05
6.21458e-05
7.50266e-05
4.08814e-05
6.78405e-05
2.39298e-05
5.79232e-05
1.09472e-05
4.86733e-05
4.33897e-05
-0.000246332
0.000143168
-0.000486843
0.000129581
-0.00071532
0.000105033
-0.000924881
6.7205e-05
-0.00110981
1.78691e-05
-0.00125768
-4.95075e-05
-0.00135242
-0.000138643
-0.00138889
-0.000237725
-0.00136407
-0.000343544
-0.00127475
-0.000456067
-0.00111977
-0.000571383
-0.000898949
-0.000687571
-0.000613703
-0.00080173
-0.000267316
-0.00091141
0.000137958
-0.0010171
0.000598748
-0.00111489
0.0011094
-0.00120307
0.00166106
-0.00127602
0.00224548
-0.00133413
0.00285328
-0.00137439
0.00347273
-0.00139363
0.00409228
-0.00139122
0.00470022
-0.0013661
0.00528389
-0.00131828
0.00583212
-0.00124715
0.00633228
-0.00115454
0.00677371
-0.00103992
0.00715114
-0.000908811
0.00745485
-0.000759782
0.00768237
-0.000599999
0.0078318
-0.000430617
0.00790503
-0.000257134
0.00790566
-8.21576e-05
0.0078154
0.000108361
0.00764572
0.000285095
0.00741244
0.000447587
0.00712097
0.000603258
0.00677559
0.000751525
0.00638212
0.000889482
0.00594663
0.00101576
0.00547535
0.00112918
0.00497509
0.00122842
0.00445197
0.00131333
0.00391248
0.00138298
0.00336217
0.00143774
0.00280797
0.00147581
0.00225494
0.00149869
0.00170828
0.00150589
0.00117371
0.00149706
0.000657262
0.00147171
0.000162417
0.00143229
-0.000307626
0.00137904
-0.000745838
0.00130861
-0.001151
0.00122731
-0.00151593
0.00113012
-0.00184085
0.00102394
-0.00211906
0.000902276
-0.00235092
0.000774633
-0.00253384
0.000637416
-0.00266746
0.00049257
-0.00274908
0.000341692
-0.0027768
0.000185552
-0.00274913
2.52391e-05
-0.00267314
-0.000133663
-0.00254558
-0.000289735
-0.00236785
-0.000442099
-0.00214233
-0.000589089
-0.0018723
-0.000728168
-0.00156145
-0.000857203
-0.00121408
-0.000973957
-0.000835307
-0.00107685
-0.000430519
-0.0011632
-5.92125e-06
-0.00123122
0.000432003
-0.00128015
0.000876465
-0.00130773
0.00131971
-0.00131222
0.0017544
-0.00129396
0.00217286
-0.00125165
0.00256716
-0.00118498
0.00292991
-0.00109458
0.00325413
-0.000981993
0.00353287
-0.000846988
0.00376024
-0.000692254
0.00392946
-0.000519183
0.00403623
-0.000331234
0.00407689
-0.000131667
0.00404878
8.8957e-05
0.00395226
0.000306731
0.00378762
0.000521009
0.00355634
0.000729614
0.00326145
0.000928953
0.00290785
0.00111435
0.00250208
0.00128083
0.00205203
0.00142415
0.00156701
0.00153917
0.00105732
0.0016226
0.000534309
0.00167103
1.08292e-05
0.00168078
-0.000500615
0.0016522
-0.000987256
0.00158296
-0.0014366
0.00147401
-0.00183728
0.00132784
-0.00217816
0.00114582
-0.00244885
0.000931851
-0.00264228
0.000693515
-0.00275163
0.000432843
-0.00277483
0.000163541
-0.00270792
-0.000124619
-0.00255646
-0.000398264
-0.00232377
-0.000657986
-0.0020172
-0.000896536
-0.00164726
-0.0011046
-0.00122649
-0.00127521
-0.000770161
-0.00139968
-0.000294575
-0.00147391
0.000182628
-0.00149354
0.000643456
-0.00145669
0.0010699
-0.0013631
0.00144546
-0.0012164
0.00175505
-0.0010213
0.00198641
-0.000785058
0.00212948
-0.000515939
0.00217855
-0.000227848
0.0021315
7.68647e-05
0.00199406
0.000369447
0.00177154
0.000641158
0.00147517
0.000881207
0.00112064
0.00107633
0.000725803
0.00121731
0.000311181
0.00129592
-0.000100648
0.00130672
-0.000489148
0.00125054
-0.000834058
0.00112962
-0.00111653
0.00095024
-0.00132252
0.000723361
-0.00144281
0.000463087
-0.00147201
0.000184587
-0.00141186
-9.99344e-05
-0.00127045
-0.000361878
-0.00105896
-0.000589512
-0.000794574
-0.000768288
-0.000498341
-0.000885922
-0.000192186
-0.00093592
0.000100587
-0.000914998
0.000358611
-0.000826112
0.000563307
-0.000678569
0.000701013
-0.000485277
0.000764163
-0.000263886
0.000750586
-3.33484e-05
0.000667794
0.000188113
0.000526079
0.000374996
0.00034209
0.000515145
0.000135967
0.000595684
-6.99736e-05
0.000610381
-0.000255094
0.00055963
-0.000401077
0.000450451
-0.000493884
0.000295426
-0.000525944
0.000111651
-0.000494523
-8.72201e-05
-0.000405676
-0.000270625
-0.000269299
-0.000424967
-0.000100428
-0.000535391
8.30676e-05
-0.000590875
0.000262311
-0.000586241
0.000419941
-0.00052396
0.000541092
-0.000411141
0.00061527
-0.000260071
0.00063625
-8.57174e-05
0.000604689
9.6958e-05
0.000524541
0.000266337
0.000404627
0.00040989
0.00025698
0.000515485
9.5518e-05
0.000575676
-6.58426e-05
0.000586971
-0.000213795
0.00055114
-0.000337351
0.00047403
-0.000428412
0.00036483
-0.000482434
0.000234972
-0.000498253
9.68932e-05
-0.000478372
-3.73543e-05
-0.000427614
-0.000156703
-0.000353418
-0.000252799
-0.000264008
-0.0003197
-0.000168325
-0.000354866
-7.46677e-05
-0.000358887
9.74513e-06
-0.000334727
7.94773e-05
-0.000287939
0.000131144
-0.000225486
0.000163368
-0.000155045
0.000176765
-8.39931e-05
0.000173767
-1.90714e-05
0.000157824
3.44234e-05
0.000133439
7.33401e-05
0.000105202
9.62637e-05
7.68512e-05
0.000104513
5.15988e-05
0.000100279
3.12555e-05
8.81839e-05
1.68366e-05
7.23421e-05
6.96088e-06
5.8549e-05
5.03506e-05
-0.000658197
0.000801366
-0.00130609
0.000777477
-0.00192825
0.000727191
-0.00250661
0.000645569
-0.00302264
0.000533893
-0.003464
0.000391858
-0.00383429
0.000231649
-0.00410664
3.46232e-05
-0.00426449
-0.000185695
-0.00430302
-0.000417535
-0.004219
-0.000655402
-0.00400493
-0.000901647
-0.00365997
-0.00114669
-0.00318661
-0.00138477
-0.00259414
-0.00160957
-0.00189383
-0.0018152
-0.00110051
-0.00199638
-0.00022833
-0.0021482
0.000703742
-0.0022662
0.00167544
-0.0023461
0.0026663
-0.00238448
0.00365452
-0.00237945
0.00461754
-0.00232912
0.00553285
-0.00223359
0.00637861
-0.00209291
0.00713645
-0.00191238
0.00778853
-0.001692
0.00832451
-0.00144479
0.00873455
-0.00116982
0.009018
-0.000883452
0.00917389
-0.000586504
0.00919936
-0.000282612
0.00910621
1.09927e-05
0.00893056
0.000284013
0.00866686
0.000548798
0.00831615
0.000798292
0.00788936
0.00103005
0.00739834
0.00124255
0.00685357
0.00143426
0.00626465
0.00160468
0.00564088
0.00175295
0.00499052
0.00187879
0.00432201
0.00198184
0.00364263
0.00206235
0.00296089
0.00211949
0.00228195
0.00215475
0.00161271
0.00216793
0.000960088
0.00215851
0.000329021
0.00212813
-0.000276914
0.00207765
-0.000851233
0.00200661
-0.00138654
0.00191434
-0.00188395
0.00180603
-0.00233356
0.00167691
-0.00273755
0.00153411
-0.00308864
0.00137503
-0.00338496
0.0011986
-0.00362203
0.0010117
-0.00379854
0.000813925
-0.00391377
0.0006078
-0.00396869
0.00039661
-0.0039598
0.000176666
-0.00388822
-4.63401e-05
-0.00375617
-0.000265717
-0.00356362
-0.000482282
-0.00331266
-0.000693054
-0.00300619
-0.00089556
-0.00264797
-0.0010864
-0.00224273
-0.00126244
-0.00179584
-0.00142085
-0.00131286
-0.00155983
-0.000801013
-0.00167504
-0.000267937
-0.00176429
0.000278902
-0.00182699
0.000830737
-0.00185956
0.00137882
-0.00186031
0.00191427
-0.00182941
0.00242777
-0.00176515
0.00291019
-0.0016674
0.00335237
-0.00153676
0.00374548
-0.0013751
0.0040818
-0.00118331
0.00435396
-0.000964415
0.0045556
-0.000720825
0.00468081
-0.000456437
0.0047252
-0.000176063
0.00468675
0.000127413
0.00456624
0.000427232
0.00436368
0.000723577
0.00408093
0.00101236
0.00372223
0.00128765
0.00329389
0.00154268
0.00280391
0.00177082
0.00226208
0.00196598
0.00168058
0.00212067
0.00107189
0.00223129
0.000449598
0.00229333
-0.000172044
0.00230242
-0.000777663
0.00225782
-0.0013516
0.0021569
-0.00187808
0.00200049
-0.00234272
0.00179249
-0.00273359
0.00153669
-0.00303994
0.0012382
-0.00325039
0.000903963
-0.00336052
0.000542972
-0.00336638
0.000169404
-0.00326655
-0.000224448
-0.00306516
-0.000599656
-0.0027674
-0.000955748
-0.00238289
-0.00128104
-0.00192494
-0.00156255
-0.00140886
-0.00179129
-0.00085323
-0.0019553
-0.000278229
-0.00204891
0.000295179
-0.00206695
0.000844967
-0.00200647
0.00134977
-0.00186791
0.00178964
-0.00165626
0.0021476
-0.00137927
0.0024091
-0.00104655
0.00256292
-0.000669762
0.0026028
-0.000267724
0.002529
0.000150665
0.00234649
0.000551953
0.00206352
0.000924129
0.0016946
0.00125013
0.00125863
0.00151229
0.00077831
0.00169764
0.000278677
0.00179556
-0.000213903
0.0017993
-0.00067297
0.00170961
-0.00107418
0.00153084
-0.00139724
0.0012733
-0.00162609
0.000952215
-0.00174887
0.000585864
-0.00176248
0.000198195
-0.00166819
-0.000194223
-0.00147706
-0.000553012
-0.00120445
-0.000862114
-0.000872489
-0.00110025
-0.000505323
-0.00125309
-0.000132091
-0.00130915
0.000219106
-0.0012662
0.0005231
-0.00113011
0.000758787
-0.000914255
0.000910397
-0.000636888
0.000969846
-0.000323335
0.000934376
2.12185e-06
0.00081645
0.000306038
0.000628991
0.000562455
0.000393231
0.000750906
0.000134776
0.000854139
-0.000119776
0.000864934
-0.000345017
0.00078487
-0.000519365
0.000624799
-0.000626972
0.000403033
-0.000659133
0.000143812
-0.000616568
-0.000129786
-0.000505402
-0.000381791
-0.000339211
-0.000591158
-0.000136985
-0.000737617
7.99277e-05
-0.000807787
0.000289214
-0.000795527
0.000470326
-0.000705072
0.000607028
-0.000547843
0.000687829
-0.000340872
0.000707448
-0.000105336
0.00066697
0.000137435
0.00057243
0.000360877
0.00043504
0.000547281
0.000268917
0.000681608
9.02214e-05
0.000754372
-8.57206e-05
0.000762913
-0.000244116
0.000709535
-0.00037335
0.000603264
-0.000465392
0.000456873
-0.000516053
0.000285632
-0.000525185
0.000106025
-0.000496189
-6.63502e-05
-0.00043543
-0.000217463
-0.000351138
-0.00033709
-0.000252877
-0.000417961
-0.000150148
-0.000457595
-5.20752e-05
-0.00045696
3.43962e-05
-0.000421199
0.000103611
-0.000357154
0.000152553
-0.000274428
0.000180397
-0.000182889
0.000188382
-9.19783e-05
0.000179482
-1.01709e-05
0.00015819
5.57147e-05
0.000129063
0.000102468
9.6986e-05
0.00012834
6.65692e-05
0.00013493
4.03928e-05
0.000126455
2.15243e-05
0.000107052
9.17481e-06
8.46916e-05
3.02653e-06
6.46973e-05
5.33771e-05
-0.0013953
0.00219666
-0.00277125
0.00215343
-0.00409453
0.00205047
-0.00532715
0.00187819
-0.00643375
0.0016405
-0.00736804
0.00132614
-0.0081051
0.000968706
-0.00858527
0.000514801
-0.00885856
8.75909e-05
-0.0088666
-0.000409494
-0.00863217
-0.000889833
-0.00815963
-0.00137419
-0.00746579
-0.00184053
-0.0065648
-0.00228575
-0.00547643
-0.00269794
-0.00422112
-0.00307051
-0.00282296
-0.00339454
-0.00130833
-0.00366283
0.000293274
-0.0038678
0.00194972
-0.00400254
0.00362463
-0.00405939
0.00528176
-0.00403658
0.00688077
-0.00392812
0.00838566
-0.00373848
0.00975067
-0.00345793
0.0109534
-0.00311515
0.0119323
-0.00267084
0.0127171
-0.0022296
0.0132225
-0.00167526
0.0134969
-0.00115784
0.0135273
-0.000616843
0.013355
-0.000110351
0.0130292
0.000336802
0.0125517
0.000761495
0.011948
0.00115256
0.0112408
0.00150542
0.0104521
0.00181876
0.00960152
0.00209314
0.00870644
0.00232933
0.0077816
0.00252952
0.00683989
0.00269466
0.00589349
0.00282519
0.00495018
0.00292515
0.00402042
0.00299212
0.00310876
0.00303114
0.00222148
0.00304204
0.0013634
0.00302601
0.000542554
0.00297935
-0.000238258
0.00290894
-0.000976648
0.00281604
-0.0016634
0.00269337
-0.00230132
0.00255226
-0.00287897
0.00238368
-0.00339895
0.00219689
-0.00385647
0.00199163
-0.00424716
0.00176572
-0.00457042
0.00152185
-0.00482433
0.00126562
-0.0050057
0.000995296
-0.00511297
0.000715073
-0.00514386
0.000427498
-0.00510205
0.000134849
-0.00498877
-0.000159612
-0.00480228
-0.000452206
-0.00454504
-0.00073953
-0.00421997
-0.00101812
-0.00383116
-0.00128437
-0.00338317
-0.00153439
-0.00288169
-0.00176391
-0.00233325
-0.00196929
-0.00174487
-0.00214822
-0.00112462
-0.00229529
-0.000481422
-0.00240749
0.000175614
-0.00248403
0.000836612
-0.00252056
0.00149048
-0.00251417
0.00212673
-0.00246566
0.0027348
-0.00237321
0.00330459
-0.0022372
0.00382504
-0.00205721
0.00428571
-0.00183577
0.00467668
-0.00157428
0.00498998
-0.00127771
0.00522058
-0.000951427
0.00536232
-0.000598179
0.00540951
-0.000223254
0.00535707
0.000179857
0.00520843
0.000575866
0.0049633
0.000968712
0.00462417
0.00135149
0.00419658
0.00171524
0.00368881
0.00205046
0.00311073
0.00234889
0.00247312
0.0026036
0.00178981
0.00280397
0.00107679
0.00294431
0.000350185
0.00301993
-0.000371345
0.00302395
-0.00107117
0.00295764
-0.00173105
0.00281677
-0.00233533
0.00260477
-0.00286624
0.00232339
-0.00330641
0.00197686
-0.003647
0.00157878
-0.00387385
0.00113081
-0.00398257
0.000651696
-0.00396743
0.000154269
-0.00383084
-0.000361041
-0.0035754
-0.0008551
-0.00320867
-0.00132247
-0.00274224
-0.00174748
-0.00219198
-0.00211281
-0.00157763
-0.00240564
-0.00091987
-0.00261307
-0.00024282
-0.00272596
0.000428199
-0.00273797
0.00106794
-0.00264622
0.00165133
-0.00245131
0.00215545
-0.00216038
0.00255976
-0.00178358
0.00284901
-0.00133581
0.00301138
-0.00083213
0.00303847
-0.000294817
0.00293383
0.000255305
0.00270116
0.00078463
0.00235234
0.00127295
0.00190599
0.00169648
0.00138498
0.0020333
0.000816581
0.00226604
0.000230351
0.00238179
-0.000342974
0.00237262
-0.00087297
0.0022396
-0.00133231
0.00199018
-0.00169509
0.00163608
-0.00194336
0.00120049
-0.0020656
0.000708096
-0.00205726
0.000189857
-0.00192633
-0.000325151
-0.00168219
-0.000797153
-0.00134529
-0.00119901
-0.000941924
-0.00150362
-0.000502811
-0.0016922
-6.06769e-05
-0.00175129
0.000350436
-0.00167731
0.000701282
-0.00148095
0.000966879
-0.00117985
0.00112945
-0.000799459
0.00118037
-0.000374253
0.00112199
6.04947e-05
0.000964919
0.000463114
0.000728321
0.000799053
0.000438536
0.00104069
0.000125583
0.00116709
-0.000178234
0.00116875
-0.000443352
0.00104999
-0.000644759
0.000826206
-0.000765269
0.000523543
-0.000796587
0.000175131
-0.000739344
-0.000187029
-0.000603188
-0.000517946
-0.000405286
-0.00078906
-0.000168251
-0.000974653
8.23518e-05
-0.00105839
0.000320891
-0.00103407
0.000524664
-0.000908846
0.000675488
-0.000698667
0.000761317
-0.000426701
0.000777587
-0.000121605
0.000727049
0.000187974
0.000617171
0.000470755
0.000461784
0.000702668
0.000276957
0.000866435
8.12315e-05
0.000950097
-0.000107916
0.00095206
-0.000275518
0.000877137
-0.000409316
0.000737062
-0.000501261
0.000548817
-0.000547785
0.000332157
-0.000549607
0.000107848
-0.00051152
-0.000104437
-0.000440847
-0.000288136
-0.000346983
-0.000430954
-0.000240529
-0.000524415
-0.000131709
-0.000566415
-2.96776e-05
-0.000558991
5.80507e-05
-0.000508927
0.000126288
-0.000425391
0.000172226
-0.000320366
0.000195561
-0.000206225
0.000198137
-9.45545e-05
0.000183769
4.19766e-06
0.000156957
8.25267e-05
0.000123621
0.000135803
8.83391e-05
0.000163622
5.60914e-05
0.000167178
2.99727e-05
0.000152574
1.18606e-05
0.000125164
2.3717e-06
9.41804e-05
-6.80627e-07
6.77496e-05
5.26965e-05
-0.00250479
0.00470145
-0.00497406
0.0046227
-0.00734798
0.00442439
-0.00955717
0.00408738
-0.0115309
0.00361426
-0.0131798
0.00297505
-0.0144806
0.00226946
-0.0153098
0.00134405
-0.01592
0.000697757
-0.0162437
-8.58468e-05
-0.0160713
-0.00106222
-0.0154248
-0.00202067
-0.0143409
-0.00292445
-0.0128655
-0.00376111
-0.0110738
-0.00448961
-0.00901971
-0.00512465
-0.00674458
-0.00566967
-0.00429426
-0.00611315
-0.00172194
-0.00644012
0.000916924
-0.0066414
0.00356146
-0.00670392
0.00615666
-0.00663178
0.00862933
-0.00640079
0.0109166
-0.00602576
0.0129298
-0.00547109
0.0146105
-0.00479591
0.0158577
-0.00391805
0.0166863
-0.0030582
0.017019
-0.00200793
0.0169711
-0.0011099
0.0165965
-0.000242311
0.0160057
0.000480513
0.0152186
0.00112386
0.014299
0.00168115
0.0132886
0.00216293
0.012218
0.00257601
0.011109
0.00292776
0.00997881
0.00322334
0.00884011
0.00346804
0.00770426
0.00366536
0.00658005
0.00381887
0.00547344
0.0039318
0.00439113
0.00400745
0.0033389
0.00404435
0.00232061
0.00404943
0.0013433
0.00401935
0.000409501
0.00395981
-0.000482871
0.00387172
-0.00132388
0.00374995
-0.00210878
0.00360094
-0.00284019
0.00342478
-0.00350932
0.00322139
-0.00411571
0.00299007
-0.00465484
0.00273602
-0.00512206
0.00245886
-0.00551673
0.00216039
-0.00583582
0.00184094
-0.00607602
0.00150582
-0.00623606
0.00115533
-0.00631453
0.000793538
-0.00631018
0.000423152
-0.00622275
4.74212e-05
-0.00605353
-0.000328838
-0.00580384
-0.00070189
-0.00547594
-0.00106743
-0.00507324
-0.00142082
-0.00459991
-0.0017577
-0.00406147
-0.00207283
-0.00346422
-0.00236116
-0.00281541
-0.0026181
-0.00212319
-0.00284044
-0.00139727
-0.00302121
-0.000647792
-0.00315697
0.000114665
-0.00324648
0.000878936
-0.00328483
0.00163273
-0.00326797
0.00236506
-0.00319799
0.00306248
-0.00307063
0.00371355
-0.00288827
0.00430519
-0.00264886
0.00482726
-0.00235783
0.00527081
-0.00201783
0.00562669
-0.00163359
0.00588026
-0.001205
0.00602849
-0.000746411
0.00607209
-0.000266852
0.00600478
0.00024717
0.00582554
0.0007551
0.00553623
0.00125803
0.00514076
0.00174696
0.00464489
0.00221111
0.00405826
0.00263709
0.0033928
0.00301435
0.00266229
0.00333411
0.00188248
0.00358378
0.00106975
0.00375703
0.000244191
0.0038455
-0.000574975
0.00384311
-0.00136724
0.00374991
-0.00211107
0.0035606
-0.00278564
0.00327934
-0.00337464
0.0029124
-0.00386185
0.00246407
-0.00422951
0.00194644
-0.00446993
0.00137123
-0.00457565
0.000757415
-0.00453588
0.000114502
-0.00436164
-0.000535279
-0.00405221
-0.00116453
-0.00361713
-0.00175756
-0.00307044
-0.00229417
-0.00243099
-0.00275226
-0.00172034
-0.00311629
-0.000964314
-0.00336909
-0.000189945
-0.00350033
0.000573871
-0.00350179
0.00129825
-0.00337059
0.00195484
-0.0031079
0.00251787
-0.00272341
0.00296487
-0.00223057
0.00327612
-0.00164706
0.00344295
-0.000998959
0.00345503
-0.000306906
0.00331684
0.000393501
0.00303336
0.00106811
0.00262015
0.00168616
0.00209774
0.00221888
0.00149374
0.0026373
0.000839246
0.00292054
0.000168599
0.00305243
-0.000482247
0.00302347
-0.0010793
0.00283665
-0.00158926
0.00250014
-0.00198753
0.00203435
-0.00225204
0.00146499
-0.00237078
0.00082684
-0.00234057
0.000159646
-0.0021694
-0.000496324
-0.00187093
-0.00109562
-0.0014696
-0.00160033
-0.000995901
-0.00197732
-0.00048711
-0.00220099
2.03787e-05
-0.00225877
0.000488021
-0.00214495
0.000881814
-0.00187474
0.00117358
-0.00147162
0.00134414
-0.000970024
0.00138557
-0.000415678
0.00130067
0.000145397
0.0011037
0.000660078
0.000817038
0.00108572
0.000473654
0.00138408
0.000107832
0.00153291
-0.000242609
0.00151919
-0.000544338
0.00135172
-0.000770282
0.00105215
-0.00090085
0.000654111
-0.000927298
0.000201579
-0.000854254
-0.000260073
-0.000692504
-0.000679697
-0.00046322
-0.00101834
-0.000192571
-0.0012453
8.96459e-05
-0.00134061
0.000354975
-0.00129939
0.00057846
-0.00113233
0.000740578
-0.000860785
0.000829495
-0.000515618
0.000840679
-0.000132789
0.00077911
0.000249543
0.00065421
0.000595654
0.000481631
0.000875248
0.000280592
0.00106747
7.03125e-05
0.00116038
-0.000130661
0.00115303
-0.000305458
0.00105193
-0.00044192
0.000873523
-0.000532482
0.00063938
-0.000574128
0.000373802
-0.000568629
0.000102349
-0.000521748
-0.000151318
-0.000441908
-0.000367975
-0.000339832
-0.00053303
-0.00022659
-0.000637658
-0.000112887
-0.000680118
-8.16216e-06
-0.000663716
7.97521e-05
-0.000596841
0.00014626
-0.000491899
0.000188824
-0.000362931
0.000207692
-0.000225093
0.00020519
-9.20518e-05
0.000185747
2.36402e-05
0.000154445
0.000113829
0.000116946
0.000173302
7.93497e-05
0.000201219
4.5556e-05
0.000200971
1.97722e-05
0.000178358
3.17023e-06
0.000141766
-4.20409e-06
0.000101555
-4.22211e-06
6.77677e-05
4.84744e-05
-0.00450573
0.00920718
-0.00899898
0.00911595
-0.0133892
0.00881465
-0.0175706
0.00826876
-0.0214099
0.00745358
-0.0246271
0.0061922
-0.0271859
0.00482828
-0.0281187
0.00227682
-0.0285764
0.00115544
-0.027652
-0.00101019
-0.0261714
-0.00254286
-0.0241986
-0.00399347
-0.0218568
-0.00526624
-0.0191993
-0.00641855
-0.016249
-0.00743998
-0.0130446
-0.00832897
-0.0096366
-0.0090777
-0.00607025
-0.0096795
-0.00238761
-0.0101228
0.0013681
-0.0103971
0.00514454
-0.0104804
0.00889204
-0.0103793
0.0125304
-0.0100391
0.0159963
-0.00949163
0.0191179
-0.00859273
0.0218567
-0.00753471
0.0236246
-0.00568594
0.0248329
-0.00426651
0.0244992
-0.00167426
0.0237541
-0.000364764
0.022542
0.000969817
0.021146
0.00187644
0.0195763
0.00269361
0.0179261
0.00333137
0.0162311
0.00385792
0.0145336
0.00427345
0.0128636
0.00459781
0.0112426
0.00484435
0.00968333
0.00502728
0.00819057
0.00515813
0.00676927
0.00524017
0.00541706
0.00528401
0.0041358
0.00528871
0.0029156
0.00526454
0.00175995
0.00520508
0.000664869
0.00511444
-0.000368951
0.00499363
-0.00133694
0.00483971
-0.00224388
0.00465689
-0.0030865
0.00444356
-0.00386209
0.00420036
-0.00456698
0.00392628
-0.00520131
0.0036244
-0.00576002
0.00329473
-0.00624024
0.00293907
-0.00663881
0.00255896
-0.00695387
0.002156
-0.0071824
0.00173435
-0.00732245
0.00129539
-0.00737291
0.00084399
-0.00733274
0.000382984
-0.00720249
-8.28285e-05
-0.00698249
-0.000548837
-0.0066748
-0.00100958
-0.00628183
-0.0014604
-0.00580767
-0.00189499
-0.00525698
-0.00230839
-0.00463585
-0.00269396
-0.00395155
-0.00304546
-0.00321269
-0.00335696
-0.00242788
-0.00362525
-0.00160788
-0.00384121
-0.00076376
-0.00400109
9.31489e-05
-0.00410339
0.00095049
-0.00414217
0.00179325
-0.00411072
0.00260943
-0.00401417
0.00338501
-0.00384621
0.0041072
-0.00361045
0.00476153
-0.00330319
0.00533917
-0.00293548
0.00582351
-0.00250216
0.00620495
-0.00201503
0.00648311
-0.00148316
0.00664148
-0.000904782
0.00667359
-0.000298955
0.006589
0.00033176
0.00638007
0.000964026
0.00604722
0.00159088
0.00559727
0.00219691
0.00503795
0.00277043
0.00437809
0.00329694
0.00363242
0.00376002
0.00281602
0.00415051
0.00194663
0.00445317
0.00104434
0.00465932
0.000129726
0.00476011
-0.000774107
0.00474695
-0.00164515
0.00462096
-0.0024612
0.00437665
-0.00320166
0.00401979
-0.00384232
0.00355306
-0.00436686
0.00298861
-0.00475931
0.00233889
-0.00501065
0.00162256
-0.00510489
0.000851653
-0.00504404
5.36546e-05
-0.00483116
-0.00074816
-0.00446904
-0.00152665
-0.00396914
-0.00225746
-0.00334881
-0.0029145
-0.00262698
-0.00347409
-0.00182899
-0.00391428
-0.000984381
-0.0042137
-0.000122099
-0.00436262
0.000723443
-0.00434733
0.00152215
-0.0041693
0.00224228
-0.00382802
0.00285534
-0.00333647
0.00333691
-0.00271214
0.0036673
-0.00197745
0.00383129
-0.00116295
0.00382749
-0.000303111
0.00365475
0.000566241
0.00332262
0.00140024
0.00284787
0.00216092
0.00225494
0.00281181
0.00157466
0.00331759
0.000842094
0.0036531
9.55632e-05
0.00379896
-0.000623191
0.00374222
-0.00127772
0.00349119
-0.00183309
0.00305551
-0.00225881
0.00246007
-0.00253453
0.00174071
-0.00264642
0.000938731
-0.00259228
0.00010551
-0.00238168
-0.000706932
-0.00203119
-0.00144611
-0.00157
-0.00206152
-0.00103289
-0.00251444
-0.000459006
-0.00277487
0.000107697
-0.00282548
0.000625007
-0.00266226
0.00105523
-0.00230497
0.00136784
-0.00178422
0.00154317
-0.00114536
0.00157207
-0.00044458
0.00146017
0.000257297
0.00122351
0.000896738
0.000890546
0.00141868
0.000496691
0.00177793
8.29198e-05
0.00194668
-0.000308989
0.0019111
-0.000642607
0.00168533
-0.000887682
0.00129723
-0.00102443
0.00079086
-0.00104537
0.000222521
-0.000955099
-0.000350347
-0.000768473
-0.000866322
-0.000509539
-0.00127728
-0.000209497
-0.00154534
0.000100728
-0.00165083
0.00038864
-0.00158731
0.000627721
-0.00137141
0.000797856
-0.00103092
0.000887137
-0.0006049
0.000892633
-0.000138284
0.000819838
0.000322338
0.000681051
0.000734442
0.000493807
0.00106249
0.000278066
0.00128321
5.59686e-05
0.00138247
-0.000152663
0.00136167
-0.000331808
0.00123108
-0.00046889
0.0010106
-0.000556646
0.000727137
-0.000592958
0.000410114
-0.000580225
8.96164e-05
-0.00052556
-0.000205984
-0.000438093
-0.000455442
-0.000329471
-0.000641652
-0.000211174
-0.000755955
-9.44084e-05
-0.000796883
1.12497e-05
-0.000769375
9.85284e-05
-0.00068412
0.000162626
-0.000555996
0.000201645
-0.00040195
0.000216132
-0.000239579
0.000209066
-8.49857e-05
0.000185235
4.74712e-05
0.000150115
0.000148949
0.000109833
0.000213584
7.02308e-05
0.000240821
3.56583e-05
0.000235544
1.02009e-05
0.000203815
-4.89989e-06
0.000156867
-1.01721e-05
0.000106827
-7.37915e-06
6.49747e-05
4.10952e-05
-0.00680899
0.0160162
-0.0136613
0.0159683
-0.0204528
0.0156061
-0.0270246
0.0148406
-0.0328872
0.0133162
-0.0372029
0.010508
-0.0384721
0.00609746
-0.0371092
0.000913921
-0.0377547
0.00180096
-0.0389452
0.000180291
-0.0389848
-0.00250325
-0.0374477
-0.00553064
-0.0346313
-0.00808257
-0.0308251
-0.0102248
-0.026309
-0.0119561
-0.0213001
-0.0133379
-0.0159607
-0.0144171
-0.0104081
-0.0152321
-0.00472903
-0.0158019
0.00100139
-0.0161275
0.00672275
-0.0162017
0.0123699
-0.0160264
0.0178284
-0.0154976
0.0229801
-0.0146434
0.0275357
-0.0131483
0.0313417
-0.0113406
0.0337299
-0.00807419
0.0340623
-0.00459889
0.0324094
-2.14092e-05
0.0297002
0.0023445
0.0267281
0.00394188
0.0237582
0.00484634
0.0209916
0.0054602
0.0184361
0.0058869
0.0161223
0.00617172
0.0140115
0.00638419
0.0120857
0.00652365
0.0103076
0.00662245
0.00866013
0.00667475
0.0071199
0.00669835
0.00567067
0.00668941
0.00431169
0.00664298
0.00302657
0.00657384
0.00181482
0.0064763
0.000669559
0.00635033
-0.000414601
0.0061986
-0.00143824
0.00601727
-0.002402
0.00580346
-0.00330253
0.00555742
-0.00413823
0.00527927
-0.00490913
0.00497127
-0.00560902
0.00462616
-0.0062353
0.00425068
-0.00678494
0.00384437
-0.00725371
0.00340785
-0.0076385
0.00294375
-0.00793554
0.00245304
-0.00814199
0.0019408
-0.0082554
0.00140879
-0.00827394
0.000862538
-0.00819693
0.000305969
-0.00802409
-0.000255665
-0.00775623
-0.000816699
-0.00739521
-0.00137059
-0.00694394
-0.00191167
-0.00640658
-0.00243235
-0.00578832
-0.00292665
-0.00509579
-0.00338649
-0.00433677
-0.00380448
-0.00352036
-0.00417337
-0.00265616
-0.00448945
-0.00175565
-0.00474172
-0.000831083
-0.00492565
0.000104945
-0.00503942
0.00103788
-0.00507511
0.00195458
-0.00502742
0.00283994
-0.00489953
0.00368029
-0.00468657
0.00445885
-0.00438901
0.00516493
-0.00400927
0.00578172
-0.00355227
0.00630058
-0.00302102
0.006709
-0.00242345
0.0069934
-0.00176756
0.00715692
-0.00106831
0.00718451
-0.000326545
0.00707998
0.000436295
0.0068407
0.00120331
0.00646947
0.0019621
0.00597094
0.00269545
0.00535457
0.00338679
0.0046327
0.00401882
0.0038183
0.00457442
0.00292785
0.00504095
0.0019829
0.00539813
0.00100457
0.00563765
1.52283e-05
0.00574946
-0.00096091
0.00572309
-0.00190027
0.00556032
-0.00277612
0.00525249
-0.0035642
0.00480787
-0.00424657
0.00423544
-0.00479962
0.00354166
-0.00521119
0.00275047
-0.00546155
0.00187293
-0.00554852
0.000938615
-0.00546686
-2.80005e-05
-0.00521868
-0.000996337
-0.00480974
-0.00193559
-0.00425283
-0.00281437
-0.0035663
-0.00360103
-0.00277412
-0.00426626
-0.00190206
-0.00478635
-0.000981554
-0.0051342
-4.80352e-05
-0.00529613
0.000866732
-0.00526209
0.0017271
-0.00502968
0.00249833
-0.00459924
0.00315072
-0.00398886
0.00365836
-0.00321978
0.00399984
-0.00231894
0.0041616
-0.0013247
0.00413823
-0.000279741
0.0039331
0.000771377
0.00355614
0.00177719
0.00302683
0.00269023
0.00237224
0.0034664
0.00162641
0.00406342
0.000827894
0.00445161
1.89344e-05
0.00460792
-0.000757459
0.00451862
-0.0014591
0.00419283
-0.00204908
0.00364548
-0.00249617
0.00290716
-0.00277732
0.00202185
-0.00287994
0.00104135
-0.00280231
2.78871e-05
-0.00255468
-0.000954563
-0.00215802
-0.00184277
-0.00164309
-0.00257645
-0.00104845
-0.00310908
-0.000421366
-0.00340196
0.000195583
-0.00344243
0.000753574
-0.00322025
0.00121285
-0.00276425
0.00154073
-0.0021121
0.00171655
-0.00132117
0.00173141
-0.000459446
0.00159338
0.000395333
0.00132022
0.00116989
0.00094574
0.00179316
0.000507702
0.00221597
5.27927e-05
0.00240159
-0.000373377
0.00233727
-0.000732192
0.00204415
-0.000991614
0.00155665
-0.00113156
0.000930808
-0.00114448
0.000235434
-0.00103755
-0.000457271
-0.000828094
-0.00107578
-0.000543875
-0.0015615
-0.00021767
-0.00187155
0.000114347
-0.00198285
0.00041959
-0.00189255
0.000669619
-0.00162144
0.000844275
-0.00120557
0.000931799
-0.000692424
0.000930677
-0.000137162
0.000847547
0.000405467
0.000696712
0.000885277
0.000497453
0.00126175
0.000271504
0.00150916
4.09125e-05
0.00161307
-0.000172569
0.00157515
-0.000353271
0.00141178
-0.000488895
0.00114623
-0.000572671
0.000810912
-0.000603264
0.000440707
-0.000584113
7.04646e-05
-0.000522782
-0.000267315
-0.000429432
-0.000548791
-0.000316097
-0.000754987
-0.000194694
-0.000877358
-7.67154e-05
-0.000914862
2.85827e-05
-0.000874673
0.000113972
-0.000769509
0.00017506
-0.000617085
0.000210323
-0.000437213
0.000220749
-0.000250005
0.00020976
-7.39967e-05
0.000182261
7.49705e-05
0.000144151
0.000187059
0.000102118
0.000255617
6.1189e-05
0.00028175
2.64247e-05
0.000270308
1.85085e-06
0.000228389
-1.19986e-05
0.000170717
-1.52875e-05
0.000110116
-1.00343e-05
5.97215e-05
3.10609e-05
-0.00958732
0.0256035
-0.0196221
0.0260031
-0.0303902
0.0263742
-0.0423846
0.026835
-0.0555877
0.0265193
-0.0698211
0.0247413
-0.0829265
0.0192029
-0.0917847
0.00977213
-0.0795378
-0.010446
-0.0683313
-0.0110262
-0.0585324
-0.0123021
-0.0499519
-0.0141112
-0.0422338
-0.0158007
-0.0351522
-0.0173064
-0.0285156
-0.0185926
-0.0221766
-0.0196769
-0.0160175
-0.0205763
-0.00994102
-0.0213085
-0.00386319
-0.0218797
0.00229309
-0.0222838
0.00861612
-0.0225247
0.0151922
-0.0226025
0.0221591
-0.0224645
0.0296446
-0.0221288
0.0379635
-0.0214673
0.0472686
-0.0206457
0.0584199
-0.0192255
0.0523663
0.00145474
0.0447333
0.00761156
0.0367895
0.0102883
0.0309194
0.009812
0.0260298
0.00973588
0.0222428
0.00924725
0.0189618
0.00916794
0.0161269
0.00900656
0.0136096
0.00890151
0.0114034
0.00872985
0.00944508
0.00858078
0.00769266
0.00842717
0.00610664
0.00828438
0.00465787
0.00813817
0.00330665
0.00799421
0.00204199
0.00783849
0.000849303
0.00766898
-0.000281963
0.0074816
-0.00134964
0.00726627
-0.00235552
0.00702316
-0.00330176
0.0067497
-0.00418874
0.0064444
-0.00501311
0.00610365
-0.00576976
0.00572791
-0.00645784
0.00531424
-0.00707265
0.00486549
-0.00760962
0.00438134
-0.00806431
0.00386253
-0.00843304
0.00331248
-0.00871081
0.0027308
-0.00889562
0.00212562
-0.00898421
0.00149738
-0.008973
0.000851326
-0.00886394
0.000196913
-0.00865486
-0.000464742
-0.00834678
-0.00112478
-0.00794197
-0.0017754
-0.00744277
-0.00241087
-0.00685392
-0.0030212
-0.00618136
-0.0035992
-0.00543145
-0.0041364
-0.00461284
-0.00462309
-0.00373529
-0.00505091
-0.00280886
-0.00541588
-0.00184595
-0.00570463
-0.000859568
-0.00591204
0.000137012
-0.006036
0.00112982
-0.00606792
0.00210243
-0.00600002
0.00304028
-0.00583738
0.00392799
-0.00557428
0.00474997
-0.00521099
0.00549154
-0.00475085
0.00613992
-0.00420065
0.00668091
-0.00356201
0.00710408
-0.00284662
0.00739989
-0.00206337
0.00755707
-0.00122549
0.0075771
-0.000346571
0.0074549
0.000558494
0.00718969
0.00146852
0.00678475
0.00236704
0.00624631
0.00323389
0.00558368
0.00404942
0.00480964
0.00479286
0.00393995
0.00544411
0.00299305
0.00598785
0.00198885
0.00640233
0.000950635
0.00667586
-9.70309e-05
0.00679712
-0.00112757
0.00675362
-0.0021152
0.00654796
-0.00303497
0.00617226
-0.00386243
0.00563534
-0.00457193
0.00494494
-0.00514609
0.00411581
-0.00556408
0.00316846
-0.00581583
0.00212468
-0.0058917
0.00101448
-0.00578828
-0.000131417
-0.00550849
-0.00127613
-0.00506048
-0.0023836
-0.00445762
-0.00341722
-0.00371919
-0.00433947
-0.00286939
-0.00511606
-0.00193879
-0.00571695
-0.000960615
-0.00611238
3.09503e-05
-0.0062877
0.000997848
-0.00622899
0.00190295
-0.00593478
0.00271176
-0.00540806
0.00339173
-0.00466882
0.00391545
-0.00374351
0.00426223
-0.00266571
0.0044174
-0.00147987
0.00437623
-0.000238572
0.00414145
0.00100615
0.00372676
0.00219188
0.00315217
0.00326483
0.00244725
0.00417132
0.00164885
0.00486182
0.000798461
0.005302
-5.94212e-05
0.0054658
-0.000878604
0.0053378
-0.00161492
0.00492914
-0.00222915
0.00425972
-0.00268923
0.00336724
-0.00297061
0.00230324
-0.00306215
0.00113289
-0.00296201
-7.22539e-05
-0.00268209
-0.00123448
-0.00224582
-0.00227903
-0.00168659
-0.00313569
-0.00104761
-0.00374806
-0.000374639
-0.00407493
0.000279323
-0.00409639
0.000867876
-0.0038088
0.00134737
-0.00324374
0.00168476
-0.00244949
0.00185724
-0.00149365
0.00185846
-0.000460667
0.00169539
0.000558404
0.00139171
0.00147357
0.000981188
0.00220369
0.00050757
0.00268959
2.07345e-05
0.00288843
-0.000432155
0.00279016
-0.000809515
0.00242151
-0.00107788
0.00182501
-0.00121735
0.00107028
-0.00122146
0.000239541
-0.00109914
-0.000579588
-0.000869932
-0.00130499
-0.00056478
-0.00186665
-0.000219309
-0.00221702
0.000128951
-0.00233111
0.000445755
-0.00220935
0.00070218
-0.00187787
0.000877779
-0.00138117
0.000961888
-0.000776533
0.000953728
-0.000129003
0.000861634
0.000497562
0.000701415
0.0010455
0.000493222
0.00146994
0.000260611
0.00174177
2.57954e-05
0.00184788
-0.000189272
0.00179021
-0.000368958
0.00159147
-0.000501332
0.0012786
-0.000580281
0.000889861
-0.000605083
0.000465509
-0.000580275
4.56568e-05
-0.00051357
-0.00033402
-0.000416195
-0.000646166
-0.000300223
-0.000870959
-0.000177798
-0.000999783
-6.01314e-05
-0.00103253
4.32617e-05
-0.000978066
0.000125808
-0.000852055
0.000183455
-0.000674731
0.000214969
-0.000468727
0.000221714
-0.00025675
0.000207418
-5.97009e-05
0.00017707
0.000105318
0.0001373
0.000226829
9.35498e-05
0.000299367
5.23325e-05
0.000322968
1.84469e-05
0.000304194
-5.44459e-06
0.00025228
-1.79659e-05
0.000183238
-1.94519e-05
0.000111602
-1.22087e-05
5.24784e-05
1.88522e-05
-0.0105451
0.0361485
-0.0217993
0.0372574
-0.03432
0.0388948
-0.0488688
0.0413838
-0.0662472
0.0438977
-0.0876148
0.0461089
-0.114078
0.0456665
-0.14463
0.0403235
-0.127579
-0.110787
-0.0949485
-0.0805933
-0.0675937
-0.0557661
-0.044885
-0.0347445
-0.0251579
-0.015952
-0.00696198
0.00198327
0.0110508
0.0204078
0.0302758
0.0408545
0.0524777
0.0653053
0.0799438
0.0623939
0.0190047
0.0481109
0.0218945
0.0374017
0.0209975
0.029407
0.0178067
0.0233279
0.015815
0.0187592
0.0138159
0.0152829
0.0126442
0.0126357
0.0116538
0.0105315
0.0110057
0.00875976
0.0105015
0.00720084
0.0101397
0.00578204
0.00984598
0.00445784
0.00960858
0.00320778
0.00938823
0.00201795
0.00918404
0.000882359
0.00897409
-0.000204236
0.00875558
-0.00124247
0.00851983
-0.00223879
0.00826259
-0.00318638
0.00797075
-0.0040865
0.00764982
-0.00493428
0.00729218
-0.00572606
0.00689543
-0.00645678
0.00645863
-0.00712192
0.00597938
-0.00771568
0.00545924
-0.00823267
0.00489833
-0.00866785
0.00429772
-0.0090164
0.00366103
-0.00927467
0.00298908
-0.00943742
0.00228837
-0.00950194
0.0015619
-0.00946826
0.000817646
-0.00933116
5.98105e-05
-0.00909223
-0.000703674
-0.00875195
-0.00146507
-0.00831216
-0.00221518
-0.00777663
-0.00294641
-0.00714945
-0.00364838
-0.00643642
-0.00431223
-0.00564482
-0.004928
-0.00478345
-0.00548446
-0.00386216
-0.0059722
-0.00289185
-0.00638619
-0.0018851
-0.00671139
-0.000855516
-0.00694162
0.000183178
-0.0070747
0.0012152
-0.00709994
0.00222552
-0.00701035
0.00319823
-0.00681009
0.00411719
-0.00649324
0.00496684
-0.00606064
0.00573152
-0.00551552
0.0063971
-0.00486623
0.00695176
-0.00411668
0.00738131
-0.00327616
0.00767838
-0.00236044
0.00783372
-0.00138083
0.00784318
-0.000356035
0.00770488
0.000696793
0.00741799
0.00175541
0.00698676
0.00279827
0.0064178
0.00380285
0.00572086
0.00474637
0.00490936
0.00560436
0.0039998
0.00635366
0.00301108
0.00697657
0.00196552
0.00744789
0.000886328
0.00775505
-0.000199776
0.00788323
-0.00126676
0.00782061
-0.00228767
0.00756886
-0.00323631
0.0071209
-0.00408459
0.00648361
-0.00481197
0.00567232
-0.00539462
0.00469847
-0.00581642
0.00359025
-0.00606369
0.00237195
-0.00612781
0.00107861
-0.00600616
-0.000253064
-0.0057012
-0.0015811
-0.00522135
-0.00286344
-0.00458203
-0.00405655
-0.00380301
-0.00511849
-0.00291404
-0.00600503
-0.0019416
-0.00668939
-0.00092215
-0.00713182
0.000107446
-0.0073173
0.00110888
-0.00723042
0.00204336
-0.00686927
0.00287515
-0.00623984
0.00357043
-0.0053641
0.00410233
-0.00427541
0.00444833
-0.00301171
0.00459488
-0.00162642
0.0045362
-0.000179892
0.00427789
0.00126446
0.00383204
0.00263773
0.00322246
0.0038744
0.00247949
0.0049143
0.00164302
0.00569829
0.000756735
0.00618828
-0.000134264
0.0063568
-0.000981583
0.00618512
-0.0017394
0.00568696
-0.00236749
0.00488781
-0.00283227
0.00383202
-0.00311018
0.00258115
-0.00318891
0.00121161
-0.00306858
-0.00019258
-0.00276212
-0.00154094
-0.00229469
-0.00274646
-0.00170206
-0.00372832
-0.00102997
-0.00442014
-0.000325078
-0.00477982
0.000354661
-0.00477613
0.000963084
-0.00441723
0.00145478
-0.00373544
0.00179524
-0.00278995
0.00196233
-0.00166075
0.00194922
-0.000447553
0.0017656
0.000742018
0.00143623
0.00180294
0.000997509
0.00264241
0.000499243
0.00318785
-1.14957e-05
0.00339917
-0.000482986
0.00326165
-0.000871562
0.00281009
-0.00114368
0.00209712
-0.00127997
0.00120657
-0.00127486
0.000234433
-0.00113907
-0.00071538
-0.000894399
-0.00154966
-0.00057409
-0.00218696
-0.000215477
-0.00257563
0.000143134
-0.00268972
0.000465921
-0.00253214
0.000724101
-0.00213605
0.000897673
-0.00155475
0.000976896
-0.000855757
0.000961938
-0.000114044
0.000862572
0.000596928
0.000695682
0.00121239
0.000482284
0.00168334
0.000246619
0.00197744
1.08894e-05
0.00208361
-0.000202302
0.00200341
-0.000378553
0.00176772
-0.000506102
0.00140615
-0.000579616
0.000963374
-0.000599007
0.000484901
-0.000569204
1.58533e-05
-0.000498888
-0.000404336
-0.000399184
-0.00074587
-0.000282563
-0.00098758
-0.000160939
-0.00112141
-4.53765e-05
-0.00114809
5.5143e-05
-0.00107859
0.000134125
-0.000931037
0.000187986
-0.000728592
0.000215851
-0.000496592
0.000219378
-0.000260277
0.000202459
-4.27821e-05
0.000170273
0.000137504
0.000129163
0.000267938
8.55917e-05
0.000342939
4.47296e-05
0.00036383
1.13439e-05
0.000337579
-1.15407e-05
0.000275165
-2.27011e-05
0.000194398
-2.26857e-05
0.000111587
-1.38431e-05
4.36358e-05
5.00901e-06
-0.00253805
0.0386866
-0.00467816
0.0393975
-0.00605703
0.0402737
-0.00598435
0.0413112
-0.00462748
0.0425408
-0.00171168
0.0431931
0.000509587
0.0434452
0.0408331
0.00135128
0.0176534
0.00476335
0.0184824
0.00853092
0.01723
0.01015
0.0161876
0.0109378
0.0150272
0.0105536
0.0142001
0.00978956
0.0134082
0.00871948
0.0127239
0.00757556
0.0121497
0.00639454
0.0116826
0.00524567
0.0112886
0.00411876
0.0109729
0.00303564
0.0106917
0.00197757
0.0104463
0.000947095
0.0102145
-6.18058e-05
0.00998299
-0.00104616
0.00973993
-0.00200307
0.00947675
-0.00292726
0.00918678
-0.00381999
0.00886349
-0.00467265
0.00850247
-0.00548074
0.00810027
-0.00623829
0.00765298
-0.00693952
0.00715986
-0.00757846
0.00661832
-0.00814876
0.00602954
-0.00864318
0.00539275
-0.00905819
0.00471273
-0.00938804
0.00399088
-0.00962658
0.00322762
-0.00976907
0.00243086
-0.00981518
0.001608
-0.00976001
0.000762475
-0.00960223
-9.79657e-05
-0.0093415
-0.000964405
-0.00897848
-0.00182809
-0.00851502
-0.00267864
-0.00795526
-0.00350616
-0.00730256
-0.00430108
-0.00656324
-0.00505156
-0.00574531
-0.00574593
-0.00485766
-0.00637211
-0.00391013
-0.00691973
-0.0029138
-0.00738252
-0.00188181
-0.00774338
-0.000827875
-0.00799556
0.000233836
-0.00813641
0.00128787
-0.00815398
0.00231785
-0.00804033
0.00330814
-0.00780038
0.00424233
-0.00742742
0.00510438
-0.00692269
0.00587883
-0.00628997
0.00655167
-0.00553907
0.00710823
-0.00467323
0.00753887
-0.0037068
0.00783189
-0.00265346
0.00798117
-0.00153011
0.00798081
-0.00035568
0.00782919
0.000848419
0.00752683
0.00205777
0.00707705
0.00324804
0.00648752
0.00439239
0.00576837
0.00546551
0.00493368
0.00643906
0.00399992
0.00728742
0.00298716
0.00798934
0.00191771
0.00851734
0.000816381
0.00885639
-0.00029112
0.00899073
-0.00137669
0.00890618
-0.0024136
0.00860577
-0.00337395
0.00808125
-0.00423185
0.00734152
-0.00496283
0.0064033
-0.00554712
0.00528275
-0.00596492
0.00400806
-0.00620418
0.00261121
-0.00625549
0.00112991
-0.00611803
-0.000390521
-0.00579349
-0.00190564
-0.00529284
-0.00336409
-0.00463063
-0.00471876
-0.00382816
-0.00592096
-0.00291191
-0.00692128
-0.00191531
-0.00768599
-0.000872293
-0.00817484
0.000178049
-0.00836764
0.00119706
-0.00824943
0.00214561
-0.00781781
0.00298655
-0.00708078
0.00368638
-0.00606393
0.00421707
-0.00480611
0.00455654
-0.00335118
0.00469295
-0.00176284
0.00461893
-0.000105868
0.00434177
0.00154163
0.00387352
0.00310597
0.00324034
0.00450758
0.00247475
0.00567989
0.00161501
0.00655803
0.000705822
0.00709747
-0.000202308
0.00726493
-0.00106323
0.00704604
-0.00182986
0.00645359
-0.00246165
0.00551959
-0.00292369
0.00429406
-0.00319457
0.00285203
-0.00326024
0.00127727
-0.00312283
-0.000329986
-0.00279619
-0.00186759
-0.00230687
-0.00323578
-0.00169224
-0.00434295
-0.000997641
-0.00511474
-0.000276944
-0.00550052
0.000418572
-0.00547164
0.0010368
-0.00503545
0.00153268
-0.00423132
0.00187108
-0.00312835
0.00203035
-0.00182002
0.00200424
-0.000421439
0.00180394
0.000942319
0.00145465
0.00215223
0.000998164
0.0030989
0.000481188
0.00370483
-4.32491e-05
0.00392361
-0.000524089
0.00374249
-0.000917004
0.003203
-0.00118812
0.00236824
-0.00131889
0.00133734
-0.00130504
0.00022058
-0.00115823
-0.000862185
-0.000902977
-0.00180491
-0.000572736
-0.0025172
-0.000206185
-0.00294219
0.000155813
-0.00305172
0.000479262
-0.00285559
0.000735218
-0.002392
0.000904254
-0.00172378
0.000977536
-0.000929039
0.000956441
-9.29491e-05
0.000851694
0.000701676
0.000680878
0.0013832
0.000465688
0.00189853
0.000230631
0.0022125
-1.39129e-06
0.00231563
-0.00021134
0.00221336
-0.000382156
0.00193853
-0.000503812
0.00152781
-0.000571431
0.00103099
-0.000585782
0.000499252
-0.000552321
-1.7608e-05
-0.000479797
-0.00047686
-0.00037953
-0.000846137
-0.000263808
-0.0011033
-0.000144526
-0.00124069
-3.22985e-05
-0.00126032
6.42493e-05
-0.00117513
0.000139109
-0.0010059
0.000189013
-0.000778496
0.000213469
-0.000521048
0.000214253
-0.000261061
0.000195376
-2.39048e-05
0.000162232
0.000170648
0.000120941
0.00030923
7.73666e-05
0.000386513
3.75244e-05
0.000403672
5.19131e-06
0.000369912
-1.64009e-05
0.000296757
-2.62736e-05
0.000204271
-2.50095e-05
0.000110322
-1.49836e-05
3.36099e-05
-9.97461e-06
-0.000726225
0.0394128
-0.00129305
0.0399643
-0.00167569
0.0406563
-0.00165333
0.0412888
-0.00135947
0.042247
-0.000586675
0.0424203
7.29379e-05
0.0427856
0.040906
0.00216807
0.0154853
0.00399239
0.0166581
0.00538405
0.0158383
0.00596578
0.0156059
0.00627311
0.0147199
0.00627687
0.0141964
0.0060748
0.0136103
0.00565457
0.0131441
0.00506971
0.0127345
0.0043664
0.0123859
0.00357698
0.012078
0.0027447
0.0118052
0.00187362
0.0115628
0.000987596
0.0113323
8.90977e-05
0.011113
-0.000804681
0.0108768
-0.00169309
0.0106283
-0.00256989
0.0103536
-0.00342891
0.0100458
-0.00426441
0.00969899
-0.00506888
0.00930695
-0.00583563
0.00886702
-0.0065575
0.00837486
-0.00722754
0.00782989
-0.00783832
0.00722911
-0.00838308
0.0065743
-0.00885661
0.00586628
-0.00925109
0.00510721
-0.00956053
0.00430032
-0.00978115
0.00344825
-0.00990906
0.00255877
-0.00993809
0.00163703
-0.00986688
0.000691268
-0.00969402
-0.000270824
-0.00941853
-0.0012399
-0.00904112
-0.00220549
-0.00856438
-0.00315539
-0.00799025
-0.0040803
-0.00732532
-0.004966
-0.00657424
-0.00580264
-0.00574534
-0.00657483
-0.00484659
-0.00727086
-0.00388931
-0.00787702
-0.00288412
-0.0083877
-0.0018443
-0.00878321
-0.0007837
-0.00905615
0.000283546
-0.00920365
0.00134188
-0.0092123
0.00237483
-0.00907328
0.00336691
-0.00879246
0.00430147
-0.00836199
0.00516243
-0.00778365
0.00593438
-0.00706192
0.00660328
-0.00620797
0.00715525
-0.00522521
0.00757936
-0.00413091
0.00786539
-0.0029395
0.0080063
-0.00167102
0.00799702
-0.000346393
0.00783529
0.00101014
0.00752246
0.0023706
0.00706216
0.00370834
0.0064619
0.00499264
0.00573274
0.00619467
0.00488862
0.00728319
0.00394609
0.00822994
0.0029256
0.00900982
0.0018493
0.00959363
0.000742987
0.0099627
-0.000367968
0.0101017
-0.00145504
0.00999325
-0.00249179
0.00964252
-0.00345038
0.00903984
-0.00430416
0.0081953
-0.00503009
0.00712923
-0.00560561
0.00585827
-0.00601493
0.00441737
-0.00624398
0.00284027
-0.00628488
0.00117081
-0.00613495
-0.000540454
-0.00579809
-0.0022425
-0.00528399
-0.00387819
-0.00460915
-0.0053936
-0.00379407
-0.00673604
-0.00286912
-0.00784622
-0.00186404
-0.00869107
-0.000814272
-0.0092246
0.000239953
-0.00942186
0.0012605
-0.00926998
0.00220809
-0.0087654
0.00304537
-0.00791806
0.00373928
-0.00675784
0.0042618
-0.00532863
0.00459194
-0.00368132
0.00471506
-0.00188596
0.00462968
-2.04878e-05
0.00433769
0.00183362
0.00385821
0.00358545
0.00321333
0.00515246
0.00243596
0.00645726
0.00156751
0.00742647
0.000653468
0.00801151
-0.000260394
0.0081788
-0.00112184
0.00790749
-0.00188589
0.00721764
-0.00251187
0.00614557
-0.00296601
0.0047482
-0.00322573
0.00311175
-0.0032785
0.00133004
-0.00312752
-0.00048097
-0.00278708
-0.00220803
-0.00228467
-0.00373819
-0.0016597
-0.00496792
-0.000955146
-0.0058193
-0.000229772
-0.0062259
0.000470048
-0.00617146
0.00108842
-0.00565382
0.00158073
-0.00472363
0.00191284
-0.00346046
0.00206244
-0.00196962
0.00202524
-0.000384237
0.0018117
0.00115586
0.00145113
0.0025128
0.000982085
0.00356795
0.000456075
0.00423084
-7.21267e-05
0.00445181
-0.00055444
0.0042248
-0.000945312
0.00359387
-0.00121155
0.00263448
-0.00133527
0.00146107
-0.00131317
0.000198475
-0.00115848
-0.00101687
-0.000896387
-0.00206701
-0.000561584
-0.002852
-0.000194827
-0.00330894
0.000166203
-0.00341275
0.000485612
-0.003175
0.000735772
-0.00264216
0.000898255
-0.00188626
0.000965237
-0.000996021
0.000938875
-6.65868e-05
0.000830691
0.000809859
0.000658436
0.00155546
0.000444688
0.00211228
0.000213347
0.00244384
-1.33786e-05
0.00254236
-0.000216525
0.0024165
-0.000380242
0.00210225
-0.000495068
0.00164264
-0.00055681
0.00109274
-0.00056666
0.000509102
-0.000530303
-5.39653e-05
-0.000456951
-0.000550212
-0.000357759
-0.000945329
-0.000244513
-0.00121655
-0.000128916
-0.00135629
-2.11034e-05
-0.00136813
7.07592e-05
-0.001267
0.000141105
-0.00107624
0.000187019
-0.000824411
0.000208278
-0.000542306
0.000206809
-0.000259592
0.000186613
-3.70881e-06
0.000153119
0.000204141
0.00011203
0.00035032
6.97026e-05
0.00042884
3.06482e-05
0.000442726
2.42111e-07
0.000400319
-2.00859e-05
0.000317085
-2.87582e-05
0.000212943
-2.65084e-05
0.000108073
-1.56767e-05
2.27782e-05
-2.56513e-05
-0.000179887
0.0395927
-0.000278478
0.0400629
-0.000313819
0.0406917
-0.000126647
0.0411016
0.000175717
0.0419446
0.000664377
0.0419317
0.000707476
0.0427425
0.0416135
0.000906894
0.0145784
0.0021874
0.0153776
0.00323762
0.0147881
0.00389547
0.0149481
0.00425645
0.0143589
0.00430525
0.0141476
0.00419125
0.0137243
0.00389561
0.0134398
0.00349389
0.0131362
0.00298873
0.012891
0.00239533
0.0126714
0.00173283
0.0124677
0.00101613
0.0122795
0.000258496
0.01209
-0.000521881
0.0118934
-0.00132337
0.0116783
-0.00213337
0.0114383
-0.00294368
0.0111639
-0.00374465
0.0108468
-0.00452884
0.0104832
-0.0052884
0.0100665
-0.00601556
0.00959418
-0.00670219
0.00906149
-0.00734046
0.00846815
-0.00792308
0.00781173
-0.00844305
0.00709428
-0.00889351
0.00631674
-0.00926718
0.00548088
-0.00955903
0.00459217
-0.00976298
0.0036522
-0.00987546
0.00267124
-0.009892
0.00165357
-0.00981015
0.000609423
-0.00962773
-0.000453243
-0.00934443
-0.0015232
-0.00896086
-0.00258906
-0.00847986
-0.00363639
-0.00790311
-0.00465705
-0.00723635
-0.00563276
-0.00648565
-0.00655334
-0.0056581
-0.00740238
-0.00476324
-0.00816572
-0.00381116
-0.00882909
-0.00281256
-0.0093863
-0.00178066
-0.00981511
-0.00072917
-0.0101076
0.00032796
-0.0102608
0.00137523
-0.0102596
0.00239648
-0.0100945
0.00337586
-0.00977183
0.00429759
-0.00928372
0.00514569
-0.00863175
0.00590466
-0.00782088
0.00656067
-0.00686398
0.00710058
-0.00576511
0.00751313
-0.00454346
0.00778869
-0.00321506
0.00792032
-0.00180264
0.00790296
-0.000329037
0.00773464
0.00117847
0.00741683
0.00268841
0.00695359
0.00417158
0.00635256
0.00559368
0.00562405
0.00692318
0.0047817
0.00812554
0.00384497
0.00916667
0.00283074
0.0100241
0.00176462
0.0106598
0.000669186
0.0110581
-0.000429394
0.0112003
-0.00150306
0.0110669
-0.0025254
0.0106649
-0.00346903
0.00998347
-0.00430754
0.00903381
-0.00501834
0.00784002
-0.00557995
0.00641988
-0.00597526
0.00481268
-0.00619191
0.00305692
-0.00622228
0.00120118
-0.00606379
-0.00069895
-0.00572035
-0.00258594
-0.0052018
-0.00439673
-0.00452421
-0.0060712
-0.00371288
-0.00754737
-0.00279149
-0.00876762
-0.00179003
-0.00969253
-0.000752682
-0.010262
0.00029091
-0.0104655
0.00129823
-0.0102773
0.00223235
-0.00969952
0.00305511
-0.00874082
0.00373437
-0.0074371
0.00424206
-0.00583632
0.00455918
-0.00399844
0.00467132
-0.0019981
0.00457404
7.67917e-05
0.00427668
0.00213097
0.00379086
0.00407128
0.00314211
0.00580121
0.00236641
0.00723296
0.00150185
0.00829103
0.000592799
0.00892057
-0.000307717
0.00907931
-0.00115733
0.0087571
-0.00190908
0.0079694
-0.00252117
0.00675767
-0.00296183
0.00518886
-0.00320795
0.00335787
-0.00325025
0.00137235
-0.00308969
-0.000641538
-0.00274228
-0.00255544
-0.00223527
-0.00424519
-0.00160687
-0.00559633
-0.000907614
-0.00651855
-0.000183047
-0.00695046
0.000508234
-0.00686274
0.0011179
-0.00626349
0.00160078
-0.00520651
0.00192216
-0.00378185
0.00206206
-0.00210951
0.00201474
-0.000336921
0.00179375
0.00137685
0.00142601
0.00288054
0.00095498
0.00403897
0.000429956
0.00475586
-9.68774e-05
0.00497864
-0.000573758
0.00470168
-0.000957338
0.00397745
-0.00121531
0.00289245
-0.00133052
0.00157627
-0.00130155
0.000169507
-0.00114198
-0.00117644
-0.000877601
-0.00233139
-0.000544184
-0.00318542
-0.000179854
-0.00367327
0.000173723
-0.00376632
0.000485214
-0.00348649
0.000726816
-0.00288377
0.000881219
-0.00204067
0.000941562
-0.00105636
0.000910915
-3.59395e-05
0.000801152
0.000919622
0.000630358
0.00172625
0.000420822
0.00232181
0.000195462
0.0026692
-2.34901e-05
0.00276131
-0.000218019
0.00261103
-0.000373459
0.00225769
-0.000480852
0.00175003
-0.000536746
0.00114863
-0.000542744
0.0005151
-0.000504709
-9.20002e-05
-0.000431685
-0.000623236
-0.00033461
-0.0010424
-0.00022518
-0.00132598
-0.000114343
-0.00146712
-1.17613e-05
-0.00147071
7.49107e-05
-0.00135367
0.000140506
-0.00114184
0.000182483
-0.000866388
0.00020085
-0.000560674
0.000197603
-0.000256346
0.000176645
1.72497e-05
0.000143286
0.0002375
0.000103218
0.000390388
6.21177e-05
0.000469941
2.54129e-05
0.000479431
-3.80228e-06
0.000429534
-2.27062e-05
0.000335989
-3.02789e-05
0.000220516
-2.72745e-05
0.000105068
-1.59769e-05
1.14806e-05
-4.16282e-05
-5.1704e-05
0.0396444
-5.92355e-05
0.0400704
-3.18081e-05
0.0406643
8.01235e-05
0.0409897
0.000286291
0.0417384
0.000423087
0.0417949
0.000497558
0.042668
0.0421111
0.00063018
0.0139483
0.00142401
0.0145838
0.0020589
0.0141532
0.00260213
0.0144048
0.00290551
0.0140555
0.00304051
0.0140126
0.00300367
0.0137611
0.00282955
0.0136139
0.00252721
0.0134386
0.00212186
0.0132964
0.00163501
0.0131582
0.00107361
0.0130291
0.000451238
0.0129018
-0.000219108
0.0127603
-0.00092505
0.0125993
-0.00165488
0.0124081
-0.00240084
0.0121843
-0.00315349
0.0119165
-0.00390238
0.0115957
-0.00464116
0.011222
-0.00535856
0.0107839
-0.00604746
0.0102831
-0.00669934
0.00971337
-0.00730575
0.00907457
-0.00786069
0.00836667
-0.00835462
0.00758821
-0.0087818
0.00674391
-0.00913535
0.00583442
-0.00940949
0.00486631
-0.00959859
0.0038413
-0.00969843
0.00277109
-0.0097051
0.00166023
-0.00961616
0.000520484
-0.00942915
-0.000640256
-0.009144
-0.00180834
-0.00876147
-0.0029716
-0.00828266
-0.0041152
-0.0077122
-0.00522751
-0.00705432
-0.00629063
-0.00631483
-0.00729283
-0.00550116
-0.00821605
-0.00462204
-0.00904484
-0.00368794
-0.0097632
-0.00270898
-0.0103652
-0.00169805
-0.0108261
-0.000669045
-0.0111366
0.000364387
-0.0112942
0.00138742
-0.0112826
0.00238417
-0.0110913
0.0033395
-0.0107272
0.00423734
-0.0101816
0.00506245
-0.00945687
0.00579962
-0.00855805
0.00643564
-0.00750001
0.00695743
-0.0062869
0.00735441
-0.00494043
0.00761695
-0.0034776
0.00773884
-0.00192453
0.00771433
-0.000304526
0.00754289
0.0013499
0.0072253
0.003006
0.00676568
0.0046312
0.00617209
0.00618727
0.00545477
0.0076405
0.00462788
0.00895244
0.00370776
0.0100868
0.00271428
0.0110175
0.00166939
0.0117046
0.000597794
0.0121297
-0.000475126
0.0122732
-0.00152245
0.0121142
-0.00251843
0.0116608
-0.0034357
0.0109007
-0.00425041
0.00984853
-0.00493826
0.00852787
-0.00547992
0.00696154
-0.00585846
0.00519122
-0.00606193
0.00326039
-0.00608232
0.00122157
-0.00591792
-0.000863343
-0.00557411
-0.00292974
-0.00506013
-0.00491071
-0.0043924
-0.00673894
-0.00359137
-0.00834839
-0.0026842
-0.00967479
-0.00170724
-0.0106695
-0.000688082
-0.0112811
0.000330834
-0.0114844
0.00131365
-0.0112601
0.00222252
-0.0106084
0.00302134
-0.00953964
0.00367849
-0.00809425
0.0041673
-0.00632513
0.00446815
-0.00429929
0.00456778
-0.00209773
0.00446526
0.000179314
0.00416301
0.00243323
0.00368154
0.00455274
0.00304191
0.00644084
0.00227742
0.00799745
0.0014285
0.00913995
0.000539898
0.00980917
-0.000343571
0.00996278
-0.00117199
0.00958552
-0.00190191
0.00869933
-0.0024943
0.00735006
-0.00291692
0.00561148
-0.0031493
0.00359025
-0.00318061
0.00140366
-0.00301348
-0.000808666
-0.00266488
-0.00290404
-0.0021619
-0.00474816
-0.00154222
-0.00621601
-0.000850394
-0.00721038
-0.000141953
-0.0076589
0.000533605
-0.0075383
0.00112749
-0.00685737
0.0015952
-0.00567422
0.00190357
-0.00409022
0.0020324
-0.00223834
0.00197782
-0.000282345
0.00175215
0.00160252
0.00138562
0.00324707
0.000916848
0.00450774
0.000397665
0.00527504
-0.000117138
0.00549344
-0.000582633
0.00516718
-0.000954382
0.0043492
-0.00120158
0.00313964
-0.00130795
0.00168264
-0.00127326
0.000134817
-0.00111123
-0.00133846
-0.000848864
-0.00259376
-0.000519939
-0.00351435
-0.00016572
-0.00402749
0.000178282
-0.00411033
0.000478584
-0.00378679
0.000709464
-0.00311465
0.00085474
-0.00218594
0.000908595
-0.00111022
0.000874625
-1.96907e-06
0.000764985
0.00102926
0.000597905
0.00189333
0.000394679
0.00252504
0.000177283
0.00288659
-3.15917e-05
0.00297019
-0.000216226
0.00279567
-0.000362517
0.00240398
-0.000462293
0.0018498
-0.000512568
0.0011989
-0.000515226
0.000517758
-0.000476287
-0.000130939
-0.000404739
-0.000694784
-0.000310995
-0.00113615
-0.000206123
-0.00143085
-0.000100764
-0.00157248
-4.16448e-06
-0.00156731
7.69928e-05
-0.00143483
0.000137775
-0.00120262
0.000175961
-0.000904573
0.000191736
-0.000576449
0.00018713
-0.00025174
0.000165931
3.84482e-05
0.000133263
0.000270168
9.48392e-05
0.000428812
5.56354e-05
0.000509145
2.01259e-05
0.000514941
-6.9279e-06
0.000456588
-2.43908e-05
0.000353452
-3.09698e-05
0.000227095
-2.7426e-05
0.000101524
-1.59489e-05
3.57965e-09
-5.75771e-05
1.83568e-06
0.0396426
2.02969e-05
0.040052
7.75392e-05
0.040607
0.000115261
0.040952
0.000236482
0.0416172
0.00024644
0.0417849
0.000316587
0.0425979
0.0424276
0.00043178
0.0135165
0.0010152
0.0140004
0.0014367
0.0137317
0.0018391
0.0140024
0.00208945
0.0138052
0.00222946
0.0138725
0.00222686
0.0137637
0.00210788
0.0137329
0.00187552
0.0136709
0.00154604
0.0136259
0.00113054
0.0135737
0.000635543
0.0135241
8.4483e-05
0.0134529
-0.000518238
0.013363
-0.00116148
0.0132426
-0.00183666
0.0130833
-0.00253021
0.0128778
-0.00323326
0.0126196
-0.00393714
0.0122995
-0.00463109
0.0119159
-0.00530906
0.0114619
-0.00596082
0.0109348
-0.0065778
0.0103304
-0.00715303
0.00964979
-0.0076776
0.00889124
-0.00814584
0.00805645
-0.00854983
0.00714791
-0.00888309
0.00616768
-0.00914012
0.00512335
-0.00931512
0.00401629
-0.00940407
0.00286004
-0.00940335
0.00165952
-0.00931067
0.000427797
-0.00912301
-0.00082791
-0.00884098
-0.00209038
-0.00846468
-0.0033479
-0.00799639
-0.00458349
-0.00743926
-0.00578464
-0.00679843
-0.00693147
-0.00607891
-0.00801235
-0.00528846
-0.0090065
-0.00443528
-0.00989802
-0.00352956
-0.0106689
-0.0025812
-0.0113136
-0.00160265
-0.0118046
-0.000607405
-0.0121319
0.000391565
-0.0122932
0.00137973
-0.0122708
0.0023418
-0.0120534
0.00326301
-0.0116484
0.00412807
-0.0110466
0.00492233
-0.0102511
0.00563085
-0.00926658
0.00624074
-0.0081099
0.00673993
-0.00678608
0.00711804
-0.00531855
0.00736603
-0.00372559
0.0074783
-0.0020368
0.00744866
-0.000274892
0.00727629
0.00152228
0.00696325
0.00331904
0.00651323
0.00508122
0.0059341
0.00676639
0.00523628
0.00833832
0.00443284
0.00975589
0.00354043
0.0109792
0.00257759
0.0119804
0.00156637
0.0127159
0.000530035
0.0131661
-0.000506295
0.0133095
-0.00151682
0.0131248
-0.00247645
0.0126205
-0.00336
0.0117843
-0.00414164
0.0106302
-0.00480135
0.00918759
-0.00531706
0.00747725
-0.00567721
0.00555137
-0.00586669
0.00344986
-0.00587927
0.00123415
-0.00571336
-0.00102925
-0.00537351
-0.0032696
-0.00486968
-0.00541454
-0.00421796
-0.00739065
-0.00343817
-0.00912819
-0.00256051
-0.0105524
-0.00161122
-0.0116188
-0.000625945
-0.0122664
0.000358905
-0.0124692
0.00130726
-0.0122085
0.00218259
-0.0114837
0.00295017
-0.0103072
0.00357949
-0.00872358
0.00404513
-0.00679077
0.0043278
-0.00458196
0.00441818
-0.00218811
0.00430963
0.000287857
0.00401128
0.00273158
0.00353651
0.00502752
0.00291209
0.00706526
0.00216899
0.00874055
0.00134523
0.00996371
0.000483497
0.0106709
-0.000368499
0.0108148
-0.00116687
0.0103839
-0.00186917
0.00940163
-0.00243613
0.00791701
-0.00283813
0.00601348
-0.00305441
0.00380653
-0.00307714
0.00142639
-0.00290774
-0.000978065
-0.00256299
-0.0032488
-0.00206913
-0.00524202
-0.00146409
-0.00682105
-0.000794622
-0.00787984
-0.000106804
-0.00834672
0.000546572
-0.00819168
0.00111882
-0.00742961
0.00156777
-0.00612317
0.00186057
-0.00438302
0.00197842
-0.00235619
0.00191844
-0.000222367
0.00169296
0.00182801
0.00133038
0.00360965
0.000872907
0.00496522
0.000367946
0.00578
-0.000132597
0.00599399
-0.000581923
0.0056165
-0.000938572
0.00470585
-0.0011729
0.00337397
-0.0012704
0.00178015
-0.00123116
9.55725e-05
-0.00106974
-0.00149988
-0.0008121
-0.00285139
-0.000492866
-0.00383358
-0.000148814
-0.00437154
0.000179997
-0.00443914
0.000466593
-0.00407339
0.000685188
-0.00333324
0.000820789
-0.00232154
0.000868469
-0.0011579
0.000832239
3.42607e-05
0.000724343
0.00113716
0.00056231
0.00205536
0.000367134
0.00272022
0.000160616
0.00309311
-3.77711e-05
0.00316857
-0.000211603
0.0029695
-0.00034828
0.00254066
-0.000440327
0.00194185
-0.000485344
0.00124392
-0.000485372
0.000517786
-0.000446378
-0.000169933
-0.000377005
-0.000764157
-0.00028736
-0.00122579
-0.000188017
-0.00153019
-8.87782e-05
-0.00167172
1.85176e-06
-0.00165794
7.73346e-05
-0.00151031
0.000133334
-0.00125862
0.000167906
-0.000939145
0.000181414
-0.000589957
0.000175817
-0.000246143
0.000154786
5.94795e-05
0.00012328
0.000301674
8.6458e-05
0.000465634
4.91071e-05
0.000546496
1.63717e-05
0.000547676
-9.22313e-06
0.000482182
-2.52785e-05
0.000369507
-3.09766e-05
0.000232793
-2.70727e-05
9.76205e-05
-1.56516e-05
-1.14175e-05
-7.32286e-05
1.64104e-05
0.0396262
2.78203e-05
0.0400406
7.39518e-05
0.0405609
8.23823e-05
0.0409436
0.000155989
0.0415436
0.000125749
0.0418151
0.00019198
0.0425317
0.0426196
0.000358381
0.0131581
0.000828681
0.0135301
0.00114633
0.013414
0.00146643
0.0136823
0.00165611
0.0136155
0.001769
0.0137596
0.00176873
0.013764
0.00166536
0.0138363
0.00146807
0.0138682
0.00117919
0.0139148
0.000807522
0.0139454
0.000371739
0.0139598
-0.000132195
0.0139568
-0.000687564
0.0139184
-0.0012824
0.0138374
-0.00190809
0.013709
-0.00255635
0.0135261
-0.00321519
0.0132784
-0.00387556
0.0129599
-0.00452972
0.0125701
-0.00516797
0.0121001
-0.00578282
0.0115497
-0.00636561
0.0109131
-0.00690778
0.010192
-0.00740421
0.00938768
-0.00784425
0.0084965
-0.00822507
0.00752873
-0.00853712
0.00647973
-0.00877788
0.00536412
-0.00893968
0.00417809
-0.00901893
0.00293929
-0.00901261
0.0016532
-0.00891974
0.000334924
-0.0087341
-0.00101355
-0.0084595
-0.00236497
-0.00809451
-0.00371289
-0.00764148
-0.00503652
-0.00710319
-0.00632293
-0.00648657
-0.00754808
-0.0057939
-0.00870503
-0.00503437
-0.00976602
-0.00421516
-0.0107172
-0.00334669
-0.0115374
-0.0024371
-0.0122232
-0.00149933
-0.0127424
-0.000546528
-0.0130847
0.000409234
-0.0132489
0.00135431
-0.0132158
0.00227376
-0.0129728
0.0031535
-0.0125281
0.0039789
-0.011872
0.00473624
-0.0110085
0.00541078
-0.00994111
0.00599027
-0.00868939
0.0064634
-0.00725922
0.00682142
-0.00567657
0.00705262
-0.00395678
0.00715531
-0.00213949
0.00712171
-0.000241291
0.00695159
0.0016924
0.00664683
0.0036238
0.00621137
0.00551668
0.00565267
0.00732509
0.0049804
0.00901059
0.00420834
0.010528
0.00335177
0.0118358
0.00242801
0.0129041
0.00145889
0.013685
0.00046665
0.0141583
-0.000524047
0.0143002
-0.00148928
0.01409
-0.00240498
0.0135362
-0.00324778
0.0126271
-0.00399075
0.0113731
-0.00461827
0.0098151
-0.00510705
0.00796602
-0.00544443
0.00588876
-0.00562057
0.003626
-0.00562615
0.00123973
-0.00546095
-0.00119445
-0.00512967
-0.00360088
-0.00464184
-0.00590237
-0.00401253
-0.00801996
-0.00326311
-0.00987761
-0.00241958
-0.011396
-0.00150628
-0.0125321
-0.000565538
-0.0132071
0.000377146
-0.0134119
0.0012828
-0.0131141
0.00211726
-0.0123182
0.00284791
-0.0110379
0.00344521
-0.00932087
0.00388565
-0.00723121
0.0041506
-0.00484691
0.0042298
-0.00226731
0.00411941
0.000398249
0.00382683
0.00302415
0.00336788
0.00548647
0.00276455
0.00766859
0.00204718
0.00945792
0.00125509
0.0107558
0.000431586
0.0114944
-0.000383211
0.0116296
-0.00114596
0.0111466
-0.00181455
0.0100702
-0.00235251
0.00845497
-0.00273157
0.00639253
-0.00293269
0.00400765
-0.00294681
0.00144051
-0.00277723
-0.00114764
-0.00244066
-0.00358537
-0.0019637
-0.00571898
-0.0013808
-0.00740395
-0.000733329
-0.00852731
-7.56008e-05
-0.00900445
0.000549141
-0.00881642
0.00109536
-0.00797583
0.00152193
-0.00654975
0.00179755
-0.00465863
0.00190528
-0.00246393
0.00184105
-0.000158137
0.00161917
0.00204989
0.00126654
0.00396227
0.000822028
0.00540973
0.000335444
0.00626659
-0.000143397
0.00647283
-0.000572877
0.00604598
-0.000911677
0.00504465
-0.00113226
0.00359456
-0.00122066
0.00186855
-0.00117823
5.31405e-05
-0.00101928
-0.00165883
-0.000769817
-0.00310086
-0.000462749
-0.00414065
-0.000134406
-0.00469989
0.000178927
-0.00475247
0.000450116
-0.00434458
0.000655399
-0.00353852
0.000781011
-0.00244716
0.000822894
-0.00119978
0.000785298
7.18562e-05
0.000680432
0.00124203
0.000525333
0.00221046
0.000339864
0.00290569
0.000144103
0.00328887
-4.21387e-05
0.00335481
-0.000204641
0.003132
-0.000331511
0.00266753
-0.000415972
0.00202631
-0.000456071
0.00128402
-0.000453995
0.00051571
-0.000415552
-0.000208377
-0.00034899
-0.000830718
-0.000264145
-0.00131064
-0.000170523
-0.00162382
-7.78563e-05
-0.00176439
6.46934e-06
-0.00174227
7.62646e-05
-0.0015801
0.000127602
-0.00130996
0.000158794
-0.000970337
0.000170297
-0.00060146
0.000164066
-0.000239912
0.000143533
8.0012e-05
0.000113471
0.000331736
7.84456e-05
0.000500659
4.37028e-05
0.000581239
1.28646e-05
0.000578514
-1.08176e-05
0.000505865
-2.55111e-05
0.000384201
-3.04312e-05
0.000237713
-2.6322e-05
9.35112e-05
-1.51461e-05
-2.25934e-05
-8.83747e-05
1.67972e-05
0.0396094
2.13143e-05
0.040036
5.11846e-05
0.040531
4.74644e-05
0.0409473
9.58721e-05
0.0414952
6.23846e-05
0.0418486
0.000117292
0.0424768
0.0427369
0.000296392
0.0128617
0.000690679
0.0131358
0.000956626
0.0131481
0.00122905
0.0134099
0.00139356
0.013451
0.00148913
0.0136641
0.00148522
0.0137679
0.00139091
0.0139306
0.00121571
0.0140434
0.000956446
0.014174
0.000619772
0.0142821
0.000211371
0.0143682
-0.000249426
0.0144176
-0.000760425
0.0144294
-0.00131578
0.0143928
-0.00190165
0.0142948
-0.00250955
0.014134
-0.00312605
0.0138949
-0.00374532
0.0135792
-0.00435908
0.0131838
-0.0049593
0.0127003
-0.00553731
0.0121277
-0.00608509
0.0114609
-0.00659439
0.0107013
-0.00706069
0.00985398
-0.00747252
0.00890832
-0.00783125
0.00788745
-0.00812222
0.0067707
-0.00834597
0.00558787
-0.00849612
0.00432824
-0.00856768
0.00301086
-0.0085585
0.00164402
-0.00846384
0.000240265
-0.00828492
-0.00119248
-0.00801943
-0.00263046
-0.00766973
-0.00406259
-0.00723731
-0.00546894
-0.00672308
-0.00683715
-0.00613361
-0.00813755
-0.00547428
-0.00936436
-0.00475123
-0.0104891
-0.0039723
-0.0114962
-0.00314673
-0.012363
-0.0022827
-0.0130872
-0.00139206
-0.013633
-0.000488313
-0.0139884
0.000418181
-0.0141554
0.00131409
-0.0141118
0.00218523
-0.013844
0.00301831
-0.0133612
0.00379872
-0.0126524
0.00451489
-0.0117246
0.00515183
-0.0105781
0.00569816
-0.00923572
0.00614262
-0.00770367
0.00647927
-0.00601323
0.00669297
-0.00417048
0.00678851
-0.00223503
0.00675099
-0.00020377
0.00658457
0.00185881
0.00629132
0.00391706
0.00587423
0.00593377
0.00534021
0.00785912
0.00469958
0.00965121
0.00396379
0.0112637
0.00314768
0.0126519
0.00227068
0.0137811
0.00135079
0.0146049
0.000410192
0.0150989
-0.000529535
0.0152399
-0.0014439
0.0150044
-0.00231091
0.0144032
-0.00310763
0.0134238
-0.00380948
0.012075
-0.00440032
0.0104059
-0.00485939
0.00842509
-0.00517447
0.00620383
-0.00533531
0.00378684
-0.00533642
0.00124085
-0.00517418
-0.00135669
-0.00485479
-0.00392027
-0.00438666
-0.0063705
-0.00378661
-0.00862
-0.00307216
-0.0105921
-0.00226933
-0.0121988
-0.00140299
-0.0133984
-0.000507857
-0.0141023
0.000385673
-0.0143054
0.00124348
-0.0139719
0.00203328
-0.013108
0.00272315
-0.0117277
0.0032857
-0.00988342
0.00369819
-0.00764371
0.00394401
-0.00509273
0.00401311
-0.00233641
0.00390347
0.000507893
0.00361911
0.00330851
0.00317964
0.00592594
0.00260344
0.00824479
0.00192083
0.0101405
0.00116812
0.0115085
0.000384342
0.0122782
-0.000389167
0.0124031
-0.0011113
0.0118688
-0.00174253
0.0107014
-0.00224955
0.008962
-0.00260375
0.00674673
-0.0027895
0.0041934
-0.00279765
0.00144866
-0.00263115
-0.00131415
-0.0023066
-0.00390992
-0.00184869
-0.00617689
-0.0012901
-0.00796254
-0.000677113
-0.0091403
-4.59968e-05
-0.00963557
0.000542434
-0.00940485
0.0010594
-0.0084928
0.00146157
-0.00695191
0.0017196
-0.00491666
0.00181681
-0.00256114
0.0017511
-9.24263e-05
0.00153432
0.00226667
0.00119536
0.00430122
0.000770218
0.00583488
0.000303874
0.00673293
-0.000150037
0.00692674
-0.000556991
0.00645294
-0.000876293
0.00536395
-0.00108212
0.00380038
-0.00116206
0.00194849
-0.00111757
8.65552e-06
-0.000963317
-0.00181309
-0.00072403
-0.00334015
-0.000430704
-0.00443397
-0.000120103
-0.00501049
0.000175477
-0.00504805
0.000430173
-0.00459927
0.000621609
-0.00372996
0.000737281
-0.00256283
0.0007739
-0.0012364
0.000735823
0.000109933
0.000634933
0.00134292
0.000487515
0.00235788
0.000312387
0.00308081
0.000129145
0.00347211
-4.49184e-05
0.00352888
-0.00019588
0.00328296
-0.000312963
0.00278461
-0.000390137
0.00210349
-0.000425706
0.00131959
-0.000421987
0.000511992
-0.000384615
-0.000245749
-0.000321606
-0.000893727
-0.00024171
-0.00139053
-0.000154423
-0.0017111
-6.81102e-05
-0.0018507
9.87902e-06
-0.00182026
7.40871e-05
-0.00164431
0.000120948
-0.00135682
0.000148992
-0.000998381
0.000158765
-0.000611233
0.000152162
-0.000233309
0.000132391
9.9783e-05
0.000103907
0.00036022
7.11936e-05
0.000533372
3.86973e-05
0.000613735
9.7331e-06
0.000607478
-1.18276e-05
0.000527425
-2.52209e-05
0.000397594
-2.94609e-05
0.000241953
-2.52716e-05
8.93219e-05
-1.4486e-05
-3.33791e-05
-0.000102861
1.39593e-05
0.0395954
1.18282e-05
0.0400382
2.81093e-05
0.0405147
2.03007e-05
0.0409551
5.47123e-05
0.0414608
2.63049e-05
0.041877
7.50541e-05
0.042428
0.042812
0.000255676
0.012606
0.000603212
0.0127882
0.00083077
0.0129205
0.00106924
0.0131715
0.0012179
0.0133023
0.00130312
0.0135789
0.00130508
0.0137659
0.00122294
0.0140127
0.00105627
0.0142101
0.000813544
0.0144168
0.000507267
0.0145883
0.0001377
0.0147378
-0.000292001
0.0148473
-0.000773158
0.0149106
-0.00128969
0.0149093
-0.00183755
0.0148427
-0.00240209
0.0146985
-0.00298014
0.014473
-0.00356142
0.0141605
-0.00413664
0.013759
-0.00469861
0.0132623
-0.00523988
0.012669
-0.00575271
0.0119737
-0.00623093
0.0111795
-0.00666393
0.010287
-0.0070525
0.00929689
-0.00738182
0.00821678
-0.0076563
0.00704518
-0.00786412
0.00579569
-0.00800082
0.00446493
-0.00806555
0.00307559
-0.00805295
0.00163142
-0.00796066
0.000147976
-0.00779045
-0.00136269
-0.00753848
-0.00288242
-0.00720581
-0.00439526
-0.00679442
-0.00588033
-0.00631087
-0.00732071
-0.00575281
-0.00869561
-0.00512982
-0.00998735
-0.00444716
-0.0111717
-0.00371299
-0.0122303
-0.00293384
-0.0131421
-0.00212027
-0.0139008
-0.00128274
-0.0144705
-0.000431396
-0.0148398
0.000421686
-0.0150085
0.00126425
-0.0149543
0.00208327
-0.014663
0.00286625
-0.0141442
0.00360048
-0.0133867
0.00426962
-0.0123938
0.00486622
-0.0111747
0.00537876
-0.00974826
0.00579595
-0.00812085
0.00610524
-0.00632253
0.00630685
-0.00437209
0.00638739
-0.00231557
0.00634997
-0.000166352
0.00619132
0.00201746
0.00591102
0.00419736
0.00551614
0.00632864
0.00501103
0.00836423
0.00440474
0.0102575
0.00370923
0.0119593
0.00293991
0.0134212
0.00211268
0.0146084
0.00124619
0.0154714
0.000360273
0.0159848
-0.000524079
0.0161243
-0.00138423
0.0158645
-0.00219959
0.0152185
-0.00294453
0.0141687
-0.00360498
0.0127354
-0.00415394
0.0109549
-0.00458513
0.00885629
-0.0048781
0.0064968
-0.00502442
0.00393317
-0.00501898
0.00123541
-0.00486266
-0.00151301
-0.00455803
-0.00422491
-0.00411544
-0.00681309
-0.00354689
-0.00918855
-0.00287198
-0.011267
-0.00211108
-0.0129597
-0.00129766
-0.0142118
-0.000452014
-0.0149479
0.000386193
-0.0151436
0.00119259
-0.0147783
0.00193411
-0.0138495
0.00258073
-0.0123744
0.00310688
-0.0104096
0.00349131
-0.00802814
0.00371707
-0.00531849
0.00377791
-0.00239724
0.00367011
0.000615691
0.0033992
0.00357942
0.00297927
0.00634587
0.00243463
0.00878943
0.00178918
0.010786
0.00107828
0.0122194
0.000338956
0.0130175
-0.000387528
0.0131296
-0.00106581
0.0125471
-0.00165811
0.0112937
-0.00213187
0.00943576
-0.0024621
0.00707696
-0.00263071
0.00436201
-0.00263326
0.00145122
-0.00247303
-0.00147438
-0.00216308
-0.00421986
-0.00172714
-0.00661283
-0.00120081
-0.00848888
-0.000619404
-0.0097217
-2.99236e-05
-0.010225
0.000528111
-0.00996288
0.00101406
-0.00897875
0.00139053
-0.00732838
0.00163009
-0.00515622
0.00171756
-0.00264861
0.00165139
-2.62576e-05
0.00144326
0.00247481
0.00111912
0.00462536
0.000716148
0.00623785
0.000276305
0.00717278
-0.000152811
0.00735585
-0.000535659
0.00683579
-0.000834208
0.0056625
-0.00102517
0.00399134
-0.00109681
0.00202013
-0.00105159
-3.65689e-05
-0.00090336
-0.00196132
-0.000675631
-0.00356788
-0.000399322
-0.00471028
-0.000105241
-0.00530457
0.000170033
-0.00532332
0.00040763
-0.00483687
0.000585063
-0.00390739
0.000691075
-0.00266884
0.000722682
-0.00126801
0.000684943
0.000147672
0.00058878
0.00143908
0.000450068
0.00249659
0.000286236
0.00324465
0.000114746
0.0036436
-4.63309e-05
0.00368996
-0.000185791
0.00342242
-0.000293342
0.00289216
-0.000363527
0.00217367
-0.000395041
0.0013511
-0.000390137
0.000507088
-0.000354317
-0.000281569
-0.000294907
-0.000953137
-0.00022036
-0.00146508
-0.000139138
-0.00179232
-5.95303e-05
-0.00193031
1.22663e-05
-0.00189205
7.10779e-05
-0.00170312
0.000113699
-0.00139944
0.000138845
-0.00102353
0.00014713
-0.000619518
0.000140355
-0.000226534
0.000121522
0.000118616
9.47381e-05
0.000387004
6.43298e-05
0.00056378
3.40769e-05
0.000643988
7.70973e-06
0.000633846
-1.23555e-05
0.000547491
-2.45251e-05
0.000409764
-2.81894e-05
0.000245618
-2.39897e-05
8.51222e-05
-1.37167e-05
-4.3652e-05
-0.000116577
1.05424e-05
4.50813e-06
9.56934e-06
3.50177e-06
2.86177e-05
6.6123e-06
5.20399e-05
0.000252412
0.000586348
0.000777353
0.00103048
0.0011512
0.00124501
0.00123282
0.00115698
0.000999032
0.000773532
0.000484805
0.000138995
-0.00025797
-0.000703201
-0.00118899
-0.00170019
-0.00222998
-0.00276899
-0.00330894
-0.00384429
-0.00436794
-0.00487243
-0.00535117
-0.00579637
-0.00619993
-0.0065605
-0.00686794
-0.00712239
-0.00731385
-0.00744257
-0.00750106
-0.00748781
-0.00740057
-0.00723928
-0.00700265
-0.00669096
-0.00630618
-0.00585279
-0.00533147
-0.00474895
-0.00411185
-0.00342648
-0.00269962
-0.00194044
-0.00115787
-0.000363918
0.000432016
0.00121849
0.00198302
0.00271395
0.00339889
0.00402372
0.00457933
0.00505734
0.00544584
0.00573307
0.00591861
0.00599251
0.00595445
0.00580234
0.00553812
0.00516592
0.00469057
0.00412185
0.00347045
0.00274971
0.00197492
0.00116373
0.000335175
-0.000490541
-0.00129419
-0.00205532
-0.00275113
-0.00336592
-0.00387817
-0.00427784
-0.00454861
-0.00468315
-0.00467603
-0.00452731
-0.00424052
-0.00382411
-0.00329114
-0.00265898
-0.00195054
-0.00118762
-0.000399074
0.000384161
0.00113633
0.0018282
0.00243077
0.00292028
0.00327683
0.00348535
0.0035385
0.00343299
0.0031768
0.00278197
0.00226737
0.00166261
0.000996577
0.000301966
-0.000373327
-0.00100737
-0.00155912
-0.00199973
-0.00230581
-0.00246047
-0.00245883
-0.0023049
-0.00201204
-0.00160385
-0.0011092
-0.000562829
-1.34757e-05
0.000508169
0.000962062
0.00131268
0.00153417
0.00161331
0.00154766
0.00134989
0.00104328
0.000662656
0.000249912
-0.000150924
-0.000508781
-0.000786558
-0.000963003
-0.00102719
-0.000982035
-0.000841108
-0.000627013
-0.000367687
-9.29785e-05
0.000162932
0.000383347
0.000546988
0.000643719
0.000671191
0.000634278
0.00054362
0.000413608
0.000261056
0.000102735
-4.63308e-05
-0.00017462
-0.000273023
-0.00033664
-0.000364519
-0.000358905
-0.000324841
-0.000269247
-0.000200111
-0.000125306
-5.19516e-05
1.38272e-05
6.74834e-05
0.000106122
0.000128637
0.000135656
0.000128926
0.000111134
8.60931e-05
5.79847e-05
2.99551e-05
5.87232e-06
-1.24524e-05
-2.34843e-05
-2.66442e-05
-2.25582e-05
-1.2865e-05
)
;

boundaryField
{
    freeSurface
    {
        type            calculated;
        value           nonuniform List<scalar> 
181
(
0.0395849
0.0400442
0.0405097
0.0409612
0.0414357
0.041899
0.0423826
0.042864
0.0123536
0.0124543
0.0127295
0.0129183
0.0131816
0.013485
0.0137781
0.0140885
0.014368
0.0146423
0.0148771
0.0150836
0.0152443
0.0153558
0.0153951
0.0153539
0.0152283
0.015012
0.0147004
0.0142944
0.013786
0.0131735
0.0124525
0.0116247
0.0106905
0.00965747
0.00852421
0.00729963
0.00598715
0.00459365
0.00313409
0.00161817
6.07289e-05
-0.00152398
-0.00311905
-0.00470695
-0.00626511
-0.00777409
-0.00921694
-0.0105699
-0.0118088
-0.0129157
-0.013869
-0.01466
-0.0152531
-0.0156337
-0.0158045
-0.0157408
-0.0154275
-0.0148751
-0.0140716
-0.0130186
-0.0117303
-0.0102263
-0.00850936
-0.00660975
-0.00455762
-0.00238948
-0.00012829
0.00216958
0.00446158
0.00670084
0.00883959
0.0108262
0.0126107
0.0141419
0.0153832
0.0162825
0.0168134
0.01695
0.0166682
0.0159797
0.0148646
0.0133502
0.0114672
0.00925596
0.00676757
0.0040677
0.00122829
-0.00166173
-0.0045117
-0.0072295
-0.00972151
-0.0118991
-0.0136681
-0.0149747
-0.0157365
-0.0159269
-0.0155305
-0.0145414
-0.0129769
-0.0108991
-0.00838469
-0.00552701
-0.00245039
0.0007212
0.00383561
0.0067407
0.00930403
0.0113907
0.0128854
0.0137121
0.0138049
0.0131811
0.0118455
0.00987637
0.00738304
0.00451667
0.00144958
-0.00162832
-0.00451272
-0.00702102
-0.00898353
-0.0102681
-0.0107744
-0.0104845
-0.00943264
-0.007679
-0.00537771
-0.00272776
3.93917e-05
0.00267258
0.00493197
0.00661848
0.00758552
0.00775669
0.00719364
0.00594028
0.00416779
0.00208432
-8.1728e-05
-0.00210224
-0.00378197
-0.00496961
-0.00557928
-0.00557923
-0.00505728
-0.00407104
-0.00276557
-0.00129548
0.000184586
0.00152974
0.0026266
0.0033972
0.00380193
0.00383902
0.00355071
0.00299056
0.00223729
0.00137898
0.000501474
-0.000315633
-0.00100873
-0.00153422
-0.00186713
-0.00200366
-0.00195783
-0.00175678
-0.00143808
-0.00104604
-0.000626537
-0.000219804
0.000136408
0.000412045
0.000591889
0.000672018
0.000657928
0.000565815
0.000420796
0.000248778
8.10361e-05
-5.33452e-05
-0.000129442
)
;
    }
    walls
    {
        type            calculated;
        value           uniform 0;
    }
    floatingObject
    {
        type            calculated;
        value           nonuniform List<scalar> 
37
(
-0.0274965
-0.0278185
-0.0281405
-0.0284665
-0.0288002
-0.029134
-0.0294737
-0.0298173
-0.0301629
-0.0305144
-0.0308697
-0.0312291
-0.0315923
-0.0319595
-0.0323325
-0.0327076
-0.0330904
-0.0334733
-0.033864
0
0
0
0
0
0
0
6.77626e-21
0
0
0
0
0
0
0
0
0
0
)
;
    }
    frontAndBack
    {
        type            empty;
    }
}


// ************************************************************************* //
