/*--------------------------------*- C++ -*----------------------------------*\
  =========                 |
  \\      /  F ield         | OpenFOAM: The Open Source CFD Toolbox
   \\    /   O peration     | Website:  https://openfoam.org
    \\  /    A nd           | Version:  12
     \\/     M anipulation  |
\*---------------------------------------------------------------------------*/
FoamFile
{
    format      ascii;
    class       surfaceScalarField;
    location    "3.92";
    object      phi;
}
// * * * * * * * * * * * * * * * * * * * * * * * * * * * * * * * * * * * * * //

dimensions      [1 0 -1 0 0 0 0];

internalField   nonuniform List<scalar> 
7429
(
9.76504e-05
-9.76504e-05
0.000196652
-9.90019e-05
0.000297161
-0.000100508
0.000399415
-0.000102254
0.000503585
-0.00010417
0.000609897
-0.000106312
0.000718529
-0.000108632
0.00082966
-0.000111131
0.000943414
-0.000113754
0.0010599
-0.000116482
0.00117913
-0.000119232
0.00130108
-0.000121954
0.00142572
-0.000124637
0.0015529
-0.000127186
0.00168244
-0.000129534
0.00181395
-0.000131509
0.00194723
-0.00013328
0.00208191
-0.00013468
0.00221746
-0.000135553
0.00235334
-0.000135884
0.00248898
-0.000135633
0.00262367
-0.000134696
0.00275675
-0.000133072
0.00288743
-0.000130681
0.00301496
-0.000127532
0.00313853
-0.000123569
0.00325735
-0.00011882
0.00337061
-0.000113265
0.00347753
-0.000106917
0.00357735
-9.98164e-05
0.00366936
-9.20127e-05
0.00375287
-8.35122e-05
0.00382732
-7.4448e-05
0.00389208
-6.47587e-05
0.00394658
-5.45053e-05
0.00399038
-4.37971e-05
0.0040231
-3.2719e-05
0.00404461
-2.15114e-05
0.00405487
-1.02573e-05
0.00405342
1.45339e-06
0.00403942
1.39951e-05
0.00401317
2.62556e-05
0.00397476
3.84095e-05
0.00392432
5.04393e-05
0.00386205
6.2267e-05
0.00378823
7.38192e-05
0.00370319
8.50363e-05
0.00360736
9.58325e-05
0.00350121
0.000106149
0.00338531
0.000115903
0.00326026
0.000125045
0.00312678
0.000133481
0.00298563
0.000141153
0.00283762
0.000148008
0.00268371
0.00015391
0.00252483
0.000158881
0.00236215
0.000162681
0.00219664
0.00016551
0.00202957
0.000167072
0.001862
0.000167567
0.0016953
0.000166698
0.00153072
0.000164585
0.00136955
0.000161168
0.00121307
0.00015648
0.00106252
0.000150551
0.000919082
0.000143436
0.000784049
0.000135033
0.000658459
0.000125589
0.000543401
0.000115058
0.000439777
0.000103624
0.000348403
9.13734e-05
0.00026998
7.84233e-05
0.000205122
6.48582e-05
0.000154146
5.09755e-05
0.0001172
3.69458e-05
9.42312e-05
2.29693e-05
8.49384e-05
9.29276e-06
8.97422e-05
-4.80381e-06
0.000107427
-1.76852e-05
0.000137068
-2.9641e-05
0.000177518
-4.04492e-05
0.000227489
-4.99718e-05
0.00028559
-5.81008e-05
0.000350217
-6.46272e-05
0.000419619
-6.94018e-05
0.000491973
-7.23537e-05
0.000565315
-7.33422e-05
0.000637676
-7.23607e-05
0.000707084
-6.94076e-05
0.000771576
-6.44922e-05
0.000829292
-5.77166e-05
0.000878517
-4.92244e-05
0.000917651
-3.91346e-05
0.000945483
-2.78314e-05
0.000960899
-1.54164e-05
0.000962921
-2.02215e-06
0.000949355
1.35666e-05
0.000921326
2.80291e-05
0.000879355
4.19702e-05
0.000824042
5.53131e-05
0.00075622
6.7822e-05
0.000676913
7.93075e-05
0.000587581
8.93314e-05
0.000489904
9.76769e-05
0.000385816
0.000104089
0.000277476
0.00010834
0.000167103
0.000110373
5.70178e-05
0.000110085
-5.04586e-05
0.000107476
-0.000153084
0.000102625
-0.000248728
9.56447e-05
-0.000335423
8.66944e-05
-0.00041145
7.6027e-05
-0.000475366
6.39164e-05
-0.000526
5.06335e-05
-0.000562574
3.65742e-05
-0.000584656
2.20817e-05
-0.000592144
7.48845e-06
-0.000584895
-7.24883e-06
-0.00056392
-2.09751e-05
-0.000530032
-3.38888e-05
-0.000484443
-4.55884e-05
-0.0004285
-5.59435e-05
-0.00036384
-6.46593e-05
-0.000292206
-7.16345e-05
-0.00021547
-7.6736e-05
-0.000135506
-7.99641e-05
-5.42262e-05
-8.12796e-05
2.65048e-05
-8.0731e-05
0.000104969
-7.8464e-05
0.000179503
-7.45338e-05
0.000248632
-6.91295e-05
0.000311106
-6.24737e-05
0.000365829
-5.47228e-05
0.000411968
-4.6139e-05
0.000448881
-3.69136e-05
0.00047619
-2.73085e-05
0.000493748
-1.75586e-05
0.000501608
-7.85983e-06
0.000500043
1.56513e-06
0.0004895
1.0543e-05
0.000470611
1.88891e-05
0.000444118
2.64932e-05
0.000410885
3.32324e-05
0.000371916
3.89691e-05
0.000328256
4.36607e-05
0.00028098
4.72751e-05
0.000231192
4.97887e-05
0.000180032
5.11593e-05
0.000128468
5.15641e-05
7.76384e-05
5.08299e-05
2.83641e-05
4.92743e-05
-1.83399e-05
4.6704e-05
-6.17651e-05
4.34252e-05
-0.000101224
3.94587e-05
-0.00013612
3.4896e-05
-0.000166027
2.99075e-05
-0.000190591
2.45641e-05
-0.000209574
1.89831e-05
-0.000222891
1.33167e-05
-0.000230516
7.62448e-06
-0.000232557
2.04104e-06
-0.000229245
-3.31158e-06
-0.000220829
-8.41595e-06
-0.00020768
-1.3149e-05
-0.000190211
-1.74694e-05
-0.000168897
-2.13138e-05
-0.000144271
-2.46261e-05
-0.000116879
-2.73917e-05
-8.72939e-05
-2.95853e-05
-5.61043e-05
-3.11896e-05
-2.38821e-05
-3.22222e-05
8.79449e-06
-3.26766e-05
4.13572e-05
-3.25627e-05
7.32958e-05
-3.19387e-05
0.000104094
-3.07983e-05
0.000133298
-2.92042e-05
0.000160472
-2.71733e-05
0.000185259
-2.47877e-05
0.000207309
-2.20496e-05
0.000226374
-1.90655e-05
0.000242222
-1.58479e-05
0.000254686
-1.24635e-05
0.000263671
-8.98544e-06
0.000269107
-5.43537e-06
0.000270996
-1.88944e-06
0.000269381
1.61531e-06
0.000264327
5.05352e-06
0.000255952
8.37558e-06
0.00024439
1.15619e-05
0.000229805
1.45847e-05
0.000212402
1.74029e-05
0.000192379
2.00236e-05
0.000169975
2.24035e-05
0.000145417
2.4558e-05
0.000118978
2.6439e-05
9.09206e-05
2.80574e-05
6.15325e-05
2.93881e-05
3.11161e-05
3.04165e-05
3.11161e-05
8.03407e-05
-0.000177991
0.000162019
-0.00018068
0.000245364
-0.000183853
0.00033088
-0.000187769
0.000419015
-0.000192305
0.000510113
-0.00019741
0.000604507
-0.000203026
0.000702514
-0.000209137
0.000804507
-0.000215747
0.000910886
-0.000222861
0.00102174
-0.000230089
0.0011372
-0.000237411
0.00125737
-0.000244803
0.00138208
-0.000251894
0.00151122
-0.000258681
0.00164454
-0.000264828
0.00178137
-0.000270113
0.00192117
-0.000274474
0.00206328
-0.000277659
0.00220694
-0.000279548
0.00235124
-0.000279935
0.00249526
-0.000278716
0.00263801
-0.000275817
0.00277843
-0.000271106
0.00291548
-0.00026458
0.00304804
-0.000256128
0.00317508
-0.000245864
0.00329551
-0.000233695
0.0034084
-0.000219802
0.00351284
-0.000204254
0.00360795
-0.000187125
0.0036931
-0.000168658
0.00376764
-0.000148996
0.00383114
-0.000128256
0.00388333
-0.000106691
0.00392391
-8.43802e-05
0.00395272
-6.15313e-05
0.00396963
-3.84209e-05
0.00397469
-1.53194e-05
0.0039662
9.94923e-06
0.00394434
3.58549e-05
0.00390945
6.11443e-05
0.00386187
8.59906e-05
0.00380191
0.000110395
0.00372992
0.000134256
0.00364629
0.000157456
0.00355142
0.000179899
0.00344583
0.000201425
0.00333002
0.000221961
0.0032046
0.000241321
0.00307026
0.000259386
0.00292772
0.00027602
0.0027778
0.000291078
0.0026214
0.000304405
0.00245949
0.000315823
0.00229305
0.000325315
0.00212328
0.000332457
0.00195124
0.000337546
0.00177829
0.000340028
0.00160551
0.00034034
0.00143437
0.000337841
0.00126615
0.000332808
0.00110223
0.000325087
0.000943921
0.000314785
0.000792587
0.000301885
0.000649541
0.000286482
0.00051595
0.000268624
0.00039302
0.00024852
0.000281939
0.000226139
0.000183574
0.000201989
9.8665e-05
0.000176282
2.79882e-05
0.0001491
-2.80372e-05
0.000120883
-6.9222e-05
9.21603e-05
-9.5432e-05
6.31558e-05
-0.000106715
3.42521e-05
-0.000103307
5.88446e-06
-8.53149e-05
-2.27955e-05
-5.41699e-05
-4.88303e-05
-1.07982e-05
-7.30127e-05
4.38108e-05
-9.50582e-05
0.000108287
-0.000114448
0.000181073
-0.000130887
0.00026018
-0.000143734
0.000343678
-0.0001529
0.00042956
-0.000158236
0.000515632
-0.000159414
0.000599758
-0.000156486
0.000679815
-0.000149465
0.000753707
-0.000138384
0.000819534
-0.000123543
0.000875431
-0.000105121
0.000919806
-8.35104e-05
0.000951064
-5.90893e-05
0.000968506
-3.28581e-05
0.000971072
-4.58849e-06
0.000957228
2.74106e-05
0.000928092
5.71658e-05
0.000884028
8.60341e-05
0.000825673
0.000113668
0.000754028
0.000139467
0.000670427
0.000162909
0.00057657
0.000183188
0.000474341
0.000199907
0.000365968
0.000212461
0.000253796
0.000220512
0.000140227
0.000223942
2.7693e-05
0.000222619
-8.13422e-05
0.000216512
-0.000184618
0.000205901
-0.000279917
0.000190943
-0.000365379
0.000172156
-0.000439264
0.000149913
-0.000500248
0.0001249
-0.000547342
9.77273e-05
-0.000579826
6.90583e-05
-0.000597434
3.96893e-05
-0.000600229
1.02843e-05
-0.00058871
-1.87681e-05
-0.000563589
-4.60958e-05
-0.000525921
-7.15575e-05
-0.00047703
-9.44792e-05
-0.000418475
-0.000114498
-0.000351906
-0.000131228
-0.0002792
-0.000144341
-0.000202217
-0.000153719
-0.000122855
-0.000159326
-4.29793e-05
-0.000161155
3.56597e-05
-0.00015937
0.000111378
-0.000154182
0.00018263
-0.000145785
0.000248108
-0.000134608
0.00030663
-0.000120996
0.000357285
-0.000105378
0.000399339
-8.81927e-05
0.00043236
-6.99352e-05
0.000456025
-5.09733e-05
0.000470309
-3.18421e-05
0.000475368
-1.29191e-05
0.000471558
5.37542e-06
0.000459383
2.2718e-05
0.000439462
3.88102e-05
0.000412615
5.334e-05
0.000379719
6.61279e-05
0.000341737
7.69517e-05
0.000299623
8.57747e-05
0.000254455
9.24431e-05
0.000207281
9.69626e-05
0.000159014
9.94255e-05
0.000110808
9.97702e-05
6.34325e-05
9.82058e-05
1.79288e-05
9.4778e-05
-2.51216e-05
8.97543e-05
-6.48935e-05
8.31971e-05
-0.00010082
7.53852e-05
-0.000132405
6.64806e-05
-0.000159227
5.67301e-05
-0.000181067
4.64039e-05
-0.000197726
3.56416e-05
-0.000209122
2.47132e-05
-0.000215284
1.37863e-05
-0.000216364
3.1216e-06
-0.000212551
-7.12488e-06
-0.000204127
-1.68405e-05
-0.00019143
-2.58458e-05
-0.000174865
-3.40344e-05
-0.000154881
-4.12978e-05
-0.00013196
-4.7547e-05
-0.000106612
-5.27398e-05
-7.93647e-05
-5.68324e-05
-5.07544e-05
-5.97999e-05
-2.13061e-05
-6.16706e-05
8.47493e-06
-6.24576e-05
3.80844e-05
-6.21721e-05
6.70376e-05
-6.08919e-05
9.48972e-05
-5.86579e-05
0.000121258
-5.55653e-05
0.00014573
-5.16454e-05
0.000167988
-4.70455e-05
0.000187741
-4.18022e-05
0.000204767
-3.60915e-05
0.000218853
-2.9934e-05
0.000229891
-2.35013e-05
0.000237774
-1.68691e-05
0.00024245
-1.0111e-05
0.000243943
-3.38255e-06
0.000242299
3.25908e-06
0.000237587
9.76623e-06
0.000229892
1.60702e-05
0.000219369
2.20847e-05
0.000206176
2.77779e-05
0.000190467
3.31116e-05
0.000172441
3.80494e-05
0.000152295
4.25498e-05
0.000130257
4.65965e-05
0.00010654
5.01558e-05
8.13924e-05
5.32049e-05
5.50728e-05
5.57078e-05
2.78501e-05
5.76391e-05
5.89661e-05
4.68686e-05
-0.000224859
9.50356e-05
-0.000228847
0.000145645
-0.000234462
0.000199568
-0.000241692
0.000257763
-0.0002505
0.000321316
-0.000260964
0.000391239
-0.000272948
0.00046852
-0.000286418
0.00055391
-0.000301136
0.000648087
-0.000317038
0.000751585
-0.000333587
0.000864801
-0.000350627
0.000987628
-0.000367629
0.00112
-0.000384264
0.00126145
-0.000400136
0.00141132
-0.000414694
0.00156879
-0.000427577
0.00173265
-0.000438337
0.00190169
-0.000446696
0.00207441
-0.000452278
0.00224933
-0.000454851
0.00242477
-0.000454155
0.00259901
-0.000450058
0.00277022
-0.000442319
0.00293676
-0.000431121
0.00309681
-0.000416178
0.00324886
-0.000397914
0.00339146
-0.000376295
0.00352335
-0.000351683
0.00364355
-0.000324454
0.0037511
-0.000294677
0.00384563
-0.000263194
0.00392633
-0.000229691
0.00399278
-0.000194704
0.0040447
-0.000158616
0.00408208
-0.000121758
0.00410513
-8.45809e-05
0.00411403
-4.73229e-05
0.00410911
-1.03989e-05
0.00408764
3.14217e-05
0.00405211
7.13805e-05
0.00400264
0.000110618
0.00393944
0.000149186
0.00386284
0.000186994
0.00377322
0.000223884
0.00367101
0.000259663
0.0035567
0.000294205
0.00343088
0.000327245
0.0032942
0.000358647
0.00314741
0.000388106
0.00299122
0.000415575
0.00282654
0.000440703
0.00265429
0.000463325
0.0024755
0.0004832
0.0022913
0.000500021
0.00210284
0.000513771
0.0019115
0.000523796
0.00171857
0.000530479
0.00152558
0.000533022
0.00133386
0.000532053
0.00114494
0.000526767
0.000960394
0.000517351
0.000781709
0.000503772
0.000610514
0.00048598
0.000448203
0.000464196
0.000296491
0.000438194
0.000156352
0.000408763
2.9278e-05
0.000375594
-8.37464e-05
0.000339163
-0.000181356
0.000299598
-0.000262703
0.000257629
-0.000327067
0.000213464
-0.000374009
0.000167826
-0.000403179
0.00012133
-0.000414739
7.4716e-05
-0.000408963
2.84763e-05
-0.000384626
-1.84522e-05
-0.000345136
-6.22863e-05
-0.000290348
-0.000103618
-0.000221507
-0.000141853
-0.000140279
-0.000176286
-4.8572e-05
-0.000206155
5.14994e-05
-0.000230959
0.000157954
-0.000250189
0.000268408
-0.000263353
0.000380359
-0.000270187
0.000491219
-0.000270275
0.000598436
-0.000263703
0.000699502
-0.000250531
0.00079207
-0.000230953
0.000873784
-0.000205257
0.000942403
-0.00017374
0.000996504
-0.000137611
0.00103424
-9.68251e-05
0.00105489
-5.35105e-05
0.0010571
-6.79326e-06
0.00104069
4.38193e-05
0.00100638
9.14761e-05
0.000954587
0.000137825
0.000886246
0.000182008
0.000802686
0.000223027
0.00070585
0.000259745
0.000597887
0.000291151
0.000481279
0.000316515
0.000358655
0.000335086
0.000232801
0.000346366
0.000106597
0.000350145
-1.71278e-05
0.000346344
-0.000135678
0.000335062
-0.000246539
0.000316761
-0.000347384
0.000291788
-0.000436069
0.000260842
-0.000511201
0.000225044
-0.00057121
0.000184909
-0.000615379
0.000141896
-0.000643336
9.70152e-05
-0.000655086
5.14399e-05
-0.00065096
6.15758e-06
-0.000631638
-3.80893e-05
-0.000598206
-7.9528e-05
-0.000552139
-0.000117624
-0.000494991
-0.000151627
-0.000428622
-0.000180867
-0.000354897
-0.000204954
-0.000275885
-0.000223353
-0.000193587
-0.000236017
-0.000110079
-0.000242835
-2.72336e-05
-0.000244
5.32043e-05
-0.000239808
0.000129585
-0.000230563
0.00020044
-0.000216641
0.000264569
-0.000198736
0.000320888
-0.000177315
0.000368709
-0.000153198
0.000407445
-0.000126929
0.000436764
-9.92536e-05
0.000456568
-7.07777e-05
0.000466978
-4.22524e-05
0.000468219
-1.41594e-05
0.000460914
1.26799e-05
0.000445586
3.80456e-05
0.000423001
6.13953e-05
0.000394004
8.23371e-05
0.000359534
0.000100598
0.000320543
0.000115942
0.00027799
0.000128328
0.000233012
0.000137422
0.000186489
0.000143486
0.00013949
0.000146424
9.28905e-05
0.00014637
4.75834e-05
0.000143513
4.35354e-06
0.000138008
-3.61301e-05
0.000130238
-7.32233e-05
0.00012029
-0.00010642
0.000108582
-0.000135303
9.53639e-05
-0.000159518
8.09448e-05
-0.00017892
6.58065e-05
-0.000193343
5.00639e-05
-0.0002028
3.4171e-05
-0.000207342
1.83285e-05
-0.00020714
2.91925e-06
-0.000202414
-1.18506e-05
-0.00019346
-2.5795e-05
-0.000180628
-3.86781e-05
-0.00016431
-5.03517e-05
-0.000144938
-6.06702e-05
-0.000122985
-6.94995e-05
-9.8911e-05
-7.68141e-05
-7.32343e-05
-8.25091e-05
-4.64233e-05
-8.66109e-05
-1.89783e-05
-8.91155e-05
8.64079e-06
-9.00767e-05
3.59905e-05
-8.95219e-05
6.26235e-05
-8.75249e-05
8.8156e-05
-8.41904e-05
0.000112207
-7.96162e-05
0.000134468
-7.39062e-05
0.000154628
-6.72053e-05
0.000172455
-5.96294e-05
0.000187719
-5.13554e-05
0.000200274
-4.24894e-05
0.000210019
-3.32461e-05
0.000216853
-2.37031e-05
0.000220818
-1.40757e-05
0.000221868
-4.43333e-06
0.000220089
5.03851e-06
0.000215547
1.43081e-05
0.00020834
2.32773e-05
0.00019861
3.18148e-05
0.000186477
3.99111e-05
0.000172136
4.74522e-05
0.000155731
5.44543e-05
0.000137449
6.08314e-05
0.000117493
6.65525e-05
9.60579e-05
7.15914e-05
7.33634e-05
7.58993e-05
4.96275e-05
7.94438e-05
2.50898e-05
8.21768e-05
8.4056e-05
-1.00304e-05
-0.000214829
-1.85214e-05
-0.000220356
-2.31487e-05
-0.000229834
-2.17406e-05
-0.0002431
-1.20024e-05
-0.000260238
8.1561e-06
-0.000281122
4.09352e-05
-0.000305727
8.84361e-05
-0.000333918
0.0001527
-0.0003654
0.00023524
-0.000399577
0.000337122
-0.000435469
0.00045775
-0.000471255
0.000596411
-0.00050629
0.000752107
-0.00053996
0.000923242
-0.000571271
0.00110893
-0.000600384
0.00130751
-0.000626159
0.00151718
-0.000648004
0.00173639
-0.000665907
0.0019627
-0.000678581
0.00219336
-0.000685514
0.00242593
-0.000686728
0.00265719
-0.000681313
0.00288409
-0.000669216
0.00310363
-0.000650664
0.0033128
-0.000625343
0.00350897
-0.000594091
0.00368993
-0.000557247
0.00385344
-0.000515196
0.00399802
-0.000469037
0.00412308
-0.000419737
0.00422784
-0.000367957
0.00431289
-0.000314739
0.00437863
-0.000260443
0.00442528
-0.000205261
0.00445392
-0.000150405
0.00446529
-9.59429e-05
0.00446031
-4.23508e-05
0.00443447
1.54466e-05
0.00439157
7.43196e-05
0.00433208
0.000130872
0.00425675
0.000185946
0.00416631
0.000239625
0.00406143
0.000291872
0.00394277
0.000342545
0.00381098
0.000391458
0.00366674
0.00043844
0.00351072
0.000483273
0.00334348
0.000525886
0.00316577
0.000565808
0.00297847
0.000602877
0.00278258
0.00063659
0.00257915
0.000666761
0.00236929
0.000693064
0.00215431
0.000714995
0.00193569
0.000732394
0.00171476
0.000744728
0.00149292
0.000752316
0.00127212
0.000753821
0.00105367
0.000750503
0.000839738
0.0007407
0.000631847
0.000725242
0.000431795
0.000703824
0.000241699
0.000676076
6.28923e-05
0.000643003
-0.000103034
0.000604121
-0.000254006
0.000559735
-0.000388521
0.000510109
-0.000505124
0.000455766
-0.000602785
0.000397259
-0.000680559
0.000335404
-0.000737657
0.000270562
-0.000773599
0.000203768
-0.000788518
0.000136248
-0.000782094
6.8292e-05
-0.000753559
-5.86164e-08
-0.000705968
-6.60428e-05
-0.000639318
-0.000128936
-0.0005549
-0.000188036
-0.000454583
-0.00024217
-0.00034024
-0.000290629
-0.000214265
-0.00033213
-7.93631e-05
-0.00036586
6.18053e-05
-0.000391358
0.000206353
-0.000407901
0.000351268
-0.000415102
0.000493361
-0.000412368
0.000629519
-0.000399861
0.000756764
-0.000377776
0.00087217
-0.000346358
0.000972975
-0.000306062
0.00105696
-0.000257729
0.00112219
-0.000202836
0.00116674
-0.000141372
0.00118986
-7.66371e-05
0.00118976
-6.68976e-06
0.00116825
6.53317e-05
0.00112512
0.0001346
0.001061
0.000201946
0.000977476
0.000265534
0.000876586
0.000323917
0.000760771
0.00037556
0.000632858
0.000419064
0.000495991
0.000453381
0.000353501
0.000477575
0.000208719
0.000491149
6.50704e-05
0.000493794
-7.42222e-05
0.000485637
-0.00020599
0.00046683
-0.000327271
0.000438043
-0.000435802
0.000400319
-0.000529305
0.000354345
-0.000606238
0.000301977
-0.000665458
0.000244129
-0.000706363
0.000182801
-0.000728744
0.000119396
-0.000732842
5.55377e-05
-0.000719509
-7.17531e-06
-0.000690222
-6.73764e-05
-0.000646094
-0.000123657
-0.000589027
-0.000174691
-0.000521068
-0.000219587
-0.000444324
-0.000257611
-0.000361062
-0.000288215
-0.00027351
-0.000310905
-0.000183968
-0.000325558
-9.44481e-05
-0.000332355
-7.02597e-06
-0.000331422
7.65749e-05
-0.000323409
0.000154737
-0.000308725
0.000226082
-0.000287985
0.000289481
-0.000262135
0.000344171
-0.000232006
0.000389334
-0.000198362
0.000424748
-0.000162342
0.000450231
-0.000124737
0.0004659
-8.64463e-05
0.000471989
-4.83416e-05
0.000469089
-1.12594e-05
0.000457747
2.40221e-05
0.000438702
5.70901e-05
0.000412828
8.72694e-05
0.000380928
0.000114237
0.000344055
0.000137471
0.000303305
0.000156693
0.000259697
0.000171935
0.00021403
0.000183089
0.000167533
0.000189983
0.000120976
0.000192981
7.54254e-05
0.00019192
3.14841e-05
0.000187454
-1.00136e-05
0.000179506
-4.84574e-05
0.000168682
-8.33353e-05
0.000155168
-0.000114193
0.000139439
-0.000140664
0.000121835
-0.000162571
0.000102852
-0.000179713
8.29476e-05
-0.000192018
6.23689e-05
-0.000199587
4.17401e-05
-0.000202478
2.12193e-05
-0.000200934
1.3759e-06
-0.000195194
-1.75912e-05
-0.000185555
-3.54335e-05
-0.000172344
-5.18892e-05
-0.000156005
-6.66908e-05
-0.000136944
-7.97309e-05
-0.000115621
-9.08228e-05
-9.24828e-05
-9.99523e-05
-6.79771e-05
-0.000107015
-4.25922e-05
-0.000111996
-1.67633e-05
-0.000114944
9.09015e-06
-0.00011593
3.45564e-05
-0.000114988
5.92388e-05
-0.000112207
8.27978e-05
-0.000107749
0.000104888
-0.000101707
0.000125239
-9.42575e-05
0.000143582
-8.55477e-05
0.000159707
-7.57543e-05
0.000173419
-6.50679e-05
0.000184618
-5.36881e-05
0.000193192
-4.18204e-05
0.000199106
-2.96166e-05
0.000202361
-1.73305e-05
0.00020298
-5.05269e-06
0.00020103
6.98883e-06
0.00019659
1.87481e-05
0.000189758
3.01093e-05
0.000180664
4.09084e-05
0.000169464
5.11114e-05
0.000156246
6.067e-05
0.000141239
6.94609e-05
0.000124586
7.74847e-05
0.000106423
8.47158e-05
8.69645e-05
9.10498e-05
6.63782e-05
9.64856e-05
4.48892e-05
0.000100933
2.26876e-05
0.000104378
0.000106744
-0.000111346
-0.000103483
-0.000220856
-0.000110845
-0.000324601
-0.000126089
-0.000418457
-0.000149245
-0.000498366
-0.000180328
-0.000560579
-0.000218909
-0.000600717
-0.000265589
-0.000613131
-0.000321504
-0.0005909
-0.000387631
-0.000534415
-0.000456062
-0.000443076
-0.000526808
-0.00031605
-0.000598282
-0.000153243
-0.000669096
4.40437e-05
-0.000737247
0.00027385
-0.000801077
0.000532523
-0.000859057
0.000816075
-0.000909711
0.0011203
-0.000952229
0.00144
-0.000985603
0.00177032
-0.0010089
0.00210603
-0.00102122
0.00244121
-0.00102191
0.00277026
-0.00101037
0.00308754
-0.000986493
0.00338712
-0.000950247
0.00366405
-0.000902272
0.00391373
-0.000843769
0.00413317
-0.000776685
0.00432126
-0.000703282
0.00447896
-0.000626743
0.00460738
-0.000548156
0.00470822
-0.000468798
0.00478293
-0.000389453
0.00483324
-0.000310749
0.00486113
-0.000233154
0.00486801
-0.000157279
0.00485534
-8.32788e-05
0.00482501
-1.20208e-05
0.00476898
7.14801e-05
0.00469685
0.000146453
0.00460906
0.000218657
0.00450606
0.000288947
0.00438836
0.000357327
0.0042563
0.000423927
0.00411029
0.000488558
0.00395069
0.00055106
0.00377796
0.000611171
0.00359262
0.000668607
0.00339551
0.000723001
0.00318741
0.000773906
0.00296925
0.000821034
0.00274192
0.000863929
0.00250679
0.000901891
0.00226523
0.000934618
0.00201835
0.000961874
0.00176762
0.000983123
0.00151525
0.000997102
0.00126273
0.00100483
0.00101181
0.00100474
0.000764868
0.000997446
0.000523907
0.000981661
0.000290614
0.000958534
6.74772e-05
0.000926961
-0.000143857
0.00088741
-0.000340664
0.00083981
-0.000520954
0.00078441
-0.000683029
0.00072181
-0.000825155
0.000652236
-0.000945726
0.000576337
-0.00104342
0.000494949
-0.00111715
0.000409136
-0.00116611
0.000319526
-0.00119015
0.000227801
-0.00118816
0.000134263
-0.00116086
4.09952e-05
-0.00110922
-5.16977e-05
-0.00103432
-0.000140945
-0.000937214
-0.000226044
-0.000819837
-0.000305413
-0.000684343
-0.000377664
-0.000533258
-0.000441714
-0.000369505
-0.000495883
-0.00019609
-0.000539276
-1.66107e-05
-0.000570837
0.000165329
-0.000589841
0.00034602
-0.000595793
0.000521663
-0.000588011
0.000688708
-0.000566906
0.000843533
-0.0005326
0.000982882
-0.000485707
0.00110358
-0.000426757
0.00120262
-0.000356778
0.00127826
-0.000278472
0.0013285
-0.00019161
0.00135174
-9.9879e-05
0.00134781
-2.75966e-06
0.00131837
9.47768e-05
0.001263
0.000189964
0.00118311
0.000281843
0.00108082
0.000367823
0.000958963
0.00044577
0.000820628
0.000513896
0.00066948
0.000570212
0.000509297
0.000613564
0.000343978
0.000642894
0.000177779
0.000657348
1.48522e-05
0.000656721
-0.000141238
0.000641726
-0.000286989
0.000612581
-0.00041919
0.000570245
-0.000535249
0.000516377
-0.000632942
0.000452038
-0.000710958
0.000379993
-0.000768166
0.000301337
-0.000804256
0.000218892
-0.000819542
0.000134682
-0.000814696
5.06915e-05
-0.00079107
-3.08014e-05
-0.000750224
-0.000108223
-0.000694176
-0.000179704
-0.000624956
-0.000243911
-0.000545238
-0.000299304
-0.000457405
-0.000345445
-0.000363988
-0.000381632
-0.000267518
-0.000407374
-0.000170395
-0.000422682
-7.48388e-05
-0.000427911
1.71188e-05
-0.00042338
0.000103691
-0.000409981
0.000183382
-0.000388417
0.000254927
-0.00035953
0.000317356
-0.000324565
0.000369953
-0.000284602
0.000412338
-0.000240746
0.000444172
-0.000194177
0.000465612
-0.000146176
0.000477055
-9.78893e-05
0.000478721
-5.00081e-05
0.000471486
-4.024e-06
0.000455982
3.95257e-05
0.000433074
7.99979e-05
0.000403725
0.000116619
0.000368956
0.000149006
0.000329819
0.000176608
0.000287221
0.00019929
0.000242314
0.000216843
0.000196134
0.000229268
0.000149513
0.000236604
0.000103527
0.000238968
5.86914e-05
0.000236755
1.6224e-05
0.000229922
-2.37857e-05
0.000219515
-6.03951e-05
0.000205291
-9.32208e-05
0.000187994
-0.000121903
0.000168121
-0.000146142
0.000146074
-0.000165866
0.000122576
-0.000180884
9.79659e-05
-0.000191253
7.27381e-05
-0.000197046
4.75334e-05
-0.000198377
2.25496e-05
-0.000195572
-1.42882e-06
-0.000188837
-2.43264e-05
-0.000178492
-4.57785e-05
-0.000164929
-6.5452e-05
-0.000148527
-8.30924e-05
-0.000129715
-9.85431e-05
-0.000108921
-0.000111617
-8.65799e-05
-0.000122293
-6.31277e-05
-0.000130467
-3.90017e-05
-0.000136122
-1.46036e-05
-0.000139343
9.66673e-06
-0.0001402
3.3441e-05
-0.000138762
5.63974e-05
-0.000135164
7.81815e-05
-0.000129533
9.8531e-05
-0.000122056
0.000117177
-0.000112903
0.000133893
-0.000102264
0.000148486
-9.03473e-05
0.000160822
-7.74037e-05
0.000170784
-6.36503e-05
0.000178307
-4.93428e-05
0.000183384
-3.46943e-05
0.000186016
-1.99618e-05
0.000186253
-5.29048e-06
0.000184147
9.0949e-06
0.000179773
2.31227e-05
0.000173288
3.65942e-05
0.000164755
4.94415e-05
0.000154321
6.1545e-05
0.000142162
7.28296e-05
0.000128377
8.32453e-05
0.000113131
9.27311e-05
9.65798e-05
0.000101267
7.88681e-05
0.000108762
6.01713e-05
0.000115182
4.0673e-05
0.000120431
2.05533e-05
0.000124498
0.000127297
-0.000313747
0.000210264
-0.000623051
0.000198459
-0.000914343
0.000165204
-0.00117452
0.000110929
-0.00138554
3.06936e-05
-0.0015402
-6.42494e-05
-0.00164797
-0.000157818
-0.00169514
-0.000274336
-0.00168278
-0.000399986
-0.00160632
-0.000532521
-0.00147277
-0.000660361
-0.00128702
-0.000784027
-0.00105528
-0.000900844
-0.000782947
-0.00100958
-0.000474485
-0.00110954
-0.000133304
-0.00120024
0.000237665
-0.00128068
0.000635703
-0.00135027
0.00105737
-0.00140727
0.00149823
-0.00144977
0.00195189
-0.00147488
0.00240989
-0.00147991
0.00286272
-0.0014632
0.00330111
-0.00142488
0.00371505
-0.00136418
0.00409707
-0.0012843
0.00443557
-0.00118227
0.00472654
-0.00106765
0.00495865
-0.000935398
0.00513902
-0.000807109
0.00526934
-0.000678473
0.00535615
-0.000555609
0.00540491
-0.000438214
0.00542267
-0.000328508
0.00541539
-0.000225876
0.00538618
-0.00012807
0.00533689
-3.39906e-05
0.00525442
7.04508e-05
0.00516052
0.000165385
0.005051
0.000255968
0.0049264
0.000343259
0.00478744
0.00042791
0.00463461
0.000510157
0.00446846
0.000590076
0.00428915
0.000667866
0.00409713
0.000743085
0.00389253
0.000815765
0.00367589
0.000885253
0.00344766
0.000951231
0.00320844
0.00101313
0.00295907
0.0010704
0.00270084
0.00112215
0.00243461
0.00116813
0.00216108
0.00120814
0.00188285
0.00124011
0.00160099
0.00126498
0.00131769
0.0012804
0.00103466
0.00128786
0.000754554
0.00128485
0.000479023
0.00127298
0.000210541
0.00125014
-4.8016e-05
0.00121709
-0.000294208
0.00117315
-0.000525419
0.00111862
-0.000739517
0.00105391
-0.000934091
0.000978985
-0.00110708
0.000894803
-0.0012564
0.000801552
-0.00138029
0.000700225
-0.00147716
0.000591816
-0.00154597
0.000477951
-0.0015858
0.00035936
-0.00159586
0.000237858
-0.0015767
0.000115105
-0.00152793
-7.78295e-06
-0.00145149
-0.000128134
-0.00134797
-0.000244464
-0.00121922
-0.000354795
-0.00106754
-0.000457095
-0.00089568
-0.000549521
-0.000706748
-0.000630647
-0.000504228
-0.000698403
-0.0002918
-0.000751703
-7.36673e-05
-0.00078897
0.000145979
-0.000809487
0.000362863
-0.000812677
0.000572401
-0.000797549
0.000770083
-0.000764587
0.000951734
-0.000714252
0.00111348
-0.000647451
0.00125252
-0.000565803
0.00136517
-0.000469422
0.00144843
-0.000361735
0.00150262
-0.000245802
0.00152414
-0.000121399
0.00151439
6.9947e-06
0.00147411
0.00013506
0.00140386
0.000260208
0.00130572
0.000379982
0.00118243
0.000491113
0.00103759
0.000590617
0.000875033
0.000676448
0.000699277
0.000745968
0.00051475
0.000798091
0.000326457
0.000831187
0.000139077
0.000844728
-4.29608e-05
0.000838758
-0.000215236
0.000814002
-0.00037389
0.000771234
-0.000515447
0.000711802
-0.000637441
0.000638371
-0.000737936
0.000552534
-0.000815169
0.000457226
-0.000868669
0.000354837
-0.000898512
0.000248735
-0.000905371
0.000141541
-0.00089034
3.56603e-05
-0.000855453
-6.56882e-05
-0.000802591
-0.000161085
-0.000734267
-0.000248028
-0.000653093
-0.000325085
-0.000561871
-0.000390526
-0.000463483
-0.000443833
-0.000360645
-0.00048447
-0.000256135
-0.000511884
-0.000152433
-0.000526385
-5.18308e-05
-0.000528513
4.36802e-05
-0.000518891
0.000132321
-0.000498622
0.000212746
-0.000468841
0.000283612
-0.000430397
0.000344324
-0.000385276
0.000394248
-0.000334527
0.000433254
-0.000279753
0.000461434
-0.000222357
0.000478674
-0.000163416
0.000485609
-0.000104824
0.000483075
-4.74743e-05
0.000471703
7.34882e-06
0.000452319
5.89092e-05
0.000425946
0.000106371
0.000393495
0.000149071
0.000356121
0.000186379
0.000314904
0.000217825
0.000271019
0.000243176
0.00022517
0.000262691
0.00017862
0.000275819
0.000132286
0.000282938
8.6781e-05
0.000284472
4.32531e-05
0.000280283
1.90513e-06
0.00027127
-3.63093e-05
0.00025773
-7.09775e-05
0.000239959
-0.000101724
0.00021874
-0.000128284
0.000194682
-0.000150469
0.000168259
-0.000168071
0.000140177
-0.00018109
0.000110985
-0.000189661
8.13093e-05
-0.000193794
5.16658e-05
-0.000193821
2.25772e-05
-0.000189882
-5.36821e-06
-0.000182265
-3.19433e-05
-0.000171352
-5.66918e-05
-0.000157551
-7.9253e-05
-0.000141138
-9.95048e-05
-0.000122635
-0.000117046
-0.000102399
-0.000131854
-8.0867e-05
-0.000143825
-5.84589e-05
-0.000152875
-3.55413e-05
-0.000159039
-1.25046e-05
-0.000162379
1.02654e-05
-0.00016297
3.2465e-05
-0.000160962
5.38004e-05
-0.000156499
7.39479e-05
-0.000149681
9.26752e-05
-0.000140783
0.000109768
-0.000129996
0.000124984
-0.00011748
0.000138207
-0.00010357
0.000149287
-8.8484e-05
0.000158142
-7.2505e-05
0.000164718
-5.59187e-05
0.000169028
-3.90042e-05
0.000171102
-2.20365e-05
0.000170982
-5.17048e-06
0.000168753
1.13238e-05
0.000164486
2.73902e-05
0.000158296
4.27838e-05
0.000150291
5.74469e-05
0.000140615
7.12206e-05
0.000129374
8.40709e-05
0.000116726
9.58927e-05
0.000102792
0.000106665
8.76825e-05
0.000116376
7.15595e-05
0.000124885
5.45685e-05
0.000132173
3.68685e-05
0.000138131
1.86273e-05
0.000142739
0.000145924
-0.000541402
0.000751666
-0.00107739
0.000734445
-0.00159011
0.000677923
-0.00206331
0.000584131
-0.00249317
0.000460557
-0.00287191
0.000314487
-0.00318379
0.000154066
-0.00344323
-1.48939e-05
-0.00360327
-0.000239953
-0.00365075
-0.000485039
-0.00358228
-0.00072883
-0.00339475
-0.000971556
-0.00309225
-0.00120334
-0.00268214
-0.00141969
-0.00217572
-0.00161596
-0.00158735
-0.00178861
-0.000933487
-0.00193454
-0.000231888
-0.00205187
0.00049946
-0.00213861
0.00124317
-0.00219347
0.0019831
-0.00221482
0.00270509
-0.0022019
0.00339546
-0.00215357
0.00404003
-0.00206946
0.00462181
-0.00194596
0.0051263
-0.00178879
0.00553381
-0.00158978
0.0058198
-0.00135364
0.00599462
-0.00111022
0.00608739
-0.000899878
0.00612258
-0.000713664
0.0061147
-0.000547724
0.00607467
-0.000398189
0.00600919
-0.000263029
0.00592401
-0.000140695
0.00582612
-3.01831e-05
0.00569367
9.84606e-05
0.00555825
0.000205877
0.00541655
0.000307081
0.0052679
0.000404624
0.00511108
0.000500072
0.00494495
0.000594042
0.00476823
0.000686877
0.00458037
0.000777935
0.00438042
0.000867818
0.00416812
0.000955389
0.0039432
0.00104069
0.00370569
0.00112276
0.00345584
0.00120109
0.00319441
0.00127456
0.00292191
0.0013429
0.00263855
0.00140552
0.00234633
0.00146035
0.00204663
0.00150784
0.00174142
0.00154531
0.00143236
0.00157405
0.00112138
0.00159138
0.000810989
0.00159824
0.000503769
0.00159207
0.00020261
0.00157414
-8.99026e-05
0.00154266
-0.000370891
0.00149808
-0.000637631
0.00143989
-0.000887161
0.00136815
-0.00111686
0.00128361
-0.0013241
0.00118622
-0.00150639
0.0010771
-0.00166143
0.00095659
-0.00178733
0.000826123
-0.00188234
0.000686832
-0.00194521
0.000540816
-0.001975
0.00038915
-0.0019712
0.000234062
-0.00193395
7.78554e-05
-0.00186396
-7.77754e-05
-0.00176226
-0.000229833
-0.00163038
-0.000376349
-0.00147051
-0.000514663
-0.00128527
-0.000642333
-0.001078
-0.000756796
-0.000852128
-0.000856516
-0.000612013
-0.000938518
-0.000362075
-0.00100164
-0.000107141
-0.0010439
0.000147942
-0.00106457
0.000398101
-0.00106284
0.000638233
-0.00103768
0.000863808
-0.000990161
0.00107038
-0.000920823
0.00125252
-0.000829595
0.00140646
-0.000719744
0.00153054
-0.000593503
0.00162043
-0.00045162
0.00167416
-0.00029953
0.00169258
-0.000139824
0.00167481
2.47686e-05
0.00162182
0.000188046
0.00153519
0.000346835
0.00141748
0.000497699
0.00127239
0.000636199
0.00110419
0.000758816
0.00091746
0.000863181
0.000717572
0.000945856
0.000509775
0.00100589
0.000299724
0.00104124
9.2925e-05
0.00105153
-0.000105992
0.00103767
-0.000292156
0.00100017
-0.000461266
0.000940344
-0.000610218
0.000860754
-0.000735826
0.00076398
-0.000836565
0.000653272
-0.00091115
0.000531811
-0.000959192
0.000402879
-0.000981549
0.000271092
-0.000978974
0.000138966
-0.000953418
1.01047e-05
-0.000906984
-0.000112122
-0.000842307
-0.000225762
-0.000762295
-0.000328041
-0.000670014
-0.000417366
-0.000568543
-0.000491997
-0.000460862
-0.000551514
-0.000350141
-0.00059519
-0.000239211
-0.000622814
-0.000130661
-0.000634935
-2.66007e-05
-0.000632573
7.10108e-05
-0.000616502
0.000160344
-0.000587955
0.000240207
-0.000548705
0.000309575
-0.000499764
0.00036775
-0.000443452
0.000414428
-0.000381204
0.000449598
-0.000314923
0.000473542
-0.0002463
0.00048685
-0.000176724
0.00048956
-0.000107535
0.000482956
-4.08703e-05
0.000467824
2.2481e-05
0.000445007
8.17258e-05
0.000415587
0.000135791
0.0003807
0.000183957
0.000341393
0.000225686
0.000298937
0.000260282
0.000254038
0.000288075
0.000207943
0.000308786
0.000161662
0.0003221
0.000115816
0.000328783
7.14958e-05
0.000328793
2.90651e-05
0.000322714
-1.05188e-05
0.000310853
-4.68747e-05
0.000294086
-7.95942e-05
0.000272679
-0.000108332
0.000247478
-0.000132815
0.000219165
-0.000152879
0.000188323
-0.000168499
0.000155797
-0.000179725
0.000122212
-0.000186627
8.82114e-05
-0.000189332
5.43703e-05
-0.000188128
2.13735e-05
-0.000183235
-1.02612e-05
-0.000174988
-4.01901e-05
-0.000163698
-6.79823e-05
-0.000149776
-9.31742e-05
-0.000133551
-0.00011573
-0.000115466
-0.000135132
-9.58811e-05
-0.000151438
-7.52231e-05
-0.000164483
-5.38723e-05
-0.000174226
-3.21903e-05
-0.000180721
-1.05584e-05
-0.000184011
1.07971e-05
-0.000184326
3.14698e-05
-0.000181635
5.1246e-05
-0.000176275
6.98692e-05
-0.000168304
8.70886e-05
-0.000158003
0.000102707
-0.000145615
0.000116578
-0.000131351
0.000128541
-0.000115533
0.00013847
-9.84129e-05
0.000146311
-8.03465e-05
0.000152044
-6.16514e-05
0.000155695
-4.26552e-05
0.000157283
-2.36247e-05
0.000156875
-4.76266e-06
0.000154564
1.36352e-05
0.000150428
3.15256e-05
0.000144536
4.86757e-05
0.000137042
6.49418e-05
0.000128053
8.02094e-05
0.0001177
9.44237e-05
0.000106096
0.000107497
9.3347e-05
0.000119415
7.95773e-05
0.000130146
6.49005e-05
0.000139561
4.94679e-05
0.000147606
3.34036e-05
0.000154195
1.68723e-05
0.000159271
0.000162796
-0.00107246
0.00182413
-0.00215816
0.00182014
-0.00324558
0.00176534
-0.00431973
0.00165828
-0.00534794
0.00148876
-0.00623521
0.00120176
-0.00693976
0.000858612
-0.0071246
0.00016995
-0.00690486
-0.000459697
-0.00640106
-0.000988832
-0.00576036
-0.00136953
-0.00502412
-0.0017078
-0.00424522
-0.00198224
-0.00344806
-0.00221685
-0.00264785
-0.00241617
-0.00184918
-0.00258728
-0.00105244
-0.00273129
-0.000254386
-0.00284992
0.000549827
-0.00294283
0.00136503
-0.00300868
0.0021948
-0.00304459
0.00304095
-0.00304805
0.00389752
-0.00301014
0.00475807
-0.00293001
0.00558347
-0.00277136
0.00635844
-0.00256375
0.00697555
-0.00220689
0.00720329
-0.00158138
0.00718973
-0.00109666
0.00712128
-0.000831434
0.00697667
-0.000569053
0.00682255
-0.000393605
0.00665812
-0.000233753
0.00649025
-9.51661e-05
0.00631221
3.73454e-05
0.00612408
0.000157955
0.00594979
0.000272747
0.00577519
0.00038048
0.00559803
0.000484239
0.00541743
0.000585226
0.00523161
0.000685883
0.0050407
0.00078496
0.00484303
0.000884544
0.00463608
0.000984886
0.00441888
0.00108501
0.00419048
0.00118379
0.00395035
0.00128081
0.0036981
0.001375
0.00343269
0.0014665
0.00315411
0.00155314
0.0028633
0.00163371
0.0025615
0.00170732
0.00224921
0.00177265
0.00192882
0.00182822
0.00160092
0.00187322
0.00126875
0.00190621
0.000934819
0.00192532
0.000601798
0.00193126
0.000272372
0.0019215
-5.1078e-05
0.00189759
-0.000364206
0.00185578
-0.000664858
0.00179873
-0.000949501
0.00172454
-0.00121477
0.00163342
-0.00145771
0.00152655
-0.00167536
0.00140388
-0.001865
0.00126673
-0.00202415
0.00111575
-0.00215055
0.000952516
-0.0022426
0.000778883
-0.00229884
0.000597064
-0.00231828
0.000408583
-0.00230069
0.000216471
-0.00224601
2.31767e-05
-0.00215527
-0.000168516
-0.00202959
-0.000355509
-0.00187092
-0.000535016
-0.00168193
-0.000703659
-0.00146568
-0.000858581
-0.00122587
-0.000996607
-0.000966474
-0.00111591
-0.000692454
-0.00121254
-0.000408816
-0.00128528
-0.00012081
-0.00133191
0.000165991
-0.00135137
0.000446115
-0.00134296
0.000713965
-0.00130553
0.000963382
-0.00123958
0.00118951
-0.00114695
0.00138858
-0.00102867
0.00155554
-0.000886705
0.00168624
-0.000724203
0.00177936
-0.000544737
0.00183289
-0.000353057
0.00184515
-0.00015209
0.00181769
5.22368e-05
0.001751
0.000254735
0.00164749
0.000450344
0.00151051
0.000634675
0.00134444
0.000802269
0.00115377
0.000949484
0.000944517
0.00107244
0.00072245
0.00116792
0.000493928
0.00123441
0.000264592
0.00127057
4.09973e-05
0.00127512
-0.000171843
0.00125052
-0.000368664
0.00119699
-0.000545021
0.0011167
-0.000697975
0.00101371
-0.000824619
0.000890624
-0.000923352
0.000752005
-0.000993069
0.000601528
-0.00103476
0.000444575
-0.00104852
0.000284846
-0.00103588
0.000126323
-0.0009999
-2.58712e-05
-0.000942449
-0.000169572
-0.000866887
-0.000301324
-0.000776458
-0.000418469
-0.00067465
-0.000519174
-0.000564478
-0.000602169
-0.00044958
-0.000666412
-0.000332955
-0.000711815
-0.000217546
-0.000738224
-0.00010597
-0.00074651
-2.10799e-07
-0.000738332
9.75898e-05
-0.000714303
0.000186112
-0.000676477
0.000264064
-0.000626656
0.00033074
-0.00056644
0.000385694
-0.000498405
0.000428828
-0.000424338
0.000460073
-0.000346168
0.000479776
-0.000266004
0.000488811
-0.000185759
0.000487962
-0.000106686
0.000477631
-3.05391e-05
0.000459217
4.08949e-05
0.000433614
0.000107328
0.00040195
0.000167456
0.00036535
0.000220557
0.000324904
0.000266132
0.000281522
0.000303664
0.000236491
0.000333107
0.000190754
0.000354523
0.000145038
0.000367816
0.000100342
0.000373479
5.72927e-05
0.000371842
1.66917e-05
0.000363315
-2.10693e-05
0.000348614
-5.5409e-05
0.000328425
-8.605e-05
0.00030332
-0.00011265
0.000274078
-0.000135047
0.000241563
-0.000153154
0.00020643
-0.000166921
0.000169563
-0.000176493
0.000131784
-0.000181943
9.36615e-05
-0.000183405
5.58322e-05
-0.000181241
1.92095e-05
-0.000175609
-1.58935e-05
-0.000166911
-4.88885e-05
-0.000155467
-7.9426e-05
-0.000141584
-0.000107057
-0.000125706
-0.000131609
-0.000108143
-0.000152694
-8.93267e-05
-0.000170255
-6.96217e-05
-0.000184188
-4.93898e-05
-0.000194458
-2.89699e-05
-0.000201141
-8.66991e-06
-0.000204311
1.12e-05
-0.000204196
3.03949e-05
-0.00020083
4.86764e-05
-0.000194557
6.58153e-05
-0.000185443
8.16168e-05
-0.000173804
9.58889e-05
-0.000159887
0.000108493
-0.000143955
0.000119272
-0.000126312
0.000128156
-0.000107297
0.000135096
-8.72864e-05
0.000140075
-6.66304e-05
0.00014313
-4.571e-05
0.000144314
-2.48086e-05
0.0001437
-4.14833e-06
0.000141347
1.59874e-05
0.000137332
3.55405e-05
0.000131777
5.42315e-05
0.00012477
7.19485e-05
0.000116451
8.85286e-05
0.000106919
0.000103956
9.6295e-05
0.00011812
8.46665e-05
0.000131043
7.21332e-05
0.000142679
5.88007e-05
0.000152894
4.47841e-05
0.000161623
3.02305e-05
0.000168749
1.52644e-05
0.000174237
0.000178061
-0.00135407
0.0031782
-0.00270871
0.00317478
-0.00402791
0.00308454
-0.00527812
0.00290849
-0.00640498
0.00261563
-0.00735774
0.00215452
-0.00801088
0.00151174
-0.00850523
0.000664299
-0.00892649
-3.84347e-05
-0.00910627
-0.000809054
-0.00898069
-0.00149511
-0.00854063
-0.00214786
-0.00784703
-0.00267583
-0.00694458
-0.00311931
-0.00587924
-0.00348151
-0.00468886
-0.00377766
-0.00340738
-0.00401277
-0.00206414
-0.00419316
-0.000686112
-0.00432085
0.000701684
-0.00439647
0.00207453
-0.00441744
0.00340738
-0.00438089
0.0046708
-0.00427356
0.00583807
-0.00409728
0.00686107
-0.00379435
0.0077208
-0.00342348
0.00844099
-0.00292708
0.00851884
-0.00165923
0.00841883
-0.00099665
0.00817106
-0.000583661
0.00786623
-0.000264226
0.00754269
-7.00666e-05
0.00717391
0.000135033
0.00680854
0.000270198
0.0064766
0.000369284
0.00618696
0.000447596
0.00594053
0.000519177
0.00572516
0.00059585
0.00552901
0.000680393
0.0053418
0.00077243
0.00515907
0.000868616
0.00497181
0.000972221
0.00477928
0.00107707
0.00457848
0.00118569
0.00436663
0.00129687
0.00414145
0.00140897
0.00390139
0.00152087
0.00364551
0.00163089
0.00337421
0.0017378
0.00308794
0.00183941
0.00278646
0.00193518
0.0024717
0.00202208
0.00214548
0.00209887
0.00180897
0.00216473
0.00146489
0.0022173
0.0011154
0.00225571
0.00076328
0.00227743
0.000411491
0.00228305
6.37025e-05
0.00226929
-0.000277098
0.00223839
-0.000607792
0.00218648
-0.000923411
0.00211435
-0.00122189
0.00202301
-0.00149921
0.00191074
-0.0017519
0.00177924
-0.00197702
0.001629
-0.00217172
0.00146143
-0.00233285
0.00127687
-0.00245855
0.00107821
-0.00254667
0.000867005
-0.0025958
0.000646196
-0.00260509
0.000417873
-0.00257409
0.000185475
-0.00250325
-4.76679e-05
-0.00239338
-0.000278389
-0.0022461
-0.000502784
-0.0020637
-0.000717414
-0.00184887
-0.000918491
-0.0016053
-0.00110216
-0.00133703
-0.00126488
-0.00104885
-0.00140409
-0.000745729
-0.00151566
-0.00043327
-0.00159774
-0.000117531
-0.00164765
0.000196092
-0.00166499
0.00050057
-0.00164744
0.000790034
-0.001595
0.00105899
-0.00150853
0.00130164
-0.0013896
0.00151263
-0.00123965
0.00168798
-0.00106205
0.00182419
-0.000860415
0.00191793
-0.000638483
0.00196761
-0.000402729
0.00197306
-0.000157547
0.00193478
9.05208e-05
0.0018544
0.000335119
0.00173464
0.000570097
0.00157938
0.00078994
0.00139363
0.000988016
0.00118333
0.00115978
0.000954574
0.0013012
0.000713667
0.00140883
0.000467423
0.00148065
0.000223279
0.00151472
-1.32899e-05
0.00151169
-0.000235879
0.0014731
-0.000439739
0.00140085
-0.000620759
0.00129772
-0.000774442
0.00116739
-0.000899781
0.00101596
-0.000993865
0.000846088
-0.00105831
0.000665971
-0.00109183
0.000478092
-0.00109661
0.000289626
-0.00107411
0.000103831
-0.00102829
-7.169e-05
-0.000960906
-0.00023696
-0.000876
-0.00038623
-0.000777189
-0.00051728
-0.000667376
-0.000628987
-0.000550899
-0.000718647
-0.000430985
-0.000786325
-0.000310712
-0.000832089
-0.000193066
-0.00085587
-8.02975e-05
-0.000859279
2.52048e-05
-0.000843834
0.000121763
-0.000810861
0.000208079
-0.000762794
0.000283124
-0.000701701
0.000346384
-0.0006297
0.000397483
-0.000549504
0.00043647
-0.000463325
0.000463702
-0.0003734
0.000479685
-0.000281987
0.000484891
-0.000190965
0.000480336
-0.000102131
0.000467213
-1.74161e-05
0.000446177
6.19314e-05
0.000418474
0.000135031
0.000385246
0.000200684
0.000347601
0.000258202
0.000306625
0.000307108
0.000263196
0.000347093
0.000218646
0.000377656
0.000173813
0.000399356
0.000129224
0.000412405
8.60689e-05
0.000416634
4.47884e-05
0.000413123
6.17059e-06
0.000401933
-2.95941e-05
0.000384379
-6.18151e-05
0.000360646
-9.02934e-05
0.000331798
-0.000114799
0.000298584
-0.000135197
0.00026196
-0.000151433
0.000222666
-0.000163542
0.000181672
-0.000171586
0.000139828
-0.0001757
9.77758e-05
-0.000176171
5.63033e-05
-0.000173211
1.62492e-05
-0.000167075
-2.20297e-05
-0.000158113
-5.785e-05
-0.000146663
-9.08759e-05
-0.000133023
-0.000120697
-0.000117619
-0.000147013
-0.000100731
-0.000169582
-8.27838e-05
-0.000188202
-6.41108e-05
-0.000202861
-4.50591e-05
-0.00021351
-2.59312e-05
-0.000220269
-7.00009e-06
-0.000223242
1.14491e-05
-0.000222645
2.92095e-05
-0.00021859
4.60515e-05
-0.000211399
6.17828e-05
-0.000201174
7.62287e-05
-0.00018825
8.92343e-05
-0.000172893
0.000100662
-0.000155382
0.000110373
-0.000136023
0.000118311
-0.000115235
0.000124436
-9.34114e-05
0.000128752
-7.09462e-05
0.000131298
-4.82563e-05
0.000132139
-2.56491e-05
0.000131371
-3.38068e-06
0.000129011
1.83477e-05
0.000125167
3.93841e-05
0.00011995
5.94494e-05
0.000113427
7.84711e-05
0.000105729
9.62266e-05
9.69984e-05
0.000112686
8.72901e-05
0.000127829
7.66871e-05
0.000141646
6.52965e-05
0.00015407
5.31869e-05
0.000165004
4.04899e-05
0.00017432
2.73226e-05
0.000181916
1.37898e-05
0.000187769
0.000191851
-0.00199898
0.00517718
-0.00413662
0.00531243
-0.00651021
0.00545812
-0.00935419
0.00575247
-0.012876
0.00613743
-0.0175271
0.00680566
-0.0224836
0.00646824
-0.0239946
0.00217529
-0.0197724
-0.00426067
-0.0160873
-0.00449411
-0.0128865
-0.00469595
-0.010189
-0.00484532
-0.0079636
-0.00490127
-0.00614291
-0.00493999
-0.00460526
-0.00501916
-0.00325189
-0.00513103
-0.0020162
-0.00524845
-0.000847292
-0.00536207
0.000299088
-0.00546723
0.0014657
-0.00556308
0.00269878
-0.00565052
0.00405126
-0.00573337
0.00559765
-0.00581995
0.00744447
-0.0059441
0.00978415
-0.00613404
0.0126988
-0.00633814
0.0162528
-0.00648107
0.0147446
-0.00015105
0.011902
0.001846
0.00965983
0.00165848
0.00831089
0.00108472
0.00737888
0.000861945
0.00680988
0.000704025
0.00642481
0.000655271
0.00615461
0.000639484
0.00593496
0.000667247
0.00572703
0.000727109
0.0055293
0.000793582
0.00534488
0.000864808
0.00517149
0.000945821
0.00500195
0.00103815
0.00483351
0.00114066
0.00465698
0.00125359
0.00446995
0.00137272
0.00426953
0.00149729
0.00405276
0.00162575
0.00381827
0.00175535
0.0035655
0.00188366
0.00329434
0.00200897
0.003005
0.00212875
0.00269905
0.00224113
0.00237764
0.0023435
0.00204176
0.00243475
0.00169442
0.00251206
0.00133827
0.00257345
0.000976098
0.00261788
0.000610971
0.00264256
0.000245768
0.00264826
-0.000115251
0.00263031
-0.000469046
0.00259218
-0.000811356
0.00252879
-0.00113925
0.00244225
-0.00144765
0.00233141
-0.00173352
0.00219662
-0.00199331
0.00203903
-0.00222316
0.00185885
-0.00241985
0.00165812
-0.00258137
0.00143839
-0.00270465
0.0012015
-0.00278785
0.000950204
-0.00282952
0.000687858
-0.00282904
0.000417399
-0.00278604
0.000142477
-0.00270084
-0.000132873
-0.00257454
-0.000404684
-0.00240882
-0.000668505
-0.00220629
-0.000919941
-0.00197
-0.00115479
-0.00170385
-0.0013683
-0.00141251
-0.00155622
-0.00110076
-0.00171584
-0.000774316
-0.00184209
-0.000439223
-0.00193283
-0.000101383
-0.00198549
0.000232007
-0.00199838
0.000555389
-0.00197082
0.000861355
-0.00190096
0.00114433
-0.00179151
0.00139812
-0.00164339
0.00161765
-0.00145918
0.00179795
-0.00124236
0.00193553
-0.000997999
0.00202783
-0.000730786
0.00207289
-0.000447786
0.00207044
-0.000155094
0.00202159
0.000139367
0.00192809
0.000428617
0.00179372
0.000704475
0.00162261
0.000961047
0.00142029
0.00119034
0.00119366
0.0013864
0.000948193
0.00154667
0.000692428
0.0016646
0.000433664
0.00173942
0.000177878
0.0017705
-6.74296e-05
0.001757
-0.000296261
0.00170194
-0.000503362
0.00160795
-0.00068453
0.00147889
-0.000837149
0.00132001
-0.000957866
0.00113668
-0.00104704
0.000935263
-0.00110389
0.000722821
-0.00112893
0.00050313
-0.00112475
0.000285448
-0.001094
7.30837e-05
-0.0010386
-0.000127095
-0.000963038
-0.000312521
-0.000870873
-0.000478395
-0.00076489
-0.000623263
-0.000649929
-0.000743948
-0.00052932
-0.000839256
-0.000406814
-0.000908831
-0.00028524
-0.000953662
-0.000167189
-0.000973921
-5.52657e-05
-0.000971203
4.84407e-05
-0.000947541
0.000142327
-0.000904748
0.000225435
-0.000845902
0.000296768
-0.000773033
0.000356027
-0.00068896
0.000402926
-0.000596403
0.000437817
-0.000498217
0.000461003
-0.000396586
0.000473121
-0.000294105
0.000475081
-0.000192924
0.000467706
-9.4756e-05
0.000452063
-1.77295e-06
0.000429086
8.49077e-05
0.000400008
0.00016411
0.000365924
0.000234768
0.000327918
0.000296208
0.000287073
0.000347952
0.000244513
0.000389654
0.000200782
0.000421387
0.000157198
0.00044294
0.000114477
0.000455126
7.30933e-05
0.000458018
3.40409e-05
0.000452175
-2.66644e-06
0.00043864
-3.61221e-05
0.000417835
-6.61899e-05
0.000390714
-9.24892e-05
0.000358097
-0.000114929
0.000321024
-0.000133369
0.0002804
-0.000147845
0.000237142
-0.000158384
0.000192211
-0.000165092
0.000146537
-0.000168153
0.000100836
-0.000167775
5.59256e-05
-0.000164232
1.27058e-05
-0.0001578
-2.84608e-05
-0.00014877
-6.68806e-05
-0.000137444
-0.000102201
-0.000124223
-0.000133919
-0.00010943
-0.000161805
-9.33169e-05
-0.000185695
-7.63255e-05
-0.000205194
-5.87863e-05
-0.0002204
-4.09214e-05
-0.000231374
-2.30764e-05
-0.000238114
-5.51921e-06
-0.000240799
1.1535e-05
-0.000239699
2.78993e-05
-0.000234955
4.33586e-05
-0.000226858
5.77497e-05
-0.000215566
7.09247e-05
-0.000201425
8.27412e-05
-0.000184709
9.30826e-05
-0.000165724
0.000101823
-0.000144763
0.000108897
-0.000122309
0.000114289
-9.88039e-05
0.000118021
-7.4678e-05
0.000120132
-5.03669e-05
0.000120698
-2.62154e-05
0.000119791
-2.47341e-06
0.00011748
2.0659e-05
0.000113843
4.30203e-05
0.000108933
6.43597e-05
0.000102891
8.45135e-05
9.58183e-05
0.000103299
8.78125e-05
0.000120692
7.8968e-05
0.000136673
6.93521e-05
0.000151262
5.90073e-05
0.000164415
4.80431e-05
0.000175968
3.65562e-05
0.000185807
2.46481e-05
0.000193824
1.24357e-05
0.000199982
0.000204286
-0.00256668
0.00774385
-0.00526007
0.00800582
-0.00812948
0.00832754
-0.0112373
0.00886034
-0.0144901
0.0093902
-0.017712
0.0100276
-0.020714
0.00947027
-0.0238994
0.00536062
-0.0215485
-0.0193536
-0.0172832
-0.0152837
-0.0132599
-0.0111946
-0.00912682
-0.00708825
-0.00508402
-0.0031089
-0.00115348
0.000792483
0.00273835
0.00468966
0.00664408
0.00856454
0.0103871
0.0120976
0.0137592
0.0120324
0.00157573
0.0108172
0.00306119
0.00969388
0.00278184
0.00853913
0.00223947
0.0075349
0.00186618
0.00675359
0.00148533
0.00616634
0.00124253
0.00573849
0.00106733
0.00543613
0.00096961
0.00523389
0.00092935
0.00508965
0.000937816
0.00497222
0.000982243
0.00486085
0.00105719
0.00474674
0.00115226
0.00462073
0.00126667
0.00448057
0.00139376
0.00432093
0.00153235
0.00414026
0.00167796
0.00393815
0.00182786
0.00371442
0.00197907
0.00346848
0.0021296
0.00320088
0.00227656
0.00291267
0.00241697
0.0026052
0.0025486
0.00227993
0.00266876
0.00193968
0.002775
0.00158629
0.00286545
0.00122277
0.00293697
0.000851819
0.00298883
0.000478529
0.00301585
0.000104596
0.00302219
-0.000264678
0.00299958
-0.000626829
0.00295433
-0.00097691
0.00287887
-0.00131122
0.00277656
-0.00162537
0.00264555
-0.00191558
0.00248683
-0.00217819
0.00230164
-0.00240875
0.00208941
-0.00260635
0.00185572
-0.00276559
0.00159763
-0.00288553
0.00132143
-0.00296355
0.00102823
-0.00299844
0.000722743
-0.00298896
0.000407917
-0.00293526
8.87804e-05
-0.00283785
-0.000230277
-0.00269796
-0.000544579
-0.00251751
-0.000848954
-0.00229907
-0.00113838
-0.00204624
-0.00140762
-0.00176305
-0.00165149
-0.00145426
-0.00186501
-0.00112531
-0.0020448
-0.000782005
-0.0021854
-0.000430481
-0.00228436
-7.75015e-05
-0.00233847
0.000270034
-0.00234592
0.00060586
-0.00230665
0.000922681
-0.00221778
0.00121416
-0.002083
0.00147448
-0.0019037
0.00169786
-0.00168256
0.00188011
-0.0014246
0.0020166
-0.00113449
0.00210563
-0.000819824
0.00214482
-0.00048697
0.00213452
-0.000144795
0.00207561
0.000198279
0.00197083
0.000533394
0.00182394
0.000851363
0.00163957
0.00114542
0.00142455
0.00140536
0.00118437
0.00162659
0.000927459
0.00180358
0.000660981
0.00193107
0.000393251
0.00200715
0.00013107
0.00203268
-0.000118294
0.00200636
-0.000349041
0.00193268
-0.000556188
0.0018151
-0.000735434
0.00165813
-0.000883182
0.00146776
-0.000999088
0.00125259
-0.00108074
0.00101691
-0.00112922
0.000771308
-0.00114675
0.000520654
-0.00113431
0.000273007
-0.0010949
3.36798e-05
-0.00103259
-0.000189407
-0.000950625
-0.000394485
-0.000852202
-0.000576817
-0.000742366
-0.000733099
-0.000624575
-0.000861739
-0.000502538
-0.000961293
-0.000379117
-0.00103225
-0.000257758
-0.00107502
-0.000141282
-0.0010904
-3.21078e-05
-0.00108038
6.86103e-05
-0.00104826
0.0001589
-0.000995037
0.000237844
-0.000924846
0.000304837
-0.000840027
0.000359576
-0.000743698
0.0004022
-0.000639027
0.00043299
-0.000529006
0.000452413
-0.000416009
0.000461265
-0.000302957
0.000460341
-0.000192
0.000450645
-8.50602e-05
0.000433233
1.56392e-05
0.000409023
0.000109118
0.000379198
0.000193935
0.000344835
0.00026913
0.000307046
0.000333997
0.000266888
0.00038811
0.000225381
0.00043116
0.000183428
0.00046334
0.000141446
0.000484922
0.000100676
0.000495896
6.1542e-05
0.000497152
2.45395e-05
0.000489178
-9.69079e-06
0.00047287
-4.08689e-05
0.000449013
-6.86969e-05
0.000418542
-9.28449e-05
0.000382245
-0.000113291
0.00034147
-0.000129903
0.000297012
-0.000142754
0.000249993
-0.000151878
0.000201335
-0.000157424
0.000152083
-0.000159577
0.000102989
-0.000158553
5.4901e-05
-0.00015458
8.73368e-06
-0.000148001
-3.50401e-05
-0.000139057
-7.58252e-05
-0.000128068
-0.00011319
-0.000115336
-0.000146651
-0.00010123
-0.000175911
-8.60094e-05
-0.000200916
-7.00639e-05
-0.000221139
-5.35869e-05
-0.000236877
-3.69705e-05
-0.000247991
-2.0432e-05
-0.000254653
-4.22983e-06
-0.000257002
1.14658e-05
-0.000255395
2.6475e-05
-0.000249964
4.06155e-05
-0.000240998
5.37414e-05
-0.000228692
6.57299e-05
-0.000213414
7.64329e-05
-0.000195412
8.57603e-05
-0.000175051
9.36162e-05
-0.000152619
9.99344e-05
-0.000128628
0.000104663
-0.000103533
0.000107876
-7.78904e-05
0.000109614
-5.2105e-05
0.00010996
-2.65622e-05
0.000108977
-1.48987e-06
0.000106736
2.29e-05
0.000103306
4.64501e-05
9.87306e-05
6.89352e-05
9.31497e-05
9.00944e-05
8.66649e-05
0.000109784
7.93552e-05
0.000128002
7.13182e-05
0.00014471
6.26026e-05
0.000159978
5.32376e-05
0.00017378
4.33268e-05
0.000185879
3.29442e-05
0.000196189
2.22043e-05
0.000204564
1.11981e-05
0.000210988
0.000215484
-3.60139e-05
0.00777986
4.57854e-05
0.00792402
0.000278819
0.0080945
0.000858268
0.00828089
0.0016563
0.00859217
0.00287596
0.0088079
0.00309798
0.00924826
0.0084586
-0.000316401
0.00189213
0.000649183
0.00209561
0.00181237
0.00161865
0.00266959
0.00138224
0.00338324
0.00115253
0.00386349
0.00100508
0.00420702
0.000898989
0.00442006
0.000854301
0.0045351
0.000854565
0.00458566
0.000878786
0.0045979
0.000925578
0.0045814
0.000998749
0.0045435
0.00109508
0.00448256
0.00121321
0.0043985
0.00135073
0.00428852
0.00150374
0.00415446
0.00166641
0.00399533
0.00183709
0.00380986
0.00201334
0.00359737
0.00219156
0.0033599
0.00236707
0.00309816
0.0025383
0.00281333
0.0027018
0.00250686
0.00285507
0.00218158
0.00299404
0.00183959
0.00311699
0.00148379
0.00322126
0.00111767
0.00330309
0.000744149
0.00336235
0.000366123
0.00339388
-1.09394e-05
0.00339925
-0.000384919
0.00337356
-0.000750001
0.00331941
-0.00110288
0.00323175
-0.00143918
0.00311286
-0.0017548
0.00296117
-0.00204553
0.00277756
-0.00230761
0.00256372
-0.00253827
0.00232007
-0.00273249
0.00204994
-0.00288889
0.00175403
-0.00300355
0.00143609
-0.00307577
0.00110046
-0.00310365
0.000750619
-0.00308652
0.000390791
-0.00302419
2.64516e-05
-0.00291725
-0.000337219
-0.00276677
-0.000695062
-0.0025755
-0.00104023
-0.00234572
-0.00136816
-0.00208132
-0.00167202
-0.00178653
-0.00194628
-0.00146658
-0.00218496
-0.00112625
-0.00238513
-0.000772418
-0.00253922
-0.000411115
-0.00264566
-4.93482e-05
-0.00270024
0.000306423
-0.00270169
0.000648314
-0.00264854
0.000970206
-0.00253967
0.00126541
-0.0023782
0.00152809
-0.00216638
0.00175159
-0.00190606
0.00193239
-0.0016054
0.00206588
-0.00126798
0.00215028
-0.000904225
0.0021832
-0.00051989
0.00216515
-0.000126747
0.00209765
0.000265786
0.00198335
0.000647694
0.00182653
0.00100818
0.0016326
0.00133934
0.00140728
0.00163067
0.00115886
0.00187501
0.000894639
0.0020678
0.000622719
0.002203
0.000350312
0.00227956
8.5842e-05
0.00229715
-0.000163882
0.00225609
-0.00039335
0.00216215
-0.000597324
0.00201907
-0.000771177
0.00183199
-0.000913623
0.0016102
-0.00102145
0.00136041
-0.00109617
0.00109163
-0.0011368
0.000811946
-0.00114586
0.000529714
-0.00112597
0.000253115
-0.00108062
-1.16688e-05
-0.00101217
-0.00025786
-0.000925043
-0.000481613
-0.000823983
-0.000677877
-0.000711583
-0.000845499
-0.000592432
-0.00098089
-0.000470333
-0.00108339
-0.000348587
-0.001154
-0.000229869
-0.00119374
-0.000116646
-0.00120362
-1.10171e-05
-0.00118601
8.53955e-05
-0.00114467
0.000171131
-0.00108077
0.000245225
-0.00099894
0.000307561
-0.000902363
0.000357688
-0.000793825
0.000396112
-0.000677451
0.00042283
-0.000555724
0.000438876
-0.000432055
0.000444893
-0.000308974
0.000441395
-0.000188502
0.000429852
-7.35174e-05
0.000411117
3.43737e-05
0.000386246
0.00013399
0.000356297
0.000223883
0.000322394
0.000303034
0.000285535
0.000370856
0.000246791
0.000426854
0.000206685
0.000471265
0.000166364
0.000503662
0.000126734
0.000524552
8.81919e-05
0.000534438
5.12975e-05
0.000534046
1.68712e-05
0.000523604
-1.51066e-05
0.000504848
-4.39981e-05
0.000477904
-6.95535e-05
0.000444098
-9.1667e-05
0.000404359
-0.000110182
0.000359985
-0.000125116
0.000311945
-0.000136462
0.000261339
-0.000144332
0.000209205
-0.000148875
0.000156626
-0.000150265
0.000104379
-0.000148774
5.34099e-05
-0.000144527
4.48664e-06
-0.000137941
-4.16265e-05
-0.000129183
-8.4583e-05
-0.000118654
-0.000123719
-0.00010653
-0.000158775
-9.3192e-05
-0.000189249
-7.89154e-05
-0.000215193
-6.39888e-05
-0.000236066
-4.86768e-05
-0.000252189
-3.33044e-05
-0.000263363
-1.80859e-05
-0.000269871
-3.15021e-06
-0.000271937
1.12574e-05
-0.000269802
2.49689e-05
-0.000263675
3.7861e-05
-0.00025389
4.98041e-05
-0.000240635
6.06586e-05
-0.000224268
7.0357e-05
-0.00020511
7.87596e-05
-0.000183454
8.57966e-05
-0.000159656
9.14078e-05
-0.000134239
9.55835e-05
-0.000107708
9.83324e-05
-8.06393e-05
9.97561e-05
-5.35287e-05
9.99243e-05
-2.67304e-05
9.89104e-05
-4.75944e-07
9.67616e-05
2.50489e-05
9.35389e-05
4.96727e-05
8.93146e-05
7.31595e-05
8.41745e-05
9.52346e-05
7.82297e-05
0.000115728
7.15935e-05
0.000134638
6.43039e-05
0.000152
5.64178e-05
0.000167864
4.79556e-05
0.000182242
3.90095e-05
0.000194825
2.9642e-05
0.000205557
1.99689e-05
0.000214237
1.00654e-05
0.000220892
0.00022555
-0.000129162
0.00790903
-0.000261284
0.00805614
-0.00038697
0.00822019
-0.000470633
0.00836456
-0.000496105
0.00861764
-0.000365199
0.00867699
-3.73402e-06
0.00888679
0.00845487
0.000938257
0.00095387
0.001925
0.00110886
0.0025287
0.00101495
0.00293342
0.000977528
0.00324358
0.000842369
0.00347157
0.000777091
0.00366608
0.000704476
0.00384162
0.00067876
0.00399488
0.000701312
0.00411502
0.000758641
0.00419719
0.000843414
0.00424429
0.000951652
0.00425677
0.00108259
0.00423611
0.00123388
0.00418425
0.00140258
0.00410231
0.00158568
0.00398931
0.00177941
0.00384566
0.00198073
0.00367264
0.00218636
0.00347139
0.00239281
0.00324191
0.00259656
0.00298633
0.00279388
0.00270624
0.00298188
0.00240398
0.00315734
0.00208141
0.00331661
0.00174153
0.00345687
0.00138753
0.00357526
0.00102199
0.00366863
0.000648772
0.00373556
0.000272121
0.00377053
-0.000104264
0.00377564
-0.000476622
0.00374592
-0.000840501
0.00368329
-0.00119167
0.00358292
-0.0015258
0.00344699
-0.00183905
0.00327442
-0.00212686
0.00306537
-0.00238557
0.00282243
-0.00261158
0.00254608
-0.00280155
0.00223992
-0.00295269
0.00190517
-0.00306249
0.00154588
-0.00312874
0.00116671
-0.00315024
0.000772122
-0.00312628
0.000366825
-0.00305692
-4.29065e-05
-0.00294293
-0.000451212
-0.00278589
-0.000852098
-0.0025876
-0.00123851
-0.00235099
-0.00160477
-0.00208012
-0.00194288
-0.00177902
-0.00224738
-0.00145305
-0.00251092
-0.00110783
-0.00273035
-0.000749496
-0.00289756
-0.000384577
-0.00301058
-1.99456e-05
-0.00306487
0.000337363
-0.003059
0.000680591
-0.00299177
0.00100274
-0.00286183
0.00129679
-0.00267225
0.00155696
-0.00242654
0.00177798
-0.00212709
0.00195481
-0.00178224
0.00208397
-0.00139713
0.00216198
-0.000982239
0.00218881
-0.000546716
0.00216396
-0.000101897
0.00208936
0.000340377
0.00196797
0.000769091
0.00180413
0.00117202
0.0016037
0.00153977
0.00137257
0.0018618
0.00111972
0.00212786
0.000852399
0.00233512
0.00057879
0.0024766
0.000306355
0.00255199
4.38975e-05
0.00255961
-0.000203007
0.00250299
-0.00042801
0.00238715
-0.000625981
0.00221704
-0.000793117
0.00199912
-0.000927643
0.00174473
-0.00102751
0.00146028
-0.00109394
0.00115806
-0.00112748
0.00084549
-0.00112901
0.000531246
-0.00110329
0.000227397
-0.00105205
-6.29133e-05
-0.000979873
-0.000330036
-0.000889781
-0.000571705
-0.000786877
-0.000780782
-0.000674763
-0.000957613
-0.000556971
-0.00109868
-0.000436376
-0.00120399
-0.000317594
-0.00127278
-0.000202404
-0.00130893
-9.35069e-05
-0.00131252
7.3321e-06
-0.00128684
9.85481e-05
-0.00123589
0.000179021
-0.00116125
0.000248051
-0.00106797
0.000305423
-0.000959735
0.000350992
-0.000839394
0.00038519
-0.000711648
0.000408452
-0.000578987
0.000421219
-0.000444822
0.000424676
-0.000312432
0.000419478
-0.000183304
0.00040675
-6.07891e-05
0.000387259
5.38647e-05
0.000362197
0.000159052
0.00033266
0.00025342
0.00029967
0.000336024
0.000264047
0.000406479
0.000226599
0.000464302
0.000188519
0.000509346
0.000150406
0.000541774
0.000113098
0.00056186
7.68958e-05
0.00057064
4.26481e-05
0.000568294
1.04125e-05
0.00055584
-1.91095e-05
0.00053437
-4.57047e-05
0.0005045
-6.90926e-05
0.000467486
-8.922e-05
0.000424486
-0.000105927
0.000376692
-0.000119283
0.000325301
-0.000129272
0.000271328
-0.000136061
0.000215995
-0.000139739
0.000160304
-0.000140528
0.000105169
-0.000138646
5.15272e-05
-0.00013431
1.50467e-07
-0.000127797
-4.81395e-05
-0.000119374
-9.30059e-05
-0.000109332
-0.000133761
-9.79669e-05
-0.00017014
-8.5422e-05
-0.000201794
-7.21493e-05
-0.000228465
-5.82198e-05
-0.000249995
-4.40882e-05
-0.000266321
-2.9889e-05
-0.000277562
-1.58631e-05
-0.000283897
-2.2271e-06
-0.000285573
1.09127e-05
-0.000282942
2.34127e-05
-0.000276175
3.51265e-05
-0.000265604
4.59427e-05
-0.000251451
5.57829e-05
-0.000234108
6.45165e-05
-0.000213844
7.20846e-05
-0.000191022
7.83954e-05
-0.000165967
8.33808e-05
-0.000139224
8.70238e-05
-0.000111351
8.94026e-05
-8.30182e-05
9.05561e-05
-5.46822e-05
9.05869e-05
-2.67611e-05
8.95775e-05
5.33416e-07
8.75387e-05
2.70877e-05
8.4521e-05
5.26905e-05
8.06137e-05
7.70667e-05
7.59011e-05
9.99472e-05
7.04911e-05
0.000121138
6.4471e-05
0.000140658
5.78808e-05
0.00015859
5.07524e-05
0.000174992
4.31314e-05
0.000189863
3.50663e-05
0.00020289
2.66338e-05
0.000213989
1.79304e-05
0.000222941
9.03294e-06
0.000229789
0.000234583
-7.37727e-05
0.0079828
-0.000138303
0.00812067
-0.00017408
0.00825597
-0.000163983
0.00835446
-7.92836e-05
0.00853294
2.34191e-05
0.00857429
0.000173214
0.008737
0.00862808
0.000427161
0.00052671
0.00105282
0.000483208
0.00162048
0.000447288
0.00214543
0.000452574
0.00258079
0.000407008
0.00293818
0.000419705
0.00322292
0.000419736
0.0034484
0.000453286
0.00363248
0.000517227
0.00378204
0.000609082
0.00389486
0.000730598
0.00397139
0.000875115
0.00401119
0.00104279
0.00401516
0.00122991
0.00398417
0.00143358
0.0039193
0.00165055
0.00382119
0.00187752
0.00369038
0.00211155
0.00352821
0.00234852
0.00333572
0.0025853
0.00311448
0.0028178
0.00286578
0.00304258
0.00259226
0.0032554
0.00229578
0.00345382
0.00197851
0.00363388
0.00164362
0.00379176
0.00129432
0.00392456
0.000934219
0.00402873
0.000566318
0.00410347
0.000195244
0.0041416
-0.000176438
0.00414732
-0.0005431
0.00411258
-0.000901506
0.0040417
-0.00124682
0.00392823
-0.00157492
0.0037751
-0.00188196
0.00358145
-0.00216353
0.00334694
-0.00241606
0.00307496
-0.00263555
0.00276556
-0.00281937
0.00242374
-0.00296403
0.00204983
-0.0030677
0.00164956
-0.00312808
0.00122708
-0.00314404
0.00078809
-0.00311487
0.00033765
-0.00304089
-0.000116883
-0.00292225
-0.000569853
-0.00276079
-0.00101355
-0.00255929
-0.00144002
-0.0023201
-0.00184396
-0.00204722
-0.00221577
-0.00174495
-0.00254966
-0.00141878
-0.00283709
-0.00107394
-0.0030752
-0.000716677
-0.00325482
-0.000353708
-0.00337355
8.13708e-06
-0.00342671
0.000362184
-0.00341304
0.000701216
-0.0033308
0.00101882
-0.00317943
0.001308
-0.00296143
0.00156284
-0.00268139
0.00177831
-0.00234255
0.00194909
-0.00195302
0.00207193
-0.00151997
0.00214421
-0.00105452
0.00216507
-0.000567574
0.0021344
-7.12255e-05
0.00205421
0.000420566
0.00192771
0.000895591
0.00175977
0.00133996
0.00155603
0.00174351
0.00132425
0.00209358
0.00106989
0.00238222
0.0008033
0.00260171
0.000532257
0.00274765
0.000263087
0.00282116
5.21214e-06
0.00281749
-0.000235087
0.00274329
-0.000452633
0.0026047
-0.000642265
0.00240667
-0.000801069
0.00215793
-0.00092666
0.00187032
-0.00101864
0.00155225
-0.00107701
0.00121643
-0.00110305
0.000871533
-0.00109893
0.000527123
-0.00106763
0.000196099
-0.00101276
-0.000117777
-0.000937891
-0.000404911
-0.000847352
-0.000662244
-0.000744298
-0.000883835
-0.00063344
-0.00106847
-0.000518241
-0.00121388
-0.000401864
-0.00132036
-0.000287025
-0.00138762
-0.000176764
-0.00141919
-7.30468e-05
-0.00141623
2.23475e-05
-0.00138224
0.000107894
-0.00132143
0.000182872
-0.00123622
0.000246804
-0.0011319
0.000299139
-0.00101207
0.000340367
-0.000880622
0.000370524
-0.000741805
0.000390404
-0.000598867
0.000400566
-0.000454984
0.000401878
-0.000313744
0.000395277
-0.000176704
0.000381651
-4.71624e-05
0.000362037
7.34782e-05
0.000337363
0.000183726
0.000308597
0.000282185
0.000276648
0.000367973
0.000242553
0.000440574
0.000207145
0.00049971
0.000171236
0.000545254
0.000135552
0.000577459
0.000100466
0.000596945
6.68562e-05
0.000604251
3.50281e-05
0.000600122
5.32321e-06
0.000585545
-2.18691e-05
0.000561563
-4.62195e-05
0.00052885
-6.75522e-05
0.000488818
-8.57816e-05
0.000442716
-0.000100812
0.000391722
-0.00011272
0.00033721
-0.000121498
0.000280107
-0.000127315
0.000221811
-0.000130291
0.000163279
-0.000130604
0.000105482
-0.000128466
4.93899e-05
-0.000124157
-4.15875e-06
-0.000117798
-5.4499e-05
-0.000109781
-0.000101022
-0.000100305
-0.000143238
-8.96285e-05
-0.000180816
-7.80062e-05
-0.000213416
-6.56235e-05
-0.000240848
-5.28191e-05
-0.0002628
-3.97652e-05
-0.000279375
-2.67474e-05
-0.00029058
-1.39774e-05
-0.000296667
-1.49501e-06
-0.000298056
1.04792e-05
-0.000294916
2.18182e-05
-0.000287514
3.24362e-05
-0.000276222
4.22279e-05
-0.000261242
5.10935e-05
-0.000242974
5.89688e-05
-0.000221719
6.57754e-05
-0.000197829
7.14069e-05
-0.000171599
7.58276e-05
-0.000143645
7.90307e-05
-0.000114555
8.10628e-05
-8.50503e-05
8.20062e-05
-5.56255e-05
8.19435e-05
-2.66985e-05
8.09252e-05
1.55172e-06
7.90085e-05
2.90043e-05
7.62375e-05
5.54615e-05
7.26416e-05
8.06627e-05
6.83337e-05
0.000104255
6.3419e-05
0.000126053
5.79521e-05
0.000146125
5.20069e-05
0.000164535
4.55974e-05
0.000181402
3.87328e-05
0.000196727
3.14732e-05
0.000210149
2.38954e-05
0.000221567
1.60746e-05
0.000230762
8.09465e-06
0.000237769
0.000242677
-2.94975e-05
0.0080123
-5.33187e-05
0.0081445
-5.84061e-05
0.00826105
-5.07283e-05
0.00834678
-9.01822e-06
0.00849123
2.32355e-05
0.00854203
6.79534e-05
0.00869228
0.00869603
0.000509931
1.67791e-05
0.000979176
1.39622e-05
0.00143398
-7.5171e-06
0.00185866
2.78948e-05
0.00224515
2.05147e-05
0.00259274
7.21228e-05
0.00289081
0.00012166
0.00314169
0.000202412
0.00335016
0.000308757
0.0035186
0.000440641
0.00364739
0.000601804
0.00373853
0.000783982
0.00379164
0.000989684
0.0038091
0.00121245
0.00379067
0.00145201
0.00373759
0.00170362
0.00364975
0.00196536
0.00352854
0.00223277
0.00337512
0.00250194
0.00319098
0.00276944
0.00297772
0.00303106
0.00273706
0.00328324
0.00247082
0.00352165
0.00218164
0.003743
0.00187257
0.00394295
0.00154606
0.00411826
0.00120548
0.00426513
0.000853517
0.0043807
0.000494553
0.00446243
0.00013189
0.00450426
-0.000230257
0.00450946
-0.000587571
0.0044699
-0.000936431
0.00439056
-0.00127228
0.00426408
-0.00159136
0.00409418
-0.00188896
0.00387905
-0.00216146
0.00361944
-0.00240521
0.00331871
-0.0026167
0.00297705
-0.00279264
0.00259968
-0.00293021
0.0021874
-0.00302743
0.00174679
-0.0030819
0.00128155
-0.00309281
0.000798999
-0.00305952
0.000304355
-0.00298224
-0.000194159
-0.00286199
-0.000690102
-0.00269978
-0.00117576
-0.00249799
-0.00164181
-0.00225989
-0.00208207
-0.00198923
-0.00248642
-0.00169066
-0.00284824
-0.00136824
-0.0031595
-0.00102843
-0.00341501
-0.000677243
-0.00360601
-0.000320999
-0.00372979
3.35239e-05
-0.00378124
0.000379845
-0.00375937
0.0007107
-0.00366165
0.00101994
-0.00348867
0.00130079
-0.00324229
0.00154765
-0.00292825
0.00175503
-0.00254992
0.00191813
-0.00211612
0.00203429
-0.00163613
0.00210032
-0.00112055
0.00211561
-0.000582866
0.00208045
-3.60603e-05
0.00199648
0.000504533
0.00186733
0.00102474
0.00169803
0.00150926
0.00149412
0.00194743
0.00126321
0.00232449
0.00101261
0.00263282
0.000749847
0.00286447
0.000483964
0.00301353
0.000222291
0.00308283
-2.74717e-05
0.00306725
-0.000259254
0.00297507
-0.000467205
0.00281265
-0.000647327
0.00258679
-0.000796587
0.00230719
-0.00091322
0.00198695
-0.000996753
0.00163579
-0.00104714
0.00126681
-0.00106667
0.000891066
-0.0010577
0.000518154
-0.00102239
0.000160789
-0.000965385
-0.000174786
-0.000889309
-0.000480987
-0.000799094
-0.000752459
-0.000698025
-0.000984904
-0.000589976
-0.00117652
-0.000478526
-0.00132533
-0.000367057
-0.00143183
-0.000257725
-0.00149695
-0.000153079
-0.00152383
-5.52708e-05
-0.00151404
3.41716e-05
-0.00147168
0.000113929
-0.00140119
0.00018329
-0.00130558
0.000241821
-0.00119043
0.000289484
-0.00105973
0.000326403
-0.000917541
0.000353006
-0.000768408
0.000369874
-0.000615735
0.000377838
-0.000462948
0.000377443
-0.000313348
0.000369799
-0.00016906
0.000355744
-3.31075e-05
0.000336229
9.29934e-05
0.000312179
0.000207776
0.000284523
0.000309841
0.000254125
0.000398372
0.000221889
0.000472811
0.000188569
0.00053303
0.000154945
0.000578879
0.000121662
0.000610742
8.90648e-05
0.000629542
5.79846e-05
0.000635331
2.85817e-05
0.000629525
1.29892e-06
0.000612827
-2.35863e-05
0.000586448
-4.58054e-05
0.000551069
-6.51645e-05
0.000508177
-8.16158e-05
0.000459167
-9.51121e-05
0.000405218
-0.00010569
0.000347788
-0.000113402
0.000287818
-0.000118385
0.000226794
-0.000120765
0.00016566
-0.000120721
0.000105438
-0.000118432
4.71007e-05
-0.000114157
-8.43366e-06
-0.000108103
-6.05528e-05
-0.000100556
-0.00010857
-9.16779e-05
-0.000152116
-8.17219e-05
-0.000190772
-7.09513e-05
-0.000224186
-5.9546e-05
-0.000252253
-4.77413e-05
-0.000274604
-3.5791e-05
-0.000291325
-2.38938e-05
-0.000302477
-1.22012e-05
-0.00030836
-9.00747e-07
-0.000309356
9.95933e-06
-0.000305777
2.02309e-05
-0.000297786
2.98279e-05
-0.000285819
3.86605e-05
-0.000270075
4.66491e-05
-0.000250963
5.37372e-05
-0.000228807
5.98317e-05
-0.000203923
6.48661e-05
-0.000176633
6.87891e-05
-0.000147568
7.16025e-05
-0.000117368
7.3336e-05
-8.67837e-05
7.41003e-05
-5.63899e-05
7.39512e-05
-2.65493e-05
7.29863e-05
2.51659e-06
7.11966e-05
3.0794e-05
6.86249e-05
5.80332e-05
6.53325e-05
8.39551e-05
6.14077e-05
0.00010818
5.69501e-05
0.000130511
5.20246e-05
0.000151051
4.6669e-05
0.000169891
4.09007e-05
0.00018717
3.4737e-05
0.000202891
2.82197e-05
0.000216667
2.14065e-05
0.00022838
1.43928e-05
0.000237775
7.24405e-06
0.000244918
0.000249921
-1.15542e-05
0.00802385
-2.08422e-05
0.00815378
-2.06216e-05
0.00826083
-1.88352e-05
0.00834499
-1.36837e-07
0.00847253
5.98188e-06
0.00853591
2.4608e-05
0.00867365
0.00872064
0.000441463
-0.000424684
0.000874319
-0.000418894
0.00128408
-0.000417273
0.00167695
-0.00036498
0.0020338
-0.000336335
0.00236278
-0.000256858
0.00265446
-0.000170021
0.00290588
-4.90011e-05
0.003119
9.56348e-05
0.00329179
0.000267851
0.003429
0.000464598
0.00352532
0.000687655
0.00358749
0.000927519
0.00361121
0.00118872
0.00359998
0.00146325
0.00355344
0.00175016
0.00347271
0.00204609
0.00335873
0.00234675
0.00321292
0.00264774
0.00303666
0.0029457
0.0028315
0.00323622
0.00259954
0.0035152
0.0023427
0.00377849
0.0020633
0.00402239
0.00176438
0.00424187
0.00144875
0.0044339
0.00111887
0.00459501
0.00077882
0.00472075
0.000431688
0.00480956
8.16414e-05
0.00485431
-0.000267951
0.00485906
-0.000612881
0.00481483
-0.000949076
0.00472676
-0.00127277
0.00458777
-0.00157957
0.00440098
-0.00186547
0.00416495
-0.00212695
0.00388091
-0.00236006
0.00355183
-0.00256181
0.0031788
-0.00272868
0.00276655
-0.0028584
0.00231712
-0.00294853
0.00183691
-0.00299755
0.00133057
-0.00300446
0.000805908
-0.00296879
0.000268682
-0.00288983
-0.000273112
-0.00276926
-0.000810678
-0.00260858
-0.00133644
-0.00240981
-0.00184057
-0.00217621
-0.00231567
-0.00191116
-0.00275146
-0.0016191
-0.0031403
-0.0013051
-0.0034735
-0.000974476
-0.00374563
-0.000633713
-0.00394678
-0.000288063
-0.00407544
5.52844e-05
-0.00412458
0.000390021
-0.0040941
0.00070938
-0.00398101
0.00100698
-0.00378627
0.00127748
-0.00351279
0.00151339
-0.00316416
0.00171128
-0.0027478
0.00186618
-0.00227103
0.00197522
-0.00174517
0.00203476
-0.00118009
0.00204507
-0.000593171
0.00200626
2.74323e-06
0.00192048
0.000590319
0.00179141
0.00115381
0.00162272
0.00167795
0.00142135
0.00214879
0.00119468
0.00255116
0.000950098
0.0028774
0.000694635
0.00311994
0.000437118
0.00327105
0.000186269
0.00333368
-5.4468e-05
0.00330799
-0.000275786
0.00319639
-0.000472786
0.00300965
-0.000642268
0.00275628
-0.000781444
0.00244636
-0.000888713
0.00209422
-0.000963903
0.00171098
-0.00100719
0.0013101
-0.00102107
0.000904946
-0.00100792
0.00050501
-0.000969993
0.000122857
-0.000911878
-0.0002329
-0.000836173
-0.000556692
-0.000747695
-0.000840936
-0.00064969
-0.00108291
-0.00054568
-0.00128053
-0.000439124
-0.00143189
-0.000333262
-0.0015377
-0.000229907
-0.00160031
-0.000131519
-0.00162222
-4.00544e-05
-0.00160551
4.31516e-05
-0.00155489
0.000116947
-0.00147499
0.000180724
-0.00136936
0.00023405
-0.00124376
0.000277171
-0.00110285
0.000310113
-0.000950484
0.000333434
-0.000791729
0.000347683
-0.000629983
0.000353718
-0.000468983
0.000352016
-0.000311646
0.000343761
-0.000160805
0.00032961
-1.89571e-05
0.000310565
0.000112038
0.000287467
0.000230874
0.000261157
0.000336151
0.000232429
0.0004271
0.000202149
0.00050309
0.000171012
0.000564167
0.000139723
0.000610169
0.000108918
0.000641546
7.87967e-05
0.000659664
5.01839e-05
0.000663944
2.3327e-05
0.000656382
-1.76552e-06
0.00063792
-2.44493e-05
0.000609132
-4.46316e-05
0.000571251
-6.21682e-05
0.000525714
-7.69616e-05
0.000473961
-8.90655e-05
0.000417322
-9.84222e-05
0.000357145
-0.0001052
0.000294596
-0.000109486
0.00023108
-0.000111372
0.000167546
-0.000111043
0.000105109
-0.000108715
4.47729e-05
-0.000104533
-1.26162e-05
-9.8821e-05
-6.62645e-05
-9.1703e-05
-0.000115688
-8.34618e-05
-0.000160357
-7.43071e-05
-0.000199927
-6.43376e-05
-0.000234156
-5.38669e-05
-0.000262724
-4.30564e-05
-0.000285415
-3.21314e-05
-0.00030225
-2.12945e-05
-0.000313314
-1.06982e-05
-0.000318956
-4.24064e-07
-0.00031963
9.39197e-06
-0.000315593
1.86696e-05
-0.000307064
2.73235e-05
-0.000294473
3.52735e-05
-0.000278025
4.24576e-05
-0.000258147
4.88214e-05
-0.000235171
5.42806e-05
-0.000209382
5.87755e-05
-0.000181128
6.22531e-05
-0.000151046
6.47135e-05
-0.000119828
6.62036e-05
-8.82739e-05
6.68111e-05
-5.69974e-05
6.6617e-05
-2.63552e-05
6.56859e-05
3.44769e-06
6.4033e-05
3.24468e-05
6.16758e-05
6.03905e-05
5.86715e-05
8.69594e-05
5.51064e-05
0.000111745
5.10733e-05
0.000134544
4.66402e-05
0.000155484
4.18274e-05
0.000174703
3.66437e-05
0.000192354
3.11121e-05
0.000208423
2.52631e-05
0.000222516
1.9159e-05
0.000234484
1.28716e-05
0.000244063
6.47511e-06
0.000251314
0.000256397
-6.73853e-06
0.00803059
-1.21639e-05
0.00815921
-1.1553e-05
0.00826022
-1.28791e-05
0.00834632
-2.17343e-06
0.00846182
-2.93619e-06
0.00853668
8.92436e-06
0.00866179
0.00872956
0.000404198
-0.000828882
0.000798114
-0.000812809
0.00117788
-0.00079704
0.00154375
-0.000730848
0.00187951
-0.000672096
0.00219016
-0.000567506
0.00246859
-0.000448455
0.0027122
-0.000292613
0.0029204
-0.000112565
0.0030925
9.57574e-05
0.00322644
0.000330656
0.00332523
0.000588865
0.00338643
0.000866322
0.00341405
0.00116109
0.00340646
0.00147084
0.00336458
0.00179204
0.00328904
0.00212163
0.00318112
0.00245467
0.00304236
0.00278651
0.00287402
0.00311404
0.00267756
0.00343268
0.0024552
0.00373757
0.00220897
0.00402472
0.00194086
0.0042905
0.00165432
0.00452841
0.00135156
0.00473666
0.00103537
0.0049112
0.000709715
0.00504641
0.000377224
0.00514205
4.17303e-05
0.00518981
-0.000292573
0.00519336
-0.00062238
0.00514463
-0.000943672
0.00504805
-0.00125248
0.00489657
-0.00154487
0.00469338
-0.00181709
0.00443718
-0.00206556
0.00412938
-0.00228707
0.00377333
-0.00247744
0.00336917
-0.0026351
0.00292421
-0.0027563
0.00243833
-0.00283979
0.0019204
-0.00288399
0.00137477
-0.00288704
0.000808955
-0.00284934
0.00023099
-0.00277072
-0.000351741
-0.00265199
-0.000929401
-0.00249468
-0.00149376
-0.0023012
-0.00203405
-0.0020745
-0.00254237
-0.00181802
-0.00300795
-0.00153627
-0.00342204
-0.00123362
-0.00377616
-0.000915562
-0.00406368
-0.000587767
-0.00427457
-0.000255954
-0.00440725
7.27601e-05
-0.0044533
0.000392969
-0.00441431
0.000698428
-0.00428647
0.000982275
-0.00407012
0.00123932
-0.00376983
0.00146398
-0.00338883
0.00165094
-0.00293476
0.00179652
-0.00241661
0.00189733
-0.00184598
0.00195118
-0.00123393
0.00195745
-0.000599444
0.0019161
4.4096e-05
0.00182968
0.000676738
0.00170182
0.00128167
0.00153717
0.0018426
0.00134192
0.00234404
0.00112121
0.00277188
0.000884428
0.00311418
0.000639317
0.00336505
0.000392263
0.0035181
0.000151603
0.00357434
-7.61309e-05
0.00353572
-0.000285246
0.00340551
-0.000470579
0.00319498
-0.000628724
0.00291442
-0.000757404
0.00257504
-0.000855387
0.0021922
-0.00092272
0.00177831
-0.000959547
0.00134692
-0.000968547
0.000913947
-0.000952251
0.000488714
-0.000912707
8.33125e-05
-0.000854685
-0.000290921
-0.000780438
-0.00063094
-0.000695051
-0.000926324
-0.000600706
-0.00117725
-0.000501677
-0.00137956
-0.000401027
-0.00153254
-0.000301103
-0.00163762
-0.000203914
-0.0016975
-0.000112259
-0.00171388
-2.7339e-05
-0.00169043
4.95437e-05
-0.00163177
0.000117406
-0.00154285
0.000175656
-0.00142761
0.00022412
-0.00129222
0.000262901
-0.00114163
0.000292278
-0.000979862
0.000312561
-0.000812012
0.000324573
-0.000641995
0.000328969
-0.00047338
0.000326336
-0.000309013
0.000317693
-0.000152162
0.000303825
-5.08891e-06
0.00028553
0.000130333
0.000263526
0.000252878
0.000238709
0.000360969
0.000211841
0.000453968
0.000183557
0.000531374
0.000154602
0.000593122
0.000125636
0.000639134
9.71807e-05
0.000670002
6.9689e-05
0.000687156
4.33795e-05
0.000690253
1.88834e-05
0.000680878
-4.01903e-06
0.000660822
-2.46359e-05
0.000629748
-4.29059e-05
0.000589521
-5.87304e-05
0.000541538
-7.2023e-05
0.000487253
-8.28092e-05
0.000428109
-9.11229e-05
0.000365458
-9.70858e-05
0.000300559
-0.000100698
0.000234692
-0.000102181
0.000169029
-0.000101666
0.000104594
-9.93231e-05
4.24305e-05
-9.53871e-05
-1.65521e-05
-8.99614e-05
-7.16902e-05
-8.33667e-05
-0.000122282
-7.5747e-05
-0.000167977
-6.72837e-05
-0.00020839
-5.8199e-05
-0.000243241
-4.8603e-05
-0.00027232
-3.87326e-05
-0.000295285
-2.88048e-05
-0.000312178
-1.89485e-05
-0.000323171
-9.34515e-06
-0.000328559
-6.59643e-08
-0.000328909
8.79214e-06
-0.000324451
1.71527e-05
-0.000315424
2.49413e-05
-0.000302262
3.20858e-05
-0.000285169
3.85327e-05
-0.000264594
4.42359e-05
-0.000240874
4.91259e-05
-0.000214272
5.31328e-05
-0.000185135
5.62133e-05
-0.000154126
5.83691e-05
-0.000121984
5.96476e-05
-8.95524e-05
6.01301e-05
-5.74798e-05
5.99086e-05
-2.61337e-05
5.90219e-05
4.33436e-06
5.74974e-05
3.39713e-05
5.53475e-05
6.25404e-05
5.26131e-05
8.96938e-05
4.93834e-05
0.000114975
4.57438e-05
0.000138183
4.17508e-05
0.000159477
3.74348e-05
0.000179019
3.27913e-05
0.000196997
2.7835e-05
0.000213379
2.25939e-05
0.000227757
1.71249e-05
0.000239953
1.14982e-05
0.000249689
5.78134e-06
0.000257031
0.000262178
-6.96897e-06
0.00803756
-1.10056e-05
0.00816325
-1.00739e-05
0.00825929
-1.14656e-05
0.00834771
-4.17945e-06
0.00845454
-5.43616e-06
0.00853793
3.52585e-06
0.00865283
0.00873309
0.000371501
-0.00120038
0.00073723
-0.00117854
0.00109219
-0.001152
0.00143101
-0.00106967
0.00174959
-0.000990679
0.00204285
-0.000860758
0.00230554
-0.000711154
0.00253997
-0.000527042
0.00273828
-0.00031087
0.00290515
-7.11096e-05
0.00303351
0.000202296
0.00312916
0.000493207
0.00318922
0.000806268
0.00321635
0.00113396
0.00320938
0.00147781
0.00316959
0.00183183
0.0030997
0.00219152
0.00299712
0.00255725
0.00286489
0.00291874
0.00270407
0.00327486
0.00251768
0.00361907
0.00230624
0.00394901
0.00207186
0.0042591
0.00181617
0.00454619
0.0015435
0.00480108
0.00125571
0.00502445
0.000954733
0.00521217
0.000645274
0.00535587
0.00032963
0.0054577
1.09577e-05
0.00550848
-0.000306176
0.00551049
-0.000618898
0.00545735
-0.000923362
0.00535251
-0.0012157
0.00518891
-0.00149239
0.00497007
-0.00174955
0.00469433
-0.00198356
0.0043634
-0.0021925
0.00398227
-0.00237086
0.00354753
-0.00251883
0.00307218
-0.002631
0.0025505
-0.00270804
0.00199744
-0.00274731
0.00141404
-0.00274759
0.000809237
-0.00270933
0.000192729
-0.00263152
-0.000429551
-0.00251639
-0.00104453
-0.00236451
-0.00164564
-0.00217821
-0.00222035
-0.00196077
-0.00275982
-0.00171534
-0.00325337
-0.00144594
-0.00369145
-0.00115676
-0.00406534
-0.000853476
-0.00436697
-0.000541298
-0.00458675
-0.000226169
-0.00472238
8.61784e-05
-0.00476564
0.000390083
-0.00471822
0.000679209
-0.0045756
0.000947595
-0.0043385
0.00119067
-0.0040129
0.00140184
-0.0036
0.00157736
-0.00311028
0.00171348
-0.00255273
0.0018068
-0.0019393
0.00185541
-0.00128254
0.00185819
-0.000602229
0.00181559
8.66992e-05
0.00172989
0.000762435
0.00160456
0.00140701
0.00144485
0.00200231
0.00125575
0.00253313
0.00104491
0.00298272
0.000818692
0.0033404
0.000584241
0.0035995
0.000350673
0.00375167
0.000122401
0.00380262
-9.23295e-05
0.00375045
-0.000288485
0.00360166
-0.000461601
0.0033681
-0.00060837
0.00306119
-0.000726432
0.00269311
-0.000815468
0.00228124
-0.000875035
0.00183788
-0.000906718
0.00137861
-0.000911441
0.00091867
-0.000892548
0.000469821
-0.000852672
4.34367e-05
-0.000795177
-0.000348416
-0.000723785
-0.000702331
-0.000641888
-0.00100822
-0.00055234
-0.0012668
-0.000458983
-0.00147292
-0.000364507
-0.00162701
-0.000270366
-0.00173176
-0.000180308
-0.00178755
-9.54331e-05
-0.00179875
-1.70386e-05
-0.00176882
5.36945e-05
-0.0017025
0.000115758
-0.00160491
0.000168711
-0.00148057
0.00021263
-0.00133614
0.000247337
-0.00117634
0.000273412
-0.00100594
0.000291059
-0.000829658
0.000301208
-0.000652144
0.000304136
-0.000476307
0.000300925
-0.000305801
0.000292219
-0.000143457
0.000278784
8.34617e-06
0.000261207
0.000147911
0.000240419
0.000273666
0.000217184
0.000384203
0.000192207
0.000478945
0.000166193
0.000557387
0.000139528
0.000619788
0.000112733
0.000665929
8.65745e-05
0.00069616
6.14693e-05
0.000712261
3.75105e-05
0.000714212
1.50508e-05
0.000703338
-5.62914e-06
0.000681502
-2.43079e-05
0.000648427
-4.0797e-05
0.000606011
-5.5027e-05
0.000555768
-6.69523e-05
0.000499179
-7.65631e-05
0.000437719
-8.39498e-05
0.000372845
-8.91217e-05
0.000305731
-9.22296e-05
0.0002378
-9.34016e-05
0.000170201
-9.27699e-05
0.000103962
-9.04518e-05
4.01124e-05
-8.66878e-05
-2.03162e-05
-8.1689e-05
-7.66889e-05
-7.55563e-05
-0.000128415
-6.85522e-05
-0.000174981
-6.08384e-05
-0.000216104
-5.24889e-05
-0.00025159
-4.37565e-05
-0.000281053
-3.48021e-05
-0.00030424
-2.57537e-05
-0.000321226
-1.68839e-05
-0.00033204
-8.16543e-06
-0.000337278
2.00319e-07
-0.000337275
8.17822e-06
-0.000332429
1.56963e-05
-0.000322942
2.26935e-05
-0.000309259
2.91071e-05
-0.000291583
3.48803e-05
-0.000270367
3.99818e-05
-0.000245976
4.43615e-05
-0.000218652
4.79325e-05
-0.000188706
5.06581e-05
-0.000156852
5.25484e-05
-0.000123874
5.36411e-05
-9.06451e-05
5.40259e-05
-5.78647e-05
5.37848e-05
-2.58926e-05
5.29549e-05
5.16426e-06
5.15576e-05
3.53687e-05
4.96001e-05
6.44979e-05
4.71184e-05
9.21755e-05
4.41981e-05
0.000117895
4.09211e-05
0.00014146
3.73343e-05
0.000163063
3.34689e-05
0.000182885
2.93116e-05
0.000201155
2.48772e-05
0.000217813
2.01866e-05
0.000232447
1.52914e-05
0.000244848
1.0261e-05
0.00025472
5.15691e-06
0.000262135
0.000267335
-1.15666e-05
0.00804913
-1.31416e-05
0.00816482
-1.13555e-05
0.0082575
-1.2032e-05
0.00834839
-5.82802e-06
0.00844833
-6.88362e-06
0.00853899
8.50352e-07
0.0086451
0.00873394
0.000345257
-0.00154564
0.000691631
-0.00152491
0.00102212
-0.00148249
0.00134181
-0.00138936
0.00163713
-0.001286
0.00191083
-0.00113445
0.00215757
-0.000957894
0.0023759
-0.000745373
0.0025684
-0.00050337
0.00272646
-0.000229165
0.00284589
8.28644e-05
0.00293272
0.000406375
0.00299095
0.000748037
0.00301571
0.00110921
0.00301027
0.00148324
0.00297377
0.00186833
0.00290565
0.00225964
0.00280931
0.0026536
0.00268423
0.00304382
0.00253215
0.00342694
0.00235444
0.00379678
0.00215377
0.00414967
0.00193165
0.00448122
0.00169166
0.00478618
0.00143343
0.00505931
0.0011612
0.00529667
0.000878003
0.00549538
0.00058564
0.00564823
0.000287715
0.00575562
-1.24001e-05
0.00580859
-0.000311026
0.00580912
-0.00060538
0.00575171
-0.000891805
0.00563894
-0.00116646
0.00546357
-0.00142647
0.00523008
-0.00166754
0.00493541
-0.0018875
0.00458335
-0.00208126
0.00417603
-0.00224899
0.00371527
-0.00238518
0.00320837
-0.00249018
0.0026555
-0.00256015
0.00206741
-0.00259471
0.0014486
-0.00259216
0.000806686
-0.00255351
0.000154074
-0.00247923
-0.000503833
-0.00236829
-0.00115547
-0.00222342
-0.0017905
-0.00204648
-0.00239729
-0.00183957
-0.00296673
-0.00160607
-0.00348687
-0.00135044
-0.00394708
-0.00107744
-0.00433835
-0.000790645
-0.00465376
-0.000495968
-0.00488143
-0.000198831
-0.00501952
9.60438e-05
-0.00506052
0.000381059
-0.00500323
0.000653287
-0.00484783
0.000905679
-0.0045909
0.00113268
-0.00423991
0.00133092
-0.00379824
0.00149493
-0.00327429
0.00162073
-0.00267852
0.0017058
-0.00202438
0.00174902
-0.00132575
0.00174846
-0.000601677
0.00170599
0.000129176
0.00162256
0.000845857
0.00150204
0.00152753
0.00134915
0.0021552
0.00116899
0.00271329
0.000967749
0.00318395
0.000753056
0.00355509
0.000532922
0.00381963
0.000311057
0.00397353
9.8019e-05
0.00401565
-0.000103642
0.00395211
-0.000286436
0.00378446
-0.000447074
0.00352874
-0.000582178
0.0031963
-0.000690598
0.00280153
-0.000770686
0.00236133
-0.000823439
0.00189063
-0.000849847
0.00140501
-0.000851765
0.000920589
-0.000831022
0.000449078
-0.000791832
4.24661e-06
-0.000735724
-0.000404523
-0.000667897
-0.000770159
-0.000589393
-0.00108673
-0.000505585
-0.00135061
-0.000418314
-0.00156019
-0.000329309
-0.00171602
-0.000242338
-0.00181873
-0.000159134
-0.00187076
-8.10997e-05
-0.00187679
-9.46874e-06
-0.00184045
5.59486e-05
-0.00176792
0.000112467
-0.00166143
0.000160421
-0.00152852
0.00019995
-0.00137567
0.00023107
-0.00120746
0.000254014
-0.00102888
0.000269499
-0.000845143
0.000277844
-0.000660489
0.00027983
-0.000478293
0.000276289
-0.00030226
0.000267525
-0.000134693
0.000254556
2.13148e-05
0.000238026
0.000164441
0.000218621
0.000293072
0.000197027
0.000405797
0.000173905
0.000502067
0.000149844
0.000581448
0.000125378
0.000644254
0.000101085
0.000690223
7.70935e-05
0.000720152
5.41086e-05
0.000735246
3.24555e-05
0.000735865
1.20664e-05
0.000723727
-6.68411e-06
0.000700253
-2.35576e-05
0.000665301
-3.84268e-05
0.00062088
-5.12267e-05
0.000568568
-6.18587e-05
0.000509811
-7.04444e-05
0.000446305
-7.6942e-05
0.000379343
-8.15074e-05
0.000310296
-8.41601e-05
0.000240452
-8.50417e-05
0.000171082
-8.43154e-05
0.000103236
-8.20926e-05
3.78896e-05
-7.85888e-05
-2.38199e-05
-7.39116e-05
-8.13661e-05
-6.83042e-05
-0.000134023
-6.18911e-05
-0.000181394
-5.48151e-05
-0.00022318
-4.72532e-05
-0.000259152
-3.93414e-05
-0.000288964
-3.11722e-05
-0.000312409
-2.3029e-05
-0.000329369
-1.49585e-05
-0.000340111
-7.15356e-06
-0.000345083
3.90171e-07
-0.000344819
7.5642e-06
-0.000339603
1.43133e-05
-0.000329691
2.05891e-05
-0.000315535
2.63302e-05
-0.000297324
3.15029e-05
-0.00027554
3.60624e-05
-0.000250535
3.99703e-05
-0.00022256
4.31599e-05
-0.000191895
4.55714e-05
-0.000159263
4.72216e-05
-0.000125525
4.81618e-05
-9.15853e-05
4.84675e-05
-5.81704e-05
4.82148e-05
-2.56399e-05
4.74476e-05
5.93149e-06
4.61766e-05
3.66396e-05
4.4396e-05
6.62785e-05
4.2149e-05
9.44225e-05
3.95128e-05
0.000120531
3.65667e-05
0.000144407
3.33558e-05
0.000166274
2.98941e-05
0.000186346
2.61766e-05
0.000204872
2.22131e-05
0.000221777
1.80199e-05
0.000236641
1.3644e-05
0.000249224
9.14943e-06
0.000259214
4.59591e-06
0.000266689
0.000271931
-2.13632e-05
-1.75522e-05
-1.33388e-05
-1.32499e-05
-7.24895e-06
-8.26062e-06
-6.59888e-07
0.00031981
0.000641305
0.000948845
0.00124576
0.00152272
0.00177988
0.00201032
0.0022161
0.00239142
0.00253987
0.00265936
0.00274507
0.00279831
0.00282125
0.0028147
0.00277956
0.00271543
0.00262421
0.00250588
0.00236242
0.00219545
0.00200692
0.00179835
0.00157228
0.00133045
0.00107499
0.000809286
0.000535267
0.000256551
-2.41769e-05
-0.000304341
-0.000579436
-0.000847052
-0.0011035
-0.00134566
-0.00157158
-0.00177614
-0.00195643
-0.00211214
-0.00223815
-0.00233509
-0.00239874
-0.00242903
-0.00242667
-0.00238874
-0.00231688
-0.0022115
-0.00207442
-0.00190722
-0.00171228
-0.00149324
-0.00125337
-0.000996888
-0.000728065
-0.000452166
-0.000173715
0.000101305
0.000368167
0.000622034
0.000857612
0.00106889
0.00125323
0.00140571
0.00152211
0.0016
0.00163837
0.00163631
0.00159412
0.00151412
0.00139866
0.00125301
0.00108205
0.000892752
0.000690692
0.000482717
0.000277012
7.68433e-05
-0.000110205
-0.000279745
-0.000427786
-0.000551528
-0.00065056
-0.000722846
-0.000769558
-0.000791428
-0.000790616
-0.000769833
-0.000730822
-0.000677502
-0.000612537
-0.000539254
-0.000460984
-0.000379021
-0.000297098
-0.000217278
-0.000140652
-6.84865e-05
-2.43527e-06
5.65967e-05
0.000107908
0.000151231
0.000186653
0.000214516
0.000234808
0.000248244
0.000255174
0.000256452
0.000252446
0.00024406
0.00023177
0.000216335
0.000198371
0.000178417
0.000157139
0.000134991
0.000112549
9.02648e-05
6.85743e-05
4.7835e-05
2.80083e-05
9.68656e-06
-7.32063e-06
-2.25219e-05
-3.58871e-05
-4.73501e-05
-5.68785e-05
-6.44845e-05
-7.02681e-05
-7.42373e-05
-7.65107e-05
-7.7209e-05
-7.64325e-05
-7.43413e-05
-7.10266e-05
-6.67347e-05
-6.15855e-05
-5.57385e-05
-4.93183e-05
-4.24761e-05
-3.52653e-05
-2.79102e-05
-2.05304e-05
-1.32741e-05
-6.25283e-06
5.21493e-07
6.96406e-06
1.30114e-05
1.86347e-05
2.37663e-05
2.83898e-05
3.24696e-05
3.59541e-05
3.87884e-05
4.09325e-05
4.2373e-05
4.31813e-05
4.34235e-05
4.31652e-05
4.24647e-05
4.13019e-05
3.96981e-05
3.76671e-05
3.52908e-05
3.26461e-05
2.97711e-05
2.66722e-05
2.33577e-05
1.98188e-05
1.60729e-05
1.21641e-05
8.15227e-06
4.09313e-06
)
;

boundaryField
{
    freeSurface
    {
        type            calculated;
        value           nonuniform List<scalar> 
181
(
0.00807049
0.00816101
0.00825329
0.0083483
0.00844233
0.00854
0.0086375
0.00873328
-0.00186545
-0.00184641
-0.00179003
-0.00168627
-0.00156297
-0.00139161
-0.00118833
-0.000951154
-0.000678693
-0.000377609
-3.66288e-05
0.000320663
0.000694802
0.00108626
0.00148979
0.00190348
0.00232377
0.00274481
0.00316215
0.0035704
0.00396375
0.0043382
0.00468979
0.00501225
0.00530114
0.00555213
0.00576108
0.00592225
0.00603434
0.00608932
0.00608928
0.0060268
0.00590655
0.00572001
0.00547224
0.00516132
0.00478792
0.00435632
0.00387098
0.00333438
0.00275244
0.00213105
0.00147889
0.000804333
0.000116138
-0.000575696
-0.00126085
-0.00192757
-0.00256449
-0.00316168
-0.00370591
-0.00418695
-0.00459482
-0.00492258
-0.00515733
-0.00529797
-0.00533554
-0.00527009
-0.00510169
-0.00482647
-0.00445118
-0.00398258
-0.00342678
-0.00279492
-0.00210227
-0.00136413
-0.000599613
0.000171363
0.000925866
0.00164298
0.00230085
0.00288426
0.00337325
0.00375715
0.00402761
0.00417924
0.00421582
0.00413916
0.003954
0.00367678
0.00332004
0.00290056
0.00243362
0.00193734
0.00142688
0.000919777
0.000428294
-3.47645e-05
-0.000457843
-0.000835123
-0.00116001
-0.00142888
-0.00164215
-0.00179794
-0.00189855
-0.00194738
-0.00194895
-0.00190651
-0.00182695
-0.00171274
-0.00157184
-0.00141109
-0.00123532
-0.00104917
-0.00085858
-0.000667419
-0.000479571
-0.000298254
-0.000126308
3.36054e-05
0.000179876
0.000311035
0.000425751
0.000523345
0.000603595
0.000666697
0.000712506
0.000741842
0.000755985
0.000755692
0.000742048
0.00071726
0.000680502
0.000634245
0.000580031
0.000519339
0.000453911
0.000385126
0.000314266
0.000242726
0.000171781
0.000102459
3.57984e-05
-2.71347e-05
-8.5658e-05
-0.000139172
-0.000187241
-0.0002296
-0.000265994
-0.000296175
-0.000319764
-0.000336749
-0.000347367
-0.000352104
-0.000351593
-0.000346045
-0.000335739
-0.000321158
-0.000302456
-0.000280163
-0.000254615
-0.000226044
-0.00019473
-0.000161407
-0.000126965
-9.23936e-05
-5.84126e-05
-2.53816e-05
6.63204e-06
3.78024e-05
6.78823e-05
9.64534e-05
0.000122907
0.000147051
0.000169149
0.000189445
0.000208187
0.000225316
0.000240387
0.000253133
0.000263226
0.000270748
0.000276024
)
;
    }
    walls
    {
        type            calculated;
        value           uniform 0;
    }
    floatingObject
    {
        type            calculated;
        value           nonuniform List<scalar> 
37
(
-0.00661155
-0.00668898
-0.0067664
-0.00684478
-0.00692504
-0.0070053
-0.00708697
-0.00716959
-0.00725269
-0.0073372
-0.00742265
-0.00750905
-0.00759639
-0.00768467
-0.00777438
-0.00786455
-0.00795661
-0.00804868
-0.00814263
0
0
0
0
0
0
-1.69407e-21
0
0
0
0
0
0
0
-2.11758e-22
0
0
0
)
;
    }
    frontAndBack
    {
        type            empty;
    }
}


// ************************************************************************* //
