/*--------------------------------*- C++ -*----------------------------------*\
  =========                 |
  \\      /  F ield         | OpenFOAM: The Open Source CFD Toolbox
   \\    /   O peration     | Website:  https://openfoam.org
    \\  /    A nd           | Version:  12
     \\/     M anipulation  |
\*---------------------------------------------------------------------------*/
FoamFile
{
    format      ascii;
    class       surfaceScalarField;
    location    "17.58";
    object      phi;
}
// * * * * * * * * * * * * * * * * * * * * * * * * * * * * * * * * * * * * * //

dimensions      [1 0 -1 0 0 0 0];

internalField   nonuniform List<scalar> 
7429
(
7.17867e-05
-7.17864e-05
0.000148235
-7.64482e-05
0.000225353
-7.71177e-05
0.000302668
-7.73146e-05
0.000379975
-7.73069e-05
0.000456986
-7.7011e-05
0.000533403
-7.64161e-05
0.000608895
-7.54923e-05
0.000683205
-7.43088e-05
0.000755965
-7.27605e-05
0.00082683
-7.08644e-05
0.000895565
-6.87343e-05
0.000961711
-6.61457e-05
0.00102485
-6.31391e-05
0.0010847
-5.98544e-05
0.00114064
-5.59355e-05
0.00119205
-5.14066e-05
0.00123868
-4.66357e-05
0.00127961
-4.09254e-05
0.00131404
-3.44289e-05
0.00134114
-2.71e-05
0.00136021
-1.90737e-05
0.00137026
-1.00448e-05
0.00137151
-1.25537e-06
0.00136489
6.62752e-06
0.00134894
1.59485e-05
0.00132224
2.66961e-05
0.00128355
3.86888e-05
0.00123182
5.17293e-05
0.00116627
6.55537e-05
0.00108635
7.9918e-05
0.000991877
9.44747e-05
0.000882903
0.000108974
0.000759881
0.000123022
0.000623345
0.000136536
0.000474206
0.000149139
0.00031362
0.000160586
0.000142961
0.000170659
-3.62038e-05
0.000179165
-0.000222162
0.000185958
-0.000412941
0.000190779
-0.000606516
0.000193575
-0.000800629
0.000194112
-0.000992949
0.00019232
-0.00118101
0.000188061
-0.00136227
0.000181262
-0.00153419
0.000171915
-0.00169416
0.000159973
-0.00183961
0.000145448
-0.001968
0.000128393
-0.00207713
0.000109133
-0.00216467
8.7533e-05
-0.00222824
6.35707e-05
-0.0022672
3.89574e-05
-0.00227922
1.20253e-05
-0.00225466
-2.45593e-05
-0.00219696
-5.77002e-05
-0.00210695
-9.00123e-05
-0.00198487
-0.000122082
-0.00183174
-0.000153126
-0.00164851
-0.000183229
-0.00143668
-0.000211835
-0.00119745
-0.000239232
-0.000932721
-0.000264727
-0.00064437
-0.000288351
-0.000335249
-0.000309121
-8.42646e-06
-0.000326823
0.00033206
-0.000340487
0.000682133
-0.000350073
0.0010371
-0.00035497
0.0013923
-0.000355195
0.00174226
-0.00034996
0.00208144
-0.000339186
0.00240461
-0.000323163
0.00270587
-0.000301261
0.0029798
-0.000273935
0.00322097
-0.000241171
0.00342463
-0.000203658
0.00358589
-0.000161256
0.00370055
-0.000114668
0.00376572
-6.51702e-05
0.00377955
-1.38238e-05
0.00372998
4.95707e-05
0.0036213
0.000108675
0.00345503
0.000166274
0.00323375
0.000221276
0.00296038
0.000273376
0.00263888
0.000321502
0.00227364
0.000365237
0.0018709
0.000402738
0.00143761
0.000433296
0.000982388
0.000455217
0.000514498
0.000467891
4.39961e-05
0.000470501
-0.000418147
0.000462143
-0.00086081
0.000442663
-0.00127285
0.000412043
-0.00164316
0.000370306
-0.00196153
0.000318371
-0.00221831
0.000256777
-0.00240534
0.000187037
-0.00251625
0.000110905
-0.00254683
3.05849e-05
-0.0024833
-6.35314e-05
-0.00233213
-0.000151176
-0.00209863
-0.000233491
-0.0017887
-0.000309939
-0.00141013
-0.000378568
-0.000973457
-0.000436671
-0.000491363
-0.000482094
1.99582e-05
-0.000511321
0.000543494
-0.000523536
0.0010605
-0.000517002
0.0015509
-0.000490404
0.00199525
-0.000444348
0.00237455
-0.000379299
0.00267206
-0.000297516
0.00287223
-0.000200165
0.00296445
-9.22235e-05
0.00293354
3.09094e-05
0.00277618
0.000157357
0.00249917
0.000277017
0.0021123
0.00038687
0.00162878
0.000483517
0.00106584
0.000562937
0.000446669
0.000619175
-0.000203021
0.000649691
-0.000851667
0.000648646
-0.0014689
0.000617237
-0.00202267
0.000553766
-0.00248345
0.000460784
-0.00282558
0.000342124
-0.00302825
0.000202675
-0.00307949
5.12362e-05
-0.00295758
-0.000121906
-0.00267672
-0.000280865
-0.00225362
-0.000423098
-0.00170944
-0.000544181
-0.00107453
-0.000634911
-0.000386275
-0.000688254
0.000311946
-0.000698221
0.000974052
-0.000662106
0.00155567
-0.000581614
0.00201563
-0.000459966
0.00232151
-0.000305876
0.00245142
-0.000129911
0.00238478
6.66395e-05
0.00213053
0.000254248
0.00171362
0.000416906
0.00116619
0.000547437
0.000533657
0.000632531
-0.000129645
0.000663301
-0.000763801
0.000634156
-0.00131036
0.000546557
-0.00171838
0.000408022
-0.00194873
0.000230348
-0.00198068
3.19529e-05
-0.00179344
-0.000187244
-0.00142093
-0.000372512
-0.000901005
-0.000519922
-0.000288393
-0.000612611
0.000350107
-0.0006385
0.000939553
-0.000589446
0.00141133
-0.000471775
0.00170964
-0.000298311
0.00179878
-8.91389e-05
0.00165338
0.000145396
0.00130265
0.000350736
0.000791196
0.000511449
0.000183874
0.000607323
-0.000437046
0.000620919
-0.000982387
0.000545341
-0.00137461
0.000392225
-0.001556
0.000181383
-0.00148647
-6.95207e-05
-0.0011768
-0.000309674
-0.000672415
-0.000504386
-4.27108e-05
-0.000629704
0.000619569
-0.000662279
0.00120975
-0.000590182
0.00163689
-0.000427138
0.0018334
-0.000196507
0.00175842
7.49815e-05
0.00142841
0.000330001
0.000896793
0.000531621
0.000247064
0.000649729
-0.000415003
0.000662067
-0.000979142
0.000564138
-0.00135561
0.00037647
-0.00148886
0.000133251
-0.00136226
-0.000126603
-0.00101502
-0.000347237
-0.000520095
-0.000494928
2.03026e-05
-0.000540397
0.000497853
-0.00047755
0.000817187
-0.000319335
0.000917715
-0.000100527
0.000783467
0.000134248
0.000450465
0.000333002
0.000450465
0.000156593
-0.000228379
0.00032721
-0.000247065
0.000500666
-0.000250574
0.000676991
-0.000253639
0.000856216
-0.00025653
0.00103839
-0.000259189
0.00122324
-0.00026126
0.00141046
-0.000262714
0.00159928
-0.00026313
0.00178899
-0.000262469
0.00197853
-0.000260399
0.00216678
-0.000256987
0.00235272
-0.000252082
0.00253516
-0.000245578
0.00271268
-0.000237383
0.00288413
-0.000227381
0.00304818
-0.000215453
0.00320305
-0.000201514
0.00334759
-0.000185458
0.00348037
-0.000167212
0.00359997
-0.000146695
0.00370489
-0.000123993
0.00379388
-9.90426e-05
0.0038651
-7.24701e-05
0.00391532
-4.35896e-05
0.0039459
-1.46357e-05
0.00393858
3.40211e-05
0.00390017
7.70994e-05
0.00383228
0.000119618
0.00373625
0.000161583
0.00361291
0.000203257
0.00346373
0.000243653
0.00328996
0.000282746
0.00309317
0.000319808
0.00287526
0.000354449
0.0026386
0.000385803
0.0023861
0.000413085
0.00212008
0.000436672
0.00184097
0.000458282
0.00155065
0.00047627
0.00125128
0.000490154
0.000946193
0.000498661
0.000638687
0.000501619
0.00033195
0.000499057
2.90141e-05
0.000490996
-0.000265643
0.00047592
-0.00054925
0.000455521
-0.00081803
0.000428752
-0.00106726
0.000394676
-0.00129571
0.000356844
-0.00149755
0.000310976
-0.00167259
0.000262568
-0.00181498
0.000205966
-0.00192451
0.00014848
-0.00199695
8.44691e-05
-0.00203685
1.53392e-05
-0.00203613
-5.84212e-05
-0.00199621
-0.000129936
-0.00191737
-0.000200916
-0.00179974
-0.00027076
-0.00164408
-0.000338888
-0.00145129
-0.00040462
-0.00122311
-0.000467414
-0.00096201
-0.00052583
-0.000671168
-0.000579193
-0.000354186
-0.000626104
-1.51656e-05
-0.000665843
0.000341743
-0.000697396
0.000711315
-0.000719645
0.00108822
-0.000731875
0.00146683
-0.00073381
0.00184124
-0.000724365
0.00220493
-0.000702881
0.00255209
-0.00067032
0.00287612
-0.000625291
0.00317086
-0.000568677
0.00343046
-0.000500762
0.00364897
-0.000422171
0.00382132
-0.000333613
0.00394329
-0.000236637
0.00401062
-0.000132492
0.00402061
-2.38195e-05
0.00396305
0.00010713
0.00384259
0.000229138
0.00366079
0.000348069
0.00341913
0.000462941
0.00312056
0.000571944
0.00276888
0.000673179
0.00236939
0.000764729
0.00192872
0.00084341
0.001455
0.000907011
0.000957432
0.000952788
0.00044638
0.000978942
-6.70039e-05
0.000983886
-0.000570843
0.000965981
-0.00105302
0.000924845
-0.00150135
0.000860369
-0.00190333
0.000772282
-0.00224816
0.0006632
-0.00252488
0.000533501
-0.00272473
0.000386887
-0.00284047
0.000226639
-0.00286675
5.68678e-05
-0.00279279
-0.00013749
-0.00262525
-0.000318712
-0.00236772
-0.000491029
-0.00202561
-0.000652044
-0.0016086
-0.000795581
-0.00112689
-0.000918381
-0.000596746
-0.00101223
-3.35374e-05
-0.00107453
0.00054344
-0.00110051
0.00111265
-0.00108621
0.0016526
-0.00103035
0.00214162
-0.000933362
0.0025599
-0.000797583
0.0028876
-0.00062522
0.0031092
-0.000421762
0.00321099
-0.000194009
0.00318032
6.15735e-05
0.00301399
0.000323685
0.00271936
0.00057165
0.00230423
0.000801998
0.00178264
0.00100511
0.00117401
0.00117157
0.000504052
0.00128913
-0.000199169
0.00135291
-0.000901443
0.00135092
-0.00156845
0.00128425
-0.00216638
0.00115169
-0.00266242
0.000956821
-0.00302902
0.000708723
-0.00324378
0.000417437
-0.00329215
9.96112e-05
-0.00315647
-0.000257586
-0.00285094
-0.0005864
-0.00238992
-0.000884121
-0.00179784
-0.00113625
-0.00110777
-0.00132498
-0.000362024
-0.001434
0.000393847
-0.00145409
0.00110815
-0.00137641
0.00173271
-0.00120617
0.00222382
-0.000951073
0.00254627
-0.000628324
0.00267308
-0.000256724
0.00258856
0.000151165
0.00230291
0.000539894
0.00184041
0.000879409
0.00123631
0.00115153
0.000541193
0.00132765
-0.000185735
0.00139023
-0.000877167
0.00132559
-0.00147079
0.00114018
-0.00191061
0.000847842
-0.00215324
0.000472982
-0.00217439
5.30993e-05
-0.00196325
-0.000398379
-0.00154916
-0.000786604
-0.000974191
-0.00109489
-0.000299356
-0.00128745
0.000400134
-0.00133799
0.00104311
-0.00123243
0.00155495
-0.000983616
0.00187461
-0.000617962
0.00196374
-0.000178276
0.00179944
0.000309701
0.00141132
0.00073885
0.000847582
0.00107519
0.000181633
0.00127327
-0.000497794
0.00130035
-0.00109277
0.00114031
-0.0015185
0.000817961
-0.00171306
0.000375946
-0.0016365
-0.000146084
-0.00130266
-0.000643517
-0.000757303
-0.00104974
-7.78045e-05
-0.0013092
0.000635463
-0.00137555
0.00126864
-0.00122336
0.00172357
-0.00088207
0.00192907
-0.000402004
0.00184492
0.000159129
0.00149021
0.000684709
0.000921572
0.00110026
0.000230997
0.0013403
-0.000467462
0.00136053
-0.00105633
0.00115301
-0.00144201
0.000762148
-0.00156691
0.000258147
-0.00141747
-0.000276043
-0.00103585
-0.000728858
-0.000502625
-0.00102815
7.35228e-05
-0.00111654
0.000577196
-0.000981223
0.000908923
-0.000651063
0.00100571
-0.00019731
0.000852686
0.000287267
0.000488609
0.00069708
0.000939074
3.56626e-05
-0.000264041
7.81686e-05
-0.00028957
0.000120958
-0.000293363
0.000163862
-0.000296542
0.000206047
-0.000298715
0.000247375
-0.000300517
0.000286379
-0.000300264
0.000323461
-0.000299795
0.000357109
-0.000296778
0.000388594
-0.000293953
0.000418381
-0.000290186
0.000447845
-0.000286451
0.000477995
-0.000282231
0.00050989
-0.000277472
0.000544081
-0.000271573
0.000581331
-0.000264631
0.000621717
-0.000255838
0.000667475
-0.000247272
0.000714183
-0.000232165
0.000762312
-0.00021534
0.000809959
-0.000194342
0.000857245
-0.000171279
0.00089913
-0.000140928
0.000932056
-0.000105395
0.000950051
-6.15844e-05
0.000949686
-1.42708e-05
0.000956295
2.74123e-05
0.000952974
8.0421e-05
0.000932772
0.000139819
0.000891758
0.000202598
0.000826493
0.000268522
0.000734878
0.000335269
0.00061568
0.000401943
0.000468694
0.000466794
0.000294661
0.000528482
9.49269e-05
0.000585537
-0.00012925
0.000637262
-0.000375101
0.000682523
-0.000637449
0.00072063
-0.000912127
0.000750949
-0.00119464
0.000772667
-0.00148143
0.000785455
-0.0017685
0.000788689
-0.00205151
0.000782067
-0.00232598
0.00076546
-0.00258872
0.000738664
-0.00283508
0.000701878
-0.00306104
0.000654713
-0.00326492
0.00059856
-0.00344035
0.000532273
-0.00358745
0.000458071
-0.00369993
0.000375051
-0.00377967
0.000285708
-0.00381912
0.000187924
-0.00382268
8.80305e-05
-0.00377275
-3.45958e-05
-0.00367812
-0.000153045
-0.00353996
-0.000268097
-0.00336003
-0.000380846
-0.00313841
-0.000492377
-0.00287658
-0.000600722
-0.00257516
-0.000706039
-0.00223663
-0.000805948
-0.00186317
-0.000899287
-0.00145831
-0.000984056
-0.00102606
-0.00105835
-0.000570943
-0.00112096
-9.86391e-05
-0.0011697
0.000385311
-0.0012036
0.000874513
-0.00122108
0.00136251
-0.0012218
0.00184189
-0.00120375
0.00230574
-0.00116673
0.00274645
-0.00111103
0.003157
-0.00103584
0.00352915
-0.00094083
0.00385642
-0.000828029
0.0041319
-0.000697659
0.00434943
-0.000551133
0.00450401
-0.000391217
0.00459143
-0.000219918
0.00460795
-4.03403e-05
0.00454524
0.000169838
0.00440763
0.000366749
0.0041956
0.000560105
0.00391068
0.000747854
0.0035562
0.000926428
0.00313699
0.00109239
0.00265992
0.00124179
0.00213317
0.00137016
0.00156643
0.00147376
0.00097134
0.00154787
0.000360648
0.00158963
-0.000253118
0.00159765
-0.000854912
0.00156778
-0.00143
0.00149994
-0.00196361
0.00139397
-0.00244124
0.00124992
-0.00284904
0.00107099
-0.00317473
0.000859195
-0.00340716
0.000619318
-0.00353807
0.000357543
-0.00355748
7.6282e-05
-0.0034623
-0.000232673
-0.0032555
-0.000525508
-0.0029406
-0.000805933
-0.00252437
-0.00106827
-0.00201634
-0.00130361
-0.00143259
-0.00150213
-0.000788056
-0.00165677
-0.00010484
-0.00175775
0.000591785
-0.00179714
0.00127957
-0.001774
0.00193188
-0.00168267
0.00252341
-0.00152489
0.00302892
-0.00130309
0.00342607
-0.00102237
0.00369447
-0.000690166
0.0038189
-0.000318439
0.00378547
9.50052e-05
0.00359322
0.000515938
0.00324673
0.000918139
0.00275611
0.00129261
0.00213736
0.00162386
0.00141515
0.00189378
0.000618588
0.00208569
-0.000214642
0.00218614
-0.00104774
0.00218402
-0.00183743
0.00207394
-0.00254387
0.00185814
-0.00312934
0.00154229
-0.00355747
0.00113685
-0.00380407
0.000664033
-0.00384879
0.00014433
-0.00368309
-0.000423287
-0.0033151
-0.000954384
-0.00276258
-0.00143664
-0.00205404
-0.00184479
-0.00123086
-0.00214817
-0.00034226
-0.0023226
0.000553332
-0.00234968
0.00139687
-0.00221995
0.00213152
-0.00194083
0.00270256
-0.0015221
0.00306731
-0.000993079
0.00320224
-0.000391655
0.00308258
0.000270828
0.00272641
0.000896058
0.00215799
0.00144783
0.0014225
0.00188703
0.000581347
0.0021688
-0.000292906
0.00226448
-0.00112095
0.00215363
-0.00182604
0.00184527
-0.00234126
0.00136306
-0.00261781
0.000749537
-0.00262735
6.26397e-05
-0.00235982
-0.000665911
-0.00184994
-0.00129649
-0.00114936
-0.00179547
-0.000332561
-0.00210424
0.000511104
-0.00218166
0.00128168
-0.002003
0.00188977
-0.0015917
0.00226247
-0.000990659
0.00235541
-0.000271218
0.00214831
0.000516802
0.00167354
0.00121362
0.000989678
0.00175906
0.000185384
0.00207756
-0.000629819
0.00211555
-0.00133989
0.00185038
-0.00184597
0.00132404
-0.00207289
0.000602866
-0.00197878
-0.000240194
-0.00158064
-0.00104166
-0.000932806
-0.00169757
-0.000129012
-0.002113
0.000710532
-0.00221509
0.00145087
-0.00196369
0.00197847
-0.00140967
0.00221005
-0.000633585
0.00210424
0.000264943
0.00168459
0.00110436
0.00101925
0.00176559
0.000218648
0.00214091
-0.000582881
0.00216206
-0.00124944
0.00181957
-0.00167315
0.00118586
-0.00179192
0.000376921
-0.00159627
-0.000471693
-0.00113604
-0.00118909
-0.000508196
-0.00165599
0.00016082
-0.00178556
0.000737154
-0.00155756
0.00110879
-0.0010227
0.00120568
-0.000294196
0.00101308
0.000479868
0.000577867
0.00113229
0.00151694
9.0239e-05
-0.00035428
0.000205469
-0.0004048
0.000336259
-0.000424152
0.000488714
-0.000448997
0.000666619
-0.00047662
0.000876311
-0.000510209
0.00111723
-0.000541181
0.00139306
-0.000575623
0.00169761
-0.000601327
0.00202573
-0.000622074
0.00236591
-0.000630369
0.00271526
-0.000635796
0.0030698
-0.000636771
0.00342823
-0.000635908
0.00378895
-0.000632289
0.00415028
-0.000625966
0.0045066
-0.000612153
0.00485162
-0.00059229
0.00518508
-0.000565631
0.00550141
-0.00053166
0.0057958
-0.000488737
0.00606177
-0.000437249
0.00629784
-0.000376994
0.00650299
-0.000310548
0.00666916
-0.000227755
0.00679889
-0.000144001
0.0068715
-4.51977e-05
0.00686355
8.83743e-05
0.00678025
0.000223119
0.00662985
0.000352997
0.00641104
0.000487335
0.00613055
0.000615754
0.00579274
0.000739756
0.00540611
0.000853425
0.00497967
0.000954924
0.00451579
0.00104941
0.00401597
0.00113709
0.00348421
0.00121428
0.00292718
0.00127766
0.00235169
0.00132644
0.00176554
0.00135882
0.00117615
0.00137484
0.000590971
0.00137387
1.52317e-05
0.00135781
-0.000543508
0.0013242
-0.00107837
0.00127353
-0.00158184
0.00120535
-0.00205103
0.0011239
-0.00247942
0.00102695
-0.00286188
0.000914735
-0.00319719
0.000793382
-0.00347597
0.000653832
-0.00369726
0.000506995
-0.00386204
0.000352704
-0.00396193
0.000187925
-0.00400664
1.01052e-05
-0.00399281
-0.000166866
-0.00391667
-0.000344238
-0.00377752
-0.000520005
-0.00357587
-0.000694017
-0.0033137
-0.0008629
-0.00299389
-0.00102585
-0.00262064
-0.0011792
-0.0021987
-0.00132122
-0.00173293
-0.00144983
-0.00122918
-0.0015621
-0.000693631
-0.00165651
-0.0001334
-0.00172993
0.000443713
-0.00178071
0.00102933
-0.00180669
0.00161537
-0.00180785
0.0021923
-0.00178067
0.00275095
-0.00172538
0.00328207
-0.00164216
0.00377669
-0.00153046
0.00422546
-0.0013896
0.004619
-0.00122157
0.00495001
-0.00102866
0.00521096
-0.00081209
0.00539445
-0.000574704
0.00549229
-0.000317758
0.00550514
-5.31867e-05
0.00542279
0.000252184
0.0052492
0.000540339
0.00498518
0.000824127
0.0046324
0.00110063
0.00419529
0.00136353
0.00367937
0.00160832
0.00309254
0.00182862
0.00244593
0.00201678
0.0017516
0.00216809
0.00102271
0.00227676
0.000274851
0.0023375
-0.000474672
0.00234717
-0.00120847
0.00230157
-0.00190882
0.00220029
-0.00255749
0.00204265
-0.0031366
0.00182902
-0.00362958
0.00156398
-0.00402089
0.0012505
-0.00429674
0.000895171
-0.00444434
0.000505141
-0.00446381
9.57504e-05
-0.00434049
-0.000355994
-0.00408096
-0.000785038
-0.0036887
-0.0011982
-0.00317226
-0.00158471
-0.00254363
-0.00193224
-0.0018212
-0.00222456
-0.00102911
-0.00244886
-0.000189109
-0.00259775
0.000670247
-0.00265649
0.00151671
-0.00262046
0.00231858
-0.00248453
0.00304481
-0.00225112
0.00366566
-0.00192394
0.00415281
-0.00150952
0.00448188
-0.00101923
0.00463493
-0.000471488
0.00459654
0.000133392
0.00436693
0.000745552
0.00394957
0.0013355
0.00335567
0.00188651
0.00260581
0.00237372
0.0017299
0.00276969
0.000765082
0.00305051
-0.000245766
0.00319699
-0.00125219
0.00319044
-0.00220603
0.00302778
-0.00305662
0.00270873
-0.00375842
0.00224408
-0.00427106
0.0016495
-0.00456083
0.000953798
-0.00460789
0.000191391
-0.00439647
-0.000634701
-0.00394325
-0.00140761
-0.00326549
-0.0021144
-0.00240075
-0.00270953
-0.00139833
-0.00315058
-0.000321762
-0.00339917
0.000761651
-0.0034331
0.00177914
-0.00323744
0.00265766
-0.00281935
0.00333718
-0.00220163
0.00376623
-0.00142213
0.00390442
-0.000529837
0.00374015
0.000435096
0.00328848
0.00134772
0.002579
0.00215731
0.00167047
0.00279556
0.000635286
0.00320398
-0.000435823
0.00333559
-0.00144396
0.00316177
-0.00229841
0.00269972
-0.00291786
0.00198251
-0.00323954
0.00107121
-0.00322434
4.744e-05
-0.00288372
-0.00100653
-0.00224615
-0.00193406
-0.0013763
-0.00266532
-0.000368723
-0.00311182
0.000664429
-0.00321481
0.00160331
-0.00294188
0.00233881
-0.0023272
0.00278261
-0.00143446
0.00287829
-0.000366908
0.00261387
0.000781231
0.00202145
0.00180603
0.00117648
0.00260403
0.000189852
0.00306419
-0.000806542
0.00311194
-0.00167019
0.00271403
-0.00227975
0.00193361
-0.00254719
0.000870305
-0.00242771
-0.000359671
-0.00194182
-0.00152756
-0.00115522
-0.00248417
-0.00018506
-0.00308315
0.000822946
-0.0032231
0.00170625
-0.002847
0.00232845
-0.00203187
0.00259317
-0.000898306
0.00245644
0.000401672
0.00194739
0.00161341
0.00115101
0.00256197
0.000201749
0.00309017
-0.000737395
0.0031012
-0.00150682
0.00258899
-0.00198344
0.00166247
-0.00209492
0.000488408
-0.00183773
-0.000728885
-0.00127431
-0.00175252
-0.000521682
-0.00240861
0.000269433
-0.00257668
0.000942048
-0.00223017
0.00136681
-0.00144746
0.0014649
-0.000392287
0.00122228
0.000722495
0.000694859
0.00165971
0.0022118
-7.30569e-06
-0.000346974
1.97786e-05
-0.000431883
6.25093e-05
-0.000466882
0.00012987
-0.000516358
0.000220469
-0.000567218
0.000337336
-0.000627075
0.000445777
-0.000649622
0.000538691
-0.000668536
0.000539862
-0.000602497
0.000486645
-0.000568857
0.000414462
-0.000558185
0.000360856
-0.000582189
0.000338028
-0.000613942
0.000355242
-0.000653121
0.000414824
-0.000691871
0.000517551
-0.000728692
0.000665642
-0.000760243
0.000855873
-0.000782521
0.00108238
-0.000792138
0.00133889
-0.000788165
0.00161352
-0.000763369
0.00190244
-0.000726166
0.00218973
-0.000664283
0.00246839
-0.000589214
0.00272335
-0.000482715
0.00294628
-0.000366927
0.00311455
-0.000213464
0.00325645
-5.35335e-05
0.0033178
0.000161778
0.00331683
0.000353961
0.00323491
0.000569259
0.00307086
0.000779802
0.00282561
0.000985011
0.00250313
0.0011759
0.00210782
0.00135023
0.00165158
0.00150566
0.00114892
0.00163974
0.000611556
0.00175165
4.96901e-05
0.00183952
-0.000527429
0.00190356
-0.00111096
0.00194236
-0.00169274
0.00195662
-0.00226529
0.00194642
-0.00281903
0.00191154
-0.00334821
0.00185338
-0.00384719
0.00177251
-0.00431059
0.00166875
-0.00473125
0.00154456
-0.00510369
0.00139939
-0.00542633
0.00123738
-0.00568784
0.00105489
-0.00589539
0.000861384
-0.00604216
0.000653767
-0.0061195
0.000430044
-0.0061305
0.000198928
-0.00606709
-5.33128e-05
-0.00593336
-0.000300592
-0.00573324
-0.000544356
-0.00546659
-0.000786656
-0.00513449
-0.00102612
-0.0047384
-0.00125899
-0.00428109
-0.00148316
-0.00376571
-0.00169458
-0.00319744
-0.00188949
-0.00258183
-0.00206544
-0.00192583
-0.0022181
-0.00123656
-0.00234578
-0.000522201
-0.00244429
0.000208264
-0.00251117
0.000945351
-0.00254378
0.00167903
-0.00254153
0.00239835
-0.0025
0.00309197
-0.00241899
0.00375048
-0.00230067
0.0043613
-0.00214127
0.00491364
-0.00194195
0.00539819
-0.00170611
0.00580504
-0.00143552
0.00612197
-0.00112901
0.00634591
-0.000798643
0.00646705
-0.000438897
0.0064811
-6.72355e-05
0.00638406
0.000349221
0.006177
0.000747394
0.00585925
0.00114189
0.00543336
0.00152652
0.0049045
0.00189239
0.00428095
0.00223187
0.00357298
0.00253659
0.00279241
0.00279735
0.00195378
0.00300672
0.00107508
0.00315545
0.00017465
0.00323793
-0.000727433
0.00324926
-0.00160988
0.00318402
-0.00245072
0.00304112
-0.0032285
0.00282043
-0.0039211
0.00252162
-0.0045093
0.00215219
-0.00497318
0.00171438
-0.00529514
0.00121714
-0.00546706
0.000677057
-0.00548074
0.000109432
-0.00532365
-0.00051308
-0.0050027
-0.001106
-0.00452202
-0.00167887
-0.00389162
-0.0022151
-0.00312698
-0.00269688
-0.00225025
-0.00310129
-0.00128616
-0.00341295
-0.000269731
-0.00361418
0.000769564
-0.00369579
0.00179405
-0.00364495
0.00276358
-0.00345407
0.00364185
-0.00312939
0.00439082
-0.00267291
0.00497868
-0.00209739
0.00537439
-0.00141494
0.00555836
-0.000655466
0.00551358
0.000178177
0.00523951
0.00101962
0.00473962
0.00183539
0.004027
0.00259913
0.00312732
0.00327339
0.00207721
0.0038198
0.000921949
0.00420578
-0.000287014
0.00440595
-0.00149091
0.00439434
-0.00263106
0.00416793
-0.00364637
0.00372403
-0.00447768
0.00307539
-0.00508177
0.00225359
-0.00541745
0.00128948
-0.00546287
0.00023681
-0.0052026
-0.000894965
-0.00465
-0.00196021
-0.00383038
-0.00293402
-0.00278998
-0.00374993
-0.0015856
-0.00435496
-0.000295525
-0.00468925
0.00100165
-0.00473027
0.0022128
-0.00444859
0.0032588
-0.00386534
0.00405716
-0.00299999
0.00454758
-0.00191255
0.00469788
-0.000680142
0.00448302
0.000649957
0.00392029
0.00191045
0.00304973
0.00302787
0.00194115
0.00390414
0.000687566
0.00445757
-0.000605105
0.00462826
-0.00181828
0.00437494
-0.00283785
0.0037193
-0.00356797
0.00271263
-0.0039396
0.00144284
-0.00390179
9.6339e-06
-0.00347322
-0.0014351
-0.00268711
-0.00272017
-0.00162543
-0.003727
-0.000404345
-0.0043329
0.000845634
-0.00446479
0.00197325
-0.0040695
0.00285035
-0.0032043
0.00337098
-0.00195509
0.00347328
-0.000469205
0.00313741
0.0011171
0.00241017
0.00253326
0.00138173
0.00363247
0.000186458
0.00425947
-0.00101087
0.00430927
-0.00204396
0.00374713
-0.00276924
0.00265888
-0.00307889
0.00117996
-0.00292891
-0.000509659
-0.00233931
-0.00211715
-0.00139507
-0.00342841
-0.000237538
-0.00424069
0.000957779
-0.00441841
0.00199971
-0.00388893
0.0027266
-0.00275877
0.00302387
-0.00119557
0.00285002
0.000575522
0.00223783
0.0022256
0.00129293
0.00350687
0.000177858
0.00420524
-0.000914001
0.00419306
-0.0017972
0.00347219
-0.00232834
0.00219361
-0.00243079
0.000590861
-0.00210323
-0.00105644
-0.00142416
-0.0024316
-0.000533904
-0.00329887
0.000390975
-0.00350156
0.00116811
-0.00300731
0.00165016
-0.00192951
0.00174804
-0.000490171
0.00144899
0.00102154
0.000820609
0.00228809
0.00303241
-0.000643784
0.000296811
-0.00126075
0.000185079
-0.00180456
7.69356e-05
-0.0021349
-0.000186024
-0.00221176
-0.000490348
-0.00196162
-0.000877223
-0.00146603
-0.00114521
-0.000738735
-0.00139583
-3.972e-05
-0.00130151
0.000704925
-0.0013135
0.00139883
-0.00125209
0.00202715
-0.0012105
0.00260078
-0.00118757
0.00314535
-0.00119769
0.00368316
-0.00122968
0.00423534
-0.00128087
0.00481304
-0.00133795
0.00542641
-0.00139589
0.00607147
-0.00143719
0.00674705
-0.00146374
0.00744167
-0.00145799
0.00814388
-0.00142837
0.00882354
-0.00134394
0.00946532
-0.001231
0.0100241
-0.00104154
0.0105158
-0.00085863
0.0108389
-0.000536551
0.0110914
-0.000306
0.0110949
0.000158242
0.0109242
0.000524716
0.0105427
0.000950779
0.0100025
0.00131993
0.00931494
0.00167261
0.00850984
0.001981
0.0076096
0.00225047
0.00663865
0.00247661
0.00561926
0.00265913
0.00457198
0.00279894
0.00351333
0.00289817
0.00245954
0.00295734
0.0014237
0.0029782
0.000416402
0.00296392
-0.000552343
0.00291517
-0.00147396
0.00283316
-0.00234194
0.00272136
-0.00314716
0.00257773
-0.00388593
0.00240753
-0.00455212
0.00221074
-0.00514293
0.0019902
-0.00565248
0.00174693
-0.00608167
0.00148408
-0.00642285
0.00120256
-0.0066741
0.000905024
-0.00683737
0.000593313
-0.00690907
0.000270623
-0.00690099
-6.13907e-05
-0.00680475
-0.000396834
-0.0066169
-0.000732199
-0.00633993
-0.00106363
-0.00597702
-0.00138904
-0.00553194
-0.00170406
-0.00500954
-0.00200555
-0.00441591
-0.00228822
-0.00375738
-0.00254803
-0.00304138
-0.00278144
-0.0022758
-0.00298367
-0.00146915
-0.00315243
-0.00063238
-0.00328106
0.000223488
-0.00336704
0.00108703
-0.00340732
0.00194661
-0.0034011
0.00278934
-0.00334273
0.00360225
-0.0032319
0.00437248
-0.00307091
0.00508742
-0.00285621
0.0057318
-0.00258633
0.00629721
-0.00227152
0.0067666
-0.00190491
0.00713773
-0.00150015
0.00739043
-0.00105134
0.00753062
-0.000579083
0.00753378
-7.03949e-05
0.00741375
0.000469252
0.00716489
0.000996257
0.00678511
0.00152166
0.00627871
0.00203292
0.0056521
0.00251901
0.00491419
0.00296978
0.00407678
0.00337399
0.00315481
0.00371932
0.00216675
0.00399478
0.00113168
0.00419052
7.27347e-05
0.00429687
-0.000987121
0.00430911
-0.00202246
0.00421936
-0.00300838
0.00402704
-0.00391888
0.00373094
-0.00472864
0.00333137
-0.00541351
0.00283706
-0.00595015
0.00225101
-0.00632263
0.00158961
-0.0065213
0.000875726
-0.00652137
0.000109499
-0.00633094
-0.000703501
-0.00594655
-0.00149039
-0.00537288
-0.00225254
-0.00462372
-0.00296426
-0.00371816
-0.00360244
-0.00268043
-0.00413902
-0.00154266
-0.00455072
-0.00034026
-0.00481658
0.000883724
-0.00491977
0.00208908
-0.00485031
0.00322957
-0.00459456
0.0042621
-0.00416192
0.00514151
-0.00355231
0.00583096
-0.00278684
0.00629444
-0.00187842
0.0065078
-0.000868824
0.00645451
0.000231468
0.00613446
0.00133967
0.00554469
0.00242516
0.00470998
0.00343385
0.00365588
0.0043275
0.00242667
0.00504901
0.00107419
0.00555826
-0.000338378
0.00581852
-0.00174376
0.00579972
-0.00307254
0.00549671
-0.00425228
0.00490377
-0.00522299
0.0040461
-0.00591854
0.00294914
-0.00629989
0.00167083
-0.0063354
0.000272315
-0.00602461
-0.00120575
-0.00536905
-0.00261578
-0.00440372
-0.00389935
-0.00317682
-0.00497683
-0.00176863
-0.00576315
-0.000254046
-0.00620383
0.00125634
-0.00624066
0.00266788
-0.00586013
0.00387488
-0.00507234
0.00479698
-0.00392209
0.00536041
-0.00247597
0.00550831
-0.000828045
0.00523689
0.000921377
0.0045586
0.00258874
0.0035221
0.00406437
0.00220704
0.0052192
0.000727464
0.00593715
-0.000791501
0.00614723
-0.00220958
0.00579302
-0.00340011
0.00490984
-0.00424509
0.0035576
-0.00465965
0.00185739
-0.00459841
-5.16043e-05
-0.00407551
-0.001958
-0.00313379
-0.00366189
-0.0018731
-0.00498769
-0.000425796
-0.00578021
0.00104293
-0.00593351
0.00236482
-0.00539139
0.00338506
-0.00422455
0.00398051
-0.00255054
0.00408009
-0.000568792
0.0036716
0.00152559
0.00280262
0.00340224
0.00158507
0.00485002
0.000178595
0.00566595
-0.00122686
0.00571473
-0.00243311
0.00495338
-0.00327152
0.00349729
-0.00362223
0.00153067
-0.00343679
-0.000695093
-0.00273938
-0.00281456
-0.00163209
-0.00453571
-0.000281346
-0.00559143
0.00110502
-0.00580478
0.00230424
-0.00508814
0.00313326
-0.00358778
0.00346263
-0.00152494
0.00324578
0.000792372
0.00252551
0.00294587
0.0014288
0.00460358
0.000144296
0.00548975
-0.001099
0.00543635
-0.00209367
0.00446687
-0.00267817
0.00277811
-0.00276518
0.000677871
-0.00236458
-0.00145704
-0.00156814
-0.00322803
-0.000539414
-0.0043276
0.000517787
-0.00455876
0.00139689
-0.00388641
0.00193297
-0.00246558
0.00202873
-0.00058594
0.00167411
0.00137617
0.000946258
0.00301594
0.00397867
-0.00115954
0.00145635
-0.00221732
0.00124286
-0.00300135
0.000860967
-0.00337114
0.000183763
-0.00292933
-0.000932158
-0.00157023
-0.00223632
0.00033005
-0.00304549
0.00221479
-0.00328057
0.00236177
-0.0014485
0.0015333
-0.000485025
0.000446067
-0.000164862
-0.000420912
-0.000343521
-0.000938509
-0.000669976
-0.00113368
-0.00100252
-0.00106864
-0.00129473
-0.000795478
-0.00155402
-0.000335314
-0.00179811
0.000292054
-0.00202326
0.00106232
-0.00220746
0.00193083
-0.00233225
0.00285386
-0.00238102
0.0038321
-0.00240662
0.00481547
-0.0023273
0.00579846
-0.00221399
0.00672759
-0.00197066
0.0076246
-0.00175564
0.00842029
-0.00133224
0.00923823
-0.00112394
0.00954232
-0.000145849
0.00945086
0.000616179
0.00901161
0.00139002
0.00832174
0.0020098
0.0074558
0.00253855
0.00646998
0.00296682
0.00540854
0.00331191
0.00430103
0.00358412
0.00317468
0.00378547
0.00204647
0.00392715
0.000934678
0.00400997
-0.000150733
0.00404275
-0.00119817
0.00402563
-0.00219874
0.00396449
-0.00314635
0.00386278
-0.00403497
0.00372178
-0.0048558
0.00354218
-0.00561129
0.00333321
-0.00629003
0.00308628
-0.0068961
0.00281681
-0.0074172
0.00251129
-0.00785781
0.00218755
-0.00821373
0.00183999
-0.00848147
0.0014703
-0.00865592
0.00107948
-0.00874246
0.000679848
-0.00873837
0.000266535
-0.00862528
-0.000174479
-0.00842208
-0.000600033
-0.00812799
-0.00102629
-0.00774252
-0.0014491
-0.00726699
-0.00186456
-0.00670514
-0.00226592
-0.00606151
-0.00264919
-0.00534142
-0.00300831
-0.00455181
-0.00333763
-0.00370019
-0.00363305
-0.00279601
-0.00388785
-0.00184913
-0.0040993
-0.00087127
-0.00425893
0.000126012
-0.00436432
0.00112899
-0.00441031
0.002125
-0.0043971
0.00309886
-0.00431659
0.0040362
-0.00416925
0.00492159
-0.00395629
0.00574185
-0.00367647
0.0064848
-0.00332928
0.00712876
-0.00291549
0.00766915
-0.0024453
0.0080879
-0.0019189
0.00837702
-0.00134047
0.00852952
-0.000731579
0.00853153
-7.24105e-05
0.00839229
0.000608494
0.00810292
0.00128563
0.00766439
0.00196019
0.00708013
0.00261718
0.00635886
0.00324028
0.00551079
0.00381785
0.004549
0.00433579
0.00349169
0.00477663
0.00235917
0.0051273
0.00117526
0.00537444
-3.52664e-05
0.00550739
-0.00124613
0.00551998
-0.00242782
0.00540105
-0.00355141
0.00515063
-0.00458915
0.00476867
-0.00551032
0.00425254
-0.00628566
0.00361241
-0.00689322
0.00285858
-0.0073144
0.00201079
-0.00753026
0.00109159
-0.00751777
9.7012e-05
-0.00729484
-0.000926431
-0.00684866
-0.00193657
-0.00618608
-0.00291512
-0.00532116
-0.00382919
-0.0042778
-0.0046458
-0.00308612
-0.0053307
-0.00178193
-0.00585491
-0.00040306
-0.00619544
0.000999609
-0.00632244
0.00237756
-0.00622826
0.00368342
-0.00590041
0.00486149
-0.00534
0.00586675
-0.00455757
0.00664914
-0.00356923
0.00717718
-0.00240647
0.00741802
-0.00110966
0.00735892
0.000290564
0.00699077
0.00170782
0.00631751
0.00309842
0.00535941
0.00439195
0.00415555
0.00553136
0.00275254
0.00645202
0.00121167
0.00709912
-0.000395966
0.00742616
-0.00199374
0.00739749
-0.00350025
0.00700322
-0.00483909
0.00624262
-0.00593396
0.00514097
-0.00672002
0.0037352
-0.0071455
0.00209632
-0.00717402
0.000300836
-0.00681061
-0.00156917
-0.00605581
-0.00337057
-0.0049468
-0.00500836
-0.00354638
-0.00637724
-0.00193026
-0.00737928
-0.000212792
-0.0079213
0.0015079
-0.00796135
0.00310715
-0.00745938
0.00447794
-0.00644313
0.00551211
-0.00495626
0.00613023
-0.00309409
0.00628833
-0.000986151
0.00596137
0.00124834
0.00516747
0.00338264
0.0039657
0.00526614
0.00245708
0.00672782
0.000757928
0.0076363
-0.000980856
0.00788601
-0.00259929
0.00741145
-0.00394733
0.00625788
-0.00489898
0.00450925
-0.00535493
0.00231334
-0.00526863
-0.000137903
-0.00464883
-0.00257779
-0.0035537
-0.00475702
-0.00209799
-0.00644339
-0.000441623
-0.00743658
0.00124077
-0.0076159
0.00274768
-0.00689829
0.00390366
-0.00538052
0.00457222
-0.0032191
0.00466404
-0.000660614
0.00418154
0.0020081
0.00317396
0.00440982
0.00177314
0.00625084
0.000163661
0.00727542
-0.00143954
0.00731793
-0.00280911
0.00632295
-0.00375428
0.00444245
-0.00414285
0.00191924
-0.00391916
-0.000918782
-0.00311298
-0.00362074
-0.00184769
-0.005801
-0.000314554
-0.00712456
0.00125083
-0.00737017
0.00259927
-0.00643659
0.00352154
-0.00451005
0.00387453
-0.00187793
0.0036146
0.0010523
0.00278887
0.0037716
0.00154583
0.00584662
0.000101017
0.00693456
-0.00128035
0.00681772
-0.00237521
0.00556172
-0.00300436
0.00340726
-0.00307498
0.000748492
-0.00260162
-0.0019304
-0.00169328
-0.00413637
-0.000536833
-0.00548405
0.000641873
-0.00573746
0.00161299
-0.00485753
0.00219639
-0.00304899
0.00228816
-0.000677707
0.00188
0.00178433
0.00105965
0.00383628
0.00503832
-0.00443599
0.00589234
-0.00879938
0.00560625
-0.0125197
0.00458129
-0.0149314
0.00259545
-0.015366
-0.000497572
-0.0129517
-0.00465059
-0.00821109
-0.0077861
-0.00195587
-0.00953579
0.000133702
-0.00353807
0.00100201
-0.00135334
0.000998947
-0.000161795
0.00056303
9.23964e-05
0.000141479
-0.000248425
-0.000156912
-0.000704127
-0.000152282
-0.00129936
0.00021979
-0.00192609
0.000954179
-0.0025325
0.00200818
-0.00307726
0.00334265
-0.00354193
0.00489641
-0.00388601
0.00659501
-0.00407962
0.0084193
-0.0042309
0.0102934
-0.00420139
0.0122137
-0.00413432
0.0140503
-0.00380727
0.015938
-0.00364332
0.0173179
-0.00271214
0.0194221
-0.00322819
0.0192606
1.57132e-05
0.0185977
0.00127902
0.017236
0.00275178
0.0156004
0.00364536
0.0137589
0.00438009
0.0118295
0.00489617
0.00988288
0.00525857
0.00796729
0.00549972
0.00612234
0.00563043
0.00436303
0.00568645
0.00271122
0.00566177
0.00115655
0.00559743
-0.000294614
0.0054768
-0.0016372
0.00530707
-0.0028805
0.00510609
-0.00402183
0.00486311
-0.00505787
0.00457822
-0.00599621
0.00427156
-0.00683087
0.00392094
-0.0075665
0.00355244
-0.00820267
0.00314746
-0.00872875
0.00271363
-0.00915117
0.00226241
-0.00946768
0.00178682
-0.00967751
0.00128931
-0.00977497
0.000777307
-0.00976301
0.000254574
-0.00965726
-0.000280229
-0.00943945
-0.000817837
-0.00911231
-0.00135344
-0.00867941
-0.00188199
-0.00814476
-0.00239921
-0.00751293
-0.00289775
-0.00678932
-0.0033728
-0.00598086
-0.00381676
-0.00509539
-0.0042231
-0.00414077
-0.00458767
-0.00312911
-0.00489952
-0.00207038
-0.00515804
-0.000978017
-0.00535129
0.000134552
-0.00547689
0.001253
-0.00552875
0.00236297
-0.00550707
0.00344804
-0.00540166
0.00449137
-0.00521258
0.00547677
-0.00494169
0.00638648
-0.00458618
0.00720328
-0.00414607
0.00792009
-0.00363229
0.00851447
-0.00303968
0.00897234
-0.00237677
0.00929069
-0.00165881
0.00944881
-0.000889692
0.00944741
-7.10136e-05
0.00928503
0.000770877
0.00895545
0.00161521
0.00846002
0.00245562
0.00780232
0.00327488
0.0069923
0.0040503
0.00604331
0.00476684
0.0049679
0.0054112
0.00378849
0.00595603
0.00252632
0.00638946
0.00120687
0.00669389
-0.000141498
0.00685576
-0.00148896
0.00686743
-0.00280283
0.00671493
-0.00405066
0.00639845
-0.00520125
0.00591926
-0.00622002
0.00527131
-0.00707803
0.00447041
-0.00774796
0.00352851
-0.00820983
0.00247266
-0.00843738
0.00131913
-0.00842233
8.1968e-05
-0.00816381
-0.00118495
-0.00765762
-0.00244276
-0.00691231
-0.00366043
-0.00594343
-0.00479807
-0.00477757
-0.00581166
-0.00344736
-0.00666092
-0.00199017
-0.0073121
-0.000454666
-0.00773095
0.00111016
-0.00788727
0.00264624
-0.00776434
0.00409717
-0.00735134
0.00540544
-0.00664827
0.00652117
-0.0056733
0.00739022
-0.00443827
0.00797375
-0.00299
0.00823919
-0.0013751
0.00817019
0.000359568
0.00775448
0.00212354
0.00700652
0.00384637
0.00594109
0.00545738
0.00460135
0.0068711
0.0030427
0.00801067
0.00133359
0.00880823
-0.00045155
0.0092113
-0.00222269
0.00916864
-0.00389092
0.00867144
-0.00537341
0.00772511
-0.00657552
0.00634308
-0.00743989
0.00459957
-0.00790191
0.00255833
-0.00792655
0.000325475
-0.00750868
-0.00198703
-0.00666105
-0.0042182
-0.00542222
-0.0062472
-0.0038604
-0.00793906
-0.00207202
-0.00916766
-0.000151413
-0.0098419
0.00174415
-0.00985692
0.00351143
-0.00922666
0.00501948
-0.00795118
0.0061569
-0.00609368
0.00683306
-0.00377025
0.00698414
-0.00113723
0.00660239
0.00163009
0.00570499
0.00428005
0.0043565
0.00661463
0.00266171
0.00842261
0.000767806
0.0095302
-0.00116319
0.00981701
-0.00296046
0.00920873
-0.00445107
0.00774848
-0.00549204
0.00555022
-0.00598452
0.00280582
-0.00587082
-0.000251606
-0.00516179
-0.00328682
-0.0039265
-0.00599232
-0.00229218
-0.00807772
-0.000435208
-0.00929355
0.00143329
-0.0094844
0.00310072
-0.00856572
0.00437624
-0.00665604
0.00510452
-0.00394738
0.00519394
-0.000750031
0.00463754
0.00256449
0.00350077
0.00554659
0.00193079
0.00782082
0.000130805
0.00907541
-0.00163927
0.00908801
-0.00315134
0.00783501
-0.00419007
0.00548118
-0.0046082
0.00233737
-0.00434509
-0.00118188
-0.00344093
-0.00452491
-0.00203322
-0.00720871
-0.000336882
-0.0088209
0.00138729
-0.00909434
0.00286384
-0.00791314
0.00386655
-0.00551277
0.00423956
-0.00225093
0.00393406
0.0013578
0.0030114
0.00469427
0.00163959
0.00721843
5.0142e-05
0.008524
-0.00144664
0.00831451
-0.00262609
0.00674117
-0.00328954
0.0040707
-0.0033408
0.00079975
-0.00280014
-0.00247105
-0.00179294
-0.00514357
-0.000525108
-0.00675188
0.00075763
-0.0070202
0.00180467
-0.00590456
0.00242516
-0.00366948
0.00251057
-0.00076312
0.00205587
0.00223903
0.0011572
0.00473496
0.00619552
-0.00725445
0.0131468
-0.0143708
0.0127226
-0.02045
0.0106605
-0.0244313
0.0065768
-0.0254597
0.000530799
-0.0230245
-0.00708583
-0.0162449
-0.0145656
-0.00525287
-0.0205279
-0.00136797
-0.00742296
-0.00245566
-0.000265648
-0.00526056
0.00264311
-0.00763877
0.0024706
-0.00933003
0.00144284
-0.0101837
0.000149553
-0.00988552
-0.00159755
-0.0086333
-0.00317831
-0.00673725
-0.00442855
-0.00443062
-0.00538389
-0.00189344
-0.00607911
0.000740276
-0.00651972
0.00345667
-0.00679602
0.00617976
-0.00695398
0.00877769
-0.00679932
0.0112503
-0.00660691
0.013475
-0.00603203
0.0160863
-0.00625457
0.0188839
-0.00550971
0.0233602
-0.00770456
0.0247974
-0.00142141
0.0231564
0.00291996
0.0200922
0.00581603
0.0165824
0.00715517
0.0133213
0.00764114
0.0104178
0.00779965
0.00790102
0.00777538
0.00566933
0.00773141
0.00368861
0.00761114
0.00189806
0.007477
0.000264721
0.00729512
-0.00122506
0.00708721
-0.00258625
0.00683798
-0.00383862
0.00655944
-0.00498092
0.00624839
-0.00602541
0.0059076
-0.00697252
0.00552533
-0.00781818
0.00511721
-0.0085766
0.00467937
-0.00923493
0.00421077
-0.00979363
0.00370616
-0.0102582
0.0031782
-0.010619
0.00262315
-0.0108745
0.00204242
-0.0110243
0.00143902
-0.0110653
0.000818321
-0.0110015
0.000190846
-0.0108208
-0.000461024
-0.0105319
-0.00110671
-0.0101328
-0.00175256
-0.00962561
-0.00238913
-0.00901261
-0.00301222
-0.00829851
-0.00361184
-0.00748805
-0.00418327
-0.00658833
-0.00471648
-0.00560778
-0.00520365
-0.00455703
-0.00563842
-0.00344495
-0.0060116
-0.0022857
-0.00631729
-0.00109055
-0.00654643
0.000125043
-0.00669249
0.00134641
-0.00675012
0.00255418
-0.00671484
0.00373244
-0.00657992
0.00486404
-0.00634418
0.00593245
-0.00601011
0.00692056
-0.00557429
0.00781207
-0.00503758
0.00858195
-0.00440217
0.0092203
-0.00367803
0.0097155
-0.00287197
0.010056
-0.00199927
0.0102211
-0.00105483
0.0102153
-6.52276e-05
0.0100332
0.000953025
0.0096684
0.00197996
0.00912354
0.00300048
0.00840338
0.00399504
0.00751963
0.00493405
0.00648309
0.00580339
0.00531243
0.00658186
0.00402881
0.00723965
0.002655
0.00776327
0.00122046
0.00812844
-0.000244062
0.00832029
-0.0017064
0.00832977
-0.00313123
0.00813976
-0.00448311
0.00775034
-0.00572754
0.00716369
-0.00682743
0.00637121
-0.00775281
0.00539579
-0.00847419
0.0042499
-0.00896946
0.00296793
-0.00920668
0.00155635
-0.00918705
6.23333e-05
-0.00889844
-0.00147356
-0.00834103
-0.00300017
-0.00752332
-0.00447813
-0.00646501
-0.00585638
-0.00519379
-0.00708288
-0.00374377
-0.00811094
-0.00215884
-0.00889703
-0.000490633
-0.00939915
0.00120847
-0.00958637
0.00287648
-0.00943236
0.00444951
-0.00892437
0.00586851
-0.00806726
0.00707353
-0.00687833
0.00801565
-0.00538038
0.00864551
-0.00361986
0.00892963
-0.00165923
0.00885056
0.000438641
0.00839582
0.00257828
0.00758056
0.00466163
0.00642182
0.00661611
0.00496778
0.00832514
0.00327905
0.0096994
0.00142667
0.0106606
-0.000504813
0.0111428
-0.00242196
0.0110858
-0.00422714
0.0104766
-0.00581994
0.00931791
-0.00711809
0.00764123
-0.0080391
0.00552058
-0.00853191
0.00305115
-0.00855075
0.000344315
-0.00809209
-0.00244569
-0.00716164
-0.00514866
-0.00581299
-0.00759585
-0.00412017
-0.00963188
-0.0021789
-0.0111089
-0.000111091
-0.0119097
0.00194983
-0.0119178
0.00386041
-0.0111372
0.00548428
-0.00957506
0.00670492
-0.00731431
0.00742026
-0.00448559
0.00757081
-0.00128779
0.00714196
0.00205894
0.00615159
0.00527042
0.00467353
0.00809269
0.00283027
0.0102659
0.000770657
0.0115898
-0.00133217
0.0119198
-0.00327282
0.0111494
-0.00488446
0.00936013
-0.00600544
0.0066712
-0.00651899
0.00331936
-0.00637831
-0.000392281
-0.00558934
-0.00407579
-0.00422963
-0.00735202
-0.00244491
-0.00986244
-0.000425109
-0.0113134
0.00160418
-0.0115137
0.00341083
-0.0103724
0.00478263
-0.00802784
0.00555554
-0.00472029
0.00563733
-0.000831815
0.0050159
0.00318592
0.00376929
0.0067932
0.00205593
0.00953417
0.000100073
0.0110313
-0.00181522
0.0110033
-0.00344395
0.00946375
-0.00455979
0.00659702
-0.00499697
0.00277455
-0.00469929
-0.00147956
-0.00370806
-0.00551614
-0.00217803
-0.00873875
-0.000346039
-0.0106529
0.00150755
-0.0109479
0.00308857
-0.00949416
0.00415254
-0.00657673
0.00453461
-0.00263301
0.00418954
0.00170287
0.00318445
0.00569936
0.00170519
0.00869769
1.18305e-05
0.0102174
-0.00158882
0.00991516
-0.00283445
0.0079868
-0.00352095
0.00475721
-0.00355126
0.00083006
-0.00295196
-0.00307036
-0.00186167
-0.00623386
-0.000504063
-0.00810948
0.000858726
-0.00838299
0.00196332
-0.00700915
0.00261004
-0.00431621
0.00268805
-0.000841125
0.00219408
0.002733
0.00123271
0.00569633
0.00742823
-0.00884147
0.0219883
-0.0180118
0.0218929
-0.0275053
0.020154
-0.0373495
0.016421
-0.0471872
0.0103686
-0.0569263
0.00265326
-0.0618322
-0.00965977
-0.0644823
-0.0178778
-0.0629105
-0.00899468
-0.0580305
-0.00514567
-0.0518473
-0.00354009
-0.0453161
-0.00406062
-0.0387316
-0.00514167
-0.0321382
-0.00644382
-0.0260488
-0.00768701
-0.0204572
-0.00876986
-0.0152118
-0.00967399
-0.0101884
-0.0104072
-0.00529632
-0.0109712
-0.000449836
-0.0113662
0.00438183
-0.0116277
0.00919532
-0.0117675
0.0140994
-0.0117034
0.0190681
-0.0115756
0.0243097
-0.0112736
0.0295133
-0.0114581
0.0354589
-0.0114553
0.0363416
-0.00858728
0.0340185
0.000901687
0.0290292
0.00790932
0.0242251
0.0106201
0.0193388
0.0120415
0.0151932
0.0117867
0.0114849
0.011508
0.00839675
0.0108636
0.00572892
0.0103992
0.00344539
0.00989467
0.00144288
0.00947952
-0.000322447
0.00906044
-0.00190129
0.00866605
-0.00332258
0.00825928
-0.00460933
0.00784619
-0.00578015
0.00741921
-0.00683953
0.00696698
-0.0078038
0.00648961
-0.00867004
0.00598345
-0.00943664
0.00544597
-0.0101032
0.00487731
-0.0106724
0.0042754
-0.0111366
0.00364242
-0.0114934
0.00297992
-0.0117409
0.00228994
-0.011878
0.00157612
-0.0119019
0.000842211
-0.0118052
9.41118e-05
-0.0115995
-0.000666708
-0.0112757
-0.00143055
-0.0108354
-0.00219282
-0.0102819
-0.00294265
-0.00961729
-0.00367683
-0.00884622
-0.00438291
-0.0079749
-0.00505459
-0.0070104
-0.00568098
-0.00596165
-0.0062524
-0.00483809
-0.00676198
-0.00365145
-0.00719823
-0.00241467
-0.00755407
-0.0011415
-0.00781961
0.000150483
-0.00798447
0.00144495
-0.00804459
0.00272795
-0.00799784
0.00397964
-0.0078316
0.00518101
-0.00754555
0.00631343
-0.00714253
0.00735715
-0.00661801
0.00829185
-0.00597228
0.00910655
-0.00521687
0.00978213
-0.00435361
0.0103048
-0.00339468
0.010652
-0.00234645
0.0108248
-0.00122761
0.010813
-5.34011e-05
0.0106116
0.00115443
0.010216
0.00237552
0.00963224
0.00358424
0.00886178
0.0047655
0.00791804
0.00587779
0.0068134
0.00690803
0.00556577
0.00782949
0.00419818
0.00860725
0.00274061
0.00922083
0.0012169
0.00965215
-0.000338182
0.00987537
-0.00188926
0.00988085
-0.00339962
0.00965012
-0.0048314
0.00918212
-0.0061479
0.0084802
-0.00731064
0.00753394
-0.00828669
0.00637183
-0.00904844
0.00501166
-0.00956294
0.00348242
-0.00981019
0.00180361
-0.0097832
3.53417e-05
-0.00947096
-0.0017858
-0.00887174
-0.00359939
-0.00799661
-0.00535327
-0.00686818
-0.00698482
-0.00551436
-0.0084367
-0.00397131
-0.00965399
-0.00228611
-0.0105822
-0.000512178
-0.0111731
0.00129048
-0.011389
0.00305942
-0.0112013
0.00472443
-0.0105894
0.00623054
-0.00957337
0.00750468
-0.00815246
0.0085009
-0.0063766
0.00916516
-0.00428411
0.00946272
-0.00195679
0.00937221
0.000529151
0.00888892
0.00306157
0.00801466
0.00553589
0.0067883
0.00784248
0.00524604
0.0098674
0.00345402
0.0114914
0.00148962
0.012625
-0.000556735
0.0131891
-0.0025822
0.0131112
-0.00448726
0.0123817
-0.00617065
0.0110013
-0.00753924
0.00900982
-0.00850914
0.00649049
-0.00901642
0.00355842
-0.00903157
0.000359471
-0.00853267
-0.00294459
-0.00754188
-0.00613945
-0.00610587
-0.00903185
-0.00430662
-0.0114311
-0.0022431
-0.0131725
-5.86545e-05
-0.0140942
0.00211846
-0.0140949
0.00413497
-0.0131538
0.00585007
-0.0112902
0.00713048
-0.00859472
0.00787793
-0.00523304
0.00802373
-0.0014336
0.00755247
0.00253021
0.00648622
0.00633667
0.00490629
0.00967262
0.0029386
0.0122336
0.000746925
0.0137815
-0.00147563
0.0141424
-0.00353313
0.0132069
-0.00523107
0.0110581
-0.00640608
0.00784621
-0.00693813
0.00385142
-0.00677134
-0.000559073
-0.00591608
-0.00493105
-0.00445859
-0.00880951
-0.00255222
-0.0117688
-0.000408853
-0.0134567
0.00174844
-0.013671
0.00365824
-0.0122822
0.00510428
-0.00947388
0.00591295
-0.00552897
0.00598072
-0.000899579
0.00530637
0.00386027
0.00396901
0.00813056
0.00214462
0.0113586
6.9787e-05
0.0131061
-0.00195663
0.0130297
-0.00367678
0.0111839
-0.00484777
0.00776801
-0.00529703
0.0032238
-0.0049674
-0.00180919
-0.00390675
-0.00657679
-0.00228015
-0.0103653
-0.000345525
-0.0125875
0.00160422
-0.0128977
0.00326078
-0.0111507
0.00436837
-0.00768432
0.00475529
-0.00301993
0.00437364
0.00208453
0.00330246
0.00677054
0.00174178
0.0102584
-2.86278e-05
0.0119878
-0.00170295
0.0115895
-0.00299333
0.00927719
-0.00369108
0.00545495
-0.00369983
0.000838811
-0.00305256
-0.00371763
-0.00189917
-0.00738726
-0.000476755
-0.0095319
0.000942198
-0.00980194
0.00208439
-0.00815134
0.00274559
-0.00497741
0.00281436
-0.000909885
0.00229135
0.00325601
0.00128572
0.00670195
0.00871395
-0.00749267
0.0294809
-0.0160485
0.0304487
-0.0266344
0.0307399
-0.0401139
0.0299005
-0.0568118
0.0270664
-0.076254
0.0220955
-0.0997358
0.013822
-0.125163
0.00754931
-0.117291
-0.105373
-0.0916522
-0.0782517
-0.0657274
-0.0543006
-0.0439086
-0.0343887
-0.0255609
-0.0172508
-0.0092867
-0.00149717
0.00625368
0.01409
0.0222192
0.0307062
0.03973
0.0488042
0.0581209
0.0433451
0.00618857
0.0316587
0.0125881
0.0225811
0.0169869
0.0161149
0.0170863
0.0113235
0.0168329
0.00794298
0.0151672
0.00537542
0.0140755
0.00335546
0.0128835
0.00162076
0.0121339
7.22434e-05
0.0114432
-0.00135157
0.0109033
-0.0026705
0.0103794
-0.00391056
0.00990612
-0.00507514
0.00942386
-0.00615806
0.00892911
-0.00716459
0.00842573
-0.00810283
0.00790522
-0.00895537
0.00734215
-0.00972863
0.00675671
-0.0104172
0.00613453
-0.0110244
0.00548453
-0.0115352
0.00478621
-0.0119494
0.00405661
-0.0122635
0.00329401
-0.0124761
0.0025025
-0.0125763
0.00167637
-0.012564
0.000829902
-0.0124355
-3.44234e-05
-0.0121913
-0.000910875
-0.0118297
-0.00179209
-0.0113515
-0.00267107
-0.0107572
-0.0035369
-0.0100501
-0.004384
-0.00923457
-0.00519841
-0.00831645
-0.0059727
-0.00730313
-0.00669431
-0.00620336
-0.00735217
-0.0050276
-0.00793774
-0.00378831
-0.00843752
-0.00249771
-0.00884467
-0.00117162
-0.00914569
0.000174896
-0.00933099
0.00152391
-0.00939359
0.00285794
-0.00933188
0.00415771
-0.00913137
0.00540415
-0.00879199
0.00657818
-0.00831656
0.00766071
-0.00770054
0.00863268
-0.00694425
0.00947557
-0.00605976
0.0101729
-0.00505096
0.0107063
-0.00392806
0.0110661
-0.00270625
0.0112408
-0.00140228
0.0112217
-3.42858e-05
0.0110052
0.00137087
0.0105881
0.00279259
0.00997348
0.00419891
0.00916596
0.00557302
0.00817875
0.006865
0.00702383
0.00806295
0.00572624
0.00912707
0.00430321
0.0100303
0.00278209
0.0107419
0.0011971
0.0112371
-0.000420419
0.0114929
-0.00203291
0.0114933
-0.00360165
0.0112189
-0.00508726
0.0106677
-0.0064532
0.00984614
-0.00765831
0.00873905
-0.0086701
0.00738362
-0.00945631
0.00579787
-0.00998227
0.00400837
-0.0102367
0.00205799
-0.0101997
-1.65301e-06
-0.00986694
-0.00211852
-0.00923647
-0.00422986
-0.00832301
-0.00626672
-0.00714454
-0.00816329
-0.00573106
-0.00985018
-0.00412291
-0.0112621
-0.0023698
-0.0123353
-0.000523298
-0.0130196
0.00134985
-0.0132622
0.00318862
-0.0130401
0.00491965
-0.0123204
0.00648173
-0.0111355
0.00780512
-0.00947585
0.00883422
-0.0074057
0.00952167
-0.00497156
0.00982588
-0.002261
0.00972976
0.000625263
0.00922237
0.00356896
0.0083089
0.00644937
0.00703164
0.00911973
0.00542701
0.011472
0.00356549
0.0133529
0.00152568
0.0146648
-0.000597009
0.0153118
-0.00269888
0.0152131
-0.00467261
0.0143554
-0.00641489
0.0127436
-0.00782902
0.0104239
-0.0088282
0.00748967
-0.00934924
0.00407946
-0.00935109
0.000361318
-0.008823
-0.00347268
-0.00778911
-0.00717333
-0.00629292
-0.0105281
-0.00441551
-0.0133085
-0.00228253
-0.0153054
-9.76458e-06
-0.0163669
0.00224707
-0.0163518
0.00433527
-0.015242
0.0061092
-0.0130641
0.00742911
-0.00991462
0.00819412
-0.00599806
0.00833581
-0.00157529
0.00783013
0.00303589
0.00670983
0.00745698
0.00505861
0.0113238
0.00300216
0.01429
0.000720474
0.0160632
-0.00158941
0.0164523
-0.00372459
0.0153421
-0.00548204
0.0128155
-0.00669366
0.00905782
-0.00723336
0.00439112
-0.00704422
-0.00074821
-0.00613803
-0.00583724
-0.00460817
-0.0103394
-0.00261262
-0.0137644
-0.000374462
-0.0156949
0.00186019
-0.0159056
0.00383969
-0.0142617
0.00533412
-0.0109683
0.00616114
-0.00635599
0.006219
-0.000957443
0.00550068
0.00457859
0.00409738
0.00953387
0.00219503
0.0132609
4.64156e-05
0.0152547
-0.00206199
0.0151381
-0.00384315
0.0129651
-0.00504757
0.00897242
-0.0055026
0.00367884
-0.00514648
-0.00216531
-0.00403302
-0.00769025
-0.0023401
-0.0120583
-0.000335154
-0.0145925
0.00167513
-0.014908
0.00337839
-0.012854
0.00450999
-0.00881592
0.0048939
-0.00340385
0.00448303
0.0024954
0.00336444
0.00788913
0.00174837
0.0118744
-7.12675e-05
0.0138074
-0.00178655
0.0133048
-0.00309973
0.0105904
-0.00379738
0.0061526
-0.00378507
0.000826502
-0.00310224
-0.00440046
-0.00190636
-0.00858313
-0.00044393
-0.0109943
0.0010054
-0.0112513
0.0021657
-0.00931164
0.00283021
-0.00564193
0.00288979
-0.000969468
0.00234694
0.00379886
0.00131522
0.00773367
0.0100292
0.000345916
0.029135
0.00106469
0.02973
0.00226377
0.0295408
0.00403591
0.0281284
0.00555151
0.0255508
0.00616116
0.0214859
0.00331264
0.0166705
0.0108619
-0.00250833
0.0086969
-0.00306201
0.0131418
-0.000611642
0.0145365
0.000815638
0.015659
0.00204396
0.0156045
0.00194472
0.0152665
0.00142327
0.014597
0.000451218
0.0138556
-0.000629064
0.0132142
-0.00176726
0.0125814
-0.00288487
0.0120209
-0.0039786
0.0114731
-0.00502493
0.0109524
-0.00603191
0.0104308
-0.00699588
0.00989308
-0.00791454
0.00934438
-0.0087721
0.00876278
-0.00957408
0.00814414
-0.0103056
0.00748818
-0.0109617
0.00679066
-0.0115304
0.00605326
-0.0120153
0.0052711
-0.0124064
0.00444769
-0.0126983
0.00358596
-0.0128834
0.00268752
-0.0129628
0.00175579
-0.0129297
0.000796871
-0.0127814
-0.000182741
-0.0125156
-0.00117671
-0.0121318
-0.00217591
-0.01163
-0.00317288
-0.0110118
-0.0041551
-0.0102794
-0.00511636
-0.00943771
-0.00604011
-0.00849222
-0.00691818
-0.00745046
-0.00773607
-0.00632174
-0.00848088
-0.00511623
-0.00914326
-0.00384652
-0.00970723
-0.00252589
-0.0101653
-0.00116947
-0.0105021
0.000206217
-0.0107067
0.00158341
-0.0107708
0.00294474
-0.0106932
0.00427052
-0.0104571
0.00554135
-0.0100628
0.00673818
-0.00951339
0.00783998
-0.00880234
0.00882753
-0.00793181
0.00968492
-0.00691715
0.0103907
-0.00575674
0.0109316
-0.00446893
0.0112929
-0.00306759
0.0114664
-0.00157575
0.0114422
-1.0146e-05
0.0112149
0.00159821
0.0107825
0.00322497
0.0101487
0.00483273
0.00931928
0.00640245
0.00830663
0.00787764
0.00712552
0.00924407
0.00579463
0.010458
0.00433801
0.0114869
0.00278262
0.0122973
0.00116268
0.0128571
-0.000489359
0.0131449
-0.00213516
0.0131391
-0.00373534
0.012819
-0.00525164
0.012184
-0.00664185
0.0112364
-0.00786926
0.00996646
-0.00889792
0.00841228
-0.00969446
0.00659441
-0.010229
0.00454292
-0.0104823
0.00231127
-0.0104382
-4.57512e-05
-0.0100919
-0.0024648
-0.00944365
-0.00487813
-0.00850381
-0.00720656
-0.00729608
-0.00937102
-0.00584888
-0.0112974
-0.0042032
-0.0129078
-0.00240979
-0.0141288
-0.000523711
-0.0149057
0.00138938
-0.0151753
0.00326321
-0.0149139
0.00503166
-0.0140889
0.00662217
-0.012726
0.00797203
-0.0108257
0.00901911
-0.00845278
0.00971545
-0.0056679
0.0100242
-0.00256975
0.00992206
0.000727404
0.00939803
0.00409299
0.00846401
0.0073834
0.00715273
0.010431
0.00551571
0.0131091
0.00361471
0.0152539
0.00153516
0.0167444
-0.000628487
0.0174755
-0.00276966
0.0173543
-0.00477933
0.0163651
-0.00655193
0.0145162
-0.0079866
0.0118586
-0.00899939
0.00850246
-0.00952399
0.00460406
-0.00951645
0.000353778
-0.008971
-0.00401813
-0.00790426
-0.00824008
-0.0063721
-0.0120602
-0.00445793
-0.0152227
-0.00228278
-0.0174806
3.52534e-05
-0.0186849
0.00233295
-0.0186495
0.00445824
-0.0173672
0.00625959
-0.0148654
0.0076005
-0.0112555
0.00836941
-0.00676697
0.0085031
-0.00170898
0.00797695
0.00356204
0.00682199
0.00861193
0.00512299
0.0130228
0.00302096
0.016392
0.000691748
0.0183924
-0.00167203
0.018816
-0.00384804
0.0175181
-0.00563702
0.0146045
-0.00686362
0.0102844
-0.00740306
0.00493055
-0.00719503
-0.000956232
-0.00625533
-0.00677695
-0.00467616
-0.0119185
-0.00263312
-0.0158074
-0.000339946
-0.0179881
0.0019379
-0.0181835
0.00395338
-0.0162772
0.0054708
-0.0124857
0.00630354
-0.00718874
0.00634993
-0.00100382
0.00560118
0.00532733
0.00415738
0.0109777
0.00220889
0.0152094
1.7497e-05
0.0174461
-0.0021308
0.0172864
-0.00394176
0.014776
-0.00516115
0.0101918
-0.00561362
0.00413131
-0.00523717
-0.00254176
-0.0040921
-0.00883533
-0.00235968
-0.0137907
-0.000318354
-0.0166338
0.00171836
-0.0169447
0.00344047
-0.0145761
0.00457821
-0.00995366
0.00495364
-0.00377927
0.00452162
0.00292742
0.00337373
0.00903702
0.00172805
0.0135201
-0.000110412
0.0156459
-0.00183871
0.0150331
-0.0031543
0.011906
-0.00384172
0.00684002
-0.00381052
0.000795302
-0.00310419
-0.0051068
-0.00188621
-0.00980111
-0.000407355
-0.0124732
0.00104799
-0.0127066
0.00220825
-0.0104719
0.00286644
-0.00630011
0.0029161
-0.00101913
0.00236367
0.00435129
0.00132306
0.00877428
0.0113522
0.00137177
0.0277632
0.00287444
0.0282273
0.00428408
0.0281312
0.00525405
0.0271584
0.00535504
0.0254498
0.00465896
0.0221819
0.00245063
0.0188789
0.0133126
-0.00144155
0.0101384
-0.00243381
0.014134
-0.00221537
0.0143181
-0.00198316
0.0154268
-0.00164446
0.0152658
-0.00148615
0.0151082
-0.00161212
0.0147229
-0.00201951
0.014263
-0.00262004
0.0138148
-0.00336208
0.0133234
-0.0041866
0.0128455
-0.00505311
0.0123396
-0.00594433
0.0118437
-0.00681769
0.0113042
-0.00767482
0.0107502
-0.00849574
0.0101653
-0.00927835
0.00954539
-0.0100064
0.00887222
-0.0106778
0.00815955
-0.0112831
0.00739594
-0.0118125
0.00658274
-0.0122616
0.00572016
-0.0126224
0.00480852
-0.0128881
0.0038516
-0.013053
0.00285243
-0.0131126
0.00181543
-0.0130619
0.00074611
-0.0128977
-0.000346962
-0.0126178
-0.00145661
-0.0122208
-0.00257285
-0.0117064
-0.00368731
-0.0110765
-0.00478503
-0.0103327
-0.00586009
-0.0094801
-0.00689274
-0.00852403
-0.00787424
-0.00747195
-0.00878816
-0.00633307
-0.00961976
-0.00511865
-0.0103577
-0.00384003
-0.0109858
-0.00251126
-0.0114941
-0.0011476
-0.0118658
0.000235477
-0.0120898
0.00161901
-0.0121543
0.00298632
-0.0120605
0.00431694
-0.0117878
0.00559087
-0.0113367
0.00679037
-0.0107129
0.00789486
-0.00990683
0.00888456
-0.00892151
0.00973923
-0.00777182
0.0104454
-0.00646287
0.0109849
-0.00500848
0.0113443
-0.00342696
0.0115127
-0.00174418
0.0114826
1.99724e-05
0.0112484
0.00183237
0.0108082
0.00366517
0.0101664
0.00547457
0.00932991
0.00723892
0.00830743
0.00890013
0.00711628
0.0104352
0.00577599
0.0117983
0.00431
0.0129529
0.00274584
0.0138615
0.00111474
0.0144882
-0.000542188
0.0148019
-0.00219514
0.0147921
-0.0038028
0.0144267
-0.0053249
0.0137061
-0.00671862
0.0126301
-0.0079482
0.011196
-0.00897762
0.0094417
-0.00977288
0.00738968
-0.0103068
0.00507683
-0.0105565
0.00256099
-0.0105087
-9.35992e-05
-0.0101527
-0.00282077
-0.00949592
-0.0055349
-0.00854843
-0.00815405
-0.00732994
-0.0105895
-0.00587153
-0.0127558
-0.00421596
-0.0145634
-0.00241187
-0.0159328
-0.000515441
-0.0168021
0.00140659
-0.0170973
0.00328724
-0.0167945
0.00506323
-0.0158649
0.00665645
-0.0143192
0.00801225
-0.0121815
0.00906104
-0.00950158
0.00975785
-0.00636471
0.0100644
-0.00287631
0.00995616
0.000835653
0.00942571
0.00462343
0.00848494
0.00832417
0.00716352
0.0117524
0.00551604
0.0147565
0.00360753
0.0171624
0.00152005
0.0188319
-0.000650029
0.0196455
-0.00279575
0.0195
-0.00481016
0.0183795
-0.0065848
0.0162908
-0.00801946
0.0132933
-0.00902946
0.00951246
-0.00954917
0.00512377
-0.0095334
0.000338008
-0.008983
-0.00456853
-0.00790285
-0.00932023
-0.00636071
-0.0136023
-0.00443861
-0.0171448
-0.0022496
-0.0196696
7.38097e-05
-0.0210084
0.00237703
-0.0209527
0.00450577
-0.019496
0.00630764
-0.0166673
0.00764761
-0.0125955
0.00841109
-0.00753044
0.00853471
-0.0018326
0.00799731
0.00409944
0.0068266
0.00978265
0.00510859
0.0147408
0.00299228
0.0185083
0.000646568
0.0207381
-0.00172391
0.0211865
-0.00390515
0.0196993
-0.00569773
0.0163971
-0.00692161
0.0115083
-0.00745332
0.00546226
-0.00723189
-0.00117766
-0.00627366
-0.00773518
-0.00467504
-0.0135172
-0.00260795
-0.0178745
-0.0003054
-0.0202906
0.00198032
-0.0204692
0.00400098
-0.0182978
0.00551765
-0.0140024
0.00634445
-0.00801553
0.00637887
-0.00103824
0.0056143
0.0060919
0.00415292
0.012439
0.00218591
0.0171764
-1.0957e-05
0.019643
-0.00216369
0.0194392
-0.00397602
0.0165884
-0.00519178
0.0114076
-0.00563543
0.00457495
-0.00524617
-0.00293102
-0.00408747
-0.00999403
-0.0023426
-0.0155355
-0.000293614
-0.0186828
0.00173435
-0.0189726
0.00344987
-0.0162916
0.00457761
-0.0110814
0.00494
-0.00414166
0.00449415
0.00337327
0.00333646
0.0101947
0.00168708
0.0151695
-0.00014409
0.017477
-0.00186015
0.0167491
-0.00315999
0.0132058
-0.00382882
0.00750885
-0.00378067
0.000747152
-0.00306389
-0.00582357
-0.00184285
-0.0110222
-0.000371052
-0.013945
0.00107031
-0.014148
0.00221486
-0.0116165
0.00285785
-0.00694311
0.0028985
-0.00105978
0.00234469
0.00490511
0.00131118
0.00980779
0.0126634
0.00152679
0.0262364
0.00313805
0.026616
0.00464625
0.026623
0.00582609
0.0259786
0.00633382
0.0249421
0.00584852
0.0226672
0.00368586
0.0210415
0.0169984
-0.00173007
0.0118685
-0.00236245
0.0147664
-0.00238559
0.0143412
-0.00234268
0.0153839
-0.00227422
0.0151974
-0.00240622
0.0152402
-0.00265041
0.0149671
-0.00306643
0.014679
-0.00359365
0.014342
-0.00421539
0.0139452
-0.00490447
0.0135345
-0.0056552
0.0130903
-0.00642126
0.0126097
-0.00720136
0.0120843
-0.00797891
0.0115278
-0.00873535
0.0109217
-0.00945714
0.0102672
-0.0101396
0.00955471
-0.0107698
0.00878968
-0.0113395
0.00796565
-0.0118387
0.00708196
-0.0122608
0.0061423
-0.0125981
0.00514576
-0.0128437
0.00409722
-0.0129918
0.00300053
-0.0130367
0.00186035
-0.0129761
0.000685488
-0.0128035
-0.000519528
-0.0125172
-0.00174295
-0.012116
-0.00297402
-0.0116001
-0.00420327
-0.0109702
-0.00541485
-0.0102281
-0.00660225
-0.00937865
-0.00774217
-0.00842749
-0.00882541
-0.00738166
-0.00983399
-0.00625093
-0.0107505
-0.00504505
-0.0115636
-0.00377655
-0.0122543
-0.00245872
-0.0128119
-0.00110754
-0.013217
0.000261496
-0.0134588
0.00163119
-0.013524
0.00298366
-0.013413
0.00429942
-0.0131035
0.00555933
-0.0125967
0.00674391
-0.0118975
0.00783521
-0.0109981
0.00881158
-0.00989787
0.00965617
-0.00861641
0.0103512
-0.00715789
0.0108801
-0.00553738
0.0112333
-0.00378018
0.0113957
-0.00190657
0.0113605
5.51818e-05
0.0111215
0.00207137
0.0106837
0.00410296
0.0100434
0.00611487
0.00920978
0.00807254
0.00819382
0.00991609
0.00701024
0.0116188
0.00567721
0.0131313
0.00422685
0.0144032
0.00267653
0.0154118
0.0010629
0.0161018
-0.000581529
0.0164463
-0.00221879
0.0164293
-0.0038098
0.0160177
-0.00531479
0.0152111
-0.00669294
0.0140082
-0.00790595
0.012409
-0.00892314
0.0104589
-0.00970573
0.00817227
-0.0102318
0.00560291
-0.0104755
0.00280463
-0.0104236
-0.000145435
-0.010068
-0.00317642
-0.0094122
-0.00619066
-0.0084688
-0.00909745
-0.00725756
-0.0118007
-0.00581019
-0.0142032
-0.00416777
-0.0162058
-0.00237928
-0.0177213
-0.00049918
-0.0186822
0.00140245
-0.0189989
0.00326508
-0.0186572
0.00502129
-0.0176211
0.00659701
-0.0158949
0.00793704
-0.0135215
0.00897298
-0.0105375
0.00966016
-0.00705189
0.00996
-0.00317615
0.00984919
0.000946465
0.00931794
0.00515468
0.00838538
0.00925674
0.00707335
0.0130645
0.00543841
0.0163915
0.0035493
0.0190516
0.0014839
0.0208972
-0.000661208
0.0217907
-0.00278175
0.0216206
-0.00477183
0.0203696
-0.00652436
0.0180434
-0.00793913
0.014708
-0.00893304
0.0105064
-0.0094411
0.00563183
-0.00942022
0.000317133
-0.00886899
-0.00511976
-0.00779671
-0.0103925
-0.00626495
-0.0151341
-0.00435954
-0.0190502
-0.00218529
-0.0218438
0.000104983
-0.0232986
0.00238112
-0.0232288
0.00448491
-0.0215998
0.0062632
-0.0184456
0.00758295
-0.0139153
0.0083331
-0.00828059
0.00844648
-0.00194598
0.00790367
0.00464225
0.00673485
0.0109515
0.00502817
0.0164475
0.00291966
0.0206169
0.00059247
0.0230653
-0.00174495
0.0235239
-0.00390166
0.021856
-0.00567216
0.0181676
-0.00687739
0.0127135
-0.00739537
0.00598024
-0.00716402
-0.00140902
-0.00620206
-0.00869713
-0.0046099
-0.0151093
-0.00255385
-0.0199305
-0.000269339
-0.0225751
0.00199001
-0.0227285
0.00398744
-0.0202953
0.00548315
-0.0154981
0.00629331
-0.0088257
0.00631632
-0.00106125
0.00554838
0.00685984
0.00409142
0.013896
0.00213747
0.0191304
-3.64117e-05
0.0218169
-0.00216267
0.0215654
-0.00395153
0.0183772
-0.0051474
0.0126034
-0.00557691
0.00500447
-0.00518159
-0.00332634
-0.00402665
-0.011149
-0.00229485
-0.0172673
-0.00026577
-0.0207118
0.00172462
-0.020963
0.00341153
-0.0179785
0.00451521
-0.0121851
0.00486084
-0.00448729
0.00440937
0.00382475
0.0032576
0.0113465
0.00162704
0.0168001
-0.000171384
0.0192755
-0.00185329
0.018431
-0.00312188
0.0144744
-0.00376517
0.00815214
-0.00370319
0.000685172
-0.00298653
-0.00654023
-0.00178022
-0.0122285
-0.000332986
-0.0153922
0.00107398
-0.0155549
0.00218942
-0.0127319
0.00281009
-0.00756377
0.00284217
-0.00109187
0.0022955
0.00545178
0.00128259
0.0108207
0.013946
0.0010628
0.0251736
0.00219733
0.0254815
0.00326582
0.0255545
0.00408858
0.0251558
0.00440282
0.0246279
0.00394611
0.0231239
0.00259647
0.0223912
0.0195949
-0.00124447
0.013113
-0.00168641
0.0152084
-0.00202491
0.0146797
-0.0021644
0.0155234
-0.00233419
0.0153672
-0.0026116
0.0155176
-0.00295664
0.0153122
-0.0034201
0.0151424
-0.0039465
0.0148684
-0.00454752
0.0145462
-0.00520668
0.0141937
-0.0058903
0.013774
-0.00660223
0.0133217
-0.00732926
0.0128113
-0.00804816
0.0122467
-0.00874966
0.0116232
-0.00942439
0.0109419
-0.0100642
0.0101945
-0.0106577
0.00938321
-0.011193
0.00850088
-0.0116641
0.00755305
-0.0120615
0.00653971
-0.0123783
0.00546262
-0.0126061
0.00432498
-0.012741
0.00313548
-0.0127771
0.00189645
-0.0127088
0.000617148
-0.0125338
-0.000694492
-0.012248
-0.00202875
-0.0118505
-0.00337154
-0.0113406
-0.00471316
-0.0107194
-0.00603601
-0.00999128
-0.00733041
-0.00915732
-0.00857613
-0.00822373
-0.009759
-0.00719924
-0.0108585
-0.00609067
-0.0118591
-0.00490949
-0.0127447
-0.00366771
-0.0134961
-0.00237863
-0.014101
-0.0010567
-0.0145389
0.000281785
-0.0147973
0.00162048
-0.0148627
0.00294174
-0.0147342
0.00422653
-0.0143883
0.00545632
-0.0138264
0.00661325
-0.0130544
0.00767691
-0.0120618
0.00862929
-0.0108502
0.00945189
-0.00943901
0.010128
-0.00783403
0.0106438
-0.00605311
0.010984
-0.00412045
0.0111393
-0.00206182
0.0111005
9.39548e-05
0.0108642
0.00230771
0.0104295
0.0045376
0.00979929
0.0067451
0.00898042
0.0088914
0.00798329
0.0109132
0.00682416
0.0127779
0.00552184
0.0144336
0.00409827
0.0158268
0.00258067
0.0169294
0.0010017
0.0176808
-0.000606778
0.0180548
-0.00220752
0.0180301
-0.00376205
0.0175723
-0.0052326
0.0166817
-0.00657795
0.0153536
-0.00776161
0.0135927
-0.00875357
0.0114509
-0.0095141
0.0089328
-0.0100253
0.00611407
-0.0102614
0.00304073
-0.0102063
-0.000200525
-0.00985452
-0.00352817
-0.00920955
-0.00683563
-0.00828283
-0.0100242
-0.00709517
-0.0129884
-0.00567688
-0.0156215
-0.00406847
-0.0178142
-0.00231828
-0.0194715
-0.00048066
-0.0205198
0.00137833
-0.0208579
0.00320051
-0.0204793
0.00491601
-0.0193366
0.00645714
-0.017436
0.00776265
-0.0148271
0.0087739
-0.0115488
0.00944274
-0.00772074
0.0097329
-0.00346631
0.0096214
0.00105797
0.00909889
0.00567719
0.00818444
0.0101712
0.00690211
0.0143468
0.00529893
0.0179947
0.00344668
0.0209038
0.00142919
0.0229147
-0.000662476
0.0238823
-0.00273189
0.02369
-0.00467366
0.0223113
-0.006383
0.0197527
-0.0077616
0.0160866
-0.00872783
0.0114726
-0.00921773
0.00612173
-0.00919475
0.000294155
-0.00864937
-0.00566515
-0.00759877
-0.0114431
-0.00609849
-0.0166344
-0.00423141
-0.0209173
-0.00210644
-0.0239688
0.000129149
-0.0255342
0.00235034
-0.02545
0.00440403
-0.0236535
0.00613838
-0.0201799
0.00742202
-0.0151989
0.00815068
-0.00900925
0.00825461
-0.00204991
0.00771676
0.00518009
0.00656652
0.0121017
0.00489205
0.018122
0.00282322
0.0226857
0.000545297
0.0253432
-0.00173716
0.0258064
-0.00384445
0.0239633
-0.00557145
0.0198946
-0.00674474
0.0138868
-0.0072435
0.006479
-0.00700633
-0.00164619
-0.00605696
-0.0096465
-0.0044907
-0.0166756
-0.00247171
-0.0219495
-0.00023954
-0.0248073
0.00197002
-0.0249381
0.00392065
-0.0222459
0.00537808
-0.0169555
0.00616274
-0.00961036
0.00617608
-0.0010746
0.00541526
0.00762067
0.00398266
0.0153286
0.00206545
0.0210476
-5.8183e-05
0.0239405
-0.00213174
0.023639
-0.00387625
0.0201217
-0.00503853
0.0137657
-0.00544988
0.00541582
-0.00505469
-0.00372152
-0.00391903
-0.0122846
-0.00222034
-0.018966
-0.000240512
-0.0226917
0.00169222
-0.0228958
0.00333218
-0.0196185
0.00440029
-0.0132532
0.00472712
-0.00481412
0.00427625
0.00427562
0.00314655
0.0124762
0.00155293
0.0183937
-0.000192155
0.0210205
-0.00182165
0.0200605
-0.00304641
0.0156991
-0.00365924
0.00876497
-0.00358593
0.000611868
-0.00288008
-0.00724608
-0.00170264
-0.0134059
-0.000297311
-0.0167975
0.00106132
-0.0169136
0.00213689
-0.0138075
0.00273011
-0.00815699
0.00275427
-0.00111603
0.00222131
0.00598475
0.00123988
0.0118021
0.0151859
0.000770061
0.0244036
0.00158778
0.0246638
0.00235082
0.0247914
0.00290983
0.0245968
0.00314218
0.0243955
0.00277336
0.0234928
0.00189084
0.0232737
0.0214857
-0.00102005
0.014133
-0.00140126
0.0155896
-0.0018683
0.0151467
-0.00213016
0.0157853
-0.00242574
0.0156627
-0.00274187
0.0158337
-0.00311476
0.0156851
-0.00356995
0.0155976
-0.00407049
0.0153689
-0.00464374
0.0151194
-0.00524999
0.0147999
-0.00589772
0.0144217
-0.00656286
0.0139868
-0.00723865
0.0134871
-0.00791488
0.0129229
-0.00857679
0.0122851
-0.00921314
0.0115783
-0.00981526
0.0107967
-0.0103749
0.00994285
-0.0108814
0.00900736
-0.0113256
0.00799729
-0.0117007
0.00691478
-0.0119959
0.00575787
-0.0122105
0.00453958
-0.0123351
0.00326004
-0.0123644
0.00192572
-0.0122949
0.000547625
-0.0121203
-0.00086904
-0.0118404
-0.00230862
-0.0114527
-0.00375923
-0.0109569
-0.00520896
-0.0103549
-0.00663809
-0.00964718
-0.00803809
-0.00883901
-0.0093843
-0.00793477
-0.0106632
-0.0069408
-0.0118524
-0.00586687
-0.012933
-0.0047234
-0.0138882
-0.00352172
-0.0146978
-0.00227504
-0.0153477
-0.000996694
-0.0158172
0.000296651
-0.0160906
0.00159012
-0.0161562
0.00286637
-0.0160105
0.00410689
-0.0156288
0.00529391
-0.0150135
0.00641045
-0.0141709
0.00743613
-0.0130875
0.00835451
-0.0117686
0.00914734
-0.0102318
0.0097981
-0.00848479
0.0102949
-0.0065499
0.010621
-0.00444653
0.0107678
-0.00220863
0.0107264
0.000135349
0.010494
0.00254009
0.0100696
0.00496197
0.00945467
0.00736008
0.00866206
0.00968402
0.00769296
0.0118823
0.00657191
0.013899
0.0053115
0.015694
0.00393268
0.0172056
0.0024646
0.0183975
0.000937112
0.0192082
-0.000618068
0.01961
-0.00216537
0.0195774
-0.0036684
0.0190753
-0.00508807
0.0181013
-0.00638745
0.0166529
-0.00753124
0.0147365
-0.00848562
0.0124052
-0.00922043
0.00966761
-0.00970908
0.00660271
-0.0099362
0.00326786
-0.00987863
-0.000258097
-0.00953504
-0.00387176
-0.00890814
-0.00746254
-0.00800892
-0.0109234
-0.00685796
-0.0141394
-0.00548414
-0.0169953
-0.00392685
-0.0193715
-0.00223307
-0.0211653
-0.000457582
-0.0222953
0.00133986
-0.0226554
0.0031011
-0.0222406
0.00475818
-0.0209936
0.0062476
-0.0189254
0.0075056
-0.0160851
0.00848298
-0.0125261
0.00912672
-0.00836447
0.0094049
-0.00374449
0.00929389
0.00116899
0.00878834
0.00618273
0.00789991
0.0110596
0.00665906
0.0155876
0.00510691
0.0195468
0.00331541
0.0226953
0.00136262
0.0248675
-0.000654334
0.0258993
-0.00265148
0.0256871
-0.00452583
0.0241857
-0.00617463
0.0214015
-0.00750353
0.0174155
-0.00843236
0.0124014
-0.0089026
0.00659197
-0.00887708
0.000268632
-0.00834262
-0.00619961
-0.00732511
-0.0124606
-0.00587167
-0.0180878
-0.00406375
-0.0227252
-0.0020102
-0.0260224
0.000146616
-0.027691
0.00228991
-0.0275933
0.00427307
-0.0256366
0.00594694
-0.0218538
0.00718273
-0.0164347
0.00788206
-0.00970858
0.00797828
-0.00214613
0.007451
0.00570737
0.00633278
0.0132199
0.00470898
0.0197458
0.00270246
0.0246922
0.0004967
0.027549
-0.00170451
0.0280076
-0.00374165
0.0260005
-0.00540845
0.0215614
-0.00653842
0.0150168
-0.00701339
0.00695398
-0.00677625
-0.00188333
-0.00584969
-0.0105731
-0.00432818
-0.0181971
-0.00236737
-0.0239103
-0.000201184
-0.0269735
0.00192485
-0.0270641
0.00380882
-0.0241298
0.00521389
-0.0183606
0.00596614
-0.0103626
0.00597118
-0.00107964
0.00522717
0.00836468
0.00383391
0.0167219
0.0019753
0.0229062
-7.58955e-05
0.0259917
-0.00207519
0.0256383
-0.00375839
0.0218049
-0.00487593
0.0148833
-0.00526634
0.00580623
-0.0048769
-0.00411096
-0.0037727
-0.0133888
-0.00212776
-0.020611
-0.000214401
-0.024605
0.00164067
-0.0247508
0.00321904
-0.0211968
0.00424244
-0.0142766
0.00454873
-0.00512041
0.00410518
0.00471916
0.0030093
0.0135721
0.0014698
0.0199332
-0.000206623
0.022697
-0.00176916
0.0216231
-0.00294036
0.0168703
-0.00351899
0.0093436
-0.0034376
0.000530477
-0.00275004
-0.00793365
-0.00161436
-0.0145416
-0.000262279
-0.0181496
0.00103472
-0.0182106
0.00206233
-0.0148351
0.00262411
-0.00871877
0.00264149
-0.00113341
0.00212716
0.00649907
0.00118667
0.0127426
0.0163725
0.000534041
0.0238695
0.00110035
0.0240975
0.00162218
0.0242696
0.00198003
0.024239
0.00213441
0.0242411
0.0018548
0.0237724
0.00130329
0.0238252
0.022789
-0.000774342
0.0149074
-0.00109309
0.0159083
-0.00157344
0.0156271
-0.00189683
0.0161086
-0.00227588
0.0160418
-0.00264381
0.0162016
-0.0030525
0.0160938
-0.00350365
0.0160488
-0.0040007
0.015866
-0.00454635
0.0156651
-0.00512392
0.0153775
-0.00573639
0.0150342
-0.00636667
0.0146171
-0.00700604
0.0141265
-0.00763996
0.0135568
-0.00826644
0.0129116
-0.00886459
0.0121764
-0.00943034
0.0113624
-0.00995914
0.0104716
-0.0104378
0.00948606
-0.0108576
0.00841708
-0.0112126
0.00726973
-0.0114913
0.00603655
-0.0116897
0.00473804
-0.011806
0.00337636
-0.0118297
0.00194937
-0.0117627
0.000480616
-0.011592
-0.00103976
-0.0113214
-0.00257917
-0.0109484
-0.00413227
-0.010472
-0.00568535
-0.00989413
-0.00721596
-0.00921569
-0.00871653
-0.0084402
-0.0101598
-0.00757293
-0.0115305
-0.00662065
-0.0128047
-0.00559072
-0.0139629
-0.0044952
-0.0149837
-0.00334404
-0.015849
-0.00215139
-0.0165403
-0.000927797
-0.0170408
0.00030903
-0.0173275
0.00154698
-0.0173941
0.00276647
-0.01723
0.00395305
-0.0168154
0.00508699
-0.0161474
0.00615424
-0.0152382
0.00713537
-0.0140686
0.00801112
-0.0126444
0.008768
-0.0109887
0.00938948
-0.00910626
0.00986116
-0.00702159
0.0101715
-0.00475689
0.010309
-0.00234614
0.0102658
0.000178603
0.0100403
0.0027656
0.00963054
0.00537169
0.00904101
0.00794961
0.00827775
0.0104473
0.00735039
0.0128097
0.00627237
0.014977
0.00506457
0.0169018
0.0037401
0.0185301
0.00233621
0.0198014
0.000874181
0.0206703
-0.000614751
0.0210989
-0.0020958
0.0210584
-0.00353424
0.0205137
-0.00489261
0.0194597
-0.00613487
0.0178952
-0.00722794
0.0158296
-0.00813855
0.0133158
-0.00884075
0.0103698
-0.00930386
0.00706582
-0.00952182
0.00348582
-0.00946251
-0.000317413
-0.00913064
-0.00420363
-0.00852773
-0.00806545
-0.00766448
-0.0117866
-0.00656061
-0.0152432
-0.00524346
-0.0183124
-0.00375101
-0.0208639
-0.00212688
-0.0227894
-0.000429391
-0.0239928
0.00129066
-0.0243754
0.00297551
-0.0239254
0.00456002
-0.0225782
0.00598536
-0.0203508
0.0071874
-0.0172871
0.00812088
-0.0134596
0.00873479
-0.00897838
0.00899902
-0.00400872
0.00888864
0.00127937
0.00840534
0.00666602
0.0075512
0.0119138
0.00636274
0.0167761
0.00487678
0.0210328
0.00315944
0.0244126
0.00129051
0.0267365
-0.000636724
0.0278265
-0.00254591
0.0275963
-0.004338
0.0259778
-0.0059129
0.0229764
-0.00718111
0.0186838
-0.00806623
0.0132865
-0.00851369
0.00703943
-0.00848542
0.000240355
-0.0079683
-0.00671672
-0.00699285
-0.0134361
-0.00559937
-0.0194813
-0.00386478
-0.0244598
-0.00190323
-0.0279839
0.000158575
-0.0297528
0.00220668
-0.0296414
0.00410275
-0.0275327
0.00570273
-0.0234538
0.00688139
-0.0176133
0.00754601
-0.0103732
0.00763491
-0.00223504
0.00712459
0.0062177
0.00604958
0.0142949
0.00448907
0.0213063
0.00256537
0.0266159
0.000453583
0.0296608
-0.00165153
0.0301127
-0.00360213
0.0279511
-0.00519545
0.0231547
-0.00627313
0.0160944
-0.00672201
0.00740287
-0.00648832
-0.00211703
-0.00559405
-0.0114673
-0.00413038
-0.0196608
-0.00224918
-0.0257915
-0.000161071
-0.0290616
0.00185881
-0.029084
0.00366112
-0.0259322
0.00500299
-0.0197025
0.00571761
-0.0110772
0.00571573
-0.00107776
0.00499652
0.00908389
0.00365552
0.0180629
0.00187209
0.0246896
-8.95989e-05
0.0279534
-0.00199813
0.0275468
-0.00360673
0.0234135
-0.00467134
0.0159479
-0.00503845
0.00617334
-0.00465934
-0.00449007
-0.00359761
-0.0144506
-0.00202114
-0.0221875
-0.000188648
-0.0264375
0.00157386
-0.0265133
0.00307943
-0.0227024
0.00405134
-0.0152485
0.00433613
-0.0054052
0.00390512
0.00515018
0.00285242
0.0146247
0.00137996
0.0214056
-0.000215372
0.0242923
-0.0017
0.0231077
-0.00281052
0.0179809
-0.00335256
0.00988564
-0.0032658
0.000443714
-0.00260397
-0.00859547
-0.00151906
-0.0156265
-0.000231416
-0.0194373
0.000997088
-0.0194391
0.00197066
-0.0158087
0.00249827
-0.00924638
0.00251001
-0.00114514
0.00201897
0.00699011
0.00112557
0.013636
0.0174981
0.00037638
0.0234932
0.000767531
0.0237063
0.00112417
0.023913
0.0013552
0.0240079
0.00146814
0.0241282
0.00126252
0.023978
0.000919158
0.0241686
0.0237082
-0.00063803
0.0155454
-0.000930373
0.0162007
-0.00138682
0.0160835
-0.00171264
0.0164345
-0.00210302
0.0164322
-0.0024708
0.0165694
-0.00288841
0.0165114
-0.00332998
0.0164904
-0.003813
0.016349
-0.00432898
0.0161811
-0.00488066
0.0159292
-0.00545605
0.0156096
-0.00604974
0.0152108
-0.00665735
0.0147341
-0.00725673
0.0141562
-0.00784063
0.0134955
-0.00840531
0.0127411
-0.00894176
0.0118989
-0.00943907
0.010969
-0.00989126
0.00993825
-0.0102885
0.0088143
-0.0106179
0.00759917
-0.0108803
0.00629897
-0.0110649
0.00492259
-0.0111764
0.00348783
-0.0111951
0.00196809
-0.0111333
0.000418777
-0.0109677
-0.00120527
-0.0107098
-0.00283715
-0.0103557
-0.00448635
-0.00990327
-0.00613776
-0.00935386
-0.00776537
-0.00870921
-0.00936118
-0.00797299
-0.010896
-0.00714941
-0.0123541
-0.00624578
-0.0137083
-0.00526682
-0.0149419
-0.00422714
-0.0160234
-0.00313566
-0.0169404
-0.00200226
-0.0176737
-0.000842928
-0.0182002
0.000329697
-0.0185001
0.00150392
-0.0185683
0.00265812
-0.0183842
0.00378171
-0.017939
0.0048573
-0.017223
0.00586815
-0.016249
0.00679628
-0.0149967
0.00762548
-0.0134736
0.00834165
-0.0117049
0.00892847
-0.00969308
0.00937358
-0.0074667
0.00966842
-0.00505173
0.00979603
-0.00247375
0.00975061
0.000224027
0.00953321
0.002983
0.00914203
0.00576287
0.00858041
0.00851124
0.00785401
0.0111737
0.00697203
0.0136917
0.00594728
0.0160018
0.00479886
0.0180502
0.00354243
0.0197865
0.00220915
0.0211347
0.000821302
0.0220581
-0.000591794
0.022512
-0.00199698
0.0224636
-0.00336062
0.0218774
-0.00464847
0.0207476
-0.00582561
0.0190724
-0.00686297
0.0168669
-0.00772504
0.0141779
-0.00838892
0.0110337
-0.00882639
0.00750329
-0.00903031
0.00368973
-0.00897278
-0.000374936
-0.00865599
-0.00452042
-0.00808218
-0.00863925
-0.0072613
-0.0126075
-0.00621236
-0.0162922
-0.00496113
-0.0195637
-0.00354391
-0.0222812
-0.00199946
-0.0243339
-0.000393034
-0.0255992
0.00123803
-0.0260065
0.00283566
-0.0255231
0.00433739
-0.0240799
0.00568948
-0.0217029
0.00682787
-0.0184255
0.00771113
-0.0143429
0.00829147
-0.00955872
0.00854089
-0.00425814
0.00843406
0.00138621
0.00797318
0.0071269
0.00716014
0.0127268
0.00603193
0.0179043
0.00462246
0.0224422
0.00298988
0.0260452
0.00121627
0.0285101
-0.000607843
0.0296506
-0.00241875
0.0294072
-0.00411649
0.0276755
-0.00560856
0.0244685
-0.00680912
0.0198843
-0.00764549
0.0141229
-0.00806752
0.00746145
-0.00803721
0.000210052
-0.00754363
-0.00721031
-0.00661486
-0.0143648
-0.00529167
-0.0208045
-0.00364298
-0.0261085
-0.00178708
-0.0298398
0.000167509
-0.0317074
0.00210758
-0.0315815
0.00390475
-0.0293299
0.00542082
-0.0249699
0.00653565
-0.0187282
0.00716153
-0.0109991
0.00724379
-0.00231729
0.00675563
0.00670586
0.00573163
0.0153189
0.00424454
0.0227934
0.0024192
0.0284412
0.000411839
0.0316681
-0.00158174
0.0321063
-0.00343323
0.0298026
-0.00494369
0.0246652
-0.00596295
0.0171137
-0.00638419
0.00782411
-0.00615662
-0.0023446
-0.00530278
-0.0123212
-0.00390598
-0.0210576
-0.00211841
-0.0275791
-0.000133092
-0.0310469
0.00177667
-0.0309938
0.00348685
-0.0276423
0.00475724
-0.0209729
0.00543094
-0.0117509
0.00542352
-0.00107034
0.00473469
0.00977272
0.00345787
0.0193397
0.00176199
0.0263855
-9.93303e-05
0.0298147
-0.0019051
0.0293526
-0.00342977
0.0249382
-0.00443523
0.0169533
-0.00477839
0.0065165
-0.00441291
-0.00485555
-0.00340216
-0.0154613
-0.00190455
-0.0236851
-0.000164078
-0.028178
0.00149548
-0.0281729
0.00292047
-0.0241274
0.00383624
-0.0161643
0.00409956
-0.00566852
0.00368452
0.00556522
0.00268373
0.0156255
0.00128581
0.0228036
-0.000219067
0.0257972
-0.00161815
0.0245068
-0.00266329
0.019026
-0.00316793
0.0103903
-0.00307758
0.000353362
-0.00244688
-0.00922617
-0.00141901
-0.0166544
-0.000202009
-0.0206543
0.000950967
-0.020592
0.00186679
-0.0167245
0.00235905
-0.00973865
0.00236555
-0.00115164
0.00190095
0.00745471
0.00105904
0.0144779
0.0185572
0.000283561
0.0232096
0.000551137
0.0234388
0.000791843
0.0236723
0.000940929
0.0238588
0.00102198
0.0240472
0.00085961
0.0241404
0.000645521
0.0243827
0.0243537
-0.000548885
0.0160943
-0.000816208
0.016468
-0.00123883
0.0165062
-0.00155253
0.0167482
-0.00192161
0.0168013
-0.00227943
0.0169272
-0.00267815
0.0169101
-0.00309413
0.0169063
-0.00354531
0.0168002
-0.0040291
0.0166648
-0.00454687
0.016447
-0.00509591
0.0161586
-0.00565966
0.0157745
-0.00622252
0.015297
-0.0067889
0.0147226
-0.00733662
0.0140432
-0.00786716
0.0132717
-0.00837007
0.0124018
-0.00883347
0.0114323
-0.00925453
0.0103593
-0.00962542
0.00918519
-0.00993824
0.00791199
-0.0101839
0.00654465
-0.0103608
0.00509948
-0.0104556
0.0035826
-0.0104783
0.00199077
-0.0104073
0.000347843
-0.0102621
-0.00135049
-0.0100192
-0.00308002
-0.0096842
-0.00482138
-0.00925808
-0.00656388
-0.00874149
-0.00828196
-0.0081353
-0.00996737
-0.00744275
-0.0115886
-0.00666664
-0.0131302
-0.00581267
-0.0145623
-0.00489438
-0.0158602
-0.00391384
-0.0170039
-0.00288574
-0.0179685
-0.00181983
-0.0187396
-0.000728161
-0.0192918
0.000375717
-0.019604
0.001475
-0.0196676
0.00256362
-0.0194728
0.00362063
-0.018996
0.00463098
-0.0182333
0.00557725
-0.0171953
0.00644965
-0.0158691
0.00723109
-0.014255
0.0079035
-0.0123773
0.00845318
-0.0102427
0.00887115
-0.00788468
0.00914262
-0.00532319
0.00926021
-0.00259135
0.00921677
0.000267467
0.00901115
0.00318862
0.00864019
0.00613384
0.00810733
0.00904409
0.00742279
0.0118582
0.00658902
0.0145254
0.0056249
0.0169659
0.00454093
0.0191342
0.00336201
0.0209654
0.00210523
0.0223915
0.000797546
0.0233658
-0.000534851
0.0238444
-0.00185879
0.0237876
-0.00314043
0.023159
-0.00435114
0.0219583
-0.005461
0.0201822
-0.00643585
0.0178418
-0.00724389
0.0149859
-0.00786855
0.0116584
-0.00828264
0.00791738
-0.00846522
0.00387232
-0.00841344
-0.000426718
-0.00811585
-0.00481801
-0.00757489
-0.00918021
-0.006801
-0.0133814
-0.00581316
-0.01728
-0.00463432
-0.0207425
-0.00329586
-0.0236196
-0.00184863
-0.0257811
-0.000335821
-0.027112
0.0011968
-0.0275391
0.00270305
-0.0270293
0.00411293
-0.0254898
0.00538387
-0.0229738
0.00645407
-0.0194957
0.00728416
-0.015173
0.0078283
-0.0101029
0.00805817
-0.00448801
0.00795738
0.001487
0.00752154
0.00756274
0.00675528
0.013493
0.00569117
0.0189684
0.00436127
0.0237721
0.00282548
0.027581
0.00115358
0.030182
-0.000558403
0.0313626
-0.00226307
0.0311119
-0.00385928
0.0292717
-0.00526277
0.025872
-0.00639081
0.0210124
-0.00717695
0.0149091
-0.007569
0.0078535
-0.00753749
0.000178543
-0.00707255
-0.00767524
-0.00619512
-0.0152423
-0.0049488
-0.0220508
-0.0033996
-0.0276577
-0.00165315
-0.0315863
0.000182777
-0.0335434
0.00200559
-0.0334043
0.00369745
-0.0310217
0.00512009
-0.0263925
0.00616694
-0.019775
0.00675497
-0.0115871
0.0068239
-0.00238622
0.00636391
0.00716585
0.00539661
0.0162862
0.00399146
0.0241985
0.00227141
0.0301613
0.000377377
0.0335622
-0.00149408
0.0339778
-0.00323715
0.0315456
-0.00465901
0.026087
-0.00561656
0.0180713
-0.00600677
0.00821433
-0.0057896
-0.00256177
-0.00498208
-0.0131287
-0.00366247
-0.0223772
-0.00197404
-0.0292675
-0.000103238
-0.0329177
0.00168524
-0.0327823
0.00329645
-0.0292536
0.0044907
-0.0221671
0.00512032
-0.0123805
0.00510774
-0.00105775
0.00445496
0.0104255
0.00324907
0.0205456
0.00164787
0.0279867
-0.0001032
0.0315658
-0.00179825
0.0310476
-0.00323348
0.0263734
-0.00417619
0.017896
-0.00449425
0.00683456
-0.00414628
-0.00520352
-0.00319197
-0.0164156
-0.00178088
-0.0250962
-0.000141936
-0.0298169
0.00141061
-0.0297254
0.00274909
-0.0254659
0.00360512
-0.0170203
0.00384689
-0.00591029
0.00345216
0.00595995
0.00250839
0.0165693
0.00119316
0.0241188
-0.000217871
0.0272082
-0.00152725
0.0258162
-0.00250458
0.0200033
-0.00297148
0.0108572
-0.00287966
0.000261541
-0.00228316
-0.00982267
-0.00131791
-0.0176196
-0.000175625
-0.0217966
0.000899043
-0.0216667
0.0017544
-0.0175798
0.0022109
-0.0101951
0.00221361
-0.00115436
0.00177766
0.00789066
0.000989951
0.0152656
0.0195471
0.000230396
0.00042512
0.00059571
0.000700075
0.000733903
0.000608681
0.000451251
-0.000428301
-0.000652141
-0.00101669
-0.00129747
-0.00163638
-0.0019869
-0.0023634
-0.00275827
-0.00318509
-0.00363707
-0.00412658
-0.00463717
-0.00516937
-0.0057018
-0.00622581
-0.00673895
-0.00723358
-0.00770321
-0.00813838
-0.00853411
-0.00887892
-0.00916752
-0.00939707
-0.00955933
-0.00965025
-0.0096696
-0.00960937
-0.00946814
-0.00924302
-0.00893115
-0.00853398
-0.00805266
-0.00748796
-0.00684243
-0.00611976
-0.00532476
-0.00446715
-0.00355325
-0.00259404
-0.00159931
-0.000581702
0.000447765
0.00147599
0.00249185
0.00347916
0.00442454
0.0053095
0.00612599
0.0068574
0.00748788
0.00800456
0.00839256
0.00864621
0.00875506
0.00871424
0.00851992
0.00817002
0.00767375
0.00702881
0.00625342
0.00534842
0.00433598
0.00323397
0.00205602
0.000828007
-0.000409627
-0.0016467
-0.00284537
-0.00397886
-0.00501666
-0.00592624
-0.00668357
-0.00726389
-0.00765258
-0.00782418
-0.00777163
-0.00749524
-0.00699158
-0.00626982
-0.00534555
-0.00424603
-0.00300801
-0.00165862
-0.000240136
0.00118793
0.00259296
0.00391238
0.00509867
0.00610389
0.00687944
0.00738774
0.00760193
0.00750935
0.00709456
0.00638053
0.00538009
0.00414494
0.0027112
0.0011499
-0.000454617
-0.0020489
-0.00354071
-0.00485202
-0.0059052
-0.00663844
-0.0070031
-0.00697083
-0.00654208
-0.00572336
-0.00456157
-0.00312175
-0.00148085
0.000219744
0.00192039
0.00350284
0.00483218
0.00581146
0.00636222
0.00642405
0.00599016
0.00508216
0.00377085
0.00215295
0.000376596
-0.00136297
-0.00299471
-0.00432487
-0.00521799
-0.00558151
-0.00537591
-0.00461743
-0.00338637
-0.00180737
-6.27361e-05
0.00160273
0.00311064
0.00422594
0.00481321
0.00479934
0.00418621
0.00305624
0.00155665
-8.38952e-05
-0.00166408
-0.00300767
-0.00388829
-0.00418339
-0.0038551
-0.00296146
-0.00164447
-0.000110162
0.00132773
0.00257656
0.00337235
0.00359433
0.00322314
0.00234152
0.00111314
-0.000203077
-0.0014233
-0.00233583
-0.0027677
-0.00267538
-0.00211326
-0.00121182
-0.000148983
0.000843811
0.00163661
0.00205868
0.0020622
0.00165871
0.000925286
)
;

boundaryField
{
    freeSurface
    {
        type            calculated;
        value           nonuniform List<scalar> 
181
(
0.0229792
0.023244
0.0235017
0.0237545
0.0240133
0.0242656
0.0245401
0.024805
0.0165226
0.0166918
0.0168707
0.0170289
0.0171402
0.0172777
0.0172866
0.0173012
0.017227
0.0171168
0.0169365
0.0166692
0.0163067
0.0158294
0.0152466
0.0145564
0.0137663
0.0128714
0.0118675
0.010755
0.00953
0.00820059
0.0067742
0.00526174
0.00367352
0.00201012
0.000287613
-0.00149173
-0.00330514
-0.00513325
-0.00696104
-0.00876328
-0.0105321
-0.0122341
-0.0138529
-0.0153573
-0.0167178
-0.0179178
-0.0189277
-0.0197344
-0.0203094
-0.0206334
-0.0206959
-0.0204887
-0.0199833
-0.0191787
-0.0180803
-0.0166856
-0.0149864
-0.0130078
-0.0107594
-0.00827268
-0.00557684
-0.0027002
0.00030829
0.00338294
0.00648373
0.00954036
0.0125032
0.0153008
0.0178709
0.0201466
0.0220675
0.0235694
0.0245938
0.025082
0.0250246
0.0243577
0.0230918
0.02122
0.0187514
0.0157433
0.0122387
0.00830606
0.00404392
-0.000479266
-0.00509441
-0.00968387
-0.0141032
-0.0182043
-0.021842
-0.0248576
-0.0271305
-0.0285305
-0.0289672
-0.0284344
-0.0268092
-0.0241601
-0.0205009
-0.0159485
-0.0106112
-0.0047022
0.00157958
0.00797754
0.0142071
0.0199689
0.0250073
0.0290147
0.0317433
0.0329671
0.0327062
0.0307635
0.0271833
0.0220655
0.0156423
0.00821816
0.000146266
-0.00810399
-0.016061
-0.0232126
-0.0290975
-0.0332272
-0.0352439
-0.035105
-0.0326042
-0.0277218
-0.0207543
-0.0121379
-0.00244805
0.00759974
0.0171942
0.0255098
0.0317792
0.0353385
0.0357173
0.0331774
0.0274172
0.0189644
0.00857785
-0.00276738
-0.0138872
-0.0236082
-0.0308465
-0.0346623
-0.0344477
-0.0307615
-0.0232824
-0.0129678
-0.00104388
0.0110386
0.0216756
0.0294863
0.0332063
0.0326278
0.027717
0.0187766
0.00712966
-0.00553181
-0.0173093
-0.0264131
-0.0313512
-0.0311633
-0.0267147
-0.0178161
-0.00613228
0.00633114
0.0174509
0.0253472
0.0285244
0.0270364
0.0209159
0.0112891
0.000169227
-0.0103848
-0.018521
-0.0228594
-0.0226595
-0.0183726
-0.0106172
-0.00115788
0.00829416
0.0159991
0.0204724
)
;
    }
    walls
    {
        type            calculated;
        value           uniform 0;
    }
    floatingObject
    {
        type            calculated;
        value           nonuniform List<scalar> 
37
(
-0.0168662
-0.0170637
-0.0172612
-0.0174612
-0.0176659
-0.0178707
-0.018079
-0.0182898
-0.0185017
-0.0187173
-0.0189353
-0.0191557
-0.0193785
-0.0196038
-0.0198326
-0.0200626
-0.0202975
-0.0205323
-0.020772
0
0
0
0
0
-1.35525e-20
0
0
0
0
0
0
0
-3.38813e-21
0
0
2.11758e-22
0
)
;
    }
    frontAndBack
    {
        type            empty;
    }
}


// ************************************************************************* //
