/*--------------------------------*- C++ -*----------------------------------*\
  =========                 |
  \\      /  F ield         | OpenFOAM: The Open Source CFD Toolbox
   \\    /   O peration     | Website:  https://openfoam.org
    \\  /    A nd           | Version:  12
     \\/     M anipulation  |
\*---------------------------------------------------------------------------*/
FoamFile
{
    format      ascii;
    class       surfaceScalarField;
    location    "16.88";
    object      phi;
}
// * * * * * * * * * * * * * * * * * * * * * * * * * * * * * * * * * * * * * //

dimensions      [1 0 -1 0 0 0 0];

internalField   nonuniform List<scalar> 
7429
(
0.000260719
-0.000260719
0.000528739
-0.000268019
0.000800949
-0.00027221
0.00107768
-0.000276727
0.00135944
-0.000281767
0.00164671
-0.00028727
0.00193991
-0.000293194
0.00223939
-0.000299482
0.00254547
-0.000306081
0.00285838
-0.000312909
0.00317818
-0.000319801
0.00350485
-0.000326671
0.0038383
-0.000333447
0.00417815
-0.000339847
0.00452398
-0.000345828
0.00487512
-0.000351147
0.00523079
-0.000355667
0.00558991
-0.000359116
0.00595137
-0.000361467
0.00631376
-0.000362381
0.00667556
-0.000361801
0.00703523
-0.000359668
0.00739085
-0.000355619
0.00774039
-0.00034954
0.00808171
-0.000341328
0.00841245
-0.000330739
0.00873036
-0.00031791
0.00903289
-0.000302525
0.00931753
-0.00028464
0.00958174
-0.000264207
0.00982312
-0.000241386
0.0100394
-0.000216252
0.0102283
-0.000188909
0.0103879
-0.000159585
0.0105164
-0.000128519
0.0106124
-9.60053e-05
0.0106745
-6.21422e-05
0.0107025
-2.79988e-05
0.0106959
6.63022e-06
0.0106534
4.25465e-05
0.0105739
7.94729e-05
0.010457
0.000116895
0.0103027
0.000154296
0.0101114
0.000191305
0.00988382
0.000227565
0.00962103
0.000262791
0.00932426
0.000296774
0.00899504
0.000329216
0.00863513
0.000359914
0.00824651
0.000388622
0.00783143
0.000415081
0.00739233
0.000439093
0.00693208
0.000460251
0.00645343
0.000478648
0.00595993
0.000493507
0.00545462
0.000505308
0.00494169
0.000512928
0.00442451
0.000517182
0.00390768
0.000516829
0.00339462
0.000513062
0.0028903
0.000504322
0.00239878
0.000491516
0.00192464
0.000474137
0.00147233
0.000452313
0.00104607
0.000426255
0.000650071
0.000396002
0.000288444
0.000361627
-3.52607e-05
0.000323705
-0.000317497
0.000282236
-0.000555142
0.000237644
-0.000745769
0.000190628
-0.000887213
0.000141443
-0.000978469
9.12563e-05
-0.0010184
3.9928e-05
-0.00100321
-1.51831e-05
-0.000934284
-6.89303e-05
-0.000815398
-0.000118886
-0.000649156
-0.000166242
-0.000439334
-0.000209821
-0.000189611
-0.000249723
9.52585e-05
-0.00028487
0.000409622
-0.000314363
0.000746763
-0.000337142
0.00109947
-0.000352711
0.00145968
-0.00036021
0.00181946
-0.000359773
0.00216951
-0.000350054
0.00250123
-0.000331719
0.0028056
-0.000304372
0.00307389
-0.000268288
0.00329804
-0.000224146
0.00347053
-0.00017249
0.0035843
-0.000113779
0.00363511
-5.08049e-05
0.00361103
2.40773e-05
0.00351036
0.000100669
0.00333497
0.000175393
0.00308754
0.000247433
0.00277177
0.000315766
0.00239288
0.000378896
0.00195767
0.00043521
0.00147495
0.000482712
0.000955888
0.000519066
0.00041302
0.000542868
-0.000139244
0.000552265
-0.000685235
0.000545991
-0.00120876
0.000523521
-0.00169351
0.000484754
-0.00212326
0.00042975
-0.00248321
0.000359953
-0.00275962
0.000276403
-0.00294111
0.000181497
-0.00301955
7.84417e-05
-0.00298178
-3.77698e-05
-0.00282695
-0.000154837
-0.00256201
-0.000264939
-0.00219501
-0.000366998
-0.00173714
-0.00045787
-0.00120223
-0.000534916
-0.000609541
-0.000592685
1.96746e-05
-0.000629216
0.000659709
-0.000640034
0.00128386
-0.000624155
0.0018655
-0.000581636
0.00237804
-0.000512541
0.00279708
-0.000419037
0.0031019
-0.000304822
0.00327685
-0.000174954
0.00331352
-3.66713e-05
0.00319246
0.000121064
0.00292865
0.000263805
0.00253634
0.000392315
0.0020343
0.000502044
0.00144718
0.00058711
0.000807213
0.000639972
0.000149308
0.000657905
-0.000486825
0.000636133
-0.00106312
0.000576299
-0.00154423
0.00048111
-0.00189952
0.000355283
-0.00210695
0.000207432
-0.0021549
4.79527e-05
-0.00202601
-0.000128893
-0.00174286
-0.000283149
-0.001329
-0.00041386
-0.000816305
-0.000512693
-0.000245949
-0.000570356
0.000334853
-0.000580801
0.000874902
-0.00054005
0.00132689
-0.000451988
0.00164966
-0.000322772
0.00181354
-0.000163876
0.00179538
1.81616e-05
0.00159197
0.000203403
0.00122964
0.000362337
0.000742098
0.000487538
0.000175771
0.000566327
-0.000411895
0.000587666
-0.000957198
0.000545303
-0.00140079
0.000443592
-0.00169304
0.000292246
-0.00179994
0.000106907
-0.00169363
-0.000106308
-0.00139169
-0.000301946
-0.000929796
-0.000461892
-0.000358821
-0.000570975
0.000254575
-0.000613396
0.00083265
-0.000578075
0.00130323
-0.000470576
0.0016071
-0.000303877
0.00170589
-9.87886e-05
0.00157345
0.000132437
0.0012389
0.000334557
0.000750509
0.000488387
0.000175663
0.000574847
-0.000402623
0.000578285
-0.000898145
0.000495522
-0.00124064
0.000342496
-0.00138401
0.000143372
-0.00130337
-8.0638e-05
-0.00102537
-0.000278006
-0.000604457
-0.000420912
-0.000113454
-0.000491003
0.000362584
-0.000476038
0.000744344
-0.00038176
0.000977671
-0.000233327
0.00104156
-6.38941e-05
0.00093909
0.000102474
0.000724424
0.000214666
0.000463107
0.000261317
0.000225138
0.000237969
6.7392e-05
0.000157746
1.94228e-05
4.79693e-05
7.7726e-05
-5.83032e-05
0.000204624
-0.000126898
0.000328456
-0.000123832
0.000391004
-6.25476e-05
0.000352474
3.85298e-05
0.000209741
0.000142733
0.000209741
0.000286883
-0.000547602
0.000589622
-0.000570758
0.00089852
-0.000581107
0.00121466
-0.000592864
0.00153917
-0.000606279
0.00187322
-0.000621319
0.00221765
-0.000637621
0.00257322
-0.000655055
0.00294026
-0.000673123
0.00331899
-0.000691638
0.00370922
-0.000710025
0.00411069
-0.000728138
0.00452291
-0.000745668
0.00494512
-0.000762056
0.00537631
-0.000777017
0.00581522
-0.000790055
0.00626021
-0.000800665
0.00670959
-0.000808491
0.00716111
-0.00081299
0.00761245
-0.000813723
0.00806084
-0.00081019
0.00850324
-0.000802066
0.0089366
-0.000788975
0.00935766
-0.000770595
0.00976303
-0.000746706
0.0101495
-0.000717207
0.0105135
-0.000681938
0.0108522
-0.000641208
0.0111626
-0.000595003
0.0114421
-0.000543695
0.0116882
-0.000487501
0.011899
-0.000427113
0.0120729
-0.000362786
0.0122085
-0.000295119
0.0123047
-0.000224803
0.0123612
-0.000152452
0.012378
-7.89073e-05
0.0123568
-6.8861e-06
0.0122797
8.3803e-05
0.0121544
0.000167812
0.0119837
0.000250165
0.0117698
0.000330766
0.011515
0.000409095
0.0112213
0.000484998
0.0108906
0.000558278
0.0105249
0.000628498
0.010126
0.000695689
0.00969585
0.000759375
0.00923684
0.000818921
0.00875111
0.000874354
0.00824146
0.000924729
0.00771046
0.000970091
0.00716145
0.00100926
0.00659731
0.00104279
0.00602159
0.00106922
0.00543819
0.00108871
0.00485112
0.0011
0.00426395
0.00110436
0.00368143
0.00109935
0.00310783
0.00108666
0.00254779
0.00106436
0.00200571
0.0010336
0.00148643
0.000993414
0.000994149
0.000944599
0.000533267
0.000887137
0.000108396
0.000820873
-0.000276834
0.000746857
-0.000618188
0.000665059
-0.000911755
0.000575803
-0.00115476
0.000480651
-0.00134484
0.000380704
-0.00147954
0.000276146
-0.00155828
0.000169999
-0.00158109
6.27316e-05
-0.00154164
-5.46301e-05
-0.0014462
-0.000164369
-0.00129618
-0.000268906
-0.00109496
-0.000367464
-0.000845208
-0.000459572
-0.000551814
-0.000543118
-0.000220645
-0.000616038
0.000142213
-0.000677222
0.000529491
-0.000724419
0.000933081
-0.000756301
0.00134435
-0.000771474
0.0017539
-0.000769325
0.00215215
-0.000748304
0.0025292
-0.000708769
0.00287564
-0.00065082
0.00318199
-0.000574629
0.00343887
-0.000481027
0.00363752
-0.000371139
0.00377224
-0.000248507
0.00383488
-0.000113441
0.00381752
4.14326e-05
0.00371783
0.000200363
0.00353699
0.000356234
0.00327728
0.000507139
0.0029418
0.000651251
0.00253633
0.000784365
0.00206826
0.000903277
0.00154755
0.00100342
0.000986689
0.00107993
0.000399617
0.00112994
-0.000198078
0.00114996
-0.000789102
0.00113701
-0.00135575
0.00109016
-0.00188035
0.00100936
-0.00234526
0.00089466
-0.00273379
0.00074849
-0.00303165
0.000574263
-0.00322684
0.000376687
-0.00330835
0.000159948
-0.00326456
-8.15614e-05
-0.0030973
-0.000322096
-0.00281111
-0.000551128
-0.00241396
-0.00076415
-0.001917
-0.000954827
-0.00133752
-0.0011144
-0.00069424
-0.00123596
-1.40474e-05
-0.00130941
0.000677892
-0.00133197
0.00135194
-0.0012982
0.00197857
-0.00120827
0.00252832
-0.00106229
0.00297667
-0.000867384
0.00329971
-0.000627868
0.00348146
-0.000356706
0.0035097
-6.49032e-05
0.00337123
0.000259527
0.00307989
0.000555145
0.0026495
0.000822708
0.00209935
0.0010522
0.0014586
0.00122786
0.000761548
0.00133703
4.78631e-05
0.00137159
-0.000638576
0.00132257
-0.00125834
0.00119607
-0.0017714
0.000994166
-0.00214571
0.000729588
-0.00235533
0.000417058
-0.00238924
8.18578e-05
-0.00223411
-0.000284021
-0.00191175
-0.000605503
-0.00144592
-0.000879691
-0.000872984
-0.00108563
-0.000239326
-0.00120401
0.000402566
-0.00122269
0.000997489
-0.00113497
0.00149228
-0.000946773
0.00184302
-0.000673516
0.00201656
-0.000337417
0.00198852
4.62e-05
0.0017621
0.000429827
0.00136087
0.000763561
0.000821688
0.00102672
0.000196715
0.0011913
-0.000449965
0.00123435
-0.00104813
0.00114347
-0.00153327
0.00092873
-0.00185019
0.000609168
-0.00196315
0.000219859
-0.00184486
-0.000224597
-0.00151518
-0.000631621
-0.00101015
-0.000966924
-0.000386776
-0.00119435
0.000280938
-0.00128111
0.000907436
-0.00120457
0.00141482
-0.000977956
0.00173781
-0.000626867
0.0018351
-0.000196086
0.00168575
0.000281791
0.00131876
0.000701549
0.00078551
0.00102163
0.000161787
0.00119857
-0.000461887
0.00120196
-0.000991299
0.00102493
-0.00135039
0.000701586
-0.00149075
0.000283733
-0.00139082
-0.000180571
-0.00108111
-0.000587717
-0.000619174
-0.000882845
-8.76815e-05
-0.0010225
0.00041806
-0.000981779
0.000814127
-0.000777827
0.00104317
-0.000462374
0.00108376
-0.000104475
0.000947921
0.000238309
0.00069391
0.000468677
0.000395771
0.000559456
0.000131113
0.000502627
-2.92704e-05
0.000318129
-6.49842e-05
8.3683e-05
2.00884e-05
-0.000143376
0.000176519
-0.000283329
0.000330377
-0.00027769
0.000413479
-0.000145649
0.000380263
7.17455e-05
0.000228404
0.000294592
0.000438145
7.87499e-05
-0.000626351
0.000164684
-0.000656692
0.000256074
-0.000672496
0.00035542
-0.000692209
0.000464664
-0.000715522
0.000586324
-0.000742979
0.000721739
-0.000773035
0.000873806
-0.000807121
0.00104343
-0.000842748
0.0012335
-0.000881709
0.00144556
-0.00092208
0.00168131
-0.000963891
0.00194041
-0.00100477
0.00222137
-0.00104302
0.00252702
-0.00108267
0.00285905
-0.00112208
0.00321676
-0.00115838
0.00359947
-0.0011912
0.00400415
-0.00121767
0.00442827
-0.00123784
0.00486806
-0.00124998
0.00531971
-0.00125372
0.00577851
-0.00124777
0.00623991
-0.001232
0.0066985
-0.00120529
0.00714959
-0.0011683
0.00758745
-0.00111979
0.00800785
-0.00106161
0.00840488
-0.000992037
0.00877376
-0.000912579
0.00910856
-0.000822299
0.00940531
-0.000723864
0.00966054
-0.000618015
0.00987185
-0.000506423
0.0100371
-0.000390013
0.0101555
-0.00027091
0.0102282
-0.000151619
0.0102502
-2.88188e-05
0.0102413
9.2675e-05
0.0101905
0.000218579
0.010096
0.000344712
0.009957
0.000469741
0.00977359
0.0005925
0.00954641
0.000712185
0.00927648
0.000828204
0.00896532
0.000939662
0.00861473
0.00104628
0.00822691
0.00114719
0.00780392
0.00124191
0.00734871
0.00132956
0.0068637
0.00140974
0.00635237
0.00148143
0.00581769
0.00154394
0.00526372
0.00159676
0.00469418
0.00163876
0.00411299
0.0016699
0.00352476
0.00168822
0.00293426
0.00169486
0.00234602
0.00168759
0.00176555
0.00166713
0.00119767
0.00163224
0.000647706
0.00158356
0.000120892
0.00152023
-0.000377019
0.00144251
-0.000840642
0.00135076
-0.00126482
0.00124505
-0.00164432
0.00112636
-0.00197418
0.00099491
-0.00225119
0.000852813
-0.00247116
0.00070063
-0.00263099
0.000540526
-0.0027282
0.000373361
-0.00275889
0.00020069
-0.0027257
2.95413e-05
-0.00262029
-0.000160046
-0.00245188
-0.000332774
-0.00222201
-0.000498776
-0.00193254
-0.000656939
-0.00158826
-0.000803849
-0.00119427
-0.000937111
-0.00075692
-0.00105339
-0.000284449
-0.00114969
0.00021495
-0.00122382
0.000731401
-0.00127275
0.00125489
-0.00129496
0.00177415
-0.00128859
0.00227802
-0.00125217
0.00275455
-0.0011853
0.00319159
-0.00108785
0.00357786
-0.000960904
0.0039038
-0.000806966
0.00415935
-0.00062669
0.00433289
-0.000422045
0.0044206
-0.000201153
0.00441221
4.98237e-05
0.00430552
0.000307054
0.00410179
0.000559962
0.00380248
0.000806447
0.00341142
0.00104231
0.0029348
0.00126099
0.00238279
0.00145529
0.00176681
0.0016194
0.00110215
0.00174459
0.000405663
0.00182642
-0.000303249
0.00185887
-0.00100461
0.00183837
-0.00167707
0.00176262
-0.00229933
0.00163162
-0.00285007
0.00144539
-0.00330956
0.00120798
-0.00366007
0.000924775
-0.00388712
0.000603741
-0.00398129
0.000254113
-0.00392494
-0.000137905
-0.00372414
-0.000522899
-0.00338298
-0.000892289
-0.00290912
-0.001238
-0.00231707
-0.00154688
-0.00162705
-0.00180442
-0.000863532
-0.00199948
-5.59966e-05
-0.00211694
0.000763969
-0.00215194
0.00156031
-0.00209454
0.00229844
-0.00194639
0.00294503
-0.00170888
0.00346633
-0.00138869
0.00383956
-0.0010011
0.00404077
-0.000557919
0.00405712
-8.1255e-05
0.00388196
0.000434694
0.00352703
0.000910074
0.00300481
0.00134493
0.00234226
0.00171474
0.00157396
0.00199616
0.000741463
0.00216952
-0.00010608
0.00221913
-0.000920338
0.00213683
-0.00164872
0.00192445
-0.00224616
0.0015916
-0.00267274
0.00115618
-0.00290229
0.000646608
-0.00291317
9.27374e-05
-0.00270453
-0.000492664
-0.00229645
-0.00101358
-0.00171741
-0.00145873
-0.00101246
-0.00179058
-0.000235917
-0.00198056
0.000543794
-0.0020024
0.00126277
-0.00185395
0.00185694
-0.00154095
0.00227331
-0.00108988
0.00247141
-0.000535515
0.00242611
9.14975e-05
0.0021449
0.000711035
0.00165193
0.00125653
0.000994122
0.00168453
0.000234834
0.00195059
-0.000548099
0.00201728
-0.00126903
0.0018644
-0.00184985
0.00150956
-0.00222528
0.000984593
-0.00235271
0.000347291
-0.00220545
-0.000371856
-0.00180635
-0.00103073
-0.001198
-0.00157527
-0.000450523
-0.00194183
0.000346434
-0.00207807
0.00109044
-0.00194858
0.00168801
-0.00157552
0.00206194
-0.0010008
0.00216465
-0.000298793
0.00197495
0.000471492
0.00152881
0.00114769
0.000887616
0.00166282
0.000144093
0.00194209
-0.000590818
0.00193687
-0.00120654
0.00164066
-0.00161502
0.00111006
-0.001759
0.000427717
-0.00162018
-0.000319396
-0.00123637
-0.000971519
-0.000677807
-0.00144141
-4.29528e-05
-0.00165735
0.000539184
-0.00156392
0.000983165
-0.00122181
0.00122049
-0.000699701
0.00122633
-0.000110313
0.0010271
0.000437539
0.00069223
0.000803546
0.000315787
0.0009359
-2.65059e-06
0.000821064
-0.000184862
0.000500341
-0.000200712
9.95322e-05
-6.6244e-05
-0.000277843
0.000149772
-0.000499345
0.000363464
-0.000491382
0.00048421
-0.000266395
0.00045566
0.000100296
0.000276493
0.000473759
0.000714638
3.47609e-06
-0.000629826
3.20311e-05
-0.000685247
8.09205e-05
-0.000721385
0.000159683
-0.000770971
0.000276199
-0.000832038
0.000441331
-0.00090811
0.000659125
-0.000990829
0.000937391
-0.00108539
0.00127256
-0.00117792
0.00166179
-0.00127094
0.00209594
-0.00135623
0.00257302
-0.00144097
0.00308959
-0.00152134
0.00364809
-0.00160151
0.00424488
-0.00167946
0.00487577
-0.00175297
0.00553753
-0.00182014
0.00622627
-0.00187994
0.00693672
-0.00192812
0.00766446
-0.00196558
0.00840229
-0.0019878
0.0091424
-0.00199383
0.00987449
-0.00197986
0.0105904
-0.00194789
0.0112775
-0.00189244
0.0119285
-0.00181929
0.0125295
-0.00172078
0.0130761
-0.00160819
0.0135545
-0.00147041
0.0139647
-0.00132282
0.0143013
-0.00115889
0.0145658
-0.000988395
0.0147578
-0.000809948
0.0148795
-0.000628187
0.0149335
-0.00044404
0.0149228
-0.00026021
0.014852
-8.07273e-05
0.0146992
0.000123954
0.014471
0.000320845
0.0141802
0.000509367
0.0138341
0.00069084
0.0134381
0.000865771
0.0129961
0.00103444
0.0125114
0.00119691
0.0119868
0.00135281
0.011425
0.00150142
0.0108286
0.00164269
0.0101997
0.00177615
0.00954192
0.00189967
0.00885812
0.00201335
0.00815052
0.00211734
0.00742392
0.00220802
0.00668083
0.00228703
0.00592513
0.00235247
0.00516139
0.0024025
0.00439406
0.00243723
0.00362801
0.00245426
0.00286776
0.00245511
0.0021191
0.00243625
0.00138745
0.00239878
0.000678295
0.0023414
-1.73287e-06
0.00226359
-0.000647385
0.00216588
-0.00125202
0.00204714
-0.0018099
0.00190864
-0.0023147
0.00174986
-0.00276121
0.00157287
-0.0031458
0.0013795
-0.00346178
0.00116879
-0.00370491
0.000943769
-0.00387353
0.000709141
-0.00396442
0.000464255
-0.0039741
0.000210371
-0.00389182
-5.27436e-05
-0.00373943
-0.000312434
-0.00350794
-0.000564261
-0.00319924
-0.000807476
-0.0028178
-0.00103838
-0.0023691
-0.00125255
-0.00186093
-0.00144529
-0.00130011
-0.00161421
-0.00069669
-0.00175311
-6.18577e-05
-0.00185865
0.000592684
-0.00192729
0.00125432
-0.00195659
0.00190921
-0.00194349
0.00254269
-0.00188564
0.00314129
-0.00178391
0.00369178
-0.00163834
0.00418001
-0.00144914
0.00458993
-0.00121688
0.00491047
-0.000947233
0.00513524
-0.000646813
0.00525223
-0.000318143
0.00525093
5.11175e-05
0.00513011
0.000427874
0.00489046
0.000799615
0.00453339
0.00116352
0.00406343
0.00151227
0.00348852
0.0018359
0.00282057
0.00212324
0.00207521
0.00236476
0.00127053
0.00254928
0.000426027
0.00267092
-0.000434026
0.00271893
-0.00128462
0.00268897
-0.00209963
0.00257763
-0.00285253
0.00238452
-0.00351739
0.00211025
-0.0040721
0.00176269
-0.00449215
0.00134483
-0.00476236
0.000873953
-0.00486873
0.000360477
-0.00479691
-0.000209721
-0.00455144
-0.000768376
-0.00413509
-0.00130864
-0.00355804
-0.00181505
-0.00283823
-0.00226668
-0.00199904
-0.00264361
-0.00107286
-0.00292566
-9.46965e-05
-0.00309511
0.000896104
-0.00314274
0.00185645
-0.00305489
0.00274464
-0.00283459
0.00351759
-0.00248183
0.00414027
-0.00201136
0.00457665
-0.00143748
0.00480423
-0.000785491
0.0048112
-8.82289e-05
0.00458419
0.000661702
0.00413902
0.00135525
0.00349397
0.00198997
0.00267974
0.00252897
0.00173968
0.00293622
0.000726494
0.00318271
-0.000302457
0.00324809
-0.00128375
0.00311812
-0.00215771
0.00279841
-0.00286802
0.00230191
-0.00336789
0.00165604
-0.00361968
0.000898402
-0.00360925
8.23079e-05
-0.00332888
-0.000773035
-0.00280463
-0.00153783
-0.00207324
-0.00219012
-0.00119106
-0.00267277
-0.000230515
-0.0029411
0.000735533
-0.00296845
0.00161928
-0.0027377
0.00234492
-0.00226659
0.00284621
-0.00159117
0.00307679
-0.000766098
0.00300836
0.000159927
0.00265137
0.00106803
0.00203547
0.00187243
0.00121738
0.00250262
0.000279197
0.00288877
-0.000684997
0.00298147
-0.00156902
0.00274842
-0.00227712
0.00221766
-0.0027297
0.00143717
-0.00287433
0.000491921
-0.00268827
-0.000557916
-0.0021941
-0.00152489
-0.00144567
-0.0023237
-0.00053006
-0.00285744
0.000441191
-0.00304932
0.00134221
-0.0028496
0.00205867
-0.00229198
0.00249934
-0.00144148
0.00260626
-0.000405711
0.00236306
0.000714693
0.00180882
0.00170193
0.00102163
0.00245002
0.000117421
0.0028463
-0.000765633
0.00281992
-0.00149645
0.00237148
-0.00196919
0.0015828
-0.00211823
0.000576747
-0.00192689
-0.000510729
-0.00144262
-0.00145579
-0.000756174
-0.00212785
6.61167e-06
-0.00242014
0.000703435
-0.00226074
0.00121547
-0.00173384
0.00146366
-0.000947891
0.00142625
-7.29068e-05
0.00114227
0.000721519
0.000700454
0.00124537
0.000219242
0.00141711
-0.000168722
0.00120903
-0.000379057
0.000710676
-0.000371208
9.16832e-05
-0.000174691
-0.00047436
0.000127106
-0.000801142
0.000420162
-0.000784438
0.000589472
-0.000435705
0.000565018
0.000124749
0.000345383
0.000693394
0.00106002
-0.000297588
-0.000332238
-0.000572433
-0.000410401
-0.000828471
-0.000465347
-0.00105208
-0.000547362
-0.00123318
-0.000650939
-0.00135893
-0.000782354
-0.00145195
-0.000897809
-0.00150652
-0.00103082
-0.00157353
-0.00111091
-0.00161487
-0.0012296
-0.00160605
-0.00136505
-0.00151071
-0.00153631
-0.00131645
-0.0017156
-0.00101641
-0.00190155
-0.000611352
-0.00208452
-0.00010378
-0.00226054
0.000501258
-0.00242517
0.00119359
-0.00257226
0.00196317
-0.00269771
0.0027964
-0.0027988
0.00367692
-0.00286833
0.0045944
-0.00291131
0.0055304
-0.00291586
0.00647237
-0.00288986
0.00739736
-0.00281744
0.00829696
-0.0027189
0.00914268
-0.00256649
0.00993454
-0.00240005
0.0106372
-0.00217304
0.0112496
-0.00193529
0.0117605
-0.00166972
0.0121692
-0.00139715
0.0124788
-0.00111952
0.0126956
-0.000845007
0.0128278
-0.000576246
0.0128815
-0.000313843
0.0128546
-5.38189e-05
0.0127687
0.000209841
0.0126278
0.000461722
0.0124305
0.00070665
0.0121776
0.000943714
0.0118703
0.00117313
0.0115104
0.00139428
0.0111004
0.00160693
0.0106425
0.00181074
0.0101389
0.00200506
0.00959166
0.00218989
0.00900456
0.00236325
0.00837846
0.00252577
0.00771701
0.00267481
0.00702386
0.00281049
0.0063017
0.00293019
0.00555486
0.00303387
0.00478827
0.00311907
0.00400596
0.00318481
0.00321292
0.00323026
0.00241555
0.00325164
0.00161926
0.0032514
0.000831147
0.00322436
5.73093e-05
0.00317262
-0.000694913
0.00309362
-0.0014186
0.00298728
-0.00210437
0.00285164
-0.00274567
0.00268844
-0.00333597
0.00249894
-0.00386848
0.00228237
-0.00433455
0.00203894
-0.00472842
0.00177337
-0.00504477
0.00148515
-0.00527839
0.00117739
-0.00542341
0.000854157
-0.00547722
0.000518068
-0.00543703
0.000170186
-0.00529693
-0.000192848
-0.00506509
-0.000544273
-0.00474134
-0.000888013
-0.00432833
-0.00122048
-0.00382991
-0.00153681
-0.00325327
-0.00182918
-0.00260647
-0.00209209
-0.00189979
-0.00232089
-0.00114488
-0.00250802
-0.000353956
-0.00264957
0.000458533
-0.00273978
0.00127677
-0.00277483
0.00208554
-0.00275226
0.0028681
-0.00266821
0.00360717
-0.00252298
0.00428372
-0.00231489
0.00488091
-0.00204633
0.00538685
-0.00172281
0.00578675
-0.00134713
0.00606476
-0.000924826
0.00620691
-0.000460288
0.00621265
4.53732e-05
0.0060749
0.000565626
0.00579261
0.0010819
0.00536859
0.00158754
0.00480709
0.00207377
0.00411961
0.00252338
0.00331898
0.00292387
0.00242429
0.00325944
0.00145827
0.0035153
0.000446741
0.00368245
-0.000582498
0.00374816
-0.00159898
0.00370545
-0.0025725
0.00355115
-0.00347156
0.00328358
-0.00426732
0.00290601
-0.004927
0.00242237
-0.00542907
0.0018469
-0.00574429
0.00118917
-0.00586415
0.000480334
-0.0057744
-0.000299472
-0.00547543
-0.00106734
-0.00497319
-0.00181087
-0.00427703
-0.00251121
-0.00341122
-0.0031325
-0.00240429
-0.00365054
-0.00129472
-0.00403523
-0.000122864
-0.00426697
0.00105978
-0.00432538
0.00220496
-0.00420007
0.00325902
-0.00388865
0.00417518
-0.003398
0.00490541
-0.00274158
0.00541651
-0.00194858
0.00567798
-0.00104696
0.00565921
-6.94563e-05
0.00537737
0.000943534
0.00483086
0.00190176
0.00404533
0.0027755
0.00306033
0.00351398
0.00192723
0.00406932
0.000708332
0.0044016
-0.000524851
0.00448127
-0.00169686
0.00429014
-0.0027359
0.00383745
-0.0035736
0.00313961
-0.00415227
0.00223471
-0.00443204
0.00117817
-0.00438068
3.09482e-05
-0.00402231
-0.0011314
-0.00336781
-0.00219233
-0.00246658
-0.00309136
-0.00138436
-0.00375499
-0.000205986
-0.00411947
0.000963861
-0.0041383
0.00203083
-0.00380466
0.00290139
-0.00313715
0.0034968
-0.00218658
0.00376432
-0.00103361
0.00366683
0.000257412
0.00321976
0.0015151
0.00245986
0.00263234
0.0014588
0.00350367
0.000315468
0.00403211
-0.000851523
0.00414846
-0.00191656
0.00381345
-0.00276673
0.00306783
-0.0033055
0.00197594
-0.00346565
0.000652074
-0.00323178
-0.000791787
-0.00262626
-0.00213041
-0.00171689
-0.00323307
-0.000611749
-0.00396258
0.000555023
-0.00421609
0.00163198
-0.00392656
0.00248405
-0.00314404
0.00299749
-0.00195492
0.00310403
-0.00051225
0.00279855
0.00102017
0.00211965
0.00238084
0.00116709
0.00340257
7.67142e-05
0.00393668
-0.000968553
0.00386519
-0.00182904
0.00323197
-0.00237211
0.00212587
-0.00252102
0.000725657
-0.00226783
-0.000763922
-0.00166672
-0.0020569
-0.000832712
-0.00296186
7.90243e-05
-0.00333187
0.000899705
-0.00308142
0.00148576
-0.00231989
0.00174588
-0.00120802
0.0016526
2.03772e-05
0.00127202
0.0011021
0.000707057
0.00181033
0.000102839
0.00202133
-0.00036103
0.0016729
-0.000598908
0.000948554
-0.000560802
5.35769e-05
-0.000289609
-0.000745554
0.000111277
-0.00120203
0.000495187
-0.00116835
0.000719201
-0.000659718
0.00069717
0.000146779
0.000428061
0.000962504
0.00148808
-0.00119028
0.000858045
-0.0023319
0.000731217
-0.00335902
0.000561771
-0.00418782
0.00028144
-0.00473075
-0.00010801
-0.00499887
-0.000514232
-0.00500503
-0.000891644
-0.0047103
-0.00132555
-0.00430178
-0.00151943
-0.00372174
-0.00180964
-0.00306242
-0.00202437
-0.00234462
-0.00225411
-0.00157584
-0.00248438
-0.000748057
-0.00272934
0.000150232
-0.00298281
0.00113185
-0.00324215
0.00220372
-0.00349705
0.00337295
-0.00374149
0.00463427
-0.00395903
0.00598286
-0.00414739
0.00740109
-0.00428656
0.00886929
-0.00437951
0.0103521
-0.00439863
0.0118301
-0.00436787
0.0132474
-0.00423479
0.0145981
-0.0040696
0.0157851
-0.00375347
0.0168707
-0.00348563
0.0176732
-0.00297554
0.0182813
-0.00254339
0.0186597
-0.00204814
0.0188633
-0.00160072
0.0189116
-0.00116785
0.0188325
-0.000765852
0.0186461
-0.000389902
0.018369
-3.67501e-05
0.0179701
0.000345139
0.0175004
0.000679526
0.016971
0.000991127
0.0163924
0.00128527
0.0157718
0.0015643
0.0151142
0.00183066
0.0144234
0.0020851
0.0137014
0.00232899
0.01295
0.00256212
0.0121703
0.00278474
0.0113635
0.00299668
0.0105309
0.00319587
0.00967315
0.0033835
0.00879299
0.00355497
0.00789146
0.00371202
0.00697146
0.00385019
0.00603575
0.00396957
0.00508794
0.00406688
0.00413242
0.00414034
0.00317388
0.0041888
0.00221874
0.00420678
0.00127231
0.00419783
0.000342093
0.00415458
-0.000566838
0.00408155
-0.00144445
0.00397123
-0.00228373
0.00382656
-0.00307736
0.00364528
-0.00381672
0.0034278
-0.00449254
0.00317476
-0.00509663
0.00288645
-0.00562402
0.00256633
-0.00606382
0.00221317
-0.0064101
0.00183143
-0.00665693
0.00142421
-0.0067993
0.000996528
-0.00683255
0.00055132
-0.00676168
9.93121e-05
-0.00657743
-0.000377094
-0.00628304
-0.000838662
-0.00588012
-0.00129093
-0.00537155
-0.00172906
-0.0047651
-0.00214325
-0.00406745
-0.00252683
-0.00328836
-0.00287118
-0.00243999
-0.00316926
-0.0015345
-0.00341351
-0.000588473
-0.0035956
0.000380496
-0.00370875
0.00135581
-0.00375014
0.0023198
-0.00371626
0.00324991
-0.00359831
0.0041249
-0.00339798
0.0049272
-0.00311719
0.00564016
-0.00275929
0.00624157
-0.00232422
0.00671202
-0.00181759
0.00703701
-0.00124982
0.00720988
-0.000633155
0.00721949
3.57681e-05
0.00706131
0.000723799
0.00673318
0.00141003
0.00623661
0.00208412
0.00557876
0.00273162
0.00477148
0.00333066
0.00383559
0.00385976
0.0027895
0.00430553
0.00165931
0.00464548
0.000475975
0.00486579
-0.000730206
0.00495435
-0.00192132
0.00489657
-0.00306059
0.00469042
-0.0041124
0.00433539
-0.00503868
0.00383229
-0.00580473
0.00318843
-0.00638581
0.00242799
-0.00675179
0.00155515
-0.00688037
0.000608907
-0.00677159
-0.000408251
-0.00641749
-0.00142145
-0.00582358
-0.00240478
-0.00500569
-0.0033291
-0.00398773
-0.00415046
-0.00280842
-0.00482985
-0.00150961
-0.00533404
-0.000140882
-0.00563569
0.00123716
-0.00570342
0.00256843
-0.00553134
0.00379452
-0.00511474
0.00485782
-0.0044613
0.00570373
-0.00358749
0.00628493
-0.00252978
0.00656955
-0.00133158
0.00653527
-3.51776e-05
0.00619084
0.00128797
0.00553645
0.00255615
0.00460477
0.00370717
0.00344194
0.00467681
0.00210959
0.00540167
0.00068189
0.0058293
-0.000761404
0.00592456
-0.00213019
0.00565893
-0.00333385
0.00504111
-0.00429673
0.00410249
-0.00495698
0.00289496
-0.00526482
0.001486
-0.00518418
-4.96938e-05
-0.00473773
-0.00157784
-0.00394381
-0.00298625
-0.00285949
-0.00417567
-0.0015684
-0.00504608
-0.000177056
-0.00551082
0.00120929
-0.00552465
0.00246497
-0.00506034
0.00348458
-0.00415676
0.00417761
-0.00287961
0.00447361
-0.00132961
0.00434517
0.000385853
0.00380418
0.00205609
0.00289227
0.00354425
0.00170076
0.00469519
0.000347295
0.00538557
-0.00103054
0.00552629
-0.00228279
0.00506571
-0.00327667
0.00406172
-0.00390049
0.00259975
-0.00407623
0.000827819
-0.00378962
-0.0010784
-0.00306684
-0.00285318
-0.0019898
-0.00431012
-0.000689253
-0.00526312
0.000680508
-0.00558585
0.00193744
-0.00518349
0.00292247
-0.00412907
0.00350888
-0.00254132
0.00362003
-0.00062341
0.00324167
0.00139853
0.00243273
0.00318978
0.0013094
0.0045259
3.51469e-05
0.00521093
-0.00118436
0.0050847
-0.00217433
0.00422194
-0.00278718
0.00273872
-0.00293496
0.000873444
-0.00261199
-0.0010869
-0.00188668
-0.00278221
-0.000898854
-0.00394968
0.000168312
-0.00439904
0.00111352
-0.00402663
0.00177161
-0.00297798
0.00203724
-0.00147364
0.00188944
0.000168177
0.00140156
0.00158998
0.0007083
0.00250358
-1.08326e-05
0.00274046
-0.000564339
0.0022264
-0.000830697
0.00121491
-0.000758545
-1.85747e-05
-0.000404904
-0.0010992
0.00010236
-0.00170929
0.000582411
-0.0016484
0.000863817
-0.000941124
0.000842971
0.000167625
0.000518791
0.00128668
0.00200687
-0.00187755
0.00273559
-0.00366653
0.0025202
-0.00519386
0.0020891
-0.00627557
0.00136315
-0.0067542
0.000370625
-0.00642255
-0.000845887
-0.00547753
-0.00183666
-0.00452418
-0.00227889
-0.00515001
-0.0008936
-0.00643717
-0.000522484
-0.00764105
-0.00082049
-0.00840969
-0.00148546
-0.0086678
-0.00222627
-0.0084422
-0.00295493
-0.00778692
-0.00363809
-0.00675784
-0.00427124
-0.0054118
-0.00484309
-0.00380943
-0.00534385
-0.00200711
-0.00576135
-6.93432e-05
-0.00608516
0.00193878
-0.00629468
0.00401163
-0.00645236
0.00608754
-0.00647454
0.00815379
-0.00643411
0.0101401
-0.00622112
0.0120725
-0.00600201
0.0138323
-0.00551324
0.0155109
-0.00516426
0.0166731
-0.00413771
0.0174227
-0.00329298
0.0178142
-0.00243966
0.0179379
-0.00172445
0.0178652
-0.00109512
0.0176537
-0.000554366
0.0173495
-8.57271e-05
0.0169201
0.000392643
0.016479
0.00078631
0.0160097
0.00114881
0.0155139
0.00148694
0.0149909
0.00180826
0.0144397
0.00211544
0.01386
0.00241042
0.0132499
0.00269522
0.0126083
0.00297058
0.011933
0.00323735
0.0112232
0.00349462
0.0104775
0.00374233
0.00969659
0.00397678
0.00887956
0.00420053
0.00802721
0.00440731
0.00714289
0.00459635
0.00622832
0.00476476
0.00528704
0.00491086
0.00432324
0.00503067
0.00334181
0.00512178
0.00234786
0.00518275
0.00135044
0.00520419
0.000354336
0.00519394
-0.000628907
0.00513782
-0.00159248
0.00504512
-0.00252816
0.0049069
-0.00342573
0.00472414
-0.00427403
0.00449358
-0.00506259
0.00421636
-0.00578334
0.00389551
-0.00642871
0.00353182
-0.00698376
0.00312138
-0.00744321
0.00267263
-0.00780155
0.00218977
-0.00804995
0.0016726
-0.00818282
0.00112939
-0.00819698
0.000565488
-0.00807134
-2.63331e-05
-0.00783222
-0.000616211
-0.00746817
-0.00120272
-0.00698101
-0.00177808
-0.00637649
-0.00233358
-0.00565949
-0.00286025
-0.0048404
-0.00334592
-0.00392981
-0.00378177
-0.00294123
-0.00415785
-0.00189233
-0.0044624
-0.000797302
-0.00469063
0.000323963
-0.00483002
0.00145128
-0.00487745
0.00256207
-0.00482705
0.00363087
-0.00466712
0.00463939
-0.0044065
0.00556555
-0.00404335
0.00638337
-0.0035771
0.00706907
-0.00300993
0.00760773
-0.00235625
0.00798399
-0.00162608
0.00818461
-0.000833773
0.00819572
2.46606e-05
0.00801533
0.000904188
0.00763978
0.00178558
0.00707159
0.00265231
0.0063204
0.00348282
0.00539853
0.00425253
0.0043273
0.00493099
0.00313476
0.00549807
0.00184495
0.00593529
0.000494743
0.00621599
-0.000877161
0.00632625
-0.00223395
0.00625336
-0.00353131
0.00598777
-0.00472613
0.00553022
-0.0057753
0.00488145
-0.00664597
0.0040591
-0.00729865
0.00308066
-0.00771091
0.00196741
-0.00785456
0.000752556
-0.00772456
-0.000538246
-0.00731461
-0.0018314
-0.00663014
-0.00308925
-0.00569328
-0.00426596
-0.0045323
-0.00531144
-0.00318742
-0.00617473
-0.00170667
-0.00681479
-0.000149058
-0.00719331
0.00141905
-0.00727152
0.00293081
-0.0070431
0.00432119
-0.00650512
0.00551443
-0.00565454
0.00646367
-0.00453673
0.0071134
-0.00317951
0.00742767
-0.00164585
0.00737476
1.77326e-05
0.00696417
0.00169856
0.00620672
0.0033136
0.00513264
0.00478125
0.0037959
0.00601355
0.00227137
0.00692621
0.00063537
0.0074653
-0.00100647
0.0075664
-0.0025545
0.00720696
-0.00392082
0.00640742
-0.00500685
0.00518852
-0.0057366
0.0036247
-0.00606003
0.00180943
-0.00595023
-0.00015949
-0.00541611
-0.00211197
-0.00448556
-0.0039168
-0.00322593
-0.0054353
-0.00173618
-0.00653583
-0.000119849
-0.00712715
0.00146082
-0.00710532
0.00289607
-0.00649559
0.00405915
-0.00531984
0.0048382
-0.00365867
0.00515954
-0.00165095
0.0049977
0.000547701
0.00435859
0.00269519
0.00330032
0.00460252
0.00192451
0.006071
0.000365872
0.00694421
-0.00121296
0.00710513
-0.0026456
0.00649835
-0.0037746
0.00519072
-0.00447514
0.00330029
-0.00466567
0.00101834
-0.00432378
-0.00142029
-0.00348303
-0.00369393
-0.00224311
-0.00555004
-0.000748477
-0.00675775
0.000811542
-0.00714587
0.00224024
-0.00661218
0.00335175
-0.00524059
0.00400455
-0.00319412
0.00410761
-0.000726476
0.00366105
0.00184509
0.00272249
0.00412834
0.00143401
0.00581438
-1.34904e-05
0.00665843
-0.00139874
0.00646995
-0.00251109
0.00533428
-0.00318668
0.00341431
-0.00332934
0.0010161
-0.00293431
-0.00148193
-0.00208573
-0.0036308
-0.000947824
-0.00508758
0.00026777
-0.00561463
0.00133079
-0.00508965
0.00205415
-0.00370135
0.00232107
-0.00174056
0.00211443
0.000374814
0.00151851
0.0021859
0.000698521
0.00332357
-0.000134197
0.00357318
-0.000771293
0.0028635
-0.00106058
0.0015042
-0.000953606
-0.000125547
-0.000514323
-0.00153848
9.99341e-05
-0.00232355
0.000675757
-0.00222422
0.00101344
-0.00127881
0.00099195
0.00018912
0.000611092
0.00166754
0.00261797
-0.00591922
0.00865481
-0.0118386
0.00843955
-0.0172446
0.0074951
-0.021472
0.00559054
-0.0236582
0.00255686
-0.0231705
-0.00133364
-0.0205935
-0.00441357
-0.0165229
-0.0063495
-0.0144193
-0.00299724
-0.0129101
-0.00203167
-0.0119355
-0.00179512
-0.0110682
-0.00235276
-0.010156
-0.00313842
-0.00907486
-0.0040361
-0.00776668
-0.00494626
-0.00620565
-0.00583227
-0.00439109
-0.00665765
-0.00234371
-0.00739123
-7.82276e-05
-0.00802683
0.00236936
-0.00853275
0.0049944
-0.00891972
0.00781578
-0.00927374
0.0107746
-0.00943337
0.0138801
-0.00953961
0.0169949
-0.00933591
0.0201848
-0.00919194
0.0229828
-0.00831115
0.025585
-0.00776649
0.026349
-0.00490175
0.0263983
-0.00334221
0.0258043
-0.00184574
0.0249887
-0.000908843
0.024035
-0.000141424
0.0230157
0.000464962
0.0219651
0.000964848
0.0209609
0.00139685
0.01998
0.00176721
0.0190256
0.00210324
0.0181002
0.00241236
0.0172043
0.00270417
0.0163313
0.0029884
0.0154723
0.00326941
0.0146241
0.00354345
0.0137753
0.0038194
0.0129193
0.00409335
0.0120536
0.00436029
0.011166
0.00462991
0.0102537
0.00488907
0.00931691
0.00513735
0.00835196
0.00537227
0.00735922
0.00558908
0.00633809
0.00578589
0.00529381
0.00595514
0.00422783
0.00609665
0.00314715
0.00620246
0.00205642
0.00627348
0.000963259
0.00629735
-0.00012505
0.00628225
-0.00120121
0.00621398
-0.00225439
0.00609831
-0.00327335
0.00592585
-0.00424863
0.00569942
-0.00517055
0.0054155
-0.00602801
0.00507383
-0.00680993
0.00467743
-0.00750283
0.00422472
-0.00810221
0.00372076
-0.00859507
0.00316549
-0.00897029
0.00256498
-0.00922249
0.0019248
-0.00934621
0.00125312
-0.00933356
0.000552835
-0.00918668
-0.000173213
-0.00890272
-0.000900174
-0.00848078
-0.00162466
-0.0079232
-0.00233566
-0.00723329
-0.00302349
-0.00642209
-0.00367144
-0.00549685
-0.00427117
-0.00447267
-0.00480594
-0.00336149
-0.00526903
-0.00218167
-0.00564222
-0.000952373
-0.00591993
0.000301918
-0.00608431
0.0015634
-0.00613893
0.0028024
-0.00606604
0.00399773
-0.00586245
0.00512505
-0.00553381
0.00615624
-0.00507454
0.00706233
-0.00448319
0.00782766
-0.00377526
0.00842848
-0.00295707
0.00884672
-0.00204432
0.00906957
-0.00105662
0.00907999
1.42452e-05
0.00887743
0.00110674
0.00845624
0.00220678
0.00782224
0.0032863
0.0069826
0.00432246
0.00595814
0.00527699
0.00476806
0.00612107
0.00343676
0.00682938
0.00200661
0.00736544
0.000506461
0.00771615
-0.00101822
0.00785093
-0.0025204
0.00775554
-0.00395655
0.00742392
-0.00527717
0.00685083
-0.00643963
0.00604391
-0.00740263
0.0050221
-0.00811938
0.0037974
-0.00857228
0.00242032
-0.00872546
0.000905727
-0.00857302
-0.000690685
-0.00811415
-0.00229027
-0.00734891
-0.00385449
-0.00630309
-0.00531179
-0.00501123
-0.00660329
-0.00351654
-0.00766942
-0.00187419
-0.00845714
-0.000146455
-0.00892104
0.00159081
-0.00900879
0.00326432
-0.00871661
0.00479319
-0.00803399
0.00611595
-0.00697731
0.00715308
-0.00557386
0.00786066
-0.00388709
0.00818799
-0.00197319
0.00812167
8.40559e-05
0.00765431
0.00216592
0.0067985
0.00416941
0.00559432
0.00598543
0.00410221
0.00750566
0.00239825
0.00863017
0.000586508
0.00927704
-0.00123309
0.009386
-0.00295117
0.00892504
-0.00445228
0.00790853
-0.00564672
0.00638297
-0.006441
0.00441898
-0.00678563
0.00215406
-0.00664182
-0.000303302
-0.00602526
-0.00272853
-0.00496572
-0.00497634
-0.00354917
-0.00685186
-0.00187164
-0.00821336
-7.72273e-05
-0.00892156
0.00169616
-0.0088787
0.0032968
-0.00809622
0.00458322
-0.00660626
0.00543897
-0.00451441
0.00578515
-0.00199714
0.00558945
0.000743403
0.00485958
0.00342506
0.00366517
0.00579693
0.00211975
0.00761641
0.000378129
0.00868583
-0.00138797
0.00887123
-0.00298265
0.00809303
-0.00423188
0.00643995
-0.00499705
0.00406546
-0.0051968
0.00121809
-0.00480111
-0.00181598
-0.00385125
-0.00464379
-0.00246144
-0.00693985
-0.000796214
-0.00842298
0.000938842
-0.00888093
0.00251771
-0.00819105
0.00374207
-0.00646496
0.00444939
-0.00390143
0.0045466
-0.00082369
0.00403102
0.00236068
0.00297455
0.00518481
0.00153522
0.00725371
-7.23995e-05
0.00826605
-0.00160195
0.0079995
-0.00282302
0.00655536
-0.00355053
0.00414182
-0.00368057
0.00114614
-0.003216
-0.0019465
-0.002252
-0.00459479
-0.000976594
-0.00636299
0.000371741
-0.00696297
0.0015383
-0.00625621
0.0023166
-0.00447965
0.00258009
-0.00200404
0.00231324
0.00064166
0.0016145
0.00288464
0.000676327
0.00426175
-0.000263583
0.00451309
-0.000970338
0.00357026
-0.00127935
0.00181321
-0.00113525
-0.000269645
-0.000612744
-0.00206099
0.000102739
-0.00303903
0.000768373
-0.00288985
0.00115835
-0.00166879
0.00113538
0.000212085
0.000699687
0.00210324
0.00331765
-0.00874661
0.0174014
-0.017273
0.0169659
-0.0245159
0.014738
-0.029226
0.0103006
-0.0304759
0.00380675
-0.0281468
-0.0036627
-0.0225011
-0.0100593
-0.0176076
-0.011243
-0.0166329
-0.00397194
-0.0187732
0.000108644
-0.0216047
0.00103638
-0.0238761
-8.13508e-05
-0.0246886
-0.00232592
-0.0241202
-0.00460451
-0.0224028
-0.00666371
-0.0197931
-0.00844196
-0.0165367
-0.00991404
-0.012835
-0.0110929
-0.00885932
-0.0120025
-0.00475175
-0.0126403
-0.000580555
-0.0130909
0.00354744
-0.0134017
0.00750714
-0.0133931
0.0112842
-0.0133167
0.0148158
-0.0128675
0.018586
-0.0129621
0.0229868
-0.012712
0.027578
-0.0123577
0.0304615
-0.00778527
0.0304313
-0.00331195
0.028932
-0.000346503
0.0266089
0.00141424
0.0243249
0.0021426
0.0223179
0.00247196
0.0206806
0.00260217
0.0193381
0.0027393
0.0182285
0.00287685
0.0172756
0.00305614
0.0164374
0.00325057
0.0156675
0.0034741
0.0149428
0.00371301
0.0142399
0.00397241
0.0135384
0.00424487
0.0128286
0.00452923
0.0120966
0.00482535
0.0113312
0.00512564
0.0105339
0.00542727
0.00969673
0.00572623
0.00881283
0.00602125
0.00788502
0.00630008
0.00691518
0.00655893
0.0059053
0.00679577
0.00485577
0.00700467
0.00377733
0.00717508
0.00267267
0.00730712
0.00155037
0.00739578
0.000417916
0.00742981
-0.000713526
0.00741369
-0.00183463
0.00733508
-0.00293653
0.00720021
-0.00400658
0.00699591
-0.00503142
0.00672426
-0.00599995
0.00638403
-0.00690029
0.00597417
-0.00772099
0.00549813
-0.00844896
0.00495268
-0.00907485
0.00434666
-0.00958503
0.00367567
-0.00997134
0.00295128
-0.0102253
0.00217876
-0.0103415
0.00136933
-0.0103136
0.000524951
-0.0101363
-0.000350511
-0.00980959
-0.00122691
-0.0093332
-0.00210105
-0.00871081
-0.00295805
-0.0079501
-0.00378421
-0.00705591
-0.00456563
-0.00604041
-0.00528667
-0.00491742
-0.00592894
-0.00370168
-0.00648477
-0.00241403
-0.00692987
-0.00107453
-0.00725943
0.000294354
-0.00745319
0.00166817
-0.00751275
0.00301773
-0.0074156
0.00431841
-0.00716313
0.00554375
-0.00675915
0.00666
-0.00619079
0.00764564
-0.00546883
0.00847624
-0.00460586
0.00912715
-0.00360798
0.00957987
-0.00249704
0.00981621
-0.00129296
0.00982581
4.64291e-06
0.00960135
0.0013312
0.00914343
0.0026647
0.00845339
0.00397633
0.00754066
0.00523519
0.00642652
0.00639113
0.00513309
0.0074145
0.00369035
0.00827212
0.00213342
0.00892238
0.000511051
0.00933851
-0.00114068
0.00950266
-0.00276683
0.0093817
-0.00431908
0.00897617
-0.00574781
0.00827956
-0.00700299
0.0072991
-0.00803966
0.00605877
-0.00881393
0.00457167
-0.00929424
0.00290064
-0.00945477
0.00106626
-0.00928452
-0.000860937
-0.00878014
-0.00279465
-0.00794634
-0.00468829
-0.00680806
-0.00645007
-0.00540294
-0.0080084
-0.00378008
-0.00929229
-0.00199734
-0.0102399
-0.000132097
-0.0107863
0.00174312
-0.010884
0.00354732
-0.0105208
0.00519718
-0.00968385
0.00661939
-0.00839952
0.00773508
-0.00668955
0.00848464
-0.00463664
0.0088289
-0.00231744
0.00874227
0.000170678
0.00821924
0.00268895
0.00727931
0.00510934
0.00596468
0.00730006
0.00434196
0.00912838
0.00250037
0.0104718
0.000532961
0.0112445
-0.0014413
0.0113603
-0.00329962
0.0107834
-0.00492001
0.00952892
-0.00619833
0.00766128
-0.00704608
0.00526674
-0.00739304
0.00250102
-0.00722409
-0.000472254
-0.00653021
-0.00342241
-0.00536391
-0.00614263
-0.00380962
-0.00840615
-0.00197669
-0.0100463
-1.86259e-05
-0.0108796
0.00191052
-0.0108079
0.00364782
-0.00983352
0.00503677
-0.00799522
0.00595729
-0.00543493
0.00631974
-0.00235959
0.00608899
0.000974154
0.00527828
0.00423577
0.00396373
0.00711148
0.00226978
0.00931036
0.000368033
0.0105876
-0.00154816
0.0107874
-0.00327257
0.00981744
-0.00462295
0.00779033
-0.00544606
0.00488857
-0.0056452
0.00141724
-0.00520053
-0.00226064
-0.00415607
-0.00568825
-0.00263598
-0.00845994
-0.000826682
-0.0102323
0.00105225
-0.0107599
0.0027586
-0.0098974
0.00407468
-0.00778103
0.00482606
-0.00465281
0.00491467
-0.000912302
0.0043367
0.00293864
0.00317511
0.0063464
0.00160789
0.00882093
-0.000134505
0.0100084
-0.00178331
0.00964831
-0.00308916
0.00786121
-0.0038561
0.00490876
-0.00397462
0.00126465
-0.00344519
-0.00247593
-0.0023801
-0.00565988
-0.000987817
-0.00775527
0.000472415
-0.0084232
0.00172457
-0.00750836
0.00254581
-0.00530089
0.00280126
-0.00225949
0.00247717
0.000965755
0.00168595
0.00367585
0.00064346
0.00530424
-0.000388404
0.00554495
-0.00115438
0.00433623
-0.00147497
0.00213381
-0.00129505
-0.000449566
-0.000696694
-0.00265934
0.000109252
-0.00384498
0.000854741
-0.00363534
0.00129045
-0.00210449
0.00126494
0.000237592
0.000779396
0.00258878
0.00409705
-0.0122061
0.0296075
-0.0251967
0.0299565
-0.0392193
0.0287606
-0.0544788
0.0255601
-0.0707231
0.020051
-0.0871346
0.0127488
-0.100386
0.00319181
-0.10349
-0.00813857
-0.0929802
-0.0144818
-0.0817393
-0.0111323
-0.0707608
-0.0099421
-0.0603258
-0.0105164
-0.0509389
-0.0117128
-0.0424652
-0.0130782
-0.0347848
-0.0143441
-0.0277714
-0.0154553
-0.0212835
-0.0164019
-0.015172
-0.0172044
-0.00929799
-0.0178766
-0.00351291
-0.0184254
0.00230437
-0.0189082
0.00825351
-0.0193509
0.0145589
-0.0196985
0.0213553
-0.0201131
0.029081
-0.0205931
0.0379946
-0.0218758
0.0489205
-0.0236378
0.0497373
-0.0131745
0.0455184
-0.00356639
0.0389607
0.00324575
0.0332222
0.005392
0.0285355
0.00610089
0.0252488
0.00542935
0.0227951
0.00492563
0.0209937
0.00440355
0.0194905
0.00424256
0.0182484
0.00411897
0.0171953
0.00410922
0.0162958
0.00415009
0.0155002
0.00426965
0.0147747
0.00443849
0.014084
0.00466318
0.0134031
0.00492578
0.0127091
0.00522314
0.0119896
0.00554489
0.0112382
0.00587704
0.0104409
0.00622459
0.00959776
0.00656935
0.00870741
0.00691161
0.00776923
0.00723825
0.00678034
0.00754782
0.00574331
0.0078328
0.00466598
0.008082
0.00355118
0.00828988
0.00240791
0.00845039
0.00124367
0.00856002
6.79294e-05
0.00860554
-0.00111005
0.00859167
-0.00227844
0.00850347
-0.00342565
0.00834742
-0.00453893
0.00810919
-0.0056077
0.00779303
-0.00661819
0.00739452
-0.00755696
0.00691294
-0.00841048
0.00635165
-0.0091674
0.00570961
-0.00981395
0.00499321
-0.0103414
0.00420312
-0.0107384
0.00334828
-0.0109957
0.00243606
-0.0111021
0.00147574
-0.0110539
0.00047672
-0.0108555
-0.000548903
-0.0104978
-0.0015846
-0.00998254
-0.00261629
-0.0093133
-0.00362729
-0.00849436
-0.00460315
-0.00753524
-0.00552475
-0.00644956
-0.00637235
-0.00525083
-0.00712767
-0.00395347
-0.00778213
-0.00258116
-0.00830219
-0.00115462
-0.00868596
0.000301704
-0.00890951
0.00176196
-0.00897301
0.0031957
-0.00884934
0.00457756
-0.00854499
0.00587498
-0.00805657
0.00706038
-0.00737619
0.00810613
-0.00651459
0.00898424
-0.00548397
0.00967336
-0.0042971
0.0101509
-0.00297454
0.0103969
-0.00153897
0.0104034
-1.85094e-06
0.0101645
0.00157005
0.00967264
0.00315658
0.00893446
0.00471451
0.00796523
0.00620442
0.00678001
0.00757635
0.00540886
0.00878565
0.00387835
0.00980263
0.00222954
0.0105712
0.000502338
0.0110657
-0.00124352
0.0112485
-0.00296507
0.0111033
-0.00460715
0.0106182
-0.00611797
0.00979038
-0.00744506
0.00862619
-0.00853509
0.0071488
-0.00935235
0.00538893
-0.0098515
0.00339978
-0.0100169
0.00123164
-0.00983086
-0.00104696
-0.00928545
-0.00334006
-0.00839958
-0.00557416
-0.00718923
-0.00766042
-0.00569759
-0.00950005
-0.00397619
-0.0110137
-0.00208594
-0.0121301
-0.000113737
-0.0127585
0.00187084
-0.0128686
0.00377524
-0.0124252
0.00551993
-0.0114285
0.00700813
-0.00988771
0.00818214
-0.00786357
0.00896588
-0.00542038
0.00931838
-0.00266994
0.0092162
0.000272856
0.00865116
0.00325398
0.00764412
0.00611639
0.00624168
0.0087025
0.00451326
0.0108568
0.00254584
0.0124392
0.000464132
0.0133262
-0.00162216
0.0134466
-0.00358087
0.0127421
-0.00529222
0.0112403
-0.00663544
0.00900451
-0.00752128
0.00615258
-0.00787517
0.00285491
-0.00767699
-0.00067043
-0.00692064
-0.00417877
-0.00566825
-0.00739502
-0.00399696
-0.0100774
-0.00204898
-0.0119943
4.12902e-05
-0.0129699
0.0020921
-0.0128587
0.00393161
-0.011673
0.00540257
-0.00946618
0.00637095
-0.00640331
0.00674161
-0.00273025
0.00647882
0.00123695
0.00560192
0.00511268
0.00418729
0.0085261
0.00237842
0.0111192
0.000352171
0.0126138
-0.00168167
0.0128213
-0.00350895
0.0116447
-0.00493514
0.00921651
-0.00579861
0.00575204
-0.00599618
0.00161481
-0.00550902
-0.0027478
-0.00438717
-0.00681011
-0.00276416
-0.0100829
-0.000841805
-0.0121546
0.00115159
-0.0127533
0.0029536
-0.0116994
0.0043369
-0.00916434
0.00511903
-0.00543493
0.00519724
-0.000990519
0.00456543
0.00357046
0.00332026
0.00759158
0.00164945
0.0104917
-0.000194122
0.011852
-0.00193319
0.0113874
-0.00330376
0.00923178
-0.00409764
0.00570264
-0.00419867
0.00136568
-0.00361461
-0.00305999
-0.00246585
-0.00680864
-0.000979657
-0.00924147
0.000565747
-0.0099686
0.00188144
-0.00882405
0.00273177
-0.00615122
0.00297526
-0.00250298
0.00259981
0.00134121
0.00173015
0.00454551
0.000601911
0.00643248
-0.000502027
0.00664889
-0.00131266
0.00514686
-0.001641
0.00246214
-0.00142769
-0.000662871
-0.000763716
-0.00332332
0.000118112
-0.00472681
0.000929612
-0.00444684
0.00140285
-0.00257773
0.00137464
0.000265806
0.000846754
0.00311666
0.0049438
-0.0121173
0.0417248
-0.0252366
0.0430759
-0.0402083
0.0437322
-0.0579822
0.0433341
-0.0788248
0.0408936
-0.102044
0.0359682
-0.125244
0.026392
-0.143685
0.0103016
-0.1342
-0.121086
-0.106501
-0.0922057
-0.0788162
-0.0665011
-0.0551559
-0.0446224
-0.0347343
-0.0253423
-0.0163128
-0.00751889
0.00110882
0.00961389
0.0180965
0.0264913
0.0347399
0.0420395
0.0479177
0.0430978
-0.00835463
0.036224
0.00330741
0.0307374
0.00873235
0.0263478
0.00978161
0.0228463
0.00960243
0.0202694
0.00800619
0.0182775
0.00691758
0.0168506
0.00583044
0.0158483
0.00524479
0.0151532
0.00481412
0.0146207
0.00464175
0.0141751
0.00459565
0.0137663
0.00467845
0.0133515
0.00485331
0.0129109
0.00510374
0.0124355
0.00540123
0.0119172
0.00574145
0.0113428
0.0061193
0.0107006
0.00651917
0.00999481
0.0069304
0.00922082
0.00734334
0.00837942
0.00775301
0.00747124
0.00814642
0.00650159
0.00851748
0.00547794
0.00885645
0.00440381
0.00915613
0.00328526
0.00940843
0.00213166
0.00960399
0.000952048
0.00973963
-0.000243358
0.00980095
-0.0014433
0.00979161
-0.00263546
0.00969562
-0.00380826
0.00952022
-0.00494824
0.00924917
-0.00604245
0.00888723
-0.0070769
0.00842897
-0.00803732
0.00787336
-0.00891074
0.00722507
-0.00968492
0.00648378
-0.0103449
0.00565315
-0.010881
0.00473929
-0.0112809
0.00374818
-0.0115349
0.00269003
-0.0116365
0.00157737
-0.0115794
0.000419614
-0.0113609
-0.000767464
-0.0109784
-0.00196706
-0.0104321
-0.00316257
-0.00972624
-0.00433318
-0.00886702
-0.00546237
-0.00786305
-0.00652873
-0.00672712
-0.00750828
-0.0054734
-0.00838139
-0.00412081
-0.00913472
-0.00268908
-0.00973392
-0.00120213
-0.0101729
0.000315057
-0.0104267
0.00183486
-0.0104928
0.00332746
-0.0103419
0.00476454
-0.00998207
0.00611162
-0.00940365
0.00734322
-0.00860779
0.00842912
-0.00760048
0.00934056
-0.00639541
0.0100522
-0.00500876
0.010544
-0.00346631
0.0107966
-0.00179158
0.0108023
-7.5547e-06
0.0105479
0.0018244
0.0100334
0.00367108
0.00926421
0.00548375
0.00825277
0.00721586
0.00702016
0.00880896
0.00559083
0.010215
0.00399817
0.0113953
0.00228478
0.0122846
0.00049538
0.0128551
-0.00132017
0.0130641
-0.0031088
0.0128919
-0.00481313
0.0123226
-0.00637795
0.0113552
-0.00775207
0.0100003
-0.00887988
0.0082766
-0.00972129
0.00623035
-0.0102357
0.0039142
-0.0103993
0.00139525
-0.010201
-0.00124528
-0.00962729
-0.00391376
-0.00870238
-0.00649907
-0.00744095
-0.00892185
-0.00588844
-0.0110526
-0.00409845
-0.0128037
-0.00214159
-0.014087
-9.1544e-05
-0.0148085
0.00196605
-0.0149262
0.00393695
-0.0143961
0.00574034
-0.0132319
0.00728151
-0.0114289
0.00848689
-0.00906895
0.0092929
-0.00622639
0.00964574
-0.00302278
0.00952737
0.000391224
0.00893064
0.00385072
0.00787482
0.00717221
0.0064097
0.0101676
0.00460475
0.0126618
0.00257045
0.0144735
0.00039621
0.0155004
-0.00176646
0.0156092
-0.00379528
0.0147709
-0.00556519
0.0130102
-0.00695016
0.0103895
-0.00785878
0.0070612
-0.00821285
0.00320898
-0.00798944
-0.000893832
-0.00718763
-0.00498058
-0.00586899
-0.00871367
-0.00411708
-0.0118293
-0.00207854
-0.0140328
9.90656e-05
-0.0151475
0.00223374
-0.0149933
0.00414526
-0.0135846
0.00567027
-0.0109912
0.00666687
-0.00739991
0.0070405
-0.00310388
0.00675237
0.00152508
0.00582368
0.00604136
0.00433781
0.010012
0.00244411
0.0130129
0.000330701
0.0147272
-0.00178553
0.0149375
-0.00368262
0.0135418
-0.00515861
0.0106925
-0.00604626
0.0066397
-0.00624067
0.00180921
-0.00571962
-0.00326884
-0.00453933
-0.00799041
-0.00284129
-0.011781
-0.000835237
-0.0141607
0.00122988
-0.0148184
0.0030958
-0.0135653
0.00452314
-0.0105917
0.00532266
-0.00623445
0.00538669
-0.00105455
0.00471493
0.00424222
0.00340728
0.00889922
0.00166448
0.0122345
-0.000249137
0.0137656
-0.00204789
0.0131861
-0.00345823
0.0106421
-0.00426497
0.00650938
-0.00435007
0.00145078
-0.00372135
-0.00368871
-0.00250982
-0.00802017
-0.000954764
-0.0107965
0.000646278
-0.0115696
0.00200302
-0.0101808
0.00286878
-0.00701698
0.00309743
-0.00273164
0.002679
0.00175964
0.00174727
0.00547724
0.000554509
0.00762524
-0.000600185
0.00780359
-0.00144132
0.00598799
-0.00177166
0.00279249
-0.00152974
-0.000904791
-0.000813023
-0.00404004
0.000127704
-0.00566753
0.00098971
-0.00530885
0.0014913
-0.00307933
0.00146016
0.000296949
0.000899041
0.00367778
0.00584284
0.000567504
0.0411573
0.00165442
0.041989
0.00336872
0.0420179
0.00577647
0.0409263
0.00834337
0.0383267
0.0105055
0.0338061
0.00918373
0.0277138
0.0194853
-0.00559757
-0.00275706
-0.00519044
0.00290029
-0.00105304
0.00459495
0.00299988
0.00572869
0.00669079
0.00591152
0.00918972
0.00550726
0.0108939
0.00521335
0.0118555
0.00486885
0.0123901
0.00471024
0.0126463
0.00455794
0.0127448
0.00454325
0.0127254
0.00461504
0.0126185
0.00478536
0.012432
0.00503979
0.0121713
0.00536442
0.0118324
0.00574015
0.0114128
0.00616105
0.010915
0.00661702
0.0103356
0.0070986
0.00967628
0.00758974
0.00893884
0.00808078
0.00812598
0.00856588
0.00724062
0.00903178
0.00628717
0.00947092
0.00527151
0.00987211
0.00420073
0.0102269
0.00308258
0.0105266
0.00192574
0.0107608
0.000739968
0.0109254
-0.000462712
0.0110036
-0.00167252
0.0110014
-0.00287607
0.0108992
-0.00406092
0.0107051
-0.00521302
0.0104013
-0.00631892
0.00999314
-0.00736407
0.00947412
-0.0083347
0.00884399
-0.00921715
0.00810752
-0.00999678
0.00726341
-0.010662
0.0063184
-0.0111998
0.00527706
-0.0115991
0.00414748
-0.0118506
0.00294158
-0.0119462
0.00167294
-0.0118795
0.000352871
-0.0116479
-0.000999009
-0.0112494
-0.00236561
-0.0106844
-0.0037275
-0.00995714
-0.00506047
-0.00907279
-0.00634671
-0.0080422
-0.00755932
-0.00687659
-0.00867389
-0.00559127
-0.00966671
-0.00420679
-0.0105192
-0.00274149
-0.0111992
-0.00122039
-0.011694
0.000330595
-0.0119777
0.00188298
-0.0120452
0.00340757
-0.0118665
0.00487386
-0.0114484
0.00624886
-0.0107787
0.00750524
-0.00986417
0.00861145
-0.00870669
0.00954016
-0.00732412
0.0102646
-0.00573323
0.0107633
-0.003965
0.0110177
-0.00204591
0.011018
-7.92673e-06
0.0107544
0.00208801
0.0102246
0.00420086
0.00943549
0.0062729
0.00840061
0.00825074
0.00713813
0.0100714
0.0056747
0.0116784
0.00405243
0.0130176
0.00230392
0.0140331
0.000477114
0.0146819
-0.0013751
0.0149163
-0.00319771
0.0147145
-0.00493409
0.014059
-0.00652909
0.0129502
-0.00792375
0.011395
-0.00907126
0.00942411
-0.00992455
0.00708364
-0.0104456
0.00443526
-0.0106072
0.00155684
-0.010398
-0.00145444
-0.00980879
-0.00450301
-0.00885397
-0.00745389
-0.00756677
-0.0102091
-0.00597937
-0.01264
-0.00415004
-0.014633
-0.00215754
-0.0160795
-6.65255e-05
-0.0168996
0.00202649
-0.0170192
0.00403545
-0.0164051
0.00586486
-0.0150614
0.00743192
-0.0129959
0.00864928
-0.0102863
0.00946397
-0.00704108
0.00981637
-0.00337518
0.00968154
0.000526045
0.00906057
0.0044717
0.00797403
0.00825875
0.00647165
0.01167
0.00463372
0.0144997
0.00254851
0.0165587
0.000344254
0.0177047
-0.00186945
0.0178229
-0.00393673
0.0168382
-0.00573634
0.0148098
-0.00714105
0.0117942
-0.00805729
0.00797744
-0.00840845
0.00356014
-0.00816228
-0.00113999
-0.00733247
-0.0058104
-0.00596709
-0.010079
-0.00417069
-0.0136258
-0.00207236
-0.0161311
0.000151356
-0.0173712
0.00233216
-0.0171741
0.00428417
-0.0155366
0.00583597
-0.012543
0.00684546
-0.0084094
0.00721504
-0.00347345
0.00690872
0.00183139
0.00594248
0.0070076
0.00441312
0.0115413
0.00246788
0.0149582
0.000303797
0.0168913
-0.00185609
0.0170974
-0.0037918
0.0154775
-0.00529344
0.0121941
-0.00619061
0.00753686
-0.00637827
0.00199687
-0.00583253
-0.00381458
-0.00461469
-0.00920825
-0.00287147
-0.0135242
-0.000817849
-0.0162143
0.0012852
-0.0169214
0.00318367
-0.0154638
0.00463145
-0.0120395
0.00543544
-0.00703844
0.00548694
-0.00110606
0.0047862
0.00494296
0.00343793
0.0102475
0.00165373
0.0140187
-0.000296427
0.0157158
-0.00212489
0.0150146
-0.00355274
0.01207
-0.00436003
0.00731668
-0.00442851
0.00151926
-0.00376772
-0.0043495
-0.00251412
-0.00927377
-0.000919885
-0.0123908
0.00071148
-0.013201
0.00208728
-0.0115566
0.00295528
-0.00788498
0.00316731
-0.00294367
0.00271554
0.00221141
0.00173953
0.00645325
0.000502977
0.00886179
-0.000680232
0.00898679
-0.00153773
0.00684549
-0.00186499
0.00311975
-0.00160025
-0.00116953
-0.0008447
-0.00479559
0.000136948
-0.00664918
0.00103301
-0.00620491
0.00155351
-0.00359983
0.00151977
0.000330687
0.000935391
0.00426216
0.00677823
0.00155469
0.0396026
0.00316706
0.0403766
0.00467609
0.0405089
0.00587928
0.0397231
0.00617372
0.0380323
0.00557367
0.0344061
0.00346855
0.0298189
0.0229539
-4.76158e-05
-0.00270945
0.00120531
0.00164736
0.0029608
0.00283946
0.00452073
0.00416877
0.00618027
0.00425197
0.00747752
0.00421002
0.00862926
0.00406161
0.00956126
0.00393685
0.0103121
0.00395938
0.0108543
0.00401577
0.0112243
0.00417327
0.0114489
0.0043904
0.0115431
0.00469119
0.0115229
0.00506001
0.0114028
0.00548454
0.0111737
0.00596917
0.01085
0.0064848
0.0104301
0.00703688
0.00991818
0.00761055
0.00931413
0.00819379
0.00862151
0.00877341
0.00784459
0.00934279
0.00698817
0.0098882
0.00605802
0.0104011
0.00506126
0.0108689
0.00400559
0.0112826
0.00289932
0.0116328
0.00175244
0.0119077
0.000574563
0.0121033
-0.000622188
0.0122004
-0.00182638
0.0122056
-0.00302515
0.0120979
-0.00420603
0.0118859
-0.00535469
0.0115499
-0.0064574
0.0110959
-0.00749973
0.0105164
-0.00846759
0.00981185
-0.00934671
0.00898664
-0.0101234
0.00804013
-0.0107846
0.00697961
-0.0113181
0.00581048
-0.0117126
0.00454198
-0.0119583
0.00318734
-0.0120474
0.00176205
-0.0119745
0.000279985
-0.0117354
-0.0012382
-0.0113285
-0.00277244
-0.0107544
-0.00430162
-0.0100176
-0.00579731
-0.00912433
-0.00723996
-0.00808405
-0.0085996
-0.00690937
-0.00984858
-0.00561482
-0.0109613
-0.00421973
-0.0119143
-0.00274557
-0.0126734
-0.00121558
-0.013224
0.000344065
-0.0135373
0.00190404
-0.0136052
0.00343609
-0.0133986
0.0049084
-0.0129207
0.00628897
-0.0121592
0.00754833
-0.0111235
0.00865819
-0.00981654
0.00958813
-0.00825406
0.0103141
-0.0064592
0.0108112
-0.00446209
0.0110633
-0.00229807
0.0110601
-4.73568e-06
0.0107911
0.00235709
0.0102528
0.00473916
0.00945929
0.00706638
0.00841688
0.00929315
0.00714581
0.0113425
0.00567364
0.0131506
0.00404409
0.0146471
0.00228655
0.0157906
0.000453024
0.0165155
-0.00140473
0.016774
-0.00323392
0.0165437
-0.00497557
0.0158006
-0.00657318
0.0145478
-0.00797053
0.0127923
-0.00911829
0.0105719
-0.00997048
0.00793582
-0.0104893
0.00495412
-0.0106457
0.00171316
-0.0104307
-0.00166942
-0.00983437
-0.00509932
-0.00887007
-0.00841818
-0.00757064
-0.0115085
-0.00597505
-0.0142355
-0.00414139
-0.0164667
-0.00214104
-0.0180798
-4.29705e-05
-0.0189976
0.00205345
-0.0191156
0.00406762
-0.0184192
0.00589597
-0.0168897
0.00746433
-0.0145643
0.00867992
-0.0115019
0.00948679
-0.00784794
0.00983397
-0.00372237
0.00969148
0.000668534
0.0090578
0.00510539
0.00795905
0.0093575
0.0064476
0.0131814
0.00459441
0.0163529
0.00249087
0.0186622
0.000276906
0.0199186
-0.00193547
0.0200353
-0.00400871
0.0189114
-0.00580878
0.0166099
-0.00721458
0.0132
-0.00812183
0.00888468
-0.00846662
0.00390494
-0.00820574
-0.00140088
-0.00736029
-0.00665584
-0.00597325
-0.0114661
-0.00416079
-0.0154382
-0.00204226
-0.0182497
0.00019595
-0.0196094
0.00238841
-0.0193666
0.00434841
-0.0174966
0.00590372
-0.0140983
0.00691176
-0.00941744
0.00727259
-0.00383428
0.00695267
0.00215131
0.00596809
0.00799218
0.00441849
0.0130909
0.00245563
0.016921
0.000281111
0.0190658
-0.00189538
0.0192739
-0.00383824
0.0174204
-0.00534187
0.0136978
-0.00623525
0.00843025
-0.00641368
0.00217529
-0.00585373
-0.00437453
-0.00461734
-0.0104446
-0.00285772
-0.0152838
-0.000791101
-0.0182809
0.00131727
-0.0190298
0.00321919
-0.0173657
0.00466553
-0.0134858
0.00546192
-0.00783483
0.00550149
-0.00114563
0.00478371
0.00566074
0.00341881
0.0116124
0.00161745
0.0158201
-0.000334899
0.0176681
-0.00216474
0.0168444
-0.00358882
0.013494
-0.00438562
0.00811347
-0.00443836
0.001572
-0.00375763
-0.00503022
-0.00248437
-0.010547
-0.000872096
-0.014003
0.000759683
-0.0148328
0.00213415
-0.0129311
0.00299255
-0.00874337
0.00318708
-0.0031382
0.00271188
0.00268661
0.00170986
0.00745527
0.000451508
0.0101201
-0.000740696
0.010179
-0.0016013
0.00770609
-0.0019215
0.00343995
-0.00164004
-0.00145099
-0.000859839
-0.00557579
0.00014497
-0.00765399
0.00105889
-0.00711883
0.00158909
-0.00413003
0.00155318
0.000366597
0.00095547
0.00485987
0.0077337
0.00156372
0.0380389
0.00321963
0.0387207
0.00484528
0.0388833
0.00631155
0.0382569
0.00718869
0.0371551
0.00704523
0.0345496
0.00475589
0.0321082
0.0277098
-0.00148982
-0.00121962
-0.000862232
0.00101977
0.000863851
0.00111337
0.00278419
0.00224843
0.00465712
0.00237904
0.00612481
0.00274233
0.00736564
0.00282079
0.00832712
0.00297536
0.00913118
0.00315532
0.00975676
0.00339019
0.0102305
0.0036995
0.0105627
0.00405827
0.0107598
0.00449401
0.0108351
0.00498472
0.0107894
0.00553025
0.0106345
0.00612407
0.0103673
0.00675199
0.00999785
0.00740637
0.00952885
0.00807955
0.00896212
0.00876052
0.00830364
0.00943189
0.00755769
0.0100887
0.00672936
0.0107165
0.00582512
0.0113053
0.00485306
0.0118409
0.00381948
0.0123162
0.00273481
0.0127175
0.00160832
0.0130342
0.000450971
0.0132606
-0.000726461
0.0133778
-0.0019119
0.013391
-0.00309235
0.0132784
-0.00425556
0.0130492
-0.00538721
0.0126816
-0.00647361
0.0121822
-0.00750053
0.0115434
-0.00845383
0.0107651
-0.00931956
0.00985238
-0.0100834
0.00880402
-0.0107334
0.0076296
-0.0112566
0.00633368
-0.011642
0.0049273
-0.0118799
0.00342531
-0.0119633
0.00184546
-0.0118855
0.000202133
-0.0116432
-0.00148052
-0.011235
-0.0031806
-0.0106617
-0.00487489
-0.00992791
-0.00653114
-0.00903926
-0.0081286
-0.00800521
-0.00963365
-0.0068388
-0.011015
-0.00555405
-0.012246
-0.00416995
-0.0132984
-0.00270787
-0.0141355
-0.00119165
-0.0147402
0.00035417
-0.0150832
0.00189906
-0.0151501
0.00341617
-0.0149157
0.00487333
-0.0143778
0.00623945
-0.0135253
0.00748465
-0.0123687
0.00858174
-0.0109136
0.00949941
-0.00917172
0.0102153
-0.00717508
0.0107049
-0.00495167
0.0109527
-0.00254592
0.010946
1.99388e-06
0.0106761
0.00262696
0.0101416
0.00527365
0.00935041
0.00785761
0.00831259
0.010331
0.00705468
0.0126004
0.00559873
0.0146065
0.00398116
0.0162647
0.00224014
0.0175316
0.000425601
0.01833
-0.00141429
0.0186139
-0.00322123
0.0183506
-0.00494315
0.0175225
-0.00652161
0.0161263
-0.00790226
0.014173
-0.00903472
0.0117043
-0.00987409
0.00877518
-0.0103811
0.00546113
-0.0105347
0.00186675
-0.010315
-0.0018891
-0.0097223
-0.00569203
-0.00876587
-0.00937462
-0.00747394
-0.0128004
-0.00589275
-0.0158167
-0.00407972
-0.0182797
-0.0020957
-0.0200638
-2.16202e-05
-0.0210717
0.0020506
-0.0211878
0.00404006
-0.0204087
0.00584516
-0.0186948
0.00739055
-0.0161097
0.00858854
-0.0126999
0.00937723
-0.00863663
0.00971451
-0.00405964
0.00956628
0.000816764
0.00893368
0.00573798
0.00784085
0.0104503
0.00633696
0.0146853
0.00449518
0.0181946
0.00241826
0.0207391
0.000211789
0.0221251
-0.00196613
0.0222132
-0.00401459
0.0209599
-0.00579059
0.0183859
-0.00717765
0.014587
-0.00806786
0.00977489
-0.00840078
0.00423786
-0.00813117
-0.00167049
-0.00728272
-0.0075043
-0.00589795
-0.0128509
-0.00409275
-0.0172434
-0.00199013
-0.0203523
0.000231341
-0.0218309
0.00240452
-0.0215398
0.00434493
-0.019437
0.00588185
-0.0156352
0.00687392
-0.0104095
0.00722286
-0.00418322
0.00689458
0.00247959
0.00590791
0.00897885
0.00436278
0.0146361
0.00240809
0.0188757
0.000247861
0.0212261
-0.0019047
0.0214264
-0.00382687
0.0193425
-0.00531133
0.0151822
-0.00618867
0.00930758
-0.00635677
0.00234339
-0.00579156
-0.00493974
-0.00455609
-0.0116801
-0.00280377
-0.0170361
-0.00075523
-0.0203295
0.00132709
-0.0211121
0.00320625
-0.0192449
0.00463178
-0.0149113
0.00541098
-0.00861403
0.00543863
-0.00117328
0.00471692
0.00638245
0.00335506
0.0129743
0.00156569
0.0176095
-0.000363688
0.0195975
-0.00216984
0.0186506
-0.00357145
0.0148957
-0.00434826
0.00889028
-0.00438643
0.00161017
-0.00369799
-0.00571866
-0.00242439
-0.0118206
-0.000821209
-0.0156062
0.000790744
-0.0164447
0.00214569
-0.014286
0.00298435
-0.00958204
0.00316114
-0.00331499
0.00267238
0.00317537
0.00166135
0.00846629
0.000400025
0.0113815
-0.000781757
0.0113608
-0.00163355
0.00855788
-0.00194326
0.00374966
-0.00165118
-0.00174307
-0.000860308
-0.00636666
0.000151099
-0.0086654
0.00106775
-0.00803548
0.00159907
-0.00466135
0.00156163
0.000404044
0.000960328
0.00546117
0.00869403
0.00123416
0.0368047
0.00255043
0.0374044
0.00384038
0.0375933
0.00488204
0.0372152
0.0053879
0.0366493
0.00497625
0.0349612
0.00320831
0.0338762
0.0309181
0.000249974
-0.00146959
0.00093489
0.000334852
0.00195876
8.95061e-05
0.00320124
0.00100595
0.00450646
0.00107381
0.00569034
0.00155846
0.00676258
0.00174855
0.0076598
0.00207813
0.00842756
0.00238755
0.00904711
0.00277065
0.00953773
0.00320888
0.00989584
0.00370016
0.0101265
0.00426337
0.0102391
0.00487214
0.0102342
0.0055351
0.0101207
0.00623757
0.00989396
0.00697874
0.00956223
0.0077381
0.00912834
0.00851344
0.00859653
0.00929233
0.00796865
0.0100598
0.00725241
0.010805
0.00645407
0.0115149
0.00558082
0.0121786
0.00463853
0.0127832
0.00363497
0.0133197
0.00258064
0.0137718
0.00148481
0.01413
0.000357947
0.0143875
-0.000787978
0.0145237
-0.00194238
0.0145455
-0.00309257
0.0144286
-0.004226
0.0141826
-0.00532862
0.0137842
-0.00638706
0.0132407
-0.00738799
0.0125443
-0.00831647
0.0116936
-0.00915938
0.0106953
-0.00990274
0.00954737
-0.0105348
0.00826165
-0.0110425
0.00684144
-0.0114154
0.00530019
-0.011644
0.00365392
-0.0117214
0.00192286
-0.0116408
0.000121531
-0.0113993
-0.00172204
-0.0109946
-0.00358529
-0.0104317
-0.00543784
-0.00971038
-0.00725243
-0.00883836
-0.00900062
-0.00782404
-0.010648
-0.00667928
-0.0121597
-0.00542281
-0.0135025
-0.00406776
-0.0146534
-0.0026371
-0.0155661
-0.00115271
-0.0162246
0.000359066
-0.0165949
0.00186927
-0.0166603
0.00335337
-0.0163998
0.00477708
-0.0158015
0.00611251
-0.0148608
0.00732869
-0.0135849
0.00839845
-0.0119834
0.00929306
-0.0100663
0.00999019
-0.00787221
0.0104673
-0.00542876
0.0107073
-0.00278589
0.0106975
1.17638e-05
0.0104298
0.00289464
0.00990564
0.00579781
0.00912854
0.00863471
0.00811146
0.0113481
0.0068793
0.0138326
0.00545453
0.0160313
0.00386982
0.0178494
0.00216892
0.0192325
0.000396222
0.0201027
-0.00140149
0.0204116
-0.00316673
0.0201158
-0.00484767
0.0192035
-0.00638849
0.0176671
-0.00773514
0.0155196
-0.00883893
0.0128081
-0.00965532
0.00959158
-0.0101467
0.00595251
-0.0102943
0.00201439
-0.0100725
-0.00211092
-0.00949218
-0.00627238
-0.00855467
-0.0103121
-0.00729023
-0.0140648
-0.00574297
-0.017364
-0.00396785
-0.0200548
-0.00202806
-0.0220036
-2.9472e-06
-0.0230968
0.00202123
-0.023212
0.00396055
-0.022348
0.00572302
-0.0204573
0.00722506
-0.0176117
0.00839191
-0.0138668
0.00915622
-0.00940094
0.00947716
-0.00438058
0.00932764
0.000966281
0.00870296
0.00636267
0.00762929
0.011524
0.00615462
0.01616
0.00434693
0.0200023
0.00232206
0.022764
0.00016466
0.0242825
-0.00196259
0.0243405
-0.00396251
0.0229598
-0.00569518
0.0201185
-0.00704607
0.0159379
-0.0079101
0.0106389
-0.00822798
0.00455573
-0.00795531
-0.00194316
-0.00711541
-0.0083442
-0.00575216
-0.0142141
-0.00397602
-0.0190196
-0.00191804
-0.0224103
0.000258391
-0.0240073
0.00238473
-0.0236661
0.00428167
-0.0213339
0.00578223
-0.0171358
0.00674588
-0.0113732
0.00708039
-0.00451772
0.00674862
0.00281136
0.00577457
0.0099529
0.00425369
0.016157
0.00233122
0.0207982
0.000205441
0.0233518
-0.00188659
0.0235185
-0.00376381
0.0212198
-0.00521189
0.0166303
-0.00606428
0.01016
-0.00622098
0.00250009
-0.00565808
-0.00550264
-0.00444189
-0.0128963
-0.00271969
-0.0187583
-0.000712936
-0.0223362
0.00131671
-0.0231418
0.00315085
-0.021079
0.00453922
-0.0162997
0.00529306
-0.00936787
0.00531054
-0.00119076
0.00459502
0.00709797
0.00325459
0.0143147
0.00149907
0.019365
-0.000383023
0.0214796
-0.00214405
0.0204116
-0.00350736
0.016259
-0.00425657
0.00963949
-0.00428181
0.00163541
-0.00359637
-0.0064041
-0.00233949
-0.0130775
-0.000765258
-0.0171804
0.000805575
-0.0180156
0.00212574
-0.0156062
0.00293621
-0.0103925
0.00309571
-0.0034745
0.0026025
0.00366859
0.00159773
0.00947106
0.000351661
0.0126275
-0.000804555
0.012517
-0.00163753
0.00939086
-0.00193408
0.0040462
-0.00163715
-0.00204
-0.000848049
-0.00715576
0.000155119
-0.00966856
0.0010611
-0.00894146
0.0015861
-0.00518635
0.00154767
0.000442473
0.000951283
0.00605756
0.00964532
0.000901289
0.0359034
0.00185402
0.0364517
0.00275492
0.0366924
0.00343016
0.03654
0.00370557
0.0363739
0.00331255
0.0353542
0.00215579
0.0350329
0.0330739
0.000306459
-0.00177605
0.0012046
-0.000563293
0.0021372
-0.000843089
0.0032164
-7.32409e-05
0.00429946
-9.25275e-06
0.0053411
0.000516822
0.00630092
0.000788728
0.00714059
0.00123846
0.0078727
0.00165544
0.00847522
0.00216814
0.00896265
0.00272145
0.00932102
0.00334179
0.00957037
0.00401402
0.0097006
0.00474191
0.00971522
0.00552048
0.00962554
0.00632725
0.00942539
0.00717888
0.0091189
0.00804459
0.00870939
0.00892295
0.00820502
0.0097967
0.00760979
0.010655
0.00692716
0.0114876
0.00616264
0.0122794
0.00532187
0.0130193
0.00441263
0.0136924
0.00344806
0.0142843
0.00243261
0.0147873
0.00137551
0.0151871
0.000288546
0.0154744
-0.000816404
0.0156287
-0.0019293
0.0156583
-0.00303824
0.0155375
-0.00413142
0.0152758
-0.005195
0.0148478
-0.00621628
0.014262
-0.00718108
0.0135091
-0.00807684
0.0125894
-0.00888927
0.0115077
-0.00960514
0.0102632
-0.0102142
0.00887069
-0.0107006
0.00732786
-0.0110596
0.00565916
-0.0112778
0.00387216
-0.0113489
0.00199398
-0.0112673
3.9889e-05
-0.0110303
-0.00195905
-0.0106366
-0.00397898
-0.0100881
-0.00598638
-0.0093877
-0.00795279
-0.00854222
-0.0098461
-0.00755913
-0.0116311
-0.00645038
-0.0132685
-0.00523408
-0.0147188
-0.00392264
-0.0159649
-0.00253725
-0.0169515
-0.00110064
-0.0176612
0.000360278
-0.0180559
0.0018208
-0.0181208
0.00325495
-0.0178339
0.00462926
-0.0171759
0.00592052
-0.016152
0.00709437
-0.0147588
0.00812491
-0.0130139
0.00898915
-0.0109306
0.0096604
-0.00854346
0.0101202
-0.0058886
0.0103511
-0.00301678
0.0103382
2.46666e-05
0.0100751
0.00315778
0.00956745
0.00630545
0.00881381
0.00938835
0.00783133
0.0123305
0.00663513
0.0150288
0.00525652
0.0174099
0.00372159
0.0193843
0.00207857
0.0208756
0.000365581
0.0218157
-0.00137059
0.0221478
-0.00307611
0.0218214
-0.00469912
0.0208265
-0.00618661
0.0191546
-0.0074855
0.0168185
-0.00854981
0.0138724
-0.00933499
0.0103768
-0.00980904
0.00642656
-0.00994717
0.00215252
-0.00972928
-0.0023288
-0.00916482
-0.00683684
-0.00825625
-0.0112207
-0.00703277
-0.0152883
-0.00553566
-0.0188611
-0.0038171
-0.0217734
-0.00194214
-0.0238786
1.28496e-05
-0.0250518
0.00196821
-0.0251674
0.00383785
-0.0242177
0.00553919
-0.0221586
0.00698432
-0.0190568
0.00810864
-0.0149911
0.0088433
-0.0101356
0.00914639
-0.00468367
0.00899533
0.00111734
0.0083867
0.0069713
0.00734426
0.0125664
0.00591333
0.0175909
0.00416587
0.0217498
0.00220729
0.0247226
0.000134063
0.0263557
-0.00193029
0.0264048
-0.0038613
0.0248908
-0.00553391
0.0217911
-0.0068353
0.0172393
-0.00766571
0.0114693
-0.00796644
0.00485646
-0.00769586
-0.00221374
-0.00687386
-0.0091662
-0.00555047
-0.0155375
-0.00382052
-0.0207495
-0.00182775
-0.024403
0.00027692
-0.026112
0.00233317
-0.0257224
0.00416813
-0.0231689
0.00561624
-0.0185839
0.00654315
-0.0123001
0.00686115
-0.00483573
0.00653178
0.00314073
0.00558144
0.0109032
0.00410113
0.0176373
0.00223101
0.0226683
0.000174023
0.0254088
-0.00184383
0.0255363
-0.00365769
0.0230336
-0.00505536
0.018028
-0.00587435
0.010979
-0.00601919
0.00264493
-0.00546677
-0.00605507
-0.00428349
-0.0140796
-0.0026116
-0.0204302
-0.000669546
-0.0242783
0.00128858
-0.0250999
0.00306002
-0.0228505
0.00439763
-0.0176373
0.00511969
-0.0100899
0.00512839
-0.00119946
0.00442831
0.00779805
0.00312356
0.0156194
0.00142218
0.0210664
-0.000393467
0.0232952
-0.00209182
0.02211
-0.00340424
0.0175714
-0.00411978
0.010355
-0.00413399
0.00164962
-0.00346081
-0.00707727
-0.00223662
-0.0143017
-0.000704931
-0.0187121
0.000805885
-0.0195264
0.00207876
-0.016879
0.0028544
-0.0111681
0.00299736
-0.00361745
0.00250761
0.00415834
0.00152298
0.0104557
0.000304833
0.0138457
-0.000810979
0.0136328
-0.00161686
0.0101967
-0.00189825
0.00432759
-0.00160152
-0.00233673
-0.000825223
-0.00793206
0.000156871
-0.0106507
0.00104074
-0.00982533
0.00155299
-0.0056986
0.00151425
0.000481217
0.00093038
0.00664143
0.0105757
0.000639825
0.0352636
0.0013102
0.0357813
0.00192943
0.0360732
0.00236355
0.0361058
0.00253947
0.0361979
0.0022264
0.0356673
0.00149822
0.0357611
0.0345721
0.000538273
-0.00231433
0.00144228
-0.0014673
0.00228855
-0.00168937
0.00325993
-0.00104461
0.00418636
-0.000935686
0.00511599
-0.000412808
0.00596811
-6.33898e-05
0.00674565
0.000460923
0.00742716
0.00097393
0.00799613
0.00159917
0.00846126
0.00225632
0.00881418
0.00298887
0.00905345
0.00377475
0.00918405
0.00461132
0.00921539
0.00548915
0.00913173
0.00641091
0.0089522
0.00735842
0.00866742
0.00832937
0.00828465
0.00930572
0.00780683
0.0102745
0.00723834
0.0112235
0.00658648
0.0121395
0.00585698
0.0130089
0.00505363
0.0138227
0.00418772
0.0145584
0.00326215
0.0152099
0.00229058
0.0157589
0.00128052
0.0161972
0.000241883
0.0165131
-0.000814364
0.0166849
-0.0018784
0.0167224
-0.00293849
0.0165976
-0.00398346
0.0163207
-0.00500011
0.0158644
-0.00597572
0.0152376
-0.00689744
0.0144308
-0.00775424
0.0134462
-0.00852973
0.0122832
-0.0092129
0.0109464
-0.00979532
0.0094531
-0.0102586
0.00779119
-0.0105999
0.0060004
-0.0108059
0.00407818
-0.0108713
0.00205943
-0.0107899
-4.15549e-05
-0.0105604
-0.00218853
-0.0101808
-0.00435856
-0.00965073
-0.00651649
-0.00898026
-0.00862326
-0.00816933
-0.010657
-0.00722559
-0.0125748
-0.00616571
-0.0143284
-0.00499869
-0.0158858
-0.00374235
-0.0172212
-0.00241485
-0.018279
-0.00103706
-0.019039
0.000359448
-0.0194524
0.00175783
-0.0195192
0.00312957
-0.0192057
0.00444542
-0.0184917
0.00567889
-0.0173855
0.00680135
-0.0158812
0.00778566
-0.0139982
0.00861066
-0.0117556
0.00925116
-0.00918396
0.0096897
-0.00632714
0.00990905
-0.00323613
0.00989401
3.97061e-05
0.00964178
0.00341001
0.00915137
0.00679586
0.00842813
0.0101116
0.00748638
0.0132723
0.00633924
0.0161759
0.00501876
0.0187304
0.00354876
0.0208543
0.00197523
0.0224491
0.000336354
0.0234546
-0.00132341
0.0238076
-0.00295501
0.023453
-0.00450708
0.0223786
-0.00592911
0.0205766
-0.00717009
0.0180595
-0.00818612
0.0148885
-0.00893329
0.0111239
-0.0093861
0.00687937
-0.0095157
0.00228211
-0.00930389
-0.00254061
-0.00876088
-0.00737985
-0.0078895
-0.0120921
-0.00671687
-0.016461
-0.00528252
-0.0202955
-0.00363647
-0.0234194
-0.00184169
-0.0256734
2.62711e-05
-0.0269198
0.001896
-0.0270371
0.00368121
-0.0260029
0.00530786
-0.0237853
0.00668635
-0.0204353
0.00775814
-0.0160629
0.00845702
-0.0108345
0.00874238
-0.00496904
0.00859089
0.00126884
0.00800431
0.00755788
0.00700254
0.0135682
0.00563014
0.0189633
0.0039615
0.0234184
0.00207853
0.0266056
0.000100354
0.0283339
-0.00187411
0.0283793
-0.0037206
0.0267373
-0.00531996
0.0233905
-0.00656146
0.0184808
-0.00735258
0.0122605
-0.0076347
0.00513859
-0.00737085
-0.00247758
-0.00657444
-0.00996261
-0.00530356
-0.0168084
-0.00363958
-0.0224135
-0.00172471
-0.0263179
0.000287948
-0.0281247
0.00225584
-0.0276903
0.00401352
-0.0249266
0.00539757
-0.0199679
0.00628128
-0.0131838
0.00658033
-0.00513477
0.00625827
0.00346279
0.00534141
0.0118201
0.00391516
0.0190635
0.00211933
0.0244641
0.000145852
0.0273823
-0.0017809
0.0274631
-0.00351719
0.0247699
-0.00485314
0.0193639
-0.00563252
0.0117583
-0.00576551
0.00277793
-0.0052302
-0.00659038
-0.00409092
-0.0152189
-0.00248464
-0.0220365
-0.000620389
-0.0261425
0.001246
-0.0269663
0.00294069
-0.0245451
0.00421739
-0.018914
0.00490245
-0.010775
0.00490419
-0.0012012
0.0042268
0.00847544
0.00297186
0.0168744
0.00133668
0.0227016
-0.000396037
0.025028
-0.00201818
0.0237321
-0.00326988
0.0188231
-0.00394745
0.0110326
-0.00395246
0.00165463
-0.00329946
-0.00773027
-0.0021199
-0.0154813
-0.000648052
-0.020184
0.000793588
-0.020968
0.00200962
-0.0180951
0.00274557
-0.0119041
0.00287294
-0.00374482
0.00239339
0.0046379
0.00144007
0.011409
0.000264438
0.0150213
-0.000803299
0.0147005
-0.0015756
0.010969
-0.00184054
0.00459253
-0.00154842
-0.00262885
-0.000794107
-0.00868637
0.000156476
-0.0116012
0.00100893
-0.0106778
0.0015033
-0.00619297
0.0014648
0.000519724
0.000899703
0.00720652
0.0114754
0.000455555
0.034808
0.000934084
0.0353028
0.00137175
0.0356355
0.00166173
0.0358159
0.00179039
0.0360693
0.00154791
0.0359098
0.0010837
0.0362253
0.0356558
0.000618514
-0.00293284
0.00151043
-0.00235921
0.00229378
-0.00247272
0.00320386
-0.00195469
0.00405376
-0.00178559
0.00489041
-0.00124946
0.0056715
-0.000844476
0.00639873
-0.00026631
0.00703682
0.000335842
0.00756886
0.00106713
0.00799815
0.00182703
0.00832698
0.00266004
0.00856025
0.00354148
0.00868947
0.0044821
0.00872002
0.0054586
0.00864885
0.00648208
0.00847862
0.00752864
0.00821206
0.00859593
0.00784966
0.00966812
0.00739628
0.0107279
0.00685845
0.0117613
0.00624263
0.0127553
0.0055498
0.0137017
0.00478589
0.0145866
0.0039645
0.0153797
0.00308481
0.0160896
0.0021636
0.0166801
0.0012055
0.0171553
0.000220653
0.0174979
-0.000780553
0.0176861
-0.00178964
0.0177315
-0.00279451
0.0176025
-0.00378516
0.0173114
-0.00474902
0.0168283
-0.00567368
0.0161623
-0.00654665
0.0153038
-0.0073601
0.0142596
-0.00809373
0.0130168
-0.00874308
0.0115958
-0.00929098
0.010001
-0.00973165
0.00823186
-0.0100501
0.00631881
-0.0102456
0.00427372
-0.0103057
0.00211954
-0.0102267
-0.000120627
-0.0100057
-0.00240943
-0.0096436
-0.0047207
-0.00914093
-0.00701916
-0.00849938
-0.00926481
-0.00772807
-0.0114283
-0.00683488
-0.013468
-0.00582682
-0.0153364
-0.00472022
-0.0169924
-0.00352793
-0.0184135
-0.00226841
-0.0195385
-0.000963952
-0.0203435
0.000364231
-0.0207805
0.00169093
-0.0208459
0.00299273
-0.0205075
0.00423894
-0.0197379
0.00540907
-0.0185556
0.00647158
-0.0169437
0.00740395
-0.0149306
0.00818381
-0.0125354
0.00878863
-0.00978877
0.00920329
-0.00674181
0.00941245
-0.00344529
0.00939412
5.80376e-05
0.00915421
0.00364991
0.00868611
0.00726396
0.00799727
0.0108004
0.00710192
0.0141676
0.0060124
0.0172655
0.00475834
0.0199844
0.00336251
0.0222501
0.00186975
0.0239418
0.000314645
0.0250097
-0.00125696
0.0253792
-0.00280508
0.0250011
-0.00427652
0.02385
-0.00562448
0.0219246
-0.00680016
0.0192352
-0.00776173
0.01585
-0.00846825
0.0118305
-0.00889624
0.00730737
-0.00901622
0.00240209
-0.00881544
-0.00274139
-0.00829528
-0.00790001
-0.00746797
-0.0129194
-0.00635434
-0.0175746
-0.00499262
-0.0216572
-0.00343033
-0.0249817
-0.00172636
-0.0273774
4.16249e-05
-0.0286877
0.00181269
-0.0288082
0.0035036
-0.0276938
0.00504443
-0.0253261
0.00634761
-0.0217385
0.00736183
-0.0170771
0.0080206
-0.0114933
0.0082885
-0.00523693
0.00813909
0.00141824
0.00757718
0.0081198
0.00662406
0.0145213
0.00532157
0.0202658
0.00373668
0.0250033
0.0019431
0.0283991
7.36107e-05
0.0302034
-0.00179707
0.03025
-0.00354818
0.0284884
-0.00506371
0.024906
-0.00623814
0.0196553
-0.0069881
0.0130104
-0.00724779
0.00539827
-0.00699453
-0.00273084
-0.006233
-0.0107241
-0.00502192
-0.0180195
-0.00343704
-0.0239984
-0.00160963
-0.0281453
0.000293197
-0.0300275
0.00216031
-0.0295574
0.00382852
-0.0265948
0.00513964
-0.0212791
0.00597534
-0.0140195
0.00625476
-0.00541418
0.00594351
0.00377404
0.00506714
0.0126965
0.00370606
0.0204246
0.00199813
0.0261721
0.000119964
0.0292605
-0.00170162
0.0292847
-0.00334991
0.0264182
-0.004616
0.02063
-0.00535157
0.0124939
-0.00547272
0.00289908
-0.00495983
-0.00710327
-0.0038736
-0.0163051
-0.00234453
-0.0235656
-0.000567251
-0.0279198
0.00119237
-0.0287259
0.00280026
-0.026153
0.00400847
-0.0201222
0.00465338
-0.0114199
0.00464945
-0.00119726
0.00400014
0.00912475
0.00280486
0.0180697
0.00124625
0.0242602
-0.000391851
0.0266661
-0.00192782
0.0252681
-0.00311195
0.0200072
-0.00374858
0.0116692
-0.00374625
0.0016523
-0.00311955
-0.00835698
-0.00199386
-0.0166069
-0.000591933
-0.0215859
0.000771063
-0.022331
0.00192321
-0.0192472
0.00261609
-0.012597
0.00272913
-0.00385786
0.0022654
0.00510162
0.00135155
0.0123228
0.000227547
0.0161453
-0.000784057
0.0157121
-0.00151803
0.011703
-0.00176564
0.00484015
-0.00148169
-0.0029128
-0.000756783
-0.00941128
0.000154099
-0.0125121
0.000968037
-0.0114917
0.00144056
-0.00666549
0.00140275
0.000557531
0.000861296
0.00774797
0.0123367
0.000331156
0.0344769
0.000691681
0.0349423
0.00101849
0.0353087
0.00122415
0.0356102
0.00132797
0.0359655
0.00112808
0.0361097
0.000828184
0.0365252
0.036484
0.000625794
-0.00355863
0.00150999
-0.0032434
0.00225811
-0.00322083
0.00309632
-0.0027929
0.00387985
-0.00256912
0.004671
-0.00204061
0.00539903
-0.0015725
0.00607623
-0.000943517
0.00667368
-0.000261604
0.0071639
0.000576911
0.00756296
0.00142797
0.00786924
0.00235376
0.00808553
0.00332519
0.00821188
0.00435575
0.00824022
0.00543026
0.00817821
0.00654409
0.00801986
0.00768699
0.00776799
0.00884781
0.00742569
0.0100104
0.00699782
0.0111558
0.00649112
0.012268
0.00590803
0.0133384
0.00525418
0.0143556
0.00453928
0.0153015
0.00376042
0.0161586
0.0029357
0.0169143
0.00206338
0.0175524
0.00116244
0.0180562
0.000236556
0.0184238
-0.000706381
0.0186291
-0.00165541
0.0186805
-0.00260078
0.0185479
-0.00353278
0.0182434
-0.00443976
0.0177353
-0.00531071
0.0170332
-0.00613285
0.0161259
-0.00689123
0.015018
-0.00758533
0.0137109
-0.00819555
0.012206
-0.00870913
0.0105146
-0.0091235
0.00864623
-0.0094239
0.00661921
-0.00960198
0.0044518
-0.00965568
0.00217324
-0.00957931
-0.000196998
-0.00937326
-0.00261548
-0.00903166
-0.00506231
-0.00855702
-0.0074938
-0.00795325
-0.00986858
-0.00722589
-0.0121557
-0.00638458
-0.0143093
-0.00543748
-0.0162835
-0.00439443
-0.0180354
-0.00326957
-0.0195383
-0.00208122
-0.0207269
-0.000858331
-0.0215663
0.000391763
-0.0220306
0.00163835
-0.0220925
0.00286387
-0.021733
0.00403788
-0.0209119
0.00513366
-0.0196514
0.00613378
-0.0179439
0.0070096
-0.0158064
0.00774285
-0.0132687
0.00831133
-0.0103572
0.00869747
-0.00712796
0.00888725
-0.00363507
0.00887241
7.28847e-05
0.00864359
0.00387872
0.00820434
0.00770321
0.00755429
0.0114505
0.00670691
0.015015
0.00568198
0.0182904
0.00449997
0.0211664
0.00318397
0.0235662
0.00178046
0.0253454
0.000316917
0.0264732
-0.00116267
0.0268588
-0.00261738
0.0264558
-0.00400319
0.0252358
-0.00527131
0.0231927
-0.00637769
0.0203415
-0.00727642
0.0167488
-0.007945
0.012499
-0.00834444
0.0077068
-0.00845254
0.0025102
-0.00826576
-0.00292817
-0.00777106
-0.00839472
-0.00699642
-0.013694
-0.00594725
-0.0186238
-0.0046649
-0.0229395
-0.00319454
-0.0264521
-0.00158522
-0.0289867
6.93415e-05
-0.0303423
0.00173333
-0.0304721
0.00332489
-0.0292853
0.00476873
-0.0267699
0.00599524
-0.022965
0.00694363
-0.0180255
0.00756048
-0.0121101
0.00780758
-0.00548404
0.00766554
0.00156028
0.00713299
0.00865234
0.00623317
0.0154211
0.00500511
0.0214939
0.00351148
0.026497
0.00182097
0.0300896
6.22228e-05
0.0319621
-0.00169523
0.0320074
-0.0033445
0.0301377
-0.00477029
0.0263318
-0.00587142
0.0207564
-0.00657686
0.0137159
-0.00681387
0.00563528
-0.00657503
-0.00296968
-0.00585388
-0.0114453
-0.00470959
-0.0191638
-0.00321428
-0.0254937
-0.00148863
-0.0298709
0.000298735
-0.0318149
0.00205708
-0.0313157
0.00362617
-0.0281639
0.00485985
-0.0225127
0.00564371
-0.0148033
0.00590088
-0.00567135
0.00560453
0.00407038
0.00477416
0.0135268
0.00348819
0.0217106
0.00187506
0.0277852
0.000100435
0.0310351
-0.00160638
0.0309915
-0.00315997
0.0279718
-0.00435091
0.021821
-0.00504052
0.0131835
-0.00514988
0.00300844
-0.00466391
-0.00758925
-0.00363734
-0.0173317
-0.00219398
-0.0250089
-0.000514313
-0.0295995
0.00113237
-0.0303726
0.00264568
-0.0276663
0.00378114
-0.0212577
0.00438333
-0.0120221
0.00437426
-0.00118819
0.00375884
0.00974017
0.00262929
0.0191992
0.001158
0.0257315
-0.000381191
0.0282052
-0.00182499
0.0267119
-0.00293622
0.0211185
-0.00353064
0.0122637
-0.00352212
0.00164378
-0.00292709
-0.00895202
-0.00186242
-0.0176716
-0.000539082
-0.0229093
0.000740743
-0.0236109
0.00182473
-0.0203312
0.00247266
-0.0132449
0.00257165
-0.00395684
0.00212819
0.00554508
0.00126092
0.0131901
0.000192931
0.0172133
-0.000755547
0.0166606
-0.00144785
0.0123953
-0.00167746
0.00506977
-0.00140477
-0.0031855
-0.000714976
-0.0101011
0.000149792
-0.0133769
0.000919895
-0.0122618
0.001368
-0.0071136
0.00133153
0.000594
0.000817359
0.00826214
0.0131541
0.000234486
0.000540595
0.000810084
0.000969673
0.00106689
0.000879574
0.000675399
0.000647557
0.00149062
0.00223354
0.00298868
0.00373411
0.00445547
0.00513506
0.00574367
0.00630594
0.00678379
0.00717136
0.00746273
0.00766057
0.00777315
0.00780196
0.00774643
0.00759909
0.00736191
0.00704087
0.00664008
0.00616524
0.00562068
0.00501147
0.00434135
0.00361483
0.00283967
0.00202672
0.00118297
0.000316955
-0.000562127
-0.00144805
-0.00233052
-0.00320083
-0.00404849
-0.00486148
-0.00563051
-0.00634017
-0.00698675
-0.00755636
-0.00803773
-0.00842321
-0.00870222
-0.00887001
-0.00891879
-0.00884639
-0.00864966
-0.00833185
-0.00788972
-0.00732701
-0.00664986
-0.00586588
-0.00498173
-0.00400899
-0.00296215
-0.00185752
-0.000712023
0.000453739
0.00161932
0.0027617
0.00386221
0.00488463
0.00581928
0.00664093
0.00732612
0.00785769
0.00821828
0.00839488
0.00838093
0.008168
0.00775118
0.00714333
0.00635162
0.00539247
0.00428454
0.00306267
0.00174468
0.000371433
-0.00100647
-0.00236585
-0.00365881
-0.00484355
-0.005878
-0.00671898
-0.00734017
-0.00771243
-0.00781519
-0.00763934
-0.00718201
-0.00645262
-0.00547498
-0.004279
-0.00290903
-0.00142295
0.000126287
0.00167609
0.00316539
0.00451213
0.00565952
0.00654671
0.00712006
0.00734978
0.00721759
0.0067188
0.00587691
0.00472525
0.00332022
0.00175171
9.39983e-05
-0.00153889
-0.00308228
-0.00441514
-0.00544353
-0.00610226
-0.00632321
-0.00609615
-0.00542477
-0.00434986
-0.00296027
-0.00134329
0.000322716
0.00196563
0.0034336
0.00458678
0.00531816
0.00555706
0.00527635
0.00449591
0.00329315
0.00177902
0.00011348
-0.00147379
-0.00292986
-0.00404396
-0.00468806
-0.00478946
-0.00433451
-0.00337531
-0.00202755
-0.000453091
0.00107836
0.00249464
0.00355483
0.00411456
0.00410171
0.00352178
0.00246232
0.00108301
-0.000352893
-0.00169908
-0.00273627
-0.00328897
-0.00327867
-0.00272086
-0.00172509
-0.00048178
0.000707642
0.00172202
0.00232548
0.00241265
0.0019909
0.00117321
0.000167982
-0.000716182
-0.00136286
-0.00157413
-0.0013165
-0.000669766
0.000142076
0.000865044
0.0012891
0.00125628
0.000771751
)
;

boundaryField
{
    freeSurface
    {
        type            calculated;
        value           nonuniform List<scalar> 
181
(
0.0342424
0.0346362
0.0350392
0.0354506
0.0358682
0.036297
0.0367294
0.0371594
-0.00420619
-0.00408647
-0.00396375
-0.00354804
-0.00331455
-0.00276197
-0.0022521
-0.00155212
-0.000823873
9.90624e-05
0.0010404
0.00206239
0.00312735
0.00424316
0.00540145
0.00659963
0.00783432
0.00908499
0.0103315
0.0115566
0.0127429
0.013883
0.0149648
0.0159716
0.0168851
0.0176895
0.0183654
0.0189
0.0192898
0.0195082
0.0195664
0.0194303
0.0191137
0.0185829
0.0178462
0.016895
0.0157277
0.0143575
0.0127756
0.010996
0.0090317
0.00689822
0.00461959
0.00222202
-0.000269405
-0.0028122
-0.00538012
-0.00793593
-0.0104313
-0.0128328
-0.0150933
-0.0171677
-0.0190082
-0.0205852
-0.0218315
-0.0227118
-0.0231964
-0.023258
-0.0228754
-0.0220124
-0.0206738
-0.0188785
-0.0166281
-0.0139539
-0.0108888
-0.00748854
-0.00381167
8.68375e-05
0.00409165
0.00812003
0.0120583
0.0158067
0.0192495
0.0222744
0.024788
0.0266633
0.0278464
0.0282367
0.0278152
0.0265288
0.0243774
0.021376
0.0175897
0.0131202
0.00807906
0.00261297
-0.00310402
-0.00885205
-0.0144234
-0.0196014
-0.0241355
-0.0278221
-0.0304728
-0.0318915
-0.0320219
-0.0307746
-0.0281167
-0.0241124
-0.0189127
-0.0126835
-0.00571375
0.00169247
0.00915113
0.016263
0.0226456
0.027902
0.0316582
0.0336198
0.0336403
0.0316811
0.0276647
0.0217848
0.0143746
0.00585623
-0.00319674
-0.0121167
-0.0202387
-0.0268833
-0.0314879
-0.0334809
-0.0329586
-0.0296318
-0.0236659
-0.0155347
-0.00591025
0.00435109
0.0143073
0.0229133
0.0292993
0.0327006
0.0325787
0.0294279
0.0229351
0.0138276
0.00310984
-0.00804419
-0.0182909
-0.0263567
-0.0311739
-0.031904
-0.0290826
-0.0223179
-0.0125818
-0.00117533
0.0103201
0.0202587
0.0271108
0.0296412
0.0280581
0.0221556
0.0128164
0.00163349
-0.00950983
-0.0186674
-0.0241526
-0.0248003
-0.0213456
-0.0138484
-0.00404402
0.00596683
0.0140078
0.0182185
0.0175448
0.013042
0.00528104
-0.00344313
-0.0107478
-0.0141887
-0.0129848
-0.00753766
0.000626827
0.00874667
0.0139258
)
;
    }
    walls
    {
        type            calculated;
        value           uniform 0;
    }
    floatingObject
    {
        type            calculated;
        value           nonuniform List<scalar> 
37
(
-0.023966
-0.0242467
-0.0245273
-0.0248114
-0.0251023
-0.0253933
-0.0256893
-0.0259888
-0.02629
-0.0265964
-0.0269061
-0.0272193
-0.0275359
-0.0278559
-0.0281811
-0.028508
-0.0288417
-0.0291754
-0.029516
0
0
0
0
0
0
0
0
0
0
0
0
0
0
0
0
0
0
)
;
    }
    frontAndBack
    {
        type            empty;
    }
}


// ************************************************************************* //
