/*--------------------------------*- C++ -*----------------------------------*\
  =========                 |
  \\      /  F ield         | OpenFOAM: The Open Source CFD Toolbox
   \\    /   O peration     | Website:  https://openfoam.org
    \\  /    A nd           | Version:  12
     \\/     M anipulation  |
\*---------------------------------------------------------------------------*/
FoamFile
{
    format      ascii;
    class       surfaceScalarField;
    location    "0.44";
    object      phi;
}
// * * * * * * * * * * * * * * * * * * * * * * * * * * * * * * * * * * * * * //

dimensions      [1 0 -1 0 0 0 0];

internalField   nonuniform List<scalar> 
7429
(
-2.86313e-05
2.86313e-05
-5.7668e-05
2.90367e-05
-8.70002e-05
2.93322e-05
-0.000116607
2.96071e-05
-0.000146467
2.986e-05
-0.000176556
3.00887e-05
-0.000206847
3.02905e-05
-0.000237309
3.04623e-05
-0.000267912
3.06031e-05
-0.000298622
3.07102e-05
-0.000329396
3.07743e-05
-0.000360193
3.07962e-05
-0.000390969
3.0776e-05
-0.00042167
3.07012e-05
-0.000452244
3.05742e-05
-0.000482633
3.03887e-05
-0.000512772
3.0139e-05
-0.000542597
2.98253e-05
-0.00057204
2.94425e-05
-0.000601027
2.89877e-05
-0.000629486
2.84587e-05
-0.00065734
2.78541e-05
-0.000684515
2.71748e-05
-0.000710932
2.64177e-05
-0.000736521
2.55886e-05
-0.000761205
2.46837e-05
-0.000784917
2.37121e-05
-0.000807591
2.2674e-05
-0.00082917
2.15791e-05
-0.000849602
2.04318e-05
-0.000868849
1.92476e-05
-0.000886892
1.80431e-05
-0.00090366
1.6768e-05
-0.000919092
1.5432e-05
-0.000933151
1.40582e-05
-0.000945806
1.26558e-05
-0.000957042
1.12354e-05
-0.000966849
9.80701e-06
-0.000975226
8.3775e-06
-0.000982184
6.9577e-06
-0.000987738
5.55343e-06
-0.000991925
4.18718e-06
-0.00099481
2.88535e-06
-0.000996442
1.63198e-06
-0.000996865
4.23031e-07
-0.000995916
-9.4929e-07
-0.000993749
-2.16706e-06
-0.000990412
-3.33681e-06
-0.000985947
-4.46496e-06
-0.000980396
-5.55112e-06
-0.0009738
-6.59534e-06
-0.000966205
-7.59552e-06
-0.000957653
-8.55146e-06
-0.000948191
-9.46222e-06
-0.000937866
-1.03256e-05
-0.000926721
-1.11444e-05
-0.000914811
-1.19098e-05
-0.000902178
-1.26338e-05
-0.000888875
-1.33028e-05
-0.000874942
-1.39325e-05
-0.000860435
-1.45071e-05
-0.000845398
-1.50376e-05
-0.000829879
-1.55188e-05
-0.000813928
-1.59512e-05
-0.000797586
-1.63415e-05
-0.000780902
-1.66844e-05
-0.000763915
-1.69869e-05
-0.000746671
-1.72439e-05
-0.000729214
-1.74565e-05
-0.000711589
-1.76257e-05
-0.000693823
-1.77653e-05
-0.000675965
-1.7858e-05
-0.000658054
-1.79115e-05
-0.000640114
-1.79394e-05
-0.000622183
-1.7931e-05
-0.000604301
-1.78818e-05
-0.00058649
-1.78111e-05
-0.000568782
-1.77084e-05
-0.000551206
-1.75755e-05
-0.000533792
-1.74145e-05
-0.000516554
-1.72378e-05
-0.000499523
-1.7031e-05
-0.000482717
-1.68065e-05
-0.000466156
-1.6561e-05
-0.000449855
-1.63009e-05
-0.000433827
-1.60277e-05
-0.000418094
-1.57335e-05
-0.000402664
-1.54293e-05
-0.000387548
-1.51163e-05
-0.000372756
-1.47915e-05
-0.000358296
-1.44602e-05
-0.000344177
-1.41197e-05
-0.000330405
-1.37715e-05
-0.000316981
-1.34239e-05
-0.000303914
-1.30672e-05
-0.000291204
-1.27095e-05
-0.000278853
-1.23516e-05
-0.000266865
-1.19881e-05
-0.000255232
-1.16323e-05
-0.00024396
-1.12726e-05
-0.000233047
-1.09132e-05
-0.000222487
-1.05601e-05
-0.000212281
-1.0206e-05
-0.000202422
-9.85904e-06
-0.000192907
-9.51485e-06
-0.000183733
-9.17409e-06
-0.000174893
-8.83941e-06
-0.000166382
-8.511e-06
-0.000158195
-8.18724e-06
-0.000150325
-7.87034e-06
-0.000142764
-7.56042e-06
-0.00013551
-7.25451e-06
-0.000128551
-6.95912e-06
-0.000121884
-6.6668e-06
-0.0001155
-6.3837e-06
-0.000109392
-6.10828e-06
-0.000103551
-5.84055e-06
-9.79731e-05
-5.57828e-06
-9.26491e-05
-5.32402e-06
-8.75704e-05
-5.07866e-06
-8.27303e-05
-4.84007e-06
-7.81219e-05
-4.60841e-06
-7.37373e-05
-4.38461e-06
-6.9568e-05
-4.16933e-06
-6.56078e-05
-3.96019e-06
-6.1849e-05
-3.75879e-06
-5.82833e-05
-3.56569e-06
-5.49044e-05
-3.37888e-06
-5.17042e-05
-3.20023e-06
-4.86752e-05
-3.02898e-06
-4.58111e-05
-2.86408e-06
-4.31041e-05
-2.70701e-06
-4.0547e-05
-2.55709e-06
-3.81333e-05
-2.41376e-06
-3.58556e-05
-2.27764e-06
-3.37079e-05
-2.14773e-06
-3.16841e-05
-2.02384e-06
-2.97777e-05
-1.90634e-06
-2.79832e-05
-1.79454e-06
-2.62953e-05
-1.68786e-06
-2.4709e-05
-1.58629e-06
-2.32195e-05
-1.48951e-06
-2.18221e-05
-1.39745e-06
-2.05129e-05
-1.30921e-06
-1.92878e-05
-1.22504e-06
-1.81428e-05
-1.14501e-06
-1.70747e-05
-1.06814e-06
-1.60802e-05
-9.94475e-07
-1.51564e-05
-9.23776e-07
-1.4301e-05
-8.5541e-07
-1.35118e-05
-7.89209e-07
-1.27868e-05
-7.25053e-07
-1.21241e-05
-6.62648e-07
-1.1522e-05
-6.02149e-07
-1.09782e-05
-5.43756e-07
-1.04907e-05
-4.87489e-07
-1.00568e-05
-4.33947e-07
-9.6735e-06
-3.83267e-07
-9.33782e-06
-3.35676e-07
-9.04616e-06
-2.91659e-07
-8.79493e-06
-2.51236e-07
-8.58009e-06
-2.14836e-07
-8.39761e-06
-1.82484e-07
-8.24324e-06
-1.54364e-07
-8.11282e-06
-1.30423e-07
-8.00216e-06
-1.10664e-07
-7.90726e-06
-9.48934e-08
-7.82423e-06
-8.30378e-08
-7.74948e-06
-7.4748e-08
-7.68015e-06
-6.93264e-08
-7.6142e-06
-6.59526e-08
-7.55044e-06
-6.3763e-08
-7.48826e-06
-6.21719e-08
-7.42754e-06
-6.07264e-08
-7.36838e-06
-5.91589e-08
-7.31096e-06
-5.74192e-08
-7.2553e-06
-5.56619e-08
-7.20123e-06
-5.40708e-08
-7.14833e-06
-5.28943e-08
-7.09615e-06
-5.21869e-08
-7.04375e-06
-5.23919e-08
-6.99047e-06
-5.32873e-08
-6.93562e-06
-5.48488e-08
-6.8784e-06
-5.72195e-08
-6.81803e-06
-6.03726e-08
-6.75327e-06
-6.47607e-08
-6.68154e-06
-7.17241e-08
-6.59832e-06
-8.32176e-08
-6.49668e-06
-1.01643e-07
-6.36633e-06
-1.30354e-07
-6.19247e-06
-1.73852e-07
-5.95629e-06
-2.36184e-07
-5.63616e-06
-3.20128e-07
-5.20963e-06
-4.26534e-07
-4.65699e-06
-5.52639e-07
-3.96615e-06
-6.90843e-07
-3.13656e-06
-8.29584e-07
-2.17992e-06
-9.56645e-07
-1.12201e-06
-1.05791e-06
-1.12201e-06
-2.71752e-05
5.58065e-05
-5.47362e-05
5.65977e-05
-8.25887e-05
5.71847e-05
-0.000110719
5.77376e-05
-0.000139113
5.82535e-05
-0.000167752
5.87283e-05
-0.000196618
5.9156e-05
-0.000225685
5.95297e-05
-0.000254929
5.98469e-05
-0.00028432
6.0101e-05
-0.000313818
6.02723e-05
-0.000343382
6.03599e-05
-0.000372968
6.03621e-05
-0.000402519
6.02519e-05
-0.000431976
6.00314e-05
-0.000461273
5.9686e-05
-0.000490336
5.92019e-05
-0.000519089
5.85778e-05
-0.000547448
5.78016e-05
-0.000575326
5.68664e-05
-0.000602635
5.57669e-05
-0.000629281
5.45e-05
-0.000655173
5.30677e-05
-0.000680221
5.14649e-05
-0.000704337
4.97049e-05
-0.000727436
4.77826e-05
-0.000749443
4.57193e-05
-0.000770289
4.35196e-05
-0.000789917
4.12075e-05
-0.000808284
3.87984e-05
-0.000825372
3.63356e-05
-0.000841118
3.37895e-05
-0.000855459
3.11082e-05
-0.000868367
2.83405e-05
-0.000879833
2.5524e-05
-0.000889852
2.26754e-05
-0.000898433
1.98161e-05
-0.000905592
1.69664e-05
-0.000911355
1.41401e-05
-0.000915749
1.13515e-05
-0.000918829
8.63321e-06
-0.000920705
6.06311e-06
-0.000921405
3.58582e-06
-0.000920952
1.17907e-06
-0.000919088
-1.4412e-06
-0.000916215
-3.82246e-06
-0.000912279
-6.10284e-06
-0.00090732
-8.29602e-06
-0.00090138
-1.04048e-05
-0.000894504
-1.24268e-05
-0.000886737
-1.43625e-05
-0.000878124
-1.62081e-05
-0.000868712
-1.79642e-05
-0.000858544
-1.96295e-05
-0.000847669
-2.12007e-05
-0.000836129
-2.26845e-05
-0.000823976
-2.40635e-05
-0.000811247
-2.53628e-05
-0.000797994
-2.65556e-05
-0.000784252
-2.76739e-05
-0.000770073
-2.86863e-05
-0.000755495
-2.96154e-05
-0.000740563
-3.04512e-05
-0.000725319
-3.11948e-05
-0.000709801
-3.18596e-05
-0.00069405
-3.24357e-05
-0.0006781
-3.29368e-05
-0.000661991
-3.33532e-05
-0.00064576
-3.36871e-05
-0.000629445
-3.39409e-05
-0.000613069
-3.41412e-05
-0.000596672
-3.42548e-05
-0.000580287
-3.42966e-05
-0.000563934
-3.42929e-05
-0.000547642
-3.42227e-05
-0.000531446
-3.4078e-05
-0.000515362
-3.38955e-05
-0.000499414
-3.36559e-05
-0.000483627
-3.33627e-05
-0.000468022
-3.30195e-05
-0.00045261
-3.265e-05
-0.000437414
-3.22265e-05
-0.000422448
-3.17727e-05
-0.000407727
-3.12817e-05
-0.000393262
-3.07659e-05
-0.000379062
-3.02277e-05
-0.000365144
-2.96522e-05
-0.000351513
-2.90601e-05
-0.000338176
-2.84533e-05
-0.000325141
-2.7826e-05
-0.000312413
-2.71883e-05
-0.000299998
-2.6535e-05
-0.000287901
-2.58685e-05
-0.00027612
-2.52045e-05
-0.000264663
-2.45245e-05
-0.000253529
-2.3844e-05
-0.000242716
-2.31641e-05
-0.000232229
-2.24748e-05
-0.000222061
-2.18007e-05
-0.000212213
-2.11203e-05
-0.000202685
-2.04412e-05
-0.000193471
-1.97747e-05
-0.000184569
-1.91071e-05
-0.000175975
-1.84537e-05
-0.000167684
-1.78059e-05
-0.000159693
-1.71651e-05
-0.000151996
-1.65362e-05
-0.000144587
-1.59195e-05
-0.000137463
-1.53118e-05
-0.000130616
-1.47173e-05
-0.00012404
-1.41361e-05
-0.000117732
-1.35627e-05
-0.000111682
-1.30091e-05
-0.000105887
-1.24616e-05
-0.00010034
-1.19314e-05
-9.50321e-05
-1.14157e-05
-8.99581e-05
-1.09146e-05
-8.51126e-05
-1.04238e-05
-8.04885e-05
-9.9481e-06
-7.6078e-05
-9.48912e-06
-7.18752e-05
-9.04284e-06
-6.78741e-05
-8.60954e-06
-6.40678e-05
-8.19095e-06
-6.04488e-05
-7.7883e-06
-5.70119e-05
-7.39711e-06
-5.37503e-05
-7.02042e-06
-5.06567e-05
-6.65926e-06
-4.77257e-05
-6.3099e-06
-4.495e-05
-5.97585e-06
-4.23233e-05
-5.65571e-06
-3.98399e-05
-5.34752e-06
-3.74928e-05
-5.05409e-06
-3.52757e-05
-4.77413e-06
-3.31829e-05
-4.50663e-06
-3.12077e-05
-4.25276e-06
-2.93449e-05
-4.01061e-06
-2.75889e-05
-3.77978e-06
-2.59343e-05
-3.56092e-06
-2.43762e-05
-3.35267e-06
-2.29102e-05
-3.15388e-06
-2.1532e-05
-2.96449e-06
-2.02376e-05
-2.78392e-06
-1.9023e-05
-2.61205e-06
-1.78849e-05
-2.44729e-06
-1.68198e-05
-2.29015e-06
-1.58239e-05
-2.14086e-06
-1.48945e-05
-1.9976e-06
-1.40286e-05
-1.86037e-06
-1.32237e-05
-1.72862e-06
-1.24781e-05
-1.60106e-06
-1.179e-05
-1.47727e-06
-1.11581e-05
-1.35698e-06
-1.05811e-05
-1.23967e-06
-1.00576e-05
-1.12565e-06
-9.58592e-06
-1.01539e-06
-9.16437e-06
-9.09044e-07
-8.79052e-06
-8.07796e-07
-8.46176e-06
-7.12023e-07
-8.17521e-06
-6.22224e-07
-7.92755e-06
-5.39321e-07
-7.71546e-06
-4.63324e-07
-7.53519e-06
-3.95108e-07
-7.38307e-06
-3.34601e-07
-7.2553e-06
-2.82139e-07
-7.14852e-06
-2.37197e-07
-7.05872e-06
-2.00466e-07
-6.98218e-06
-1.71437e-07
-6.91517e-06
-1.50042e-07
-6.85422e-06
-1.35705e-07
-6.79655e-06
-1.26996e-07
-6.74043e-06
-1.22067e-07
-6.68511e-06
-1.1909e-07
-6.63042e-06
-1.16858e-07
-6.5767e-06
-1.14443e-07
-6.52442e-06
-1.11444e-07
-6.47387e-06
-1.07964e-07
-6.42509e-06
-1.04443e-07
-6.37784e-06
-1.01325e-07
-6.33173e-06
-9.9e-08
-6.28617e-06
-9.77508e-08
-6.24025e-06
-9.83118e-08
-6.19344e-06
-1.001e-07
-6.14536e-06
-1.0293e-07
-6.09556e-06
-1.07016e-07
-6.04386e-06
-1.12068e-07
-5.98973e-06
-1.18896e-07
-5.93143e-06
-1.30017e-07
-5.86542e-06
-1.4923e-07
-5.78591e-06
-1.81159e-07
-5.68407e-06
-2.32188e-07
-5.54595e-06
-3.11978e-07
-5.35382e-06
-4.28312e-07
-5.08716e-06
-5.86786e-07
-4.72253e-06
-7.91168e-07
-4.2394e-06
-1.03577e-06
-3.62389e-06
-1.30635e-06
-2.87385e-06
-1.57962e-06
-2.00086e-06
-1.82964e-06
-1.03169e-06
-2.02707e-06
-2.1537e-06
-2.6641e-05
8.24475e-05
-5.36679e-05
8.36246e-05
-8.10065e-05
8.45233e-05
-0.000108656
8.53866e-05
-0.000136614
8.62122e-05
-0.000164885
8.69996e-05
-0.00019347
8.77403e-05
-0.000222363
8.84226e-05
-0.000251554
8.90385e-05
-0.000281027
8.9574e-05
-0.000310748
8.99931e-05
-0.000340676
9.02877e-05
-0.000370761
9.04474e-05
-0.000400934
9.04243e-05
-0.000431116
9.02137e-05
-0.000461217
8.97869e-05
-0.000491132
8.91167e-05
-0.000520749
8.81954e-05
-0.000549947
8.69998e-05
-0.000578597
8.55155e-05
-0.000606562
8.37323e-05
-0.000633706
8.16439e-05
-0.000659893
7.92544e-05
-0.000684987
7.65589e-05
-0.000708864
7.35826e-05
-0.000731408
7.03261e-05
-0.00075252
6.6832e-05
-0.000772122
6.31214e-05
-0.000790163
5.92482e-05
-0.00080663
5.52658e-05
-0.000821504
5.12088e-05
-0.000834648
4.6934e-05
-0.000846075
4.25356e-05
-0.000855809
3.80738e-05
-0.000863884
3.35997e-05
-0.00087035
2.91406e-05
-0.000875266
2.4732e-05
-0.000878693
2.03935e-05
-0.000880694
1.6141e-05
-0.000881415
1.20725e-05
-0.000880991
8.20998e-06
-0.000879422
4.49349e-06
-0.000876787
9.51037e-07
-0.000872655
-2.95307e-06
-0.000867681
-6.41496e-06
-0.000861776
-9.72782e-06
-0.000854973
-1.29052e-05
-0.000847322
-1.59471e-05
-0.000838871
-1.88562e-05
-0.000829669
-2.16286e-05
-0.000819764
-2.42672e-05
-0.000809205
-2.67671e-05
-0.000798038
-2.9131e-05
-0.000786309
-3.13593e-05
-0.000774061
-3.34479e-05
-0.000761337
-3.54088e-05
-0.000748184
-3.72162e-05
-0.000734637
-3.89099e-05
-0.000720743
-4.04496e-05
-0.000706532
-4.18847e-05
-0.000692051
-4.31682e-05
-0.000677331
-4.43349e-05
-0.000662412
-4.53703e-05
-0.00064733
-4.62766e-05
-0.000632116
-4.7074e-05
-0.000616803
-4.77482e-05
-0.00060142
-4.83198e-05
-0.000585999
-4.87747e-05
-0.000570569
-4.91164e-05
-0.000555161
-4.9349e-05
-0.000539791
-4.95111e-05
-0.000524492
-4.95546e-05
-0.000509287
-4.95013e-05
-0.000494191
-4.93888e-05
-0.000479226
-4.91873e-05
-0.000464419
-4.88857e-05
-0.000449777
-4.8537e-05
-0.00043532
-4.81132e-05
-0.000421063
-4.76193e-05
-0.000407022
-4.70605e-05
-0.000393202
-4.64701e-05
-0.00037962
-4.58086e-05
-0.000366283
-4.51094e-05
-0.000353202
-4.43626e-05
-0.000340383
-4.35855e-05
-0.000327829
-4.27812e-05
-0.000315553
-4.19284e-05
-0.000303557
-4.10562e-05
-0.000291843
-4.01669e-05
-0.000280417
-3.9252e-05
-0.00026928
-3.83259e-05
-0.000258434
-3.73804e-05
-0.000247884
-3.64191e-05
-0.000237624
-3.54638e-05
-0.000227661
-3.44882e-05
-0.000217991
-3.3514e-05
-0.000208612
-3.25426e-05
-0.000199527
-3.156e-05
-0.000190727
-3.06003e-05
-0.000182214
-2.96334e-05
-0.000173985
-2.86701e-05
-0.000166034
-2.77258e-05
-0.00015836
-2.67814e-05
-0.000150956
-2.58581e-05
-0.000143817
-2.4944e-05
-0.000136942
-2.40408e-05
-0.000130323
-2.31551e-05
-0.000123955
-2.22872e-05
-0.000117834
-2.14328e-05
-0.000111954
-2.05973e-05
-0.000106309
-1.9781e-05
-0.000100896
-1.89759e-05
-9.5706e-05
-1.8199e-05
-9.07368e-05
-1.74308e-05
-8.59808e-05
-1.66873e-05
-8.14321e-05
-1.59645e-05
-7.70845e-05
-1.52622e-05
-7.29335e-05
-1.45747e-05
-6.8973e-05
-1.39086e-05
-6.51962e-05
-1.3266e-05
-6.15978e-05
-1.26412e-05
-5.81727e-05
-1.20346e-05
-5.49151e-05
-1.14486e-05
-5.18186e-05
-1.08848e-05
-4.88786e-05
-1.03371e-05
-4.60893e-05
-9.80965e-06
-4.34446e-05
-9.30398e-06
-4.09396e-05
-8.8149e-06
-3.85681e-05
-8.34736e-06
-3.63244e-05
-7.89941e-06
-3.42036e-05
-7.46835e-06
-3.21995e-05
-7.05813e-06
-3.03066e-05
-6.66703e-06
-2.85196e-05
-6.29366e-06
-2.68327e-05
-5.93969e-06
-2.52409e-05
-5.60239e-06
-2.37395e-05
-5.28114e-06
-2.23238e-05
-4.97668e-06
-2.09895e-05
-4.68693e-06
-1.97333e-05
-4.41014e-06
-1.85516e-05
-4.14613e-06
-1.74415e-05
-3.89406e-06
-1.63997e-05
-3.65387e-06
-1.54234e-05
-3.42353e-06
-1.45096e-05
-3.20401e-06
-1.36546e-05
-2.9958e-06
-1.28559e-05
-2.79635e-06
-1.21107e-05
-2.6055e-06
-1.14171e-05
-2.42223e-06
-1.07738e-05
-2.24441e-06
-1.01799e-05
-2.0712e-06
-9.63468e-06
-1.90216e-06
-9.13776e-06
-1.73659e-06
-8.68831e-06
-1.5751e-06
-8.28517e-06
-1.41853e-06
-7.92694e-06
-1.26727e-06
-7.61151e-06
-1.12322e-06
-7.33644e-06
-9.87098e-07
-7.09889e-06
-8.59775e-07
-6.89564e-06
-7.42563e-07
-6.72343e-06
-6.35541e-07
-6.57886e-06
-5.3968e-07
-6.4582e-06
-4.55258e-07
-6.35856e-06
-3.81777e-07
-6.27669e-06
-3.19069e-07
-6.20965e-06
-2.67502e-07
-6.15352e-06
-2.27567e-07
-6.10428e-06
-1.99283e-07
-6.05827e-06
-1.81722e-07
-6.01251e-06
-1.72752e-07
-5.9657e-06
-1.68876e-07
-5.91765e-06
-1.6714e-07
-5.8691e-06
-1.65407e-07
-5.82118e-06
-1.62368e-07
-5.77482e-06
-1.57798e-07
-5.7305e-06
-1.52291e-07
-5.68816e-06
-1.46781e-07
-5.64744e-06
-1.42045e-07
-5.60786e-06
-1.38584e-07
-5.56857e-06
-1.37033e-07
-5.52869e-06
-1.38197e-07
-5.48766e-06
-1.41124e-07
-5.44546e-06
-1.45133e-07
-5.4023e-06
-1.50181e-07
-5.35858e-06
-1.55786e-07
-5.31487e-06
-1.62608e-07
-5.27056e-06
-1.74321e-07
-5.2233e-06
-1.96489e-07
-5.16841e-06
-2.36049e-07
-5.09866e-06
-3.01938e-07
-5.00099e-06
-4.09651e-07
-4.85774e-06
-5.71563e-07
-4.64844e-06
-7.9609e-07
-4.34732e-06
-1.09228e-06
-3.93091e-06
-1.45217e-06
-3.38106e-06
-1.85621e-06
-2.69335e-06
-2.26732e-06
-1.87932e-06
-2.64367e-06
-9.71079e-07
-2.93532e-06
-3.12478e-06
-2.56302e-05
0.000108078
-5.16906e-05
0.000109685
-7.81794e-05
0.000111012
-0.000105158
0.000112365
-0.000132673
0.000113727
-0.000160741
0.000115067
-0.000189345
0.000116344
-0.000218464
0.000117541
-0.000248145
0.00011872
-0.000278418
0.000119847
-0.000309271
0.000120847
-0.000340666
0.000121683
-0.000372539
0.00012232
-0.000404788
0.000122673
-0.000437296
0.000122722
-0.000469919
0.00012241
-0.000502492
0.00012169
-0.000534836
0.000120539
-0.00056675
0.000118915
-0.000598025
0.00011679
-0.000628437
0.000114145
-0.00065776
0.000110966
-0.000685766
0.00010726
-0.000712232
0.000103025
-0.000736953
9.83041e-05
-0.000759746
9.31191e-05
-0.000780472
8.75573e-05
-0.000799041
8.16909e-05
-0.000815452
7.56595e-05
-0.000829751
6.9564e-05
-0.000841698
6.31558e-05
-0.000851365
5.66013e-05
-0.00085886
5.00312e-05
-0.000864305
4.35184e-05
-0.000867842
3.71366e-05
-0.000869609
3.09072e-05
-0.000869724
2.48472e-05
-0.000868349
1.90183e-05
-0.000865808
1.36006e-05
-0.000862192
8.45597e-06
-0.000857455
3.47351e-06
-0.000851316
-1.64547e-06
-0.000843997
-6.36849e-06
-0.000836111
-1.08384e-05
-0.000827432
-1.50946e-05
-0.000818011
-1.91482e-05
-0.000807907
-2.3009e-05
-0.000797177
-2.66774e-05
-0.000785873
-3.01604e-05
-0.000774046
-3.34552e-05
-0.000761744
-3.65693e-05
-0.000749013
-3.94985e-05
-0.000735894
-4.22496e-05
-0.000722429
-4.48246e-05
-0.000708657
-4.72199e-05
-0.000694613
-4.94532e-05
-0.000680339
-5.14897e-05
-0.000665863
-5.33857e-05
-0.000651227
-5.50863e-05
-0.000636452
-5.66597e-05
-0.000621577
-5.80425e-05
-0.00060663
-5.92825e-05
-0.000591639
-6.03605e-05
-0.000576636
-6.12801e-05
-0.000561641
-6.20685e-05
-0.000546683
-6.2707e-05
-0.000531779
-6.32231e-05
-0.000516956
-6.35984e-05
-0.000502234
-6.3838e-05
-0.000487636
-6.39473e-05
-0.000473171
-6.3976e-05
-0.000458863
-6.38621e-05
-0.00044473
-6.36344e-05
-0.000430778
-6.33411e-05
-0.000417021
-6.2944e-05
-0.000403478
-6.2429e-05
-0.000390151
-6.18637e-05
-0.000377052
-6.1212e-05
-0.000364191
-6.04803e-05
-0.000351577
-5.96748e-05
-0.000339209
-5.88377e-05
-0.000327099
-5.79186e-05
-0.000315249
-5.69595e-05
-0.000303664
-5.59475e-05
-0.000292345
-5.49043e-05
-0.000281293
-5.38332e-05
-0.000270515
-5.27073e-05
-0.000260008
-5.15625e-05
-0.000249774
-5.04016e-05
-0.000239812
-4.92135e-05
-0.000230122
-4.80155e-05
-0.000220705
-4.67973e-05
-0.000211562
-4.5563e-05
-0.000202686
-4.43395e-05
-0.00019408
-4.30937e-05
-0.000185742
-4.18523e-05
-0.000177667
-4.06172e-05
-0.000169857
-3.93706e-05
-0.000162302
-3.81551e-05
-0.000155002
-3.69329e-05
-0.000147955
-3.57175e-05
-0.000141153
-3.45279e-05
-0.000134594
-3.33403e-05
-0.000128272
-3.21808e-05
-0.000122181
-3.10345e-05
-0.000116319
-2.99033e-05
-0.000110678
-2.87952e-05
-0.000105255
-2.77105e-05
-0.000100045
-2.66432e-05
-9.50418e-05
-2.56003e-05
-9.02412e-05
-2.45816e-05
-8.56396e-05
-2.35775e-05
-8.12299e-05
-2.26088e-05
-7.70094e-05
-2.16513e-05
-7.29717e-05
-2.0725e-05
-6.91113e-05
-1.98249e-05
-6.54226e-05
-1.89509e-05
-6.19016e-05
-1.80957e-05
-5.85428e-05
-1.72674e-05
-5.53403e-05
-1.64685e-05
-5.22896e-05
-1.56919e-05
-4.93865e-05
-1.49378e-05
-4.6626e-05
-1.42091e-05
-4.4003e-05
-1.35079e-05
-4.15135e-05
-1.28265e-05
-3.91528e-05
-1.21704e-05
-3.69153e-05
-1.15415e-05
-3.47969e-05
-1.09333e-05
-3.27923e-05
-1.0352e-05
-3.08965e-05
-9.79526e-06
-2.91051e-05
-9.25973e-06
-2.74129e-05
-8.75036e-06
-2.58147e-05
-8.26516e-06
-2.43059e-05
-7.80253e-06
-2.28809e-05
-7.36461e-06
-2.15353e-05
-6.94798e-06
-2.02648e-05
-6.55169e-06
-1.90651e-05
-6.17635e-06
-1.7933e-05
-5.81906e-06
-1.68658e-05
-5.4773e-06
-1.58614e-05
-5.1506e-06
-1.49175e-05
-4.83795e-06
-1.40319e-05
-4.53947e-06
-1.32024e-05
-4.25304e-06
-1.24259e-05
-3.98047e-06
-1.1699e-05
-3.72272e-06
-1.10187e-05
-3.47666e-06
-1.03824e-05
-3.24174e-06
-9.78854e-06
-3.01612e-06
-9.23645e-06
-2.7965e-06
-8.72627e-06
-2.58138e-06
-8.25835e-06
-2.37008e-06
-7.83306e-06
-2.16189e-06
-7.45023e-06
-1.95793e-06
-7.10913e-06
-1.75964e-06
-6.80863e-06
-1.56777e-06
-6.54692e-06
-1.38494e-06
-6.32167e-06
-1.21234e-06
-6.12997e-06
-1.05147e-06
-5.96842e-06
-9.04113e-07
-5.83374e-06
-7.70228e-07
-5.72233e-06
-6.5109e-07
-5.63098e-06
-5.46609e-07
-5.55735e-06
-4.55399e-07
-5.49941e-06
-3.7701e-07
-5.45419e-06
-3.12726e-07
-5.41798e-06
-2.63776e-07
-5.38661e-06
-2.30648e-07
-5.35513e-06
-2.13202e-07
-5.32041e-06
-2.07477e-07
-5.28131e-06
-2.07971e-07
-5.23859e-06
-2.09868e-07
-5.1944e-06
-2.09598e-07
-5.15089e-06
-2.05872e-07
-5.10962e-06
-1.99068e-07
-5.07097e-06
-1.90946e-07
-5.03468e-06
-1.83064e-07
-5e-06
-1.76728e-07
-4.96654e-06
-1.72047e-07
-4.93307e-06
-1.70494e-07
-4.89868e-06
-1.72593e-07
-4.86261e-06
-1.77197e-07
-4.82512e-06
-1.82621e-07
-4.78694e-06
-1.88361e-07
-4.74968e-06
-1.93047e-07
-4.71509e-06
-1.97198e-07
-4.68357e-06
-2.05835e-07
-4.65413e-06
-2.25936e-07
-4.62285e-06
-2.67329e-07
-4.5844e-06
-3.40386e-07
-4.5264e-06
-4.67646e-07
-4.43171e-06
-6.6625e-07
-4.27933e-06
-9.48475e-07
-4.04157e-06
-1.33005e-06
-3.6891e-06
-1.80464e-06
-3.19807e-06
-2.34724e-06
-2.56111e-06
-2.90429e-06
-1.78935e-06
-3.41542e-06
-9.24885e-07
-3.79978e-06
-4.04967e-06
-2.29584e-05
0.000131036
-4.63828e-05
0.000133109
-7.03882e-05
0.000135018
-9.51434e-05
0.000137121
-0.00012082
0.000139403
-0.000147579
0.000141827
-0.000175557
0.000144322
-0.000204777
0.000146762
-0.000235091
0.000149033
-0.000266588
0.000151345
-0.000299332
0.00015359
-0.000333283
0.000155633
-0.000368339
0.000157376
-0.00040432
0.000158655
-0.000441029
0.00015943
-0.000478228
0.000159609
-0.000515646
0.000159109
-0.000552993
0.000157885
-0.000589949
0.00015587
-0.00062617
0.000153011
-0.000661291
0.000149266
-0.000694928
0.000144604
-0.000726688
0.00013902
-0.000756172
0.000132509
-0.000783007
0.000125139
-0.00080686
0.000116972
-0.000827494
0.000108191
-0.000844837
9.90339e-05
-0.000859068
8.98903e-05
-0.000869821
8.03171e-05
-0.000877294
7.06286e-05
-0.00088178
6.10872e-05
-0.000883599
5.18508e-05
-0.000883063
4.29818e-05
-0.000880431
3.45047e-05
-0.000876001
2.6477e-05
-0.000870258
1.91042e-05
-0.000863492
1.22532e-05
-0.000855665
5.77343e-06
-0.000846369
-8.40019e-07
-0.00083596
-6.93557e-06
-0.00082504
-1.25658e-05
-0.000813538
-1.78701e-05
-0.000801492
-2.2885e-05
-0.000788956
-2.76301e-05
-0.000775988
-3.21166e-05
-0.000762636
-3.63605e-05
-0.00074895
-4.03639e-05
-0.000734969
-4.41409e-05
-0.000720735
-4.76897e-05
-0.00070628
-5.10238e-05
-0.00069164
-5.41387e-05
-0.000676845
-5.70448e-05
-0.000661924
-5.97457e-05
-0.000646907
-6.22369e-05
-0.000631817
-6.45425e-05
-0.00061669
-6.6617e-05
-0.000601542
-6.85342e-05
-0.000586405
-7.02231e-05
-0.000571293
-7.17713e-05
-0.000556238
-7.30983e-05
-0.000541255
-7.42647e-05
-0.000526369
-7.52467e-05
-0.0005116
-7.60492e-05
-0.000496963
-7.6706e-05
-0.000482475
-7.71941e-05
-0.000468151
-7.75476e-05
-0.000454006
-7.77436e-05
-0.000440055
-7.77888e-05
-0.000426312
-7.76899e-05
-0.000412781
-7.75075e-05
-0.000399476
-7.71665e-05
-0.000386409
-7.67016e-05
-0.00037358
-7.61708e-05
-0.000360996
-7.55279e-05
-0.000348669
-7.47558e-05
-0.000336597
-7.39354e-05
-0.000324786
-7.30232e-05
-0.00031324
-7.20264e-05
-0.000301962
-7.09523e-05
-0.000290949
-6.98509e-05
-0.000280206
-6.86619e-05
-0.000269731
-6.74349e-05
-0.000259524
-6.61544e-05
-0.000249582
-6.48456e-05
-0.000239904
-6.35119e-05
-0.00023049
-6.21211e-05
-0.000221337
-6.07151e-05
-0.000212442
-5.92964e-05
-0.000203804
-5.78515e-05
-0.00019542
-5.64001e-05
-0.000187287
-5.49296e-05
-0.000179406
-5.34443e-05
-0.00017177
-5.19755e-05
-0.00016438
-5.04838e-05
-0.000157232
-4.90006e-05
-0.000150321
-4.75278e-05
-0.000143647
-4.60445e-05
-0.000137202
-4.46004e-05
-0.000130984
-4.31516e-05
-0.000124988
-4.17134e-05
-0.000119207
-4.03083e-05
-0.000113639
-3.89081e-05
-0.000108277
-3.75433e-05
-0.000103115
-3.61961e-05
-9.81502e-05
-3.48685e-05
-9.3376e-05
-3.35695e-05
-8.87875e-05
-3.22989e-05
-8.43811e-05
-3.10496e-05
-8.01522e-05
-2.98293e-05
-7.60962e-05
-2.86377e-05
-7.22104e-05
-2.74632e-05
-6.84886e-05
-2.63306e-05
-6.49284e-05
-2.52115e-05
-6.15241e-05
-2.41293e-05
-5.82706e-05
-2.30784e-05
-5.51628e-05
-2.20587e-05
-5.21969e-05
-2.10617e-05
-4.93679e-05
-2.00964e-05
-4.66706e-05
-1.91657e-05
-4.41015e-05
-1.8261e-05
-4.16571e-05
-1.73822e-05
-3.93336e-05
-1.65326e-05
-3.71268e-05
-1.57147e-05
-3.50336e-05
-1.49197e-05
-3.30498e-05
-1.41542e-05
-3.11708e-05
-1.34205e-05
-2.93928e-05
-1.27113e-05
-2.77111e-05
-1.20337e-05
-2.61214e-05
-1.13849e-05
-2.46202e-05
-1.0761e-05
-2.32028e-05
-1.01678e-05
-2.18647e-05
-9.60325e-06
-2.06013e-05
-9.06587e-06
-1.94076e-05
-8.5583e-06
-1.82791e-05
-8.07656e-06
-1.72115e-05
-7.61925e-06
-1.62013e-05
-7.18657e-06
-1.52458e-05
-6.77451e-06
-1.43436e-05
-6.37949e-06
-1.34937e-05
-6.00054e-06
-1.26952e-05
-5.63646e-06
-1.19469e-05
-5.28782e-06
-1.1247e-05
-4.95294e-06
-1.05924e-05
-4.63505e-06
-9.97915e-06
-4.33596e-06
-9.40363e-06
-4.05218e-06
-8.86301e-06
-3.78236e-06
-8.35587e-06
-3.52326e-06
-7.88257e-06
-3.2698e-06
-7.44447e-06
-3.01948e-06
-7.04322e-06
-2.77133e-06
-6.68014e-06
-2.52497e-06
-6.35556e-06
-2.28251e-06
-6.06898e-06
-2.04622e-06
-5.81943e-06
-1.81732e-06
-5.60533e-06
-1.59903e-06
-5.42459e-06
-1.39309e-06
-5.2742e-06
-1.20186e-06
-5.15028e-06
-1.02804e-06
-5.04912e-06
-8.71387e-07
-4.96683e-06
-7.33382e-07
-4.90077e-06
-6.12664e-07
-4.84968e-06
-5.06496e-07
-4.81208e-06
-4.14604e-07
-4.78671e-06
-3.38095e-07
-4.7696e-06
-2.80892e-07
-4.75515e-06
-2.45092e-07
-4.73729e-06
-2.31065e-07
-4.7119e-06
-2.32864e-07
-4.67835e-06
-2.41526e-07
-4.63862e-06
-2.49594e-07
-4.5968e-06
-2.51419e-07
-4.55644e-06
-2.46235e-07
-4.51968e-06
-2.35826e-07
-4.48635e-06
-2.24278e-07
-4.45586e-06
-2.13546e-07
-4.42674e-06
-2.05855e-07
-4.39885e-06
-1.99937e-07
-4.37075e-06
-1.98592e-07
-4.34118e-06
-2.0216e-07
-4.30917e-06
-2.09209e-07
-4.27497e-06
-2.16822e-07
-4.24023e-06
-2.23097e-07
-4.20757e-06
-2.25712e-07
-4.18042e-06
-2.24345e-07
-4.15963e-06
-2.26629e-07
-4.14602e-06
-2.39538e-07
-4.13502e-06
-2.78334e-07
-4.12485e-06
-3.5056e-07
-4.10297e-06
-4.89528e-07
-4.05367e-06
-7.15543e-07
-3.95526e-06
-1.04688e-06
-3.77797e-06
-1.50734e-06
-3.48703e-06
-2.09559e-06
-3.05035e-06
-2.78392e-06
-2.45633e-06
-3.49831e-06
-1.71494e-06
-4.15682e-06
-8.82571e-07
-4.63215e-06
-4.93224e-06
-1.73496e-05
0.000148386
-3.51923e-05
0.000150952
-5.38451e-05
0.00015367
-7.36525e-05
0.000156928
-9.49825e-05
0.000160733
-0.000118227
0.000165072
-0.000143771
0.000169866
-0.000171925
0.000174915
-0.000202646
0.000179755
-0.00023575
0.000184448
-0.000271389
0.000189229
-0.000309406
0.00019365
-0.000349512
0.000197482
-0.00039139
0.000200533
-0.000434713
0.000202753
-0.00047908
0.000203976
-0.000524088
0.000204116
-0.000569309
0.000203107
-0.000614282
0.000200843
-0.000658501
0.00019723
-0.000701411
0.000192176
-0.0007424
0.000185592
-0.000780797
0.000177417
-0.000815872
0.000167584
-0.000846863
0.00015613
-0.000873016
0.000143125
-0.00089375
0.000128926
-0.000909276
0.00011456
-0.000918935
9.95491e-05
-0.00092325
8.46318e-05
-0.000923118
7.04964e-05
-0.000919353
5.73226e-05
-0.000912609
4.51067e-05
-0.000903522
3.3895e-05
-0.000892927
2.39094e-05
-0.000881336
1.48856e-05
-0.00086891
6.67899e-06
-0.000854875
-1.78193e-06
-0.000839875
-9.22689e-06
-0.000824734
-1.59807e-05
-0.000809424
-2.22463e-05
-0.000793894
-2.80951e-05
-0.000778194
-3.35706e-05
-0.000762365
-3.87135e-05
-0.000746446
-4.35497e-05
-0.000730467
-4.80954e-05
-0.000714451
-5.23761e-05
-0.00069842
-5.63955e-05
-0.000682387
-6.01737e-05
-0.000666369
-6.37078e-05
-0.000650378
-6.70147e-05
-0.000634429
-7.00873e-05
-0.000618536
-7.29379e-05
-0.000602712
-7.55698e-05
-0.000586973
-7.79758e-05
-0.000571331
-8.01848e-05
-0.000555808
-8.21395e-05
-0.000540412
-8.393e-05
-0.000525167
-8.54685e-05
-0.000510077
-8.68611e-05
-0.000495166
-8.80095e-05
-0.000480444
-8.89872e-05
-0.000465925
-8.9765e-05
-0.000451625
-9.0349e-05
-0.000437552
-9.07794e-05
-0.000423717
-9.1029e-05
-0.000410127
-9.1138e-05
-0.00039679
-9.10799e-05
-0.000383717
-9.08626e-05
-0.000370912
-9.0494e-05
-0.000358375
-9.00447e-05
-0.000346115
-8.94268e-05
-0.000334136
-8.86808e-05
-0.000322433
-8.78735e-05
-0.00031101
-8.69509e-05
-0.000299873
-8.58933e-05
-0.000289015
-8.47932e-05
-0.000278438
-8.36004e-05
-0.000268141
-8.2323e-05
-0.000258124
-8.09692e-05
-0.00024838
-7.95955e-05
-0.000238908
-7.81332e-05
-0.000229705
-7.66385e-05
-0.000220766
-7.50933e-05
-0.000212085
-7.3526e-05
-0.000203657
-7.19398e-05
-0.000195481
-7.02976e-05
-0.00018755
-6.86461e-05
-0.000179859
-6.69873e-05
-0.000172406
-6.5305e-05
-0.000165185
-6.36208e-05
-0.000158195
-6.19198e-05
-0.000151433
-6.02062e-05
-0.000144893
-5.85148e-05
-0.000138576
-5.6801e-05
-0.000132477
-5.51e-05
-0.000126591
-5.34138e-05
-0.000120916
-5.1719e-05
-0.000115445
-5.00715e-05
-0.000110175
-4.84221e-05
-0.0001051
-4.67881e-05
-0.000100214
-4.51945e-05
-9.55121e-05
-4.36097e-05
-9.09877e-05
-4.20677e-05
-8.66356e-05
-4.05482e-05
-8.24511e-05
-3.9053e-05
-7.84289e-05
-3.75917e-05
-7.45645e-05
-3.61633e-05
-7.08545e-05
-3.47596e-05
-6.72953e-05
-3.33885e-05
-6.38834e-05
-3.20496e-05
-6.06166e-05
-3.073e-05
-5.74899e-05
-2.94573e-05
-5.45011e-05
-2.82003e-05
-5.1645e-05
-2.69854e-05
-4.89168e-05
-2.58066e-05
-4.63115e-05
-2.4664e-05
-4.38253e-05
-2.35478e-05
-4.14536e-05
-2.24681e-05
-3.9192e-05
-2.14274e-05
-3.70375e-05
-2.04154e-05
-3.49879e-05
-1.94318e-05
-3.30404e-05
-1.84801e-05
-3.1192e-05
-1.75631e-05
-2.94404e-05
-1.66714e-05
-2.77819e-05
-1.58127e-05
-2.62121e-05
-1.49902e-05
-2.47276e-05
-1.41958e-05
-2.33242e-05
-1.34371e-05
-2.19984e-05
-1.27107e-05
-2.07473e-05
-1.20121e-05
-1.95671e-05
-1.1348e-05
-1.84538e-05
-1.07165e-05
-1.74031e-05
-1.01166e-05
-1.64097e-05
-9.55174e-06
-1.54687e-05
-9.01748e-06
-1.45762e-05
-8.51183e-06
-1.37285e-05
-8.03419e-06
-1.2924e-05
-7.57902e-06
-1.21623e-05
-7.14121e-06
-1.14439e-05
-6.71889e-06
-1.07697e-05
-6.31066e-06
-1.01397e-05
-5.9179e-06
-9.55253e-06
-5.54008e-06
-9.0048e-06
-5.18278e-06
-8.49148e-06
-4.84928e-06
-8.0075e-06
-4.53616e-06
-7.5494e-06
-4.24046e-06
-7.11605e-06
-3.95661e-06
-6.70902e-06
-3.67683e-06
-6.33135e-06
-3.39715e-06
-5.98637e-06
-3.11631e-06
-5.67644e-06
-2.8349e-06
-5.40202e-06
-2.55693e-06
-5.1625e-06
-2.28573e-06
-4.95685e-06
-2.02297e-06
-4.78386e-06
-1.77202e-06
-4.64188e-06
-1.53507e-06
-4.52782e-06
-1.31591e-06
-4.43712e-06
-1.11874e-06
-4.365e-06
-9.43507e-07
-4.30738e-06
-7.91003e-07
-4.26185e-06
-6.58197e-07
-4.2279e-06
-5.40445e-07
-4.20736e-06
-4.35146e-07
-4.1994e-06
-3.4605e-07
-4.19963e-06
-2.80659e-07
-4.20129e-06
-2.4344e-07
-4.19583e-06
-2.36519e-07
-4.17807e-06
-2.50624e-07
-4.14756e-06
-2.72037e-07
-4.10833e-06
-2.88825e-07
-4.067e-06
-2.9275e-07
-4.02871e-06
-2.84522e-07
-3.99635e-06
-2.68192e-07
-3.96818e-06
-2.52451e-07
-3.94344e-06
-2.38284e-07
-3.91916e-06
-2.30132e-07
-3.89622e-06
-2.22877e-07
-3.873e-06
-2.21809e-07
-3.84794e-06
-2.27228e-07
-3.8192e-06
-2.37948e-07
-3.78704e-06
-2.48976e-07
-3.754e-06
-2.56142e-07
-3.72405e-06
-2.55663e-07
-3.70289e-06
-2.45498e-07
-3.69055e-06
-2.38974e-07
-3.69067e-06
-2.39421e-07
-3.69652e-06
-2.72476e-07
-3.70961e-06
-3.37473e-07
-3.71819e-06
-4.80949e-07
-3.70887e-06
-7.24861e-07
-3.66016e-06
-1.09559e-06
-3.53976e-06
-1.62774e-06
-3.30808e-06
-2.32728e-06
-2.92254e-06
-3.16945e-06
-2.36606e-06
-4.05479e-06
-1.64659e-06
-4.87629e-06
-8.37736e-07
-5.441e-06
-5.76997e-06
-8.28506e-06
0.000156671
-1.69909e-05
0.000159658
-2.6643e-05
0.000163322
-3.77616e-05
0.000168047
-5.09674e-05
0.000173939
-6.70148e-05
0.000181119
-8.68482e-05
0.000189699
-0.000111544
0.000199612
-0.000142227
0.000210437
-0.000177848
0.00022007
-0.000217965
0.000229346
-0.00026203
0.000237715
-0.000309531
0.000244984
-0.000359947
0.000250948
-0.000412698
0.000255504
-0.000467226
0.000258504
-0.000522991
0.000259881
-0.000579454
0.00025957
-0.000636033
0.000257422
-0.000692074
0.000253272
-0.000746816
0.000246917
-0.000799339
0.000238116
-0.000848539
0.000226617
-0.000893094
0.000212139
-0.000931502
0.000194538
-0.000962141
0.000173764
-0.000983531
0.000150316
-0.000993351
0.00012438
-0.000993557
9.97555e-05
-0.000986403
7.74777e-05
-0.000973851
5.79446e-05
-0.000957611
4.10821e-05
-0.000939249
2.67452e-05
-0.000919894
1.45402e-05
-0.000900244
4.25945e-06
-0.000878298
-7.0605e-06
-0.000855907
-1.5712e-05
-0.000834392
-2.32977e-05
-0.000813477
-3.01416e-05
-0.000793048
-3.64095e-05
-0.000773093
-4.22009e-05
-0.000753588
-4.76001e-05
-0.000734508
-5.26513e-05
-0.000715821
-5.74001e-05
-0.000697497
-6.18736e-05
-0.000679506
-6.60869e-05
-0.000661815
-7.00667e-05
-0.0006444
-7.38107e-05
-0.000627236
-7.73381e-05
-0.000610305
-8.06382e-05
-0.000593594
-8.37263e-05
-0.000577094
-8.65875e-05
-0.0005608
-8.92318e-05
-0.000544711
-9.16583e-05
-0.000528833
-9.38545e-05
-0.000513166
-9.58517e-05
-0.000497726
-9.75791e-05
-0.000482514
-9.91417e-05
-0.000467549
-0.000100434
-0.00045283
-0.00010158
-0.000438376
-0.000102464
-0.000424192
-0.000103171
-0.000410288
-0.000103668
-0.000396675
-0.000103962
-0.000383355
-0.0001041
-0.000370334
-0.00010405
-0.000357614
-0.000103858
-0.000345199
-0.000103495
-0.000333091
-0.00010297
-0.000321294
-0.000102292
-0.000309799
-0.000101539
-0.000298612
-0.000100614
-0.000287732
-9.95609e-05
-0.000277151
-9.84546e-05
-0.000266868
-9.72338e-05
-0.000256885
-9.58764e-05
-0.000247193
-9.44853e-05
-0.000237789
-9.3004e-05
-0.000228671
-9.14413e-05
-0.000219834
-8.98061e-05
-0.000211268
-8.81611e-05
-0.000202972
-8.64299e-05
-0.000194936
-8.46746e-05
-0.000187154
-8.28751e-05
-0.000179618
-8.10621e-05
-0.000172319
-7.92387e-05
-0.000165253
-7.73631e-05
-0.000158413
-7.54859e-05
-0.000151793
-7.36079e-05
-0.000145387
-7.17104e-05
-0.000139192
-6.98158e-05
-0.000133205
-6.7907e-05
-0.000127423
-6.5988e-05
-0.000121842
-6.40963e-05
-0.00011646
-6.2183e-05
-0.000111273
-6.02865e-05
-0.000106278
-5.84093e-05
-0.000101471
-5.65259e-05
-9.68449e-05
-5.46978e-05
-9.23957e-05
-5.28712e-05
-8.81182e-05
-5.10655e-05
-8.40049e-05
-4.93078e-05
-8.00508e-05
-4.75637e-05
-7.62484e-05
-4.587e-05
-7.25924e-05
-4.42043e-05
-6.90777e-05
-4.25677e-05
-6.56995e-05
-4.09699e-05
-6.24538e-05
-3.94091e-05
-5.9338e-05
-3.78753e-05
-5.63497e-05
-3.63768e-05
-5.34865e-05
-3.49128e-05
-5.07473e-05
-3.34692e-05
-4.8128e-05
-3.20766e-05
-4.56268e-05
-3.07014e-05
-4.32389e-05
-2.93733e-05
-4.09594e-05
-2.80861e-05
-3.87831e-05
-2.68402e-05
-3.67059e-05
-2.5625e-05
-3.47234e-05
-2.44507e-05
-3.28316e-05
-2.33192e-05
-3.10285e-05
-2.22184e-05
-2.93131e-05
-2.11473e-05
-2.76841e-05
-2.01091e-05
-2.61399e-05
-1.91073e-05
-2.46786e-05
-1.81326e-05
-2.32969e-05
-1.71944e-05
-2.19904e-05
-1.62967e-05
-2.07554e-05
-1.54308e-05
-1.95881e-05
-1.46044e-05
-1.84858e-05
-1.38131e-05
-1.74466e-05
-1.30513e-05
-1.6468e-05
-1.23266e-05
-1.55464e-05
-1.1638e-05
-1.46775e-05
-1.09856e-05
-1.38553e-05
-1.03739e-05
-1.30746e-05
-9.79818e-06
-1.23308e-05
-9.25566e-06
-1.16206e-05
-8.74445e-06
-1.09427e-05
-8.25687e-06
-1.02983e-05
-7.78566e-06
-9.6897e-06
-7.32745e-06
-9.11981e-06
-6.88055e-06
-8.59019e-06
-6.44751e-06
-8.10033e-06
-6.02993e-06
-7.64587e-06
-5.63724e-06
-7.22011e-06
-5.27504e-06
-6.81563e-06
-4.94064e-06
-6.42787e-06
-4.62822e-06
-6.05601e-06
-4.32847e-06
-5.70329e-06
-4.02955e-06
-5.37507e-06
-3.72537e-06
-5.07691e-06
-3.41447e-06
-4.81213e-06
-3.09969e-06
-4.58065e-06
-2.7884e-06
-4.38134e-06
-2.48505e-06
-4.21275e-06
-2.19156e-06
-4.07439e-06
-1.91037e-06
-3.96541e-06
-1.64406e-06
-3.88292e-06
-1.3984e-06
-3.82123e-06
-1.18043e-06
-3.77404e-06
-9.90701e-07
-3.73638e-06
-8.28657e-07
-3.70597e-06
-6.88613e-07
-3.68471e-06
-5.61705e-07
-3.67664e-06
-4.43212e-07
-3.68341e-06
-3.39281e-07
-3.69956e-06
-2.64509e-07
-3.71666e-06
-2.26337e-07
-3.7225e-06
-2.30685e-07
-3.71059e-06
-2.62529e-07
-3.68073e-06
-3.019e-07
-3.63945e-06
-3.30108e-07
-3.59697e-06
-3.35232e-07
-3.56001e-06
-3.21474e-07
-3.53249e-06
-2.95712e-07
-3.50945e-06
-2.75498e-07
-3.49055e-06
-2.57177e-07
-3.47016e-06
-2.50528e-07
-3.45152e-06
-2.41514e-07
-3.43271e-06
-2.40622e-07
-3.41189e-06
-2.48049e-07
-3.38592e-06
-2.63916e-07
-3.35458e-06
-2.80311e-07
-3.3217e-06
-2.89023e-07
-3.29276e-06
-2.84608e-07
-3.27662e-06
-2.61631e-07
-3.27061e-06
-2.44986e-07
-3.2826e-06
-2.2743e-07
-3.30123e-06
-2.53849e-07
-3.33242e-06
-3.0628e-07
-3.36531e-06
-4.48062e-07
-3.38915e-06
-7.01024e-07
-3.38523e-06
-1.09951e-06
-3.31696e-06
-1.69601e-06
-3.14177e-06
-2.50246e-06
-2.8052e-06
-3.50602e-06
-2.28242e-06
-4.57757e-06
-1.57925e-06
-5.57946e-06
-7.88182e-07
-6.23207e-06
-6.55816e-06
7.2598e-06
0.000149411
1.44448e-05
0.000152473
2.09231e-05
0.000156844
2.61337e-05
0.000162836
2.92341e-05
0.000170839
2.88767e-05
0.000181477
2.28084e-05
0.000195767
9.13086e-06
0.000213289
-2.72317e-05
0.000246799
-7.32485e-05
0.000266086
-0.000126511
0.000282608
-0.000184382
0.000295586
-0.000245402
0.000306004
-0.000308722
0.000314269
-0.000373949
0.000320731
-0.000440862
0.000325416
-0.000509204
0.000328224
-0.000578691
0.000329057
-0.000648938
0.000327669
-0.000719493
0.000323828
-0.000789844
0.000317269
-0.000859374
0.000307646
-0.000927217
0.00029446
-0.000991935
0.000276857
-0.00105097
0.000253573
-0.00109957
0.000222364
-0.0011323
0.000183048
-0.00111959
0.000111664
-0.00109339
7.3558e-05
-0.0010594
4.34869e-05
-0.00102312
2.16676e-05
-0.00098727
5.22956e-06
-0.000951165
-9.3593e-06
-0.000916144
-2.04807e-05
-0.000882223
-2.96623e-05
-0.000851748
-3.7535e-05
-0.000823163
-4.42971e-05
-0.000796219
-5.02417e-05
-0.000770778
-5.55831e-05
-0.0007467
-6.04868e-05
-0.000723856
-6.50455e-05
-0.000702107
-6.93489e-05
-0.000681323
-7.34353e-05
-0.000661375
-7.73484e-05
-0.000642143
-8.11048e-05
-0.000623525
-8.47055e-05
-0.000605425
-8.81662e-05
-0.000587771
-9.14652e-05
-0.0005705
-9.46093e-05
-0.000553568
-9.75702e-05
-0.000536941
-0.000100353
-0.0005206
-0.000102928
-0.000504533
-0.0001053
-0.000488733
-0.000107458
-0.000473203
-0.000109384
-0.000457945
-0.00011111
-0.000442973
-0.000112551
-0.000428288
-0.000113827
-0.000413907
-0.000114815
-0.000399829
-0.000115658
-0.000386071
-0.000116222
-0.000372637
-0.000116606
-0.000359533
-0.000116772
-0.000346767
-0.000116729
-0.000334336
-0.00011653
-0.000322245
-0.000116141
-0.000310489
-0.000115614
-0.00029907
-0.000114915
-0.000287984
-0.000114055
-0.000277231
-0.000113045
-0.000266799
-0.000111971
-0.000256689
-0.000110724
-0.000246896
-0.000109354
-0.00023741
-0.00010794
-0.000228228
-0.000106416
-0.000219347
-0.000104757
-0.000210757
-0.000103075
-0.000202455
-0.000101307
-0.000194433
-9.94624e-05
-0.000186688
-9.75519e-05
-0.000179206
-9.56431e-05
-0.000171982
-9.36532e-05
-0.000165007
-9.16497e-05
-0.000158272
-8.96108e-05
-0.000151764
-8.75695e-05
-0.000145475
-8.55281e-05
-0.000139397
-8.34409e-05
-0.000133522
-8.13607e-05
-0.000127843
-7.92871e-05
-0.000122356
-7.7198e-05
-0.000117055
-7.51164e-05
-0.000111939
-7.30229e-05
-0.000107006
-7.09205e-05
-0.000102253
-6.88496e-05
-9.76788e-05
-6.67574e-05
-9.32794e-05
-6.46858e-05
-8.9051e-05
-6.26377e-05
-8.49906e-05
-6.05863e-05
-8.10906e-05
-5.85978e-05
-7.73468e-05
-5.66151e-05
-7.37532e-05
-5.46591e-05
-7.03019e-05
-5.27592e-05
-6.69873e-05
-5.08783e-05
-6.38015e-05
-4.90558e-05
-6.07385e-05
-4.72673e-05
-5.77932e-05
-4.5513e-05
-5.49608e-05
-4.38023e-05
-5.22381e-05
-4.21318e-05
-4.96237e-05
-4.04897e-05
-4.71166e-05
-3.88839e-05
-4.4716e-05
-3.73134e-05
-4.24219e-05
-3.57634e-05
-4.02313e-05
-3.42671e-05
-3.81427e-05
-3.279e-05
-3.61514e-05
-3.13647e-05
-3.4252e-05
-2.99854e-05
-3.24391e-05
-2.86532e-05
-3.07077e-05
-2.73564e-05
-2.90531e-05
-2.61053e-05
-2.7472e-05
-2.49003e-05
-2.59634e-05
-2.37271e-05
-2.45276e-05
-2.25831e-05
-2.31654e-05
-2.14713e-05
-2.18766e-05
-2.03961e-05
-2.06601e-05
-1.93492e-05
-1.95123e-05
-1.83422e-05
-1.84281e-05
-1.73809e-05
-1.74031e-05
-1.64557e-05
-1.64338e-05
-1.55738e-05
-1.55184e-05
-1.47284e-05
-1.46567e-05
-1.3913e-05
-1.38474e-05
-1.31359e-05
-1.30879e-05
-1.23976e-05
-1.23731e-05
-1.17004e-05
-1.16966e-05
-1.10504e-05
-1.10517e-05
-1.04431e-05
-1.04333e-05
-9.87407e-06
-9.83788e-06
-9.33983e-06
-9.26498e-06
-8.82977e-06
-8.71695e-06
-8.33369e-06
-8.19844e-06
-7.84595e-06
-7.71475e-06
-7.36425e-06
-7.26955e-06
-6.89271e-06
-6.8634e-06
-6.43609e-06
-6.49053e-06
-6.01011e-06
-6.14188e-06
-5.62369e-06
-5.80649e-06
-5.27603e-06
-5.47825e-06
-4.95647e-06
-5.15658e-06
-4.65014e-06
-4.84716e-06
-4.33897e-06
-4.55855e-06
-4.01398e-06
-4.2991e-06
-3.67393e-06
-4.07294e-06
-3.32584e-06
-3.87834e-06
-2.983e-06
-3.71325e-06
-2.65014e-06
-3.57536e-06
-2.32945e-06
-3.46541e-06
-2.02033e-06
-3.38395e-06
-1.72551e-06
-3.3287e-06
-1.45366e-06
-3.2924e-06
-1.21673e-06
-3.26669e-06
-1.0164e-06
-3.24449e-06
-8.50858e-07
-3.22423e-06
-7.08878e-07
-3.21043e-06
-5.75507e-07
-3.21063e-06
-4.43006e-07
-3.2299e-06
-3.20016e-07
-3.26046e-06
-2.33941e-07
-3.29261e-06
-1.94187e-07
-3.30874e-06
-2.14558e-07
-3.30122e-06
-2.70051e-07
-3.2697e-06
-3.33419e-07
-3.22398e-06
-3.75826e-07
-3.17896e-06
-3.80257e-07
-3.14298e-06
-3.57455e-07
-3.12133e-06
-3.17356e-07
-3.10344e-06
-2.9339e-07
-3.09055e-06
-2.70063e-07
-3.07277e-06
-2.68309e-07
-3.05766e-06
-2.56625e-07
-3.04285e-06
-2.55435e-07
-3.02624e-06
-2.64652e-07
-3.00273e-06
-2.87427e-07
-2.97127e-06
-3.11777e-07
-2.93725e-06
-3.23041e-07
-2.90784e-06
-3.14014e-07
-2.8961e-06
-2.73373e-07
-2.89483e-06
-2.46261e-07
-2.91694e-06
-2.0532e-07
-2.94481e-06
-2.25972e-07
-2.98937e-06
-2.61723e-07
-3.03975e-06
-3.97684e-07
-3.09021e-06
-6.50564e-07
-3.12381e-06
-1.0659e-06
-3.10313e-06
-1.71669e-06
-2.98132e-06
-2.62427e-06
-2.69207e-06
-3.79527e-06
-2.20017e-06
-5.06947e-06
-1.50999e-06
-6.26964e-06
-7.34063e-07
-7.00799e-06
-7.29222e-06
2.43723e-05
0.000125039
4.87695e-05
0.000128076
7.20062e-05
0.000133607
9.29439e-05
0.000141898
0.000109999
0.000153784
0.000121244
0.000170232
0.000123296
0.000193715
0.000116922
0.000219663
8.29895e-05
0.000280732
4.35204e-05
0.000305556
-7.82004e-06
0.000333948
-6.92506e-05
0.000357017
-0.000139172
0.000375925
-0.000215817
0.000390914
-0.000297936
0.000402849
-0.000384374
0.000411854
-0.000474201
0.00041805
-0.000566674
0.00042153
-0.000661073
0.000422067
-0.00075653
0.000419284
-0.000851811
0.00041255
-0.00094509
0.000400924
-0.00103375
0.000383122
-0.0011142
0.000357309
-0.00118165
0.000321021
-0.00122944
0.000270152
-0.0012603
0.000213912
-0.00122214
7.34999e-05
-0.00118004
3.14624e-05
-0.00112805
-8.50511e-06
-0.00106727
-3.91153e-05
-0.00100477
-5.72676e-05
-0.00094641
-6.77204e-05
-0.000893716
-7.3175e-05
-0.000847451
-7.59269e-05
-0.000807198
-7.77885e-05
-0.000771848
-7.96475e-05
-0.000740427
-8.16621e-05
-0.000712204
-8.38061e-05
-0.00068659
-8.61005e-05
-0.000663101
-8.85353e-05
-0.000641316
-9.11334e-05
-0.000620888
-9.3863e-05
-0.000601528
-9.67086e-05
-0.000583005
-9.96276e-05
-0.000565142
-0.000102569
-0.000547802
-0.000105506
-0.000530888
-0.000108379
-0.00051433
-0.000111167
-0.000498084
-0.000113816
-0.000482124
-0.000116314
-0.000466436
-0.000118616
-0.000451019
-0.000120717
-0.000435875
-0.000122602
-0.000421016
-0.000124244
-0.000406449
-0.000125677
-0.000392194
-0.000126805
-0.000378257
-0.000127764
-0.000364657
-0.000128415
-0.000351395
-0.00012892
-0.000338487
-0.00012913
-0.000325936
-0.000129157
-0.000313748
-0.00012896
-0.000301925
-0.000128551
-0.000290466
-0.00012799
-0.000279368
-0.000127239
-0.000268625
-0.000126357
-0.000258233
-0.000125307
-0.000248186
-0.000124102
-0.000238478
-0.000122753
-0.000229096
-0.000121353
-0.000220036
-0.000119784
-0.000211292
-0.000118098
-0.000202851
-0.000116381
-0.000194707
-0.00011456
-0.000186858
-0.000112606
-0.000179293
-0.00011064
-0.000172005
-0.000108594
-0.000164989
-0.000106479
-0.000158237
-0.000104304
-0.000151737
-0.000102143
-0.000145482
-9.9908e-05
-0.00013946
-9.76719e-05
-0.00013366
-9.54115e-05
-0.000128067
-9.31617e-05
-0.000122671
-9.09244e-05
-0.000117463
-8.86494e-05
-0.000112432
-8.63912e-05
-0.000107572
-8.41469e-05
-0.000102879
-8.18908e-05
-9.83498e-05
-7.96459e-05
-9.39829e-05
-7.73897e-05
-8.97788e-05
-7.51246e-05
-8.57349e-05
-7.28935e-05
-8.18513e-05
-7.0641e-05
-7.81249e-05
-6.84121e-05
-7.45518e-05
-6.62108e-05
-7.11286e-05
-6.40095e-05
-6.7848e-05
-6.18784e-05
-6.47051e-05
-5.9758e-05
-6.16935e-05
-5.76707e-05
-5.88052e-05
-5.56475e-05
-5.60336e-05
-5.36498e-05
-5.33704e-05
-5.1719e-05
-5.08089e-05
-4.98288e-05
-4.83434e-05
-4.79785e-05
-4.59695e-05
-4.61761e-05
-4.36849e-05
-4.44164e-05
-4.14897e-05
-4.2685e-05
-3.93844e-05
-4.09892e-05
-3.73703e-05
-3.93275e-05
-3.54486e-05
-3.76851e-05
-3.36176e-05
-3.60982e-05
-3.18757e-05
-3.45319e-05
-3.02182e-05
-3.30222e-05
-2.86392e-05
-3.15644e-05
-2.71323e-05
-3.01601e-05
-2.56913e-05
-2.87974e-05
-2.43112e-05
-2.74854e-05
-2.29887e-05
-2.62228e-05
-2.17241e-05
-2.49917e-05
-2.05197e-05
-2.37875e-05
-1.93788e-05
-2.26122e-05
-1.83031e-05
-2.14719e-05
-1.72918e-05
-2.03604e-05
-1.63408e-05
-1.92932e-05
-1.54435e-05
-1.82782e-05
-1.45941e-05
-1.73051e-05
-1.3789e-05
-1.63788e-05
-1.3028e-05
-1.54894e-05
-1.2313e-05
-1.4628e-05
-1.16447e-05
-1.38042e-05
-1.10212e-05
-1.30211e-05
-1.04367e-05
-1.22848e-05
-9.88347e-06
-1.16036e-05
-9.35312e-06
-1.09734e-05
-8.83978e-06
-1.03874e-05
-8.33969e-06
-9.83993e-06
-7.85282e-06
-9.31663e-06
-7.38301e-06
-8.8035e-06
-6.93722e-06
-8.29174e-06
-6.52364e-06
-7.77783e-06
-6.14861e-06
-7.26774e-06
-5.8145e-06
-6.7702e-06
-5.51334e-06
-6.31127e-06
-5.23313e-06
-5.90389e-06
-4.95803e-06
-5.55113e-06
-4.67985e-06
-5.23465e-06
-4.39803e-06
-4.93196e-06
-4.12195e-06
-4.61504e-06
-3.86445e-06
-4.27148e-06
-3.63695e-06
-3.90143e-06
-3.44443e-06
-3.51836e-06
-3.28171e-06
-3.14572e-06
-3.1458e-06
-2.78605e-06
-3.03276e-06
-2.44249e-06
-2.94539e-06
-2.1077e-06
-2.88631e-06
-1.78459e-06
-2.85447e-06
-1.4855e-06
-2.84077e-06
-1.23042e-06
-2.83339e-06
-1.02378e-06
-2.82279e-06
-8.61463e-07
-2.80798e-06
-7.2369e-07
-2.7969e-06
-5.8658e-07
-2.80129e-06
-4.38624e-07
-2.83097e-06
-2.90335e-07
-2.87499e-06
-1.8992e-07
-2.92175e-06
-1.47424e-07
-2.9476e-06
-1.88708e-07
-2.94299e-06
-2.74663e-07
-2.90774e-06
-3.68674e-07
-2.8556e-06
-4.27957e-07
-2.8069e-06
-4.28965e-07
-2.77188e-06
-3.92469e-07
-2.75746e-06
-3.31777e-07
-2.74495e-06
-3.05898e-07
-2.73797e-06
-2.77047e-07
-2.72141e-06
-2.84867e-07
-2.70889e-06
-2.69151e-07
-2.69772e-06
-2.66599e-07
-2.6855e-06
-2.76878e-07
-2.66439e-06
-3.0853e-07
-2.63194e-06
-3.44226e-07
-2.5958e-06
-3.59182e-07
-2.56489e-06
-3.44932e-07
-2.55687e-06
-2.81392e-07
-2.55978e-06
-2.4335e-07
-2.59018e-06
-1.74919e-07
-2.62453e-06
-1.91617e-07
-2.67738e-06
-2.08878e-07
-2.73946e-06
-3.35601e-07
-2.80909e-06
-5.80938e-07
-2.87446e-06
-1.00053e-06
-2.89578e-06
-1.69537e-06
-2.82293e-06
-2.69712e-06
-2.57959e-06
-4.03862e-06
-2.11645e-06
-5.53261e-06
-1.43755e-06
-6.94854e-06
-6.76204e-07
-7.76934e-06
-7.96842e-06
4.21219e-05
8.29167e-05
8.87837e-05
8.14139e-05
0.000144061
7.83306e-05
0.000213383
7.25756e-05
0.000302056
6.51113e-05
0.000414601
5.76867e-05
0.000561207
4.71088e-05
0.000741691
3.91796e-05
0.000516543
0.00050588
0.000320294
0.000501804
0.000156325
0.000497917
2.13992e-05
0.000491943
-9.10969e-05
0.000488422
-0.000189308
0.000489125
-0.000279101
0.000492642
-0.000364554
0.000497307
-0.000448499
0.000501995
-0.000533256
0.000506288
-0.000620961
0.000509773
-0.000713965
0.000512288
-0.000815295
0.000513881
-0.000929254
0.000514883
-0.00106237
0.000516243
-0.00122538
0.000520312
-0.00143462
0.000530262
-0.00170729
0.000542824
-0.00205035
0.000556967
-0.00163816
-0.000338686
-0.00133172
-0.000274982
-0.00113541
-0.000204815
-0.0010056
-0.000168925
-0.000916022
-0.000146841
-0.000851047
-0.000132695
-0.000800827
-0.000123395
-0.000759289
-0.000117465
-0.000723117
-0.000113961
-0.00069101
-0.000111754
-0.000662634
-0.000110039
-0.000637527
-0.000108913
-0.000615032
-0.000108595
-0.000594533
-0.000109035
-0.000575512
-0.000110154
-0.000557572
-0.000111803
-0.000540412
-0.000113869
-0.000523815
-0.000116225
-0.00050763
-0.000118753
-0.000491756
-0.00012138
-0.000476131
-0.000124004
-0.000460722
-0.000126577
-0.000445515
-0.000129022
-0.000430512
-0.000131317
-0.000415726
-0.000133402
-0.000401173
-0.00013527
-0.000386875
-0.0001369
-0.000372855
-0.000138264
-0.000359132
-0.0001394
-0.000345733
-0.000140205
-0.000332668
-0.000140828
-0.00031996
-0.000141123
-0.000307613
-0.000141267
-0.00029564
-0.000141102
-0.000284046
-0.000140751
-0.000272833
-0.000140173
-0.000262002
-0.000139382
-0.000251547
-0.000138445
-0.000241463
-0.000137323
-0.000231741
-0.000136079
-0.000222371
-0.000134676
-0.000213346
-0.000133127
-0.000204656
-0.000131443
-0.000196284
-0.000129725
-0.000188225
-0.000127843
-0.00018047
-0.000125853
-0.000173005
-0.000123846
-0.000165824
-0.000121741
-0.000158924
-0.000119507
-0.000152293
-0.000117271
-0.000145926
-0.000114961
-0.000139818
-0.000112587
-0.00013396
-0.000110162
-0.00012834
-0.000107763
-0.00012295
-0.000105298
-0.000117775
-0.000102846
-0.000112803
-0.000100384
-0.000108018
-9.79467e-05
-0.000103406
-9.55368e-05
-9.89555e-05
-9.30995e-05
-9.46574e-05
-9.06893e-05
-9.05042e-05
-8.83001e-05
-8.64933e-05
-8.59018e-05
-8.26228e-05
-8.35164e-05
-7.88947e-05
-8.11178e-05
-7.53108e-05
-7.87086e-05
-7.18703e-05
-7.6334e-05
-6.85744e-05
-7.3937e-05
-6.54203e-05
-7.15661e-05
-6.24042e-05
-6.9227e-05
-5.95222e-05
-6.68915e-05
-5.6767e-05
-6.46336e-05
-5.41333e-05
-6.23917e-05
-5.16145e-05
-6.01895e-05
-4.92024e-05
-5.80596e-05
-4.68898e-05
-5.59624e-05
-4.46676e-05
-5.39412e-05
-4.25281e-05
-5.19683e-05
-4.04651e-05
-5.00416e-05
-3.84742e-05
-4.8167e-05
-3.65542e-05
-4.63363e-05
-3.47069e-05
-4.45323e-05
-3.29351e-05
-4.27609e-05
-3.12421e-05
-4.10205e-05
-2.96305e-05
-3.92966e-05
-2.80997e-05
-3.7629e-05
-2.66481e-05
-3.59835e-05
-2.52708e-05
-3.43995e-05
-2.39612e-05
-3.2874e-05
-2.27114e-05
-3.141e-05
-2.15138e-05
-2.99949e-05
-2.03623e-05
-2.86369e-05
-1.9254e-05
-2.73311e-05
-1.81901e-05
-2.60555e-05
-1.71755e-05
-2.48021e-05
-1.62167e-05
-2.3571e-05
-1.53179e-05
-2.23706e-05
-1.44786e-05
-2.11997e-05
-1.36934e-05
-2.00784e-05
-1.29531e-05
-1.90185e-05
-1.22498e-05
-1.80084e-05
-1.15799e-05
-1.70488e-05
-1.0945e-05
-1.61243e-05
-1.03501e-05
-1.52229e-05
-9.79831e-06
-1.43559e-05
-9.28875e-06
-1.35306e-05
-8.81422e-06
-1.27594e-05
-8.36534e-06
-1.20525e-05
-7.93128e-06
-1.14075e-05
-7.50569e-06
-1.0813e-05
-7.08426e-06
-1.02614e-05
-6.66757e-06
-9.73332e-06
-6.26075e-06
-9.21033e-06
-5.87286e-06
-8.67963e-06
-5.51554e-06
-8.13515e-06
-5.19825e-06
-7.58503e-06
-4.92627e-06
-7.04217e-06
-4.68848e-06
-6.54907e-06
-4.46963e-06
-6.12274e-06
-4.24742e-06
-5.77334e-06
-4.01119e-06
-5.47089e-06
-3.76002e-06
-5.18312e-06
-3.50861e-06
-4.86646e-06
-3.27516e-06
-4.50494e-06
-3.07414e-06
-4.10245e-06
-2.91176e-06
-3.68074e-06
-2.77692e-06
-3.28056e-06
-2.66609e-06
-2.89689e-06
-2.5725e-06
-2.53608e-06
-2.50235e-06
-2.17785e-06
-2.46101e-06
-1.82593e-06
-2.44911e-06
-1.4974e-06
-2.45553e-06
-1.224e-06
-2.46472e-06
-1.0146e-06
-2.46195e-06
-8.64232e-07
-2.4486e-06
-7.37036e-07
-2.43616e-06
-5.9902e-07
-2.44129e-06
-4.33495e-07
-2.47906e-06
-2.5257e-07
-2.53614e-06
-1.32838e-07
-2.59711e-06
-8.64525e-08
-2.63178e-06
-1.54037e-07
-2.62905e-06
-2.77401e-07
-2.58836e-06
-4.09356e-07
-2.52823e-06
-4.88089e-07
-2.47507e-06
-4.82131e-07
-2.44144e-06
-4.26099e-07
-2.43534e-06
-3.37878e-07
-2.42907e-06
-3.12163e-07
-2.42714e-06
-2.78977e-07
-2.41055e-06
-3.01452e-07
-2.39963e-06
-2.80078e-07
-2.39171e-06
-2.74513e-07
-2.38423e-06
-2.84362e-07
-2.36561e-06
-3.27153e-07
-2.33153e-06
-3.78307e-07
-2.29258e-06
-3.98125e-07
-2.25968e-06
-3.77839e-07
-2.25421e-06
-2.86857e-07
-2.262e-06
-2.3556e-07
-2.29838e-06
-1.38538e-07
-2.33694e-06
-1.53057e-07
-2.39438e-06
-1.51439e-07
-2.46284e-06
-2.67141e-07
-2.54507e-06
-4.98704e-07
-2.63521e-06
-9.10392e-07
-2.69348e-06
-1.63711e-06
-2.66446e-06
-2.72614e-06
-2.46538e-06
-4.2377e-06
-2.02944e-06
-5.96855e-06
-1.36145e-06
-7.61653e-06
-6.15413e-07
-8.51538e-06
-8.58384e-06
6.12946e-05
2.1622e-05
0.000125817
1.68918e-05
0.000190273
1.38744e-05
0.000249676
1.31727e-05
0.000309903
4.88462e-06
0.000372431
-4.84136e-06
0.000440785
-2.12459e-05
0.000508448
-2.8483e-05
0.000447254
0.000375343
0.000292905
0.00019777
9.223e-05
-1.94905e-05
-0.000134699
-0.000252329
-0.000372398
-0.000495423
-0.000622293
-0.000754057
-0.00089172
-0.00103595
-0.00118652
-0.00134075
-0.00149293
-0.00164044
-0.00178187
-0.00158765
-0.000532905
-0.00137136
-0.000491274
-0.00118055
-0.000395622
-0.00101797
-0.000331507
-0.000890936
-0.000273876
-0.000794501
-0.00022913
-0.000722538
-0.000195358
-0.000669357
-0.000170646
-0.000630261
-0.000153056
-0.000601041
-0.000140974
-0.000578028
-0.000133051
-0.000558738
-0.000128203
-0.000541678
-0.000125655
-0.00052594
-0.000124773
-0.000510962
-0.000125132
-0.000496401
-0.000126364
-0.000482049
-0.00012822
-0.000467789
-0.000130486
-0.000453562
-0.00013298
-0.000439347
-0.000135596
-0.00042515
-0.0001382
-0.000410995
-0.000140733
-0.000396914
-0.000143103
-0.000382947
-0.000145284
-0.000369135
-0.000147214
-0.000355518
-0.000148886
-0.000342136
-0.000150283
-0.000329023
-0.000151376
-0.000316209
-0.000152214
-0.000303727
-0.000152687
-0.000291591
-0.000152964
-0.000279826
-0.000152889
-0.000268435
-0.000152658
-0.000257432
-0.000152104
-0.000246819
-0.000151364
-0.000236597
-0.000150395
-0.000226763
-0.000149216
-0.000217308
-0.0001479
-0.000208224
-0.000146406
-0.000199498
-0.000144805
-0.000191118
-0.000143056
-0.000183073
-0.000141173
-0.000175348
-0.000139168
-0.000167927
-0.000137146
-0.000160801
-0.000134969
-0.00015396
-0.000132694
-0.000147391
-0.000130415
-0.000141087
-0.000128045
-0.000135044
-0.00012555
-0.000129254
-0.000123061
-0.000123712
-0.000120503
-0.000118412
-0.000117887
-0.000113348
-0.000115226
-0.000108508
-0.000112603
-0.000103882
-0.000109925
-9.94544e-05
-0.000107274
-9.52103e-05
-0.000104628
-9.1132e-05
-0.000102025
-8.72025e-05
-9.94663e-05
-8.34093e-05
-9.68927e-05
-7.97415e-05
-9.43571e-05
-7.61928e-05
-9.18488e-05
-7.27622e-05
-8.93325e-05
-6.94508e-05
-8.68277e-05
-6.62633e-05
-8.43053e-05
-6.3204e-05
-8.17679e-05
-6.02744e-05
-7.92636e-05
-5.74762e-05
-7.67352e-05
-5.48071e-05
-7.42353e-05
-5.22625e-05
-7.17715e-05
-4.98382e-05
-6.93158e-05
-4.75265e-05
-6.69453e-05
-4.53222e-05
-6.4596e-05
-4.32186e-05
-6.22931e-05
-4.12076e-05
-6.00706e-05
-3.92815e-05
-5.78884e-05
-3.74303e-05
-5.57924e-05
-3.56449e-05
-5.37538e-05
-3.39181e-05
-5.17684e-05
-3.22457e-05
-4.98394e-05
-3.06274e-05
-4.79546e-05
-2.90673e-05
-4.60925e-05
-2.75707e-05
-4.42575e-05
-2.61433e-05
-4.2448e-05
-2.47891e-05
-4.06508e-05
-2.35084e-05
-3.89097e-05
-2.22995e-05
-3.71924e-05
-2.11569e-05
-3.55421e-05
-2.00733e-05
-3.39576e-05
-1.90393e-05
-3.24439e-05
-1.80455e-05
-3.09887e-05
-1.70841e-05
-2.95984e-05
-1.6152e-05
-2.82632e-05
-1.52521e-05
-2.69555e-05
-1.43917e-05
-2.56624e-05
-1.35818e-05
-2.43808e-05
-1.28297e-05
-2.31228e-05
-1.21346e-05
-2.18948e-05
-1.14897e-05
-2.07233e-05
-1.08815e-05
-1.96267e-05
-1.02995e-05
-1.85905e-05
-9.73979e-06
-1.76085e-05
-9.20657e-06
-1.66575e-05
-8.70884e-06
-1.57206e-05
-8.25288e-06
-1.48119e-05
-7.83884e-06
-1.39447e-05
-7.45706e-06
-1.31411e-05
-7.09668e-06
-1.24129e-05
-6.74322e-06
-1.17609e-05
-6.39064e-06
-1.11656e-05
-6.03398e-06
-1.0618e-05
-5.67451e-06
-1.00928e-05
-5.31826e-06
-9.56658e-06
-4.97602e-06
-9.02187e-06
-4.66324e-06
-8.44793e-06
-4.39292e-06
-7.85536e-06
-4.17453e-06
-7.26056e-06
-3.99293e-06
-6.73067e-06
-3.82939e-06
-6.28628e-06
-3.65377e-06
-5.94895e-06
-3.45248e-06
-5.67219e-06
-3.22407e-06
-5.41153e-06
-2.99009e-06
-5.10044e-06
-2.77489e-06
-4.72014e-06
-2.59623e-06
-4.28111e-06
-2.46154e-06
-3.81543e-06
-2.35152e-06
-3.39058e-06
-2.26238e-06
-2.98603e-06
-2.18326e-06
-2.6152e-06
-2.12549e-06
-2.23562e-06
-2.09772e-06
-1.8537e-06
-2.10281e-06
-1.49231e-06
-2.12732e-06
-1.19949e-06
-2.15107e-06
-9.90845e-07
-2.15388e-06
-8.61424e-07
-2.13832e-06
-7.52593e-07
-2.12136e-06
-6.15985e-07
-2.12444e-06
-4.30411e-07
-2.16844e-06
-2.08572e-07
-2.23807e-06
-6.32024e-08
-2.31213e-06
-1.23921e-08
-2.3553e-06
-1.10869e-07
-2.35343e-06
-2.79271e-07
-2.30608e-06
-4.56709e-07
-2.23703e-06
-5.57134e-07
-2.17902e-06
-5.40142e-07
-2.14753e-06
-4.57587e-07
-2.14993e-06
-3.35488e-07
-2.15177e-06
-3.10318e-07
-2.15298e-06
-2.77766e-07
-2.13558e-06
-3.18855e-07
-2.12504e-06
-2.90616e-07
-2.12031e-06
-2.79247e-07
-2.11785e-06
-2.86816e-07
-2.10179e-06
-3.43216e-07
-2.06561e-06
-4.14487e-07
-2.02358e-06
-4.40154e-07
-1.98879e-06
-4.12626e-07
-1.98415e-06
-2.915e-07
-1.99873e-06
-2.20976e-07
-2.03794e-06
-9.93329e-08
-2.07952e-06
-1.11478e-07
-2.13814e-06
-9.28152e-08
-2.20906e-06
-1.96217e-07
-2.29818e-06
-4.09588e-07
-2.40609e-06
-8.02484e-07
-2.49631e-06
-1.54689e-06
-2.50518e-06
-2.71727e-06
-2.34828e-06
-4.39459e-06
-1.93854e-06
-6.37829e-06
-1.28221e-06
-8.27286e-06
-5.52937e-07
-9.24465e-06
-9.13677e-06
-4.79599e-07
2.21016e-05
-2.86101e-06
1.92732e-05
-5.35988e-06
1.63732e-05
-5.85339e-06
1.36662e-05
-9.84529e-06
8.87651e-06
-1.34872e-05
-1.19948e-06
-1.24819e-05
-2.22511e-05
-4.09649e-05
-9.8474e-05
-0.000434431
-0.00022723
-0.000362518
-0.000321126
-0.000301726
-0.000396314
-0.00025632
-0.000447726
-0.000222463
-0.00047973
-0.000197127
-0.000496429
-0.000178659
-0.000502278
-0.000164797
-0.00050144
-0.000153895
-0.000496785
-0.000145629
-0.000489912
-0.000139925
-0.000481646
-0.000136469
-0.000472413
-0.000134889
-0.000462427
-0.000134759
-0.000451803
-0.000135755
-0.00044062
-0.000137547
-0.000428943
-0.000139897
-0.000416843
-0.000142585
-0.000404398
-0.000145426
-0.000391685
-0.000148308
-0.000378789
-0.000151096
-0.00036579
-0.000153732
-0.000352766
-0.000156127
-0.000339789
-0.000158261
-0.000326925
-0.000160077
-0.000314235
-0.000161576
-0.000301769
-0.000162749
-0.000289572
-0.000163572
-0.00027768
-0.000164107
-0.000266128
-0.000164239
-0.000254933
-0.000164159
-0.000244118
-0.000163704
-0.000233687
-0.000163089
-0.000223652
-0.00016214
-0.00021401
-0.000161006
-0.000204761
-0.000159645
-0.000195898
-0.000158078
-0.000187411
-0.000156387
-0.000179287
-0.00015453
-0.00017151
-0.000152582
-0.000164066
-0.000150501
-0.000156938
-0.000148301
-0.000150112
-0.000145994
-0.000143568
-0.00014369
-0.000137297
-0.00014124
-0.000131288
-0.000138703
-0.000125528
-0.000136175
-0.00012001
-0.000133562
-0.000114732
-0.000130827
-0.000109688
-0.000128106
-0.000104874
-0.000125317
-0.000100287
-0.000122474
-9.59205e-05
-0.000119592
-9.17641e-05
-0.000116759
-8.78069e-05
-0.000113882
-8.40331e-05
-0.000111048
-8.04246e-05
-0.000108236
-7.6961e-05
-0.000105489
-7.36228e-05
-0.000102805
-7.03949e-05
-0.000100121
-6.72656e-05
-9.74864e-05
-6.42303e-05
-9.48841e-05
-6.12897e-05
-9.22731e-05
-5.84492e-05
-8.96682e-05
-5.57169e-05
-8.70376e-05
-5.30995e-05
-8.43853e-05
-5.06007e-05
-8.17624e-05
-4.8223e-05
-7.9113e-05
-4.59637e-05
-7.64946e-05
-4.38175e-05
-7.39177e-05
-4.17789e-05
-7.13544e-05
-3.98401e-05
-6.88841e-05
-3.79961e-05
-6.64401e-05
-3.62407e-05
-6.40484e-05
-3.45663e-05
-6.1745e-05
-3.29647e-05
-5.94901e-05
-3.14249e-05
-5.73322e-05
-2.99359e-05
-5.52428e-05
-2.84892e-05
-5.3215e-05
-2.70806e-05
-5.1248e-05
-2.5711e-05
-4.93242e-05
-2.43868e-05
-4.74167e-05
-2.31167e-05
-4.55276e-05
-2.19085e-05
-4.36562e-05
-2.07676e-05
-4.17917e-05
-1.96949e-05
-3.99824e-05
-1.86883e-05
-3.8199e-05
-1.7742e-05
-3.64884e-05
-1.68477e-05
-3.48519e-05
-1.59949e-05
-3.32967e-05
-1.51717e-05
-3.18119e-05
-1.43684e-05
-3.04017e-05
-1.35811e-05
-2.90505e-05
-1.28139e-05
-2.77227e-05
-1.20778e-05
-2.63985e-05
-1.13886e-05
-2.507e-05
-1.07581e-05
-2.37533e-05
-1.01844e-05
-2.24686e-05
-9.6587e-06
-2.12489e-05
-9.16215e-06
-2.01233e-05
-8.68053e-06
-1.90721e-05
-8.20981e-06
-1.80792e-05
-7.75746e-06
-1.71099e-05
-7.33753e-06
-1.61406e-05
-6.96004e-06
-1.51894e-05
-6.62641e-06
-1.42783e-05
-6.32287e-06
-1.34447e-05
-6.03761e-06
-1.26982e-05
-5.75117e-06
-1.20474e-05
-5.45902e-06
-1.14577e-05
-5.15576e-06
-1.09213e-05
-4.8431e-06
-1.04054e-05
-4.52757e-06
-9.88212e-06
-4.22118e-06
-9.32825e-06
-3.94319e-06
-8.72592e-06
-3.71073e-06
-8.08781e-06
-3.53832e-06
-7.43297e-06
-3.40658e-06
-6.86241e-06
-3.29286e-06
-6.4e-06
-3.15828e-06
-6.08354e-06
-2.98577e-06
-5.84469e-06
-2.77383e-06
-5.62347e-06
-2.55159e-06
-5.32268e-06
-2.35002e-06
-4.92171e-06
-2.1909e-06
-4.44023e-06
-2.08169e-06
-3.92464e-06
-1.99473e-06
-3.47754e-06
-1.92389e-06
-3.05687e-06
-1.85484e-06
-2.68425e-06
-1.80531e-06
-2.28515e-06
-1.78744e-06
-1.87157e-06
-1.807e-06
-1.47275e-06
-1.84764e-06
-1.15884e-06
-1.8842e-06
-9.54286e-07
-1.89072e-06
-8.54907e-07
-1.87036e-06
-7.72957e-07
-1.84668e-06
-6.39666e-07
-1.84622e-06
-4.30863e-07
-1.89395e-06
-1.60845e-07
-1.97568e-06
1.85275e-08
-2.06186e-06
7.37881e-08
-2.1126e-06
-6.01318e-08
-2.11073e-06
-2.81141e-07
-2.0563e-06
-5.11132e-07
-1.97808e-06
-6.35353e-07
-1.91511e-06
-6.03117e-07
-1.8868e-06
-4.85901e-07
-1.89671e-06
-3.25576e-07
-1.90926e-06
-2.9777e-07
-1.91094e-06
-2.76083e-07
-1.89253e-06
-3.37259e-07
-1.8812e-06
-3.01952e-07
-1.87945e-06
-2.80992e-07
-1.8824e-06
-2.83872e-07
-1.8689e-06
-3.56718e-07
-1.83039e-06
-4.52998e-07
-1.78527e-06
-4.85272e-07
-1.74917e-06
-4.48726e-07
-1.74344e-06
-2.97229e-07
-1.76711e-06
-1.97305e-07
-1.8059e-06
-6.05441e-08
-1.84954e-06
-6.78345e-08
-1.90693e-06
-3.543e-08
-1.97746e-06
-1.25685e-07
-2.06854e-06
-3.18506e-07
-2.18825e-06
-6.8278e-07
-2.30501e-06
-1.43013e-06
-2.34541e-06
-2.67687e-06
-2.22915e-06
-4.51084e-06
-1.84401e-06
-6.76343e-06
-1.20115e-06
-8.91572e-06
-4.90385e-07
-9.95542e-06
-9.62716e-06
1.21039e-05
9.99776e-06
2.39686e-05
7.40854e-06
3.45482e-05
5.79361e-06
4.44276e-05
3.7868e-06
5.14232e-05
1.88088e-06
5.22231e-05
-1.99942e-06
3.0957e-05
-9.84979e-07
-1.0008e-05
-0.000145164
-0.000289268
-0.00025621
-0.000251471
-0.000314616
-0.000243321
-0.000351544
-0.000219392
-0.00037526
-0.000198746
-0.000391797
-0.00018059
-0.000404224
-0.000166232
-0.000413402
-0.000155619
-0.000419237
-0.00014806
-0.000421838
-0.000143027
-0.000421612
-0.000140151
-0.000419012
-0.000139068
-0.000414432
-0.00013947
-0.000408196
-0.000140994
-0.000400576
-0.000143376
-0.000391804
-0.000146319
-0.000382085
-0.000149616
-0.000371601
-0.000153069
-0.000360522
-0.000156505
-0.000348997
-0.000159833
-0.000337165
-0.000162928
-0.000325148
-0.00016575
-0.000313054
-0.00016822
-0.000300979
-0.000170337
-0.000289004
-0.000172052
-0.0002772
-0.000173381
-0.000265624
-0.000174325
-0.000254325
-0.000174871
-0.000243341
-0.000175091
-0.000232708
-0.000174873
-0.00022244
-0.000174427
-0.000212559
-0.000173585
-0.000203066
-0.000172582
-0.000193971
-0.000171236
-0.000185267
-0.00016971
-0.000176952
-0.00016796
-0.000169016
-0.000166014
-0.000161445
-0.000163958
-0.000154224
-0.000161751
-0.000147335
-0.000159472
-0.000140758
-0.000157077
-0.000134477
-0.000154582
-0.000128473
-0.000151998
-0.000122728
-0.000149435
-0.00011723
-0.000146738
-0.000111968
-0.000143966
-0.000106929
-0.000141214
-0.000102109
-0.000138383
-9.75054e-05
-0.000135431
-9.31155e-05
-0.000132496
-8.8939e-05
-0.000129493
-8.49742e-05
-0.000126438
-8.12165e-05
-0.000123349
-7.76556e-05
-0.00012032
-7.42808e-05
-0.000117257
-7.10752e-05
-0.000114253
-6.80187e-05
-0.000111293
-6.50878e-05
-0.000108419
-6.22594e-05
-0.000105633
-5.95158e-05
-0.000102864
-5.68445e-05
-0.000100158
-5.42426e-05
-9.74861e-05
-5.17139e-05
-9.48017e-05
-4.92688e-05
-9.21133e-05
-4.6918e-05
-8.93885e-05
-4.4672e-05
-8.66312e-05
-4.25364e-05
-8.3898e-05
-4.05137e-05
-8.11357e-05
-3.86011e-05
-7.84072e-05
-3.67912e-05
-7.57276e-05
-3.50771e-05
-7.30685e-05
-3.34509e-05
-7.05102e-05
-3.19081e-05
-6.79829e-05
-3.04438e-05
-6.55128e-05
-2.9051e-05
-6.31378e-05
-2.77213e-05
-6.08197e-05
-2.64429e-05
-5.86107e-05
-2.52022e-05
-5.64835e-05
-2.39889e-05
-5.44283e-05
-2.27984e-05
-5.24385e-05
-2.1633e-05
-5.04896e-05
-2.05023e-05
-4.85473e-05
-1.94183e-05
-4.66116e-05
-1.83911e-05
-4.46834e-05
-1.74271e-05
-4.27557e-05
-1.65277e-05
-4.08818e-05
-1.56897e-05
-3.90369e-05
-1.49071e-05
-3.7271e-05
-1.41713e-05
-3.55877e-05
-1.34707e-05
-3.39973e-05
-1.27908e-05
-3.24918e-05
-1.21192e-05
-3.10734e-05
-1.14505e-05
-2.97192e-05
-1.07903e-05
-2.83829e-05
-1.01537e-05
-2.70351e-05
-9.56208e-06
-2.56616e-05
-9.03224e-06
-2.42832e-05
-8.56114e-06
-2.29397e-05
-8.13772e-06
-2.16724e-05
-7.73588e-06
-2.05251e-05
-7.33729e-06
-1.94707e-05
-6.93769e-06
-1.84788e-05
-6.54884e-06
-1.74987e-05
-6.19059e-06
-1.64988e-05
-5.87729e-06
-1.55027e-05
-5.61181e-06
-1.45438e-05
-5.37434e-06
-1.36821e-05
-5.15273e-06
-1.29198e-05
-4.92162e-06
-1.22785e-05
-4.67918e-06
-1.17002e-05
-4.42013e-06
-1.11803e-05
-4.14628e-06
-1.06793e-05
-3.86376e-06
-1.01646e-05
-3.58563e-06
-9.60639e-06
-3.33467e-06
-8.97689e-06
-3.13271e-06
-8.28976e-06
-2.99925e-06
-7.56644e-06
-2.9116e-06
-6.95005e-06
-2.84246e-06
-6.46915e-06
-2.7438e-06
-6.18219e-06
-2.59471e-06
-5.99379e-06
-2.39473e-06
-5.82345e-06
-2.1802e-06
-5.5372e-06
-1.98875e-06
-5.11315e-06
-1.84736e-06
-4.58163e-06
-1.76107e-06
-4.01092e-06
-1.69698e-06
-3.54163e-06
-1.64034e-06
-3.11351e-06
-1.57791e-06
-2.74668e-06
-1.53332e-06
-2.32974e-06
-1.52232e-06
-1.88257e-06
-1.55404e-06
-1.44103e-06
-1.60887e-06
-1.10402e-06
-1.65625e-06
-9.06904e-07
-1.6652e-06
-8.45958e-07
-1.63854e-06
-7.99616e-07
-1.60682e-06
-6.71386e-07
-1.60203e-06
-4.35655e-07
-1.65131e-06
-1.11569e-07
-1.74404e-06
1.11264e-07
-1.84156e-06
1.71304e-07
-1.8984e-06
-3.28772e-09
-1.89639e-06
-2.83153e-07
-1.83482e-06
-5.72702e-07
-1.74769e-06
-7.22488e-07
-1.68017e-06
-6.70631e-07
-1.65599e-06
-5.1008e-07
-1.6715e-06
-3.10066e-07
-1.69707e-06
-2.722e-07
-1.6968e-06
-2.76357e-07
-1.6776e-06
-3.5646e-07
-1.6644e-06
-3.1515e-07
-1.66549e-06
-2.799e-07
-1.67411e-06
-2.75249e-07
-1.66301e-06
-3.6782e-07
-1.62207e-06
-4.93938e-07
-1.57429e-06
-5.33053e-07
-1.53765e-06
-4.85363e-07
-1.52933e-06
-3.05548e-07
-1.56374e-06
-1.62899e-07
-1.59928e-06
-2.50074e-08
-1.64421e-06
-2.29019e-08
-1.69876e-06
1.91202e-08
-1.76697e-06
-5.74742e-08
-1.85611e-06
-2.29368e-07
-1.98214e-06
-5.56747e-07
-2.12057e-06
-1.29169e-06
-2.18588e-06
-2.61157e-06
-2.10834e-06
-4.58838e-06
-1.74638e-06
-7.12539e-06
-1.11982e-06
-9.54228e-06
-4.29352e-07
-1.06459e-05
-1.00565e-05
3.19948e-06
6.79828e-06
5.80969e-06
4.79833e-06
7.45094e-06
4.15236e-06
7.97525e-06
3.2625e-06
7.58905e-06
2.26707e-06
5.57362e-06
1.60198e-08
3.82719e-06
7.61445e-07
-6.18078e-06
-7.74244e-05
-0.000211843
-0.000141969
-0.000186927
-0.000200366
-0.000184924
-0.000247374
-0.000172384
-0.000283893
-0.000162227
-0.000311523
-0.00015296
-0.000332197
-0.000145558
-0.000347421
-0.000140395
-0.00035812
-0.000137361
-0.000364918
-0.000136228
-0.000368336
-0.000136733
-0.000368843
-0.000138562
-0.000366863
-0.000141449
-0.000362781
-0.000145077
-0.000356937
-0.000149219
-0.00034964
-0.000153616
-0.000341166
-0.000158091
-0.000331759
-0.000162475
-0.000321639
-0.000166625
-0.000310999
-0.000170474
-0.000300007
-0.00017392
-0.000288808
-0.000176949
-0.000277527
-0.0001795
-0.00026627
-0.000181594
-0.000255124
-0.000183198
-0.000244161
-0.000184343
-0.000233442
-0.000185045
-0.000223013
-0.000185299
-0.000212911
-0.000185192
-0.000203169
-0.000184615
-0.000193799
-0.000183796
-0.000184819
-0.000182565
-0.000176228
-0.000181174
-0.000168028
-0.000179435
-0.000160214
-0.000177524
-0.000152779
-0.000175396
-0.00014571
-0.000173082
-0.000138993
-0.000170675
-0.000132608
-0.000168135
-0.000126536
-0.000165544
-0.000120753
-0.000162859
-0.000115242
-0.000160094
-0.000109982
-0.000157258
-0.000104954
-0.000154463
-0.000100147
-0.000151545
-9.5549e-05
-0.000148564
-9.11484e-05
-0.000145615
-8.6941e-05
-0.00014259
-8.29276e-05
-0.000139444
-7.91079e-05
-0.000136315
-7.5485e-05
-0.000133116
-7.20598e-05
-0.000129864
-6.88291e-05
-0.00012658
-6.57835e-05
-0.000123366
-6.29124e-05
-0.000120128
-6.01985e-05
-0.000116967
-5.76193e-05
-0.000113872
-5.51483e-05
-0.00011089
-5.27585e-05
-0.000108023
-5.04284e-05
-0.000105194
-4.81449e-05
-0.000102441
-4.5907e-05
-9.97241e-05
-4.37235e-05
-9.69853e-05
-4.1608e-05
-9.42287e-05
-3.95776e-05
-9.14189e-05
-3.76441e-05
-8.85647e-05
-3.58151e-05
-8.57269e-05
-3.40928e-05
-8.2858e-05
-3.24731e-05
-8.00269e-05
-3.09471e-05
-7.72536e-05
-2.95058e-05
-7.45099e-05
-2.81409e-05
-7.18751e-05
-2.68489e-05
-6.92749e-05
-2.56267e-05
-6.67349e-05
-2.44691e-05
-6.42954e-05
-2.33672e-05
-6.19217e-05
-2.23082e-05
-5.96696e-05
-2.12758e-05
-5.75159e-05
-2.02569e-05
-5.54472e-05
-1.92463e-05
-5.34491e-05
-1.82484e-05
-5.14875e-05
-1.72763e-05
-4.95194e-05
-1.63453e-05
-4.75426e-05
-1.5468e-05
-4.55607e-05
-1.4651e-05
-4.35727e-05
-1.38961e-05
-4.16366e-05
-1.31986e-05
-3.97344e-05
-1.25524e-05
-3.79172e-05
-1.1949e-05
-3.61911e-05
-1.13761e-05
-3.45702e-05
-1.08169e-05
-3.3051e-05
-1.02557e-05
-3.16346e-05
-9.68426e-06
-3.02905e-05
-9.10992e-06
-2.89572e-05
-8.55247e-06
-2.75925e-05
-8.03917e-06
-2.6175e-05
-7.59308e-06
-2.47293e-05
-7.20914e-06
-2.33236e-05
-6.87381e-06
-2.20077e-05
-6.55261e-06
-2.08463e-05
-6.22257e-06
-1.98007e-05
-5.87931e-06
-1.8822e-05
-5.53974e-06
-1.78383e-05
-5.22998e-06
-1.68086e-05
-4.96927e-06
-1.57634e-05
-4.76181e-06
-1.47513e-05
-4.58043e-06
-1.38635e-05
-4.41211e-06
-1.30881e-05
-4.22641e-06
-1.24642e-05
-4.02461e-06
-1.1902e-05
-3.80229e-06
-1.14026e-05
-3.56112e-06
-1.09205e-05
-3.30599e-06
-1.04198e-05
-3.0503e-06
-9.86207e-06
-2.82033e-06
-9.20686e-06
-2.64312e-06
-8.46697e-06
-2.54214e-06
-7.66743e-06
-2.49298e-06
-6.99921e-06
-2.46327e-06
-6.49885e-06
-2.39572e-06
-6.24974e-06
-2.26546e-06
-6.12405e-06
-2.07459e-06
-6.01432e-06
-1.86502e-06
-5.74677e-06
-1.68155e-06
-5.29663e-06
-1.55656e-06
-4.70661e-06
-1.49022e-06
-4.07726e-06
-1.44908e-06
-3.58277e-06
-1.40264e-06
-3.15995e-06
-1.3445e-06
-2.80482e-06
-1.30234e-06
-2.3719e-06
-1.29594e-06
-1.88897e-06
-1.33759e-06
-1.39938e-06
-1.40457e-06
-1.03703e-06
-1.46049e-06
-8.5098e-07
-1.47112e-06
-8.35327e-07
-1.43757e-06
-8.3317e-07
-1.3974e-06
-7.11554e-07
-1.38825e-06
-4.448e-07
-1.43754e-06
-6.22817e-08
-1.54063e-06
2.14349e-07
-1.64705e-06
2.77727e-07
-1.709e-06
5.86611e-08
-1.70511e-06
-2.87044e-07
-1.63787e-06
-6.39942e-07
-1.54294e-06
-8.17414e-07
-1.4715e-06
-7.42079e-07
-1.45212e-06
-5.2945e-07
-1.47111e-06
-2.9108e-07
-1.51056e-06
-2.32746e-07
-1.5073e-06
-2.79623e-07
-1.48747e-06
-3.76283e-07
-1.47159e-06
-3.31032e-07
-1.47539e-06
-2.76104e-07
-1.4896e-06
-2.61034e-07
-1.48083e-06
-3.76591e-07
-1.43764e-06
-5.37133e-07
-1.38754e-06
-5.83147e-07
-1.35126e-06
-5.21646e-07
-1.33976e-06
-3.17048e-07
-1.38488e-06
-1.1778e-07
-1.41594e-06
6.05052e-09
-1.46052e-06
2.16818e-08
-1.51176e-06
7.03637e-08
-1.57648e-06
7.24198e-09
-1.66089e-06
-1.44958e-07
-1.78894e-06
-4.28694e-07
-1.94372e-06
-1.13691e-06
-2.02746e-06
-2.52783e-06
-1.9859e-06
-4.62994e-06
-1.64655e-06
-7.46474e-06
-1.03952e-06
-1.01493e-05
-3.71273e-07
-1.13141e-05
-1.04278e-05
1.66906e-06
5.12922e-06
3.17397e-06
3.29343e-06
4.35558e-06
2.97075e-06
5.13561e-06
2.48246e-06
5.48488e-06
1.9178e-06
4.72576e-06
7.75143e-07
4.1124e-06
1.37481e-06
-2.06838e-06
-6.14365e-05
-0.000150407
-0.000111805
-0.000136559
-0.000159034
-0.000137695
-0.000199319
-0.000132099
-0.000233411
-0.000128135
-0.000261293
-0.000125077
-0.000283452
-0.000123399
-0.000300519
-0.000123329
-0.000313065
-0.000124815
-0.000321599
-0.000127695
-0.000326588
-0.000131744
-0.000328479
-0.000136671
-0.000327695
-0.000142233
-0.000324637
-0.000148135
-0.000319679
-0.000154177
-0.000313163
-0.000160132
-0.0003054
-0.000165855
-0.000296665
-0.000171211
-0.000287201
-0.000176088
-0.000277221
-0.000180454
-0.000266904
-0.000184236
-0.000256405
-0.000187448
-0.000245852
-0.000190053
-0.00023535
-0.000192096
-0.000224985
-0.000193563
-0.000214827
-0.000194502
-0.000204929
-0.000194942
-0.000195338
-0.000194891
-0.000186084
-0.000194446
-0.000177196
-0.000193503
-0.000168685
-0.000192308
-0.000160562
-0.000190688
-0.000152822
-0.000188913
-0.000145465
-0.000186792
-0.000138481
-0.000184508
-0.00013186
-0.000182016
-0.000125592
-0.000179351
-0.000119658
-0.00017661
-0.000114037
-0.000173755
-0.000108706
-0.000170875
-0.000103642
-0.000167924
-9.88214e-05
-0.000164914
-9.42261e-05
-0.000161853
-8.98369e-05
-0.000158852
-8.56417e-05
-0.00015574
-8.16292e-05
-0.000152576
-7.77885e-05
-0.000149456
-7.41159e-05
-0.000146263
-7.06147e-05
-0.000142945
-6.72884e-05
-0.000139642
-6.41434e-05
-0.000136261
-6.11835e-05
-0.000132824
-5.84067e-05
-0.000129357
-5.58046e-05
-0.000125968
-5.33667e-05
-0.000122566
-5.10759e-05
-0.000119258
-4.89079e-05
-0.00011604
-4.68326e-05
-0.000112966
-4.48189e-05
-0.000110036
-4.28408e-05
-0.000107172
-4.08845e-05
-0.000104397
-3.89513e-05
-0.000101657
-3.70555e-05
-9.88811e-05
-3.52161e-05
-9.60681e-05
-3.34538e-05
-9.31812e-05
-3.1783e-05
-9.02356e-05
-3.02127e-05
-8.72972e-05
-2.87454e-05
-8.43253e-05
-2.73742e-05
-8.13982e-05
-2.60876e-05
-7.85401e-05
-2.48751e-05
-7.57224e-05
-2.3728e-05
-7.30222e-05
-2.26438e-05
-7.03592e-05
-2.16223e-05
-6.77564e-05
-2.06606e-05
-6.52571e-05
-1.9749e-05
-6.28333e-05
-1.88746e-05
-6.0544e-05
-1.80173e-05
-5.83733e-05
-1.71603e-05
-5.63041e-05
-1.6298e-05
-5.43115e-05
-1.54371e-05
-5.23484e-05
-1.45949e-05
-5.03617e-05
-1.37901e-05
-4.83474e-05
-1.30375e-05
-4.63133e-05
-1.2343e-05
-4.42672e-05
-1.1709e-05
-4.22707e-05
-1.11283e-05
-4.03151e-05
-1.05953e-05
-3.84503e-05
-1.0102e-05
-3.66844e-05
-9.63625e-06
-3.5036e-05
-9.17888e-06
-3.35084e-05
-8.71042e-06
-3.21031e-05
-8.21895e-06
-3.0782e-05
-7.71327e-06
-2.94629e-05
-7.21886e-06
-2.80869e-05
-6.76857e-06
-2.66252e-05
-6.39208e-06
-2.51058e-05
-6.08235e-06
-2.36334e-05
-5.82306e-06
-2.2267e-05
-5.57059e-06
-2.10988e-05
-5.297e-06
-2.00743e-05
-4.99798e-06
-1.91211e-05
-4.69639e-06
-1.81399e-05
-4.42458e-06
-1.70804e-05
-4.20711e-06
-1.59809e-05
-4.04887e-06
-1.49095e-05
-3.91562e-06
-1.39968e-05
-3.79092e-06
-1.32128e-05
-3.64235e-06
-1.26128e-05
-3.47332e-06
-1.2071e-05
-3.28191e-06
-1.1594e-05
-3.06887e-06
-1.11335e-05
-2.83683e-06
-1.06518e-05
-2.59938e-06
-1.00995e-05
-2.38596e-06
-9.42028e-06
-2.22899e-06
-8.62395e-06
-2.15477e-06
-7.74164e-06
-2.13899e-06
-7.01499e-06
-2.14305e-06
-6.49479e-06
-2.10198e-06
-6.29081e-06
-1.98668e-06
-6.23934e-06
-1.80319e-06
-6.19782e-06
-1.59724e-06
-5.95272e-06
-1.42087e-06
-5.473e-06
-1.31092e-06
-4.81657e-06
-1.26158e-06
-4.1266e-06
-1.24192e-06
-3.60244e-06
-1.20305e-06
-3.19882e-06
-1.14795e-06
-2.85992e-06
-1.1065e-06
-2.41335e-06
-1.10295e-06
-1.89252e-06
-1.15198e-06
-1.35035e-06
-1.22909e-06
-9.59925e-07
-1.29206e-06
-7.88008e-07
-1.3035e-06
-8.23892e-07
-1.26305e-06
-8.7362e-07
-1.21474e-06
-7.5986e-07
-1.20163e-06
-4.5791e-07
-1.24984e-06
-1.40699e-08
-1.36272e-06
3.27225e-07
-1.4739e-06
3.8891e-07
-1.53959e-06
1.24349e-07
-1.53554e-06
-2.91097e-07
-1.46291e-06
-7.1257e-07
-1.36098e-06
-9.19343e-07
-1.28744e-06
-8.15616e-07
-1.2726e-06
-5.44294e-07
-1.29353e-06
-2.70145e-07
-1.34557e-06
-1.80712e-07
-1.33895e-06
-2.86241e-07
-1.31902e-06
-3.96215e-07
-1.3007e-06
-3.49347e-07
-1.30657e-06
-2.70237e-07
-1.32621e-06
-2.41395e-07
-1.31942e-06
-3.83381e-07
-1.27389e-06
-5.82661e-07
-1.22306e-06
-6.33975e-07
-1.18743e-06
-5.5728e-07
-1.17301e-06
-3.31471e-07
-1.22679e-06
-6.39935e-08
-1.25247e-06
3.17306e-08
-1.29738e-06
6.65901e-08
-1.34442e-06
1.17399e-07
-1.40489e-06
6.77172e-08
-1.48272e-06
-6.71251e-08
-1.60948e-06
-3.01937e-07
-1.77637e-06
-9.70022e-07
-1.87133e-06
-2.43288e-06
-1.86244e-06
-4.63882e-06
-1.54575e-06
-7.78143e-06
-9.59124e-07
-1.07359e-05
-3.17298e-07
-1.1956e-05
-1.07451e-05
1.0412e-06
4.08803e-06
1.97198e-06
2.36264e-06
2.68212e-06
2.26061e-06
3.08482e-06
2.07977e-06
3.14622e-06
1.85639e-06
2.56291e-06
1.35846e-06
2.15766e-06
1.78005e-06
8.92748e-08
-4.93847e-05
-0.000101022
-9.21825e-05
-9.37607e-05
-0.000133276
-9.66012e-05
-0.000169533
-9.58425e-05
-0.00020104
-9.66285e-05
-0.000227587
-9.85304e-05
-0.000249244
-0.000101742
-0.000266269
-0.000106304
-0.000278999
-0.000112084
-0.000287816
-0.000118878
-0.000293123
-0.000126437
-0.000295333
-0.000134461
-0.000294861
-0.000142705
-0.000292111
-0.000150885
-0.000287468
-0.000158821
-0.000281289
-0.000166311
-0.000273897
-0.000173247
-0.000265578
-0.000179529
-0.000256583
-0.000185083
-0.000247126
-0.000189912
-0.000237387
-0.000193975
-0.000227517
-0.000197318
-0.00021764
-0.000199931
-0.000207853
-0.000201883
-0.000198236
-0.00020318
-0.00018885
-0.000203888
-0.000179743
-0.00020405
-0.000170953
-0.00020368
-0.000162509
-0.000202891
-0.000154434
-0.000201578
-0.000146735
-0.000200007
-0.000139418
-0.000198005
-0.000132474
-0.000195857
-0.000125898
-0.000193368
-0.000119679
-0.000190727
-0.000113806
-0.000187889
-0.000108267
-0.00018489
-0.000103043
-0.000181834
-9.81131e-05
-0.000178686
-9.34497e-05
-0.000175539
-8.90273e-05
-0.000172346
-8.48225e-05
-0.000169119
-8.08161e-05
-0.000165859
-7.69903e-05
-0.000162678
-7.33339e-05
-0.000159397
-6.98355e-05
-0.000156075
-6.64838e-05
-0.000152807
-6.3276e-05
-0.000149471
-6.02177e-05
-0.000146004
-5.73165e-05
-0.000142543
-5.45829e-05
-0.000138995
-5.2023e-05
-0.000135384
-4.96359e-05
-0.000131744
-4.7414e-05
-0.00012819
-4.5347e-05
-0.000124633
-4.34188e-05
-0.000121186
-4.16039e-05
-0.000117855
-3.98687e-05
-0.000114701
-3.8177e-05
-0.000111728
-3.64981e-05
-0.000108851
-3.48174e-05
-0.000106078
-3.3139e-05
-0.000103336
-3.14828e-05
-0.000100537
-2.98738e-05
-9.7677e-05
-2.83377e-05
-9.47174e-05
-2.68882e-05
-9.1685e-05
-2.55377e-05
-8.86477e-05
-2.42869e-05
-8.55761e-05
-2.31268e-05
-8.25583e-05
-2.20426e-05
-7.96243e-05
-2.10219e-05
-7.6743e-05
-2.00559e-05
-7.39882e-05
-1.91434e-05
-7.12717e-05
-1.82875e-05
-6.86122e-05
-1.74886e-05
-6.6056e-05
-1.67361e-05
-6.35858e-05
-1.60173e-05
-6.12628e-05
-1.53074e-05
-5.90832e-05
-1.45856e-05
-5.70259e-05
-1.38453e-05
-5.50518e-05
-1.30968e-05
-5.30968e-05
-1.23613e-05
-5.10972e-05
-1.16612e-05
-4.90475e-05
-1.10133e-05
-4.69612e-05
-1.04211e-05
-4.48593e-05
-9.88866e-06
-4.28031e-05
-9.40485e-06
-4.07989e-05
-8.96528e-06
-3.88898e-05
-8.5635e-06
-3.70861e-05
-8.18734e-06
-3.54122e-05
-7.81602e-06
-3.38797e-05
-7.426e-06
-3.24931e-05
-7.00082e-06
-3.12072e-05
-6.55018e-06
-2.99135e-05
-6.10588e-06
-2.85312e-05
-5.70644e-06
-2.70247e-05
-5.38804e-06
-2.54242e-05
-5.14158e-06
-2.38798e-05
-4.94786e-06
-2.24607e-05
-4.75389e-06
-2.12927e-05
-4.52672e-06
-2.03015e-05
-4.26235e-06
-1.93854e-05
-3.99001e-06
-1.84122e-05
-3.74809e-06
-1.73223e-05
-3.56636e-06
-1.61626e-05
-3.44932e-06
-1.50265e-05
-3.35762e-06
-1.40885e-05
-3.2681e-06
-1.33023e-05
-3.15023e-06
-1.27306e-05
-3.00741e-06
-1.22138e-05
-2.8416e-06
-1.17599e-05
-2.65298e-06
-1.13221e-05
-2.44126e-06
-1.08635e-05
-2.21935e-06
-1.03214e-05
-2.01859e-06
-9.62104e-06
-1.87847e-06
-8.76406e-06
-1.82678e-06
-7.79333e-06
-1.83964e-06
-7.00213e-06
-1.87133e-06
-6.46311e-06
-1.85244e-06
-6.3097e-06
-1.7496e-06
-6.34218e-06
-1.5729e-06
-6.37452e-06
-1.36951e-06
-6.15611e-06
-1.19971e-06
-5.6428e-06
-1.10277e-06
-4.91351e-06
-1.06874e-06
-4.16062e-06
-1.06786e-06
-3.60332e-06
-1.03568e-06
-3.231e-06
-9.8271e-07
-2.91289e-06
-9.40013e-07
-2.45605e-06
-9.38422e-07
-1.89411e-06
-9.93202e-07
-1.29557e-06
-1.07837e-06
-8.74762e-07
-1.14537e-06
-7.20999e-07
-1.15724e-06
-8.12032e-07
-1.11116e-06
-9.19694e-07
-1.05577e-06
-8.15255e-07
-1.03922e-06
-4.74458e-07
-1.08654e-06
3.32524e-08
-1.20668e-06
4.47363e-07
-1.32043e-06
5.02662e-07
-1.38844e-06
1.92358e-07
-1.38241e-06
-2.9713e-07
-1.30647e-06
-7.88503e-07
-1.19997e-06
-1.02585e-06
-1.12472e-06
-8.90865e-07
-1.11417e-06
-5.54844e-07
-1.13725e-06
-2.47061e-07
-1.19899e-06
-1.18975e-07
-1.18915e-06
-2.96081e-07
-1.17037e-06
-4.14995e-07
-1.14833e-06
-3.71385e-07
-1.15643e-06
-2.62136e-07
-1.18107e-06
-2.16754e-07
-1.17654e-06
-3.87911e-07
-1.12936e-06
-6.29843e-07
-1.07717e-06
-6.86162e-07
-1.04309e-06
-5.91364e-07
-1.02702e-06
-3.47543e-07
-1.08694e-06
-4.07066e-09
-1.10834e-06
5.31266e-08
-1.15102e-06
1.09272e-07
-1.19456e-06
1.60937e-07
-1.25072e-06
1.2388e-07
-1.32094e-06
3.09917e-09
-1.44444e-06
-1.78444e-07
-1.61908e-06
-7.95383e-07
-1.71803e-06
-2.33392e-06
-1.73867e-06
-4.61819e-06
-1.44475e-06
-8.07535e-06
-8.78734e-07
-1.1302e-05
-2.68146e-07
-1.25665e-05
-1.10132e-05
8.27648e-07
3.26038e-06
1.51982e-06
1.67047e-06
2.02046e-06
1.75997e-06
2.26434e-06
1.83588e-06
2.22792e-06
1.89281e-06
1.76962e-06
1.81676e-06
1.35621e-06
2.19346e-06
1.44548e-06
-4.232e-05
-5.87023e-05
-8.0383e-05
-5.56978e-05
-0.000117017
-5.99674e-05
-0.000149971
-6.28884e-05
-0.000178975
-6.76238e-05
-0.000203709
-7.37965e-05
-0.000224082
-8.13691e-05
-0.000240185
-9.02007e-05
-0.000252237
-0.000100033
-0.000260541
-0.000110574
-0.00026546
-0.000121518
-0.000267383
-0.000132538
-0.000266716
-0.000143372
-0.000263862
-0.000153738
-0.00025921
-0.000163473
-0.00025312
-0.000172401
-0.000245915
-0.000180452
-0.000237879
-0.000187565
-0.000229258
-0.000193704
-0.000220256
-0.000198913
-0.000211048
-0.000203183
-0.000201772
-0.000206594
-0.000192542
-0.00020916
-0.000183446
-0.000210979
-0.000174551
-0.000212074
-0.000165909
-0.00021253
-0.000157559
-0.0002124
-0.000149533
-0.000211706
-0.000141856
-0.000210569
-0.000134546
-0.000208888
-0.000127608
-0.000206945
-0.000121043
-0.00020457
-0.000114836
-0.000202064
-0.000108978
-0.000199226
-0.000103456
-0.000196249
-9.82599e-05
-0.000193085
-9.33789e-05
-0.000189771
-8.87938e-05
-0.000186419
-8.44819e-05
-0.000182997
-8.04139e-05
-0.000179607
-7.65615e-05
-0.000176199
-7.29002e-05
-0.00017278
-6.94116e-05
-0.000169348
-6.60801e-05
-0.000166009
-6.28957e-05
-0.000162581
-5.98467e-05
-0.000159124
-5.69211e-05
-0.000155733
-5.41159e-05
-0.000152276
-5.14392e-05
-0.00014868
-4.89037e-05
-0.000145078
-4.65234e-05
-0.000141375
-4.43067e-05
-0.0001376
-4.22535e-05
-0.000133797
-4.03562e-05
-0.000130087
-3.86054e-05
-0.000126384
-3.69867e-05
-0.000122805
-3.54741e-05
-0.000119367
-3.40304e-05
-0.000116145
-3.26138e-05
-0.000113145
-3.11884e-05
-0.000110277
-2.97395e-05
-0.000107527
-2.82743e-05
-0.000104801
-2.68181e-05
-0.000101994
-2.54023e-05
-9.90928e-05
-2.40574e-05
-9.60623e-05
-2.27956e-05
-9.29469e-05
-2.16317e-05
-8.98116e-05
-2.05659e-05
-8.6642e-05
-1.95852e-05
-8.35389e-05
-1.86723e-05
-8.05373e-05
-1.78123e-05
-7.7603e-05
-1.69965e-05
-7.4804e-05
-1.62254e-05
-7.20429e-05
-1.55056e-05
-6.9332e-05
-1.48419e-05
-6.67197e-05
-1.42222e-05
-6.42055e-05
-1.36343e-05
-6.18507e-05
-1.3049e-05
-5.96685e-05
-1.244e-05
-5.7635e-05
-1.18003e-05
-5.56915e-05
-1.11444e-05
-5.37528e-05
-1.04969e-05
-5.17447e-05
-9.88444e-06
-4.96599e-05
-9.32479e-06
-4.75209e-05
-8.81844e-06
-4.53656e-05
-8.37162e-06
-4.32499e-05
-7.96805e-06
-4.12025e-05
-7.60533e-06
-3.92526e-05
-7.27903e-06
-3.74124e-05
-6.9776e-06
-3.57136e-05
-6.67872e-06
-3.41786e-05
-6.3543e-06
-3.28175e-05
-5.98419e-06
-3.15773e-05
-5.57904e-06
-3.03187e-05
-5.17549e-06
-2.89348e-05
-4.81869e-06
-2.73815e-05
-4.54912e-06
-2.56937e-05
-4.3552e-06
-2.40737e-05
-4.21746e-06
-2.25984e-05
-4.0728e-06
-2.14374e-05
-3.88356e-06
-2.04907e-05
-3.64674e-06
-1.96223e-05
-3.39754e-06
-1.86614e-05
-3.17951e-06
-1.75403e-05
-3.02721e-06
-1.63149e-05
-2.94403e-06
-1.51097e-05
-2.88731e-06
-1.41452e-05
-2.82574e-06
-1.33639e-05
-2.73223e-06
-1.28241e-05
-2.61071e-06
-1.23353e-05
-2.468e-06
-1.19026e-05
-2.30117e-06
-1.1489e-05
-2.10666e-06
-1.1058e-05
-1.89844e-06
-1.05297e-05
-1.70954e-06
-9.80993e-06
-1.58317e-06
-8.89043e-06
-1.55e-06
-7.82651e-06
-1.58612e-06
-6.966e-06
-1.63971e-06
-6.40951e-06
-1.63854e-06
-6.31088e-06
-1.54501e-06
-6.43571e-06
-1.37452e-06
-6.545e-06
-1.17484e-06
-6.35578e-06
-1.01299e-06
-5.80466e-06
-9.2794e-07
-4.99856e-06
-9.07527e-07
-4.18103e-06
-9.19961e-07
-3.59089e-06
-8.94112e-07
-3.25685e-06
-8.43519e-07
-2.96348e-06
-7.99639e-07
-2.49993e-06
-7.98844e-07
-1.8949e-06
-8.56408e-07
-1.23801e-06
-9.47807e-07
-7.83364e-07
-1.01841e-06
-6.50393e-07
-1.03022e-06
-8.00227e-07
-9.78477e-07
-9.71435e-07
-9.17366e-07
-8.76366e-07
-8.97496e-07
-4.94329e-07
-9.43986e-07
7.97426e-08
-1.0683e-06
5.71678e-07
-1.18251e-06
6.16873e-07
-1.25194e-06
2.61781e-07
-1.24532e-06
-3.03742e-07
-1.16731e-06
-8.66512e-07
-1.0572e-06
-1.13596e-06
-9.82966e-07
-9.65101e-07
-9.76023e-07
-5.61788e-07
-1.00068e-06
-2.22407e-07
-1.06772e-06
-5.19315e-08
-1.05457e-06
-3.09234e-07
-1.03776e-06
-4.31804e-07
-1.01386e-06
-3.95281e-07
-1.02356e-06
-2.52443e-07
-1.05218e-06
-1.88127e-07
-1.04915e-06
-3.90941e-07
-1.00071e-06
-6.78284e-07
-9.49633e-07
-7.37241e-07
-9.16929e-07
-6.24068e-07
-8.99742e-07
-3.6473e-07
-9.61715e-07
5.79016e-08
-9.80054e-07
7.14656e-08
-1.02144e-06
1.50657e-07
-1.06146e-06
2.00955e-07
-1.11269e-06
1.75117e-07
-1.1746e-06
6.50099e-08
-1.29298e-06
-6.00707e-08
-1.47149e-06
-6.16867e-07
-1.56967e-06
-2.23574e-06
-1.61605e-06
-4.57181e-06
-1.34545e-06
-8.34595e-06
-8.01109e-07
-1.18463e-05
-2.24304e-07
-1.31433e-05
-1.12375e-05
8.66721e-07
2.39366e-06
1.47654e-06
1.06065e-06
1.89881e-06
1.3377e-06
2.0763e-06
1.65839e-06
1.98453e-06
1.98458e-06
1.55652e-06
2.24478e-06
1.07143e-06
2.67855e-06
2.51691e-06
-3.78723e-05
-2.083e-05
-7.26379e-05
-2.09322e-05
-0.000105954
-2.66515e-05
-0.000136179
-3.26632e-05
-0.000162889
-4.0914e-05
-0.000185718
-5.09672e-05
-0.000204515
-6.25728e-05
-0.000219308
-7.54072e-05
-0.000230266
-8.90753e-05
-0.00023766
-0.00010318
-0.000241831
-0.000117347
-0.000243159
-0.000131209
-0.000242044
-0.000144488
-0.000238888
-0.000156895
-0.000234076
-0.000168285
-0.000227966
-0.000178512
-0.000220873
-0.000187545
-0.000213071
-0.000195367
-0.000204791
-0.000201984
-0.000196225
-0.000207479
-0.000187531
-0.000211877
-0.000178835
-0.000215289
-0.000170239
-0.000217757
-0.000161815
-0.000219403
-0.000153619
-0.00022027
-0.000145693
-0.000220457
-0.000138065
-0.000220027
-0.000130763
-0.000219008
-0.000123805
-0.000217526
-0.000117211
-0.000215482
-0.00011098
-0.000213176
-0.000105108
-0.000210442
-9.95768e-05
-0.000207596
-9.43721e-05
-0.000204431
-8.94802e-05
-0.000201141
-8.48931e-05
-0.000197672
-8.06007e-05
-0.000194063
-7.65856e-05
-0.000190434
-7.28236e-05
-0.000186759
-6.92831e-05
-0.000183147
-6.59332e-05
-0.000179549
-6.27486e-05
-0.000175965
-5.97125e-05
-0.000172384
-5.68125e-05
-0.000168909
-5.40402e-05
-0.000165353
-5.13834e-05
-0.000161781
-4.88283e-05
-0.000158288
-4.63715e-05
-0.000154733
-4.40234e-05
-0.000151029
-4.18016e-05
-0.0001473
-3.97247e-05
-0.000143452
-3.78023e-05
-0.000139523
-3.60347e-05
-0.000135565
-3.44142e-05
-0.000131708
-3.29321e-05
-0.000127866
-3.15763e-05
-0.000124161
-3.03218e-05
-0.000120622
-2.91275e-05
-0.000117339
-2.79455e-05
-0.000114327
-2.67353e-05
-0.000111487
-2.54819e-05
-0.00010878
-2.41954e-05
-0.000106087
-2.29057e-05
-0.000103283
-2.16525e-05
-0.000100346
-2.04702e-05
-9.72445e-05
-1.93685e-05
-9.40486e-05
-1.83633e-05
-9.08168e-05
-1.74549e-05
-8.75504e-05
-1.66275e-05
-8.43663e-05
-1.58598e-05
-8.13051e-05
-1.51343e-05
-7.83285e-05
-1.44426e-05
-7.54957e-05
-1.37872e-05
-7.26983e-05
-1.31797e-05
-6.99394e-05
-1.2628e-05
-6.72714e-05
-1.21191e-05
-6.47145e-05
-1.1642e-05
-6.23277e-05
-1.1162e-05
-6.01485e-05
-1.06473e-05
-5.81496e-05
-1.00907e-05
-5.62481e-05
-9.51104e-06
-5.43325e-05
-8.9366e-06
-5.23192e-05
-8.39815e-06
-5.01984e-05
-7.91366e-06
-4.80054e-05
-7.4798e-06
-4.57995e-05
-7.10537e-06
-4.36244e-05
-6.76802e-06
-4.15399e-05
-6.46811e-06
-3.95525e-05
-6.20395e-06
-3.76766e-05
-5.96491e-06
-3.59526e-05
-5.72756e-06
-3.44159e-05
-5.45897e-06
-3.30861e-05
-5.13504e-06
-3.19012e-05
-4.76673e-06
-3.0687e-05
-4.39609e-06
-2.93054e-05
-4.07396e-06
-2.77036e-05
-3.84572e-06
-2.5922e-05
-3.69576e-06
-2.42237e-05
-3.60641e-06
-2.26878e-05
-3.50322e-06
-2.15406e-05
-3.34517e-06
-2.06488e-05
-3.13021e-06
-1.98372e-05
-2.89898e-06
-1.88927e-05
-2.70051e-06
-1.77388e-05
-2.5726e-06
-1.64428e-05
-2.51765e-06
-1.51647e-05
-2.48939e-06
-1.41735e-05
-2.45179e-06
-1.34015e-05
-2.37816e-06
-1.28978e-05
-2.27308e-06
-1.24404e-05
-2.14895e-06
-1.20267e-05
-2.00133e-06
-1.16366e-05
-1.82321e-06
-1.12362e-05
-1.6273e-06
-1.07256e-05
-1.44754e-06
-9.98969e-06
-1.33234e-06
-9.00563e-06
-1.3161e-06
-7.84275e-06
-1.36981e-06
-6.9123e-06
-1.44164e-06
-6.33768e-06
-1.45489e-06
-6.29763e-06
-1.36995e-06
-6.52064e-06
-1.20566e-06
-6.7093e-06
-1.00934e-06
-6.5521e-06
-8.54849e-07
-5.95915e-06
-7.79432e-07
-5.07397e-06
-7.7242e-07
-4.18804e-06
-7.94979e-07
-3.56833e-06
-7.75062e-07
-3.27677e-06
-7.25947e-07
-3.01259e-06
-6.80221e-07
-2.54565e-06
-6.79748e-07
-1.89538e-06
-7.39195e-07
-1.17856e-06
-8.3453e-07
-6.88028e-07
-9.06842e-07
-5.78081e-07
-9.17853e-07
-7.89217e-07
-8.62808e-07
-1.02648e-06
-7.97567e-07
-9.41607e-07
-7.74318e-07
-5.17578e-07
-8.20741e-07
1.26165e-07
-9.45241e-07
6.96178e-07
-1.05933e-06
7.30961e-07
-1.12895e-06
3.31401e-07
-1.12177e-06
-3.10921e-07
-1.04266e-06
-9.4562e-07
-9.30907e-07
-1.24772e-06
-8.58066e-07
-1.03794e-06
-8.54584e-07
-5.6527e-07
-8.81599e-07
-1.95393e-07
-9.51104e-07
1.75737e-08
-9.35828e-07
-3.2451e-07
-9.20589e-07
-4.47042e-07
-8.94198e-07
-4.21673e-07
-9.05481e-07
-2.4116e-07
-9.37432e-07
-1.56176e-07
-9.36056e-07
-3.92317e-07
-8.86939e-07
-7.27401e-07
-8.36414e-07
-7.87766e-07
-8.05319e-07
-6.55163e-07
-7.88794e-07
-3.81255e-07
-8.50917e-07
1.20024e-07
-8.67232e-07
8.77807e-08
-9.05426e-07
1.88851e-07
-9.42166e-07
2.37695e-07
-9.88989e-07
2.2194e-07
-1.04323e-06
1.19246e-07
-1.15596e-06
5.2662e-08
-1.33431e-06
-4.3851e-07
-1.43041e-06
-2.13964e-06
-1.49537e-06
-4.50686e-06
-1.24725e-06
-8.59406e-06
-7.26108e-07
-1.23674e-05
-1.85371e-07
-1.36841e-05
-1.14229e-05
1.11517e-06
1.27848e-06
1.66107e-06
5.14758e-07
2.0635e-06
9.35271e-07
2.21861e-06
1.50328e-06
2.08282e-06
2.12037e-06
1.62354e-06
2.70406e-06
1.02618e-06
3.27592e-06
3.54308e-06
-3.49145e-05
1.40845e-05
-6.71615e-05
1.13149e-05
-9.78295e-05
4.0165e-06
-0.000125713
-4.7794e-06
-0.000150318
-1.63094e-05
-0.000171273
-3.0012e-05
-0.000188412
-4.54335e-05
-0.000201752
-6.2068e-05
-0.000211447
-7.93797e-05
-0.000217765
-9.68617e-05
-0.000221046
-0.000114066
-0.000221662
-0.000130593
-0.000220008
-0.000146141
-0.000216485
-0.000160417
-0.000211475
-0.000173295
-0.000205326
-0.000184661
-0.00019834
-0.00019453
-0.000190775
-0.000202933
-0.000182842
-0.000209917
-0.000174715
-0.000215606
-0.000166536
-0.000220057
-0.000158415
-0.00022341
-0.000150441
-0.000225732
-0.000142673
-0.000227171
-0.000135154
-0.000227789
-0.000127911
-0.000227699
-0.000120968
-0.000226971
-0.000114345
-0.000225631
-0.000108059
-0.000223812
-0.000102128
-0.000221413
-9.65489e-05
-0.000218755
-9.13135e-05
-0.000215678
-8.6397e-05
-0.000212512
-8.17824e-05
-0.000209045
-7.74556e-05
-0.000205468
-7.34107e-05
-0.000201717
-6.96414e-05
-0.000197833
-6.61315e-05
-0.000193944
-6.28556e-05
-0.000190035
-5.97797e-05
-0.000186223
-5.68705e-05
-0.000182458
-5.41019e-05
-0.000178734
-5.14592e-05
-0.000175027
-4.89341e-05
-0.000171434
-4.65207e-05
-0.000167767
-4.42059e-05
-0.000164095
-4.19733e-05
-0.00016052
-3.9818e-05
-0.000156888
-3.77528e-05
-0.000153094
-3.5801e-05
-0.000149252
-3.39851e-05
-0.000145268
-3.23161e-05
-0.000141192
-3.07926e-05
-0.000137088
-2.94067e-05
-0.000133094
-2.81516e-05
-0.000129121
-2.70177e-05
-0.000125295
-2.59826e-05
-0.000121657
-2.50003e-05
-0.000118321
-2.4017e-05
-0.00011531
-2.29878e-05
-0.000112516
-2.18989e-05
-0.000109869
-2.07641e-05
-0.000107222
-1.96159e-05
-0.000104431
-1.85014e-05
-0.000101461
-1.74582e-05
-9.82877e-05
-1.6494e-05
-9.50128e-05
-1.56243e-05
-9.16865e-05
-1.48509e-05
-8.83238e-05
-1.41535e-05
-8.50637e-05
-1.35083e-05
-8.19503e-05
-1.28955e-05
-7.89413e-05
-1.23071e-05
-7.60841e-05
-1.17473e-05
-7.32581e-05
-1.12323e-05
-7.04544e-05
-1.07729e-05
-6.77308e-05
-1.03552e-05
-6.51321e-05
-9.97061e-06
-6.27123e-05
-9.57908e-06
-6.054e-05
-9.14305e-06
-5.85856e-05
-8.65587e-06
-5.67353e-05
-8.14075e-06
-5.48476e-05
-7.62854e-06
-5.28314e-05
-7.15323e-06
-5.06737e-05
-6.73255e-06
-4.84261e-05
-6.35963e-06
-4.61724e-05
-6.04661e-06
-4.39374e-05
-5.76377e-06
-4.18227e-05
-5.51512e-06
-3.98011e-05
-5.30168e-06
-3.789e-05
-5.11372e-06
-3.61406e-05
-4.92746e-06
-3.46022e-05
-4.70476e-06
-3.33088e-05
-4.42e-06
-3.2186e-05
-4.08448e-06
-3.10225e-05
-3.74245e-06
-2.96475e-05
-3.45064e-06
-2.79954e-05
-3.25862e-06
-2.6114e-05
-3.14264e-06
-2.43397e-05
-3.09366e-06
-2.27368e-05
-3.02424e-06
-2.161e-05
-2.89161e-06
-2.07814e-05
-2.69513e-06
-2.00337e-05
-2.47946e-06
-1.91083e-05
-2.29785e-06
-1.79204e-05
-2.18966e-06
-1.6551e-05
-2.1578e-06
-1.51965e-05
-2.14992e-06
-1.41813e-05
-2.13285e-06
-1.34186e-05
-2.07451e-06
-1.29561e-05
-1.98324e-06
-1.25317e-05
-1.87571e-06
-1.21342e-05
-1.74494e-06
-1.17673e-05
-1.58136e-06
-1.13997e-05
-1.39843e-06
-1.09085e-05
-1.22821e-06
-1.01599e-05
-1.12209e-06
-9.11175e-06
-1.12019e-06
-7.84465e-06
-1.18402e-06
-6.84847e-06
-1.27076e-06
-6.25094e-06
-1.29439e-06
-6.274e-06
-1.21637e-06
-6.59866e-06
-1.05814e-06
-6.86754e-06
-8.67942e-07
-6.74229e-06
-7.22237e-07
-6.10485e-06
-6.54989e-07
-5.14122e-06
-6.59815e-07
-4.18322e-06
-6.88176e-07
-3.53997e-06
-6.73668e-07
-3.29127e-06
-6.25994e-07
-3.06027e-06
-5.79645e-07
-2.592e-06
-5.79113e-07
-1.89591e-06
-6.38836e-07
-1.11884e-06
-7.35837e-07
-5.91027e-07
-8.08384e-07
-5.05534e-07
-8.18927e-07
-7.78674e-07
-7.61236e-07
-1.08417e-06
-6.93619e-07
-1.00922e-06
-6.6785e-07
-5.43347e-07
-7.14684e-07
1.72999e-07
-8.35672e-07
8.17166e-07
-9.48032e-07
8.43321e-07
-1.01687e-06
4.0024e-07
-1.00952e-06
-3.18275e-07
-9.30975e-07
-1.02416e-06
-8.19532e-07
-1.35916e-06
-7.49801e-07
-1.10767e-06
-7.4865e-07
-5.66421e-07
-7.7779e-07
-1.66252e-07
-8.46596e-07
8.63794e-08
-8.30966e-07
-3.4014e-07
-8.16208e-07
-4.618e-07
-7.88537e-07
-4.49343e-07
-8.00827e-07
-2.2887e-07
-8.35281e-07
-1.21722e-07
-8.35086e-07
-3.92511e-07
-7.86061e-07
-7.76426e-07
-7.37388e-07
-8.36439e-07
-7.07827e-07
-6.84724e-07
-6.92384e-07
-3.96698e-07
-7.5265e-07
1.8029e-07
-7.67365e-07
1.02496e-07
-8.02141e-07
2.23627e-07
-8.36287e-07
2.71841e-07
-8.78643e-07
2.64295e-07
-9.25293e-07
1.65896e-07
-1.03157e-06
1.5894e-07
-1.20641e-06
-2.63674e-07
-1.30089e-06
-2.04516e-06
-1.37812e-06
-4.42963e-06
-1.15262e-06
-8.81956e-06
-6.56163e-07
-1.28639e-05
-1.52443e-07
-1.41878e-05
-1.15753e-05
1.57561e-06
2.00379e-06
2.36056e-06
2.53454e-06
2.35866e-06
1.80464e-06
1.06832e-06
-3.17201e-05
-6.15845e-05
-9.01597e-05
-0.000116162
-0.000139051
-0.000158431
-0.000174124
-0.000186143
-0.000194651
-0.000199922
-0.000202303
-0.000202196
-0.000200014
-0.000196151
-0.000190978
-0.00018483
-0.00017799
-0.000170695
-0.000163136
-0.000155466
-0.000147809
-0.000140262
-0.000132898
-0.000125765
-0.000118894
-0.000112301
-0.000106001
-0.00010001
-9.4346e-05
-8.90239e-05
-8.40414e-05
-7.93849e-05
-7.50241e-05
-7.09388e-05
-6.71155e-05
-6.35514e-05
-6.0244e-05
-5.71793e-05
-5.43309e-05
-5.16622e-05
-4.91377e-05
-4.67304e-05
-4.44286e-05
-4.22287e-05
-4.01273e-05
-3.81105e-05
-3.61583e-05
-3.42639e-05
-3.24427e-05
-3.07231e-05
-2.91323e-05
-2.76809e-05
-2.63657e-05
-2.51783e-05
-2.41153e-05
-2.31695e-05
-2.23212e-05
-2.15189e-05
-2.07019e-05
-1.98259e-05
-1.88745e-05
-1.78709e-05
-1.68439e-05
-1.58483e-05
-1.49229e-05
-1.40772e-05
-1.33232e-05
-1.26656e-05
-1.20795e-05
-1.15379e-05
-1.10192e-05
-1.05165e-05
-1.0035e-05
-9.59613e-06
-9.21302e-06
-8.87113e-06
-8.56485e-06
-8.24747e-06
-7.87702e-06
-7.44826e-06
-6.98735e-06
-6.52823e-06
-6.10708e-06
-5.74118e-06
-5.41985e-06
-5.15932e-06
-4.92121e-06
-4.71412e-06
-4.54212e-06
-4.39642e-06
-4.25323e-06
-4.06912e-06
-3.81817e-06
-3.51123e-06
-3.19194e-06
-2.92548e-06
-2.76597e-06
-2.67698e-06
-2.6624e-06
-2.62031e-06
-2.50829e-06
-2.32733e-06
-2.12505e-06
-1.95796e-06
-1.8654e-06
-1.8541e-06
-1.86005e-06
-1.86144e-06
-1.81402e-06
-1.73448e-06
-1.64178e-06
-1.52658e-06
-1.37557e-06
-1.20258e-06
-1.04124e-06
-9.42968e-07
-9.5417e-07
-1.02295e-06
-1.12379e-06
-1.15498e-06
-1.08362e-06
-9.31809e-07
-7.46997e-07
-6.08885e-07
-5.49436e-07
-5.65462e-07
-5.97053e-07
-5.88739e-07
-5.40274e-07
-4.94299e-07
-4.93119e-07
-5.52477e-07
-6.50403e-07
-7.22301e-07
-7.31497e-07
-6.72218e-07
-6.03529e-07
-5.7497e-07
-6.21273e-07
-7.36617e-07
-8.49746e-07
-9.16099e-07
-9.09037e-07
-8.31324e-07
-7.21175e-07
-6.54767e-07
-6.54411e-07
-6.87144e-07
-7.53377e-07
-7.39562e-07
-7.23363e-07
-6.95974e-07
-7.08552e-07
-7.44028e-07
-7.44655e-07
-6.96565e-07
-6.4971e-07
-6.21371e-07
-6.07789e-07
-6.65363e-07
-6.79897e-07
-7.11613e-07
-7.428e-07
-7.80295e-07
-8.1985e-07
-9.19856e-07
-1.08725e-06
-1.18067e-06
-1.2652e-06
-1.06091e-06
-5.89094e-07
-1.22958e-07
)
;

boundaryField
{
    freeSurface
    {
        type            calculated;
        value           nonuniform List<scalar> 
181
(
-2.97129e-07
8.65845e-08
5.78498e-07
1.3293e-06
2.29625e-06
3.25808e-06
4.01224e-06
4.6114e-06
4.58046e-05
4.11793e-05
3.25917e-05
2.12234e-05
6.57925e-06
-1.06321e-05
-2.97406e-05
-5.00487e-05
-7.08715e-05
-9.15912e-05
-0.000111685
-0.0001307
-0.000148324
-0.00016428
-0.000178467
-0.000190809
-0.00020137
-0.000210228
-0.000217476
-0.000223277
-0.000227714
-0.000230957
-0.000233096
-0.000234304
-0.00023466
-0.000234292
-0.000233271
-0.000231622
-0.000229476
-0.000226735
-0.000223737
-0.000220334
-0.000216873
-0.000213131
-0.000209291
-0.000205281
-0.00020114
-0.000197009
-0.000192884
-0.000188892
-0.000184982
-0.000181141
-0.000177329
-0.000173634
-0.000169868
-0.000166112
-0.000162473
-0.000158782
-0.000154915
-0.000150971
-0.000146859
-0.000142643
-0.000138403
-0.000134281
-0.000130184
-0.00012624
-0.000122505
-0.000119124
-0.000116127
-0.000113392
-0.000110821
-0.000108226
-0.000105458
-0.000102456
-9.92131e-05
-9.58585e-05
-9.24405e-05
-8.89814e-05
-8.56498e-05
-8.24919e-05
-7.946e-05
-7.65868e-05
-7.37396e-05
-7.08933e-05
-6.81139e-05
-6.5474e-05
-6.30186e-05
-6.08574e-05
-5.89561e-05
-5.7164e-05
-5.53085e-05
-5.32905e-05
-5.10948e-05
-4.87919e-05
-4.64938e-05
-4.41979e-05
-4.20608e-05
-4.00082e-05
-3.8062e-05
-3.62863e-05
-3.47454e-05
-3.34929e-05
-3.2437e-05
-3.13295e-05
-2.99668e-05
-2.82619e-05
-2.62735e-05
-2.44287e-05
-2.27513e-05
-2.16521e-05
-2.08934e-05
-2.02147e-05
-1.93106e-05
-1.80875e-05
-1.66436e-05
-1.52078e-05
-1.41754e-05
-1.34172e-05
-1.30035e-05
-1.26112e-05
-1.22269e-05
-1.18825e-05
-1.15508e-05
-1.10815e-05
-1.03212e-05
-9.21002e-06
-7.83345e-06
-6.77969e-06
-6.1501e-06
-6.24281e-06
-6.67002e-06
-7.01935e-06
-6.92711e-06
-6.24296e-06
-5.20067e-06
-4.16719e-06
-3.50838e-06
-3.29959e-06
-3.10873e-06
-2.63798e-06
-1.89709e-06
-1.05948e-06
-4.931e-07
-4.33636e-07
-7.69478e-07
-1.14345e-06
-1.07791e-06
-5.71906e-07
2.19303e-07
9.3251e-07
9.5645e-07
4.66593e-07
-3.25337e-07
-1.10187e-06
-1.46931e-06
-1.17408e-06
-5.66778e-07
-1.33519e-07
1.52612e-07
-3.53955e-07
-4.77999e-07
-4.76733e-07
-2.16292e-07
-8.62454e-08
-3.91885e-07
-8.24516e-07
-8.83294e-07
-7.13063e-07
-4.10279e-07
2.37864e-07
1.1703e-07
2.55343e-07
3.03028e-07
3.01791e-07
2.0545e-07
2.58947e-07
-9.62773e-08
-1.95174e-06
-4.3451e-06
-9.02384e-06
-1.33357e-05
-1.46539e-05
-1.16983e-05
)
;
    }
    walls
    {
        type            calculated;
        value           uniform 0;
    }
    floatingObject
    {
        type            calculated;
        value           nonuniform List<scalar> 
37
(
0.000567074
0.000573715
0.000580356
0.000587078
0.000593962
0.000600846
0.000607851
0.000614937
0.000622064
0.000629313
0.000636642
0.000644052
0.000651544
0.000659116
0.00066681
0.000674544
0.00068244
0.000690337
0.000698395
0
0
0
0
0
0
0
0
0
0
0
0
0
0
0
0
0
0
)
;
    }
    frontAndBack
    {
        type            empty;
    }
}


// ************************************************************************* //
