/*--------------------------------*- C++ -*----------------------------------*\
  =========                 |
  \\      /  F ield         | OpenFOAM: The Open Source CFD Toolbox
   \\    /   O peration     | Website:  https://openfoam.org
    \\  /    A nd           | Version:  12
     \\/     M anipulation  |
\*---------------------------------------------------------------------------*/
FoamFile
{
    format      ascii;
    class       surfaceScalarField;
    location    "12.82";
    object      phi;
}
// * * * * * * * * * * * * * * * * * * * * * * * * * * * * * * * * * * * * * //

dimensions      [1 0 -1 0 0 0 0];

internalField   nonuniform List<scalar> 
7429
(
0.00025564
-0.00025564
0.000516425
-0.000260784
0.000781717
-0.000265291
0.00105224
-0.000270525
0.00132878
-0.000276533
0.00161206
-0.000283283
0.00190277
-0.000290709
0.00220151
-0.000298735
0.00250877
-0.000307268
0.00282495
-0.000316173
0.00315021
-0.00032526
0.00348456
-0.000334349
0.0038279
-0.000343339
0.00417976
-0.000351864
0.00453961
-0.000359845
0.00490656
-0.000366951
0.00527955
-0.000372988
0.00565727
-0.000377718
0.00603812
-0.000380858
0.00642049
-0.000382361
0.00680232
-0.000381835
0.00718149
-0.000379168
0.00755569
-0.000374205
0.00792242
-0.000366721
0.00827905
-0.000356633
0.00862275
-0.000343703
0.00895059
-0.00032784
0.00925966
-0.000309061
0.00954693
-0.000287274
0.00980959
-0.00026266
0.0100448
-0.00023523
0.01025
-0.000205193
0.0104228
-0.000172787
0.010561
-0.000138224
0.0106628
-0.000101752
0.0107265
-6.37642e-05
0.0107512
-2.46711e-05
0.0107378
1.34369e-05
0.0106854
5.23753e-05
0.0105932
9.22222e-05
0.0104609
0.000132303
0.0102887
0.000172167
0.0100775
0.000211253
0.00982824
0.00024922
0.00954258
0.000285657
0.00922234
0.00032024
0.00886961
0.000352726
0.00848682
0.000382798
0.0080766
0.000410212
0.00764188
0.000434722
0.00718581
0.000456069
0.00671174
0.000474071
0.0062234
0.000488337
0.00572434
0.000499066
0.00521886
0.000505481
0.0047106
0.000508255
0.00420424
0.000506359
0.00370365
0.000500597
0.00321351
0.000490134
0.00273762
0.000475894
0.00228085
0.000456773
0.00184694
0.000433909
0.00144031
0.000406631
0.00106471
0.000375597
0.000723753
0.000340956
0.000420793
0.000302959
0.000158679
0.000262114
-6.02894e-05
0.000218968
-0.000234102
0.000173813
-0.000361103
0.000127
-0.000440833
7.97305e-05
-0.00047269
3.18569e-05
-0.000453594
-1.90959e-05
-0.000386782
-6.68118e-05
-0.0002757
-0.000111082
-0.000122666
-0.000153033
6.84181e-05
-0.000191084
0.000294264
-0.000225846
0.000549867
-0.000255603
0.00082951
-0.000279642
0.00112653
-0.000297016
0.00143436
-0.000307832
0.00174554
-0.000311183
0.00205253
-0.000306992
0.0023472
-0.000294665
0.00262193
-0.000274731
0.00286853
-0.000246603
0.00307976
-0.000211227
0.00324863
-0.000168864
0.00336868
-0.000120052
0.00343525
-6.65682e-05
0.00344291
-7.66779e-06
0.00337995
6.29591e-05
0.00324993
0.000130021
0.00305467
0.000195261
0.00279687
0.0002578
0.00248031
0.000316558
0.00211019
0.000370122
0.00169273
0.000417459
0.00123661
0.000456119
0.000751942
0.000484673
0.000250268
0.000501674
-0.000255606
0.000505874
-0.000751883
0.000496277
-0.00122455
0.00047267
-0.00165934
0.000434788
-0.00204272
0.00038338
-0.00236193
0.000319209
-0.00260589
0.000243961
-0.00276537
0.000159482
-0.00283439
6.90157e-05
-0.00280045
-3.39424e-05
-0.00266475
-0.000135699
-0.00243399
-0.000230755
-0.00211514
-0.00031885
-0.00171772
-0.00039742
-0.00125406
-0.000463666
-0.000740298
-0.000513759
-0.000194838
-0.00054546
0.000361102
-0.00055594
0.000905514
-0.000544412
0.00141613
-0.000510614
0.00187094
-0.000454811
0.00225008
-0.000379139
0.00253631
-0.000286229
0.00271604
-0.000179735
0.00278099
-6.49506e-05
0.00271819
6.28062e-05
0.00253491
0.000183275
0.00224271
0.000292203
0.00185509
0.000387617
0.00139091
0.00046418
0.000873481
0.000517432
0.000330694
0.000542787
-0.000208361
0.000539056
-0.000714002
0.00050564
-0.00115718
0.000443182
-0.00151369
0.000356507
-0.00176327
0.000249578
-0.00189343
0.000130162
-0.00189614
2.71245e-06
-0.00177032
-0.000125821
-0.00153434
-0.000235985
-0.00120878
-0.000325561
-0.000819509
-0.000389267
-0.000398652
-0.000420858
1.85947e-05
-0.000417246
0.000396177
-0.000377582
0.000701638
-0.000305461
0.000908133
-0.000206495
0.000997662
-8.95288e-05
0.000954281
4.33807e-05
0.000783673
0.000170608
0.000504531
0.000279142
0.000141207
0.000363324
-0.00027308
0.000414287
-0.000697995
0.000424915
-0.00109116
0.000393167
-0.00141305
0.00032189
-0.00162997
0.000216922
-0.00171956
8.95823e-05
-0.0016634
-5.61589e-05
-0.00146965
-0.00019375
-0.00115938
-0.000310272
-0.000762491
-0.000396884
-0.000319287
-0.000443205
0.000124559
-0.000443846
0.00052229
-0.000397731
0.00083408
-0.00031179
0.00103107
-0.00019699
0.00109886
-6.77883e-05
0.00103414
6.47209e-05
0.000858515
0.000175623
0.000601945
0.00025657
0.000303575
0.00029837
5.67398e-06
0.000297901
-0.00025121
0.000256884
-0.00043749
0.00018628
-0.000535593
9.8103e-05
-0.000543277
7.6839e-06
-0.000470549
-7.27272e-05
-0.000342183
-0.000128366
-0.000186616
-0.000155567
-3.3242e-05
-0.000153374
9.36592e-05
-0.000126901
0.00017947
-8.58108e-05
0.000220832
-4.13623e-05
0.000224328
-3.49595e-06
0.000204443
1.98848e-05
0.000179209
2.52341e-05
0.000163479
1.57302e-05
0.000168337
-4.85836e-06
0.000194725
-2.63876e-05
0.00023364
-3.89145e-05
0.000269035
-3.53958e-05
0.000284509
-1.54735e-05
0.000266599
1.79095e-05
0.000208732
5.78671e-05
0.000115321
9.34112e-05
0.000115321
0.000239789
-0.000495428
0.000488888
-0.000509883
0.000744074
-0.000520476
0.00100688
-0.000533334
0.00127885
-0.0005485
0.0015617
-0.000566132
0.00185702
-0.000586033
0.00216631
-0.000608017
0.00249068
-0.000631643
0.00283111
-0.0006566
0.00318803
-0.000682179
0.00356163
-0.000707953
0.00395179
-0.000733489
0.00435784
-0.000757921
0.0047789
-0.000780903
0.00521359
-0.000801635
0.00566007
-0.000819467
0.00611613
-0.000833784
0.00657917
-0.000843899
0.00704596
-0.00084915
0.00751315
-0.000849024
0.00797696
-0.000842977
0.00843333
-0.000830568
0.00887804
-0.000811438
0.00930678
-0.000785368
0.00971529
-0.000752212
0.0100995
-0.000712009
0.0104553
-0.000664953
0.0107793
-0.000611244
0.011068
-0.000551368
0.0113185
-0.000485747
0.0115285
-0.000415124
0.0116958
-0.00034009
0.011819
-0.000261412
0.0118973
-0.000180066
0.0119308
-9.72871e-05
0.0119216
-1.54329e-05
0.0118519
8.31161e-05
0.0117282
0.000176059
0.0115539
0.000266515
0.0113322
0.000354021
0.0110663
0.000438041
0.0107595
0.000518035
0.0104148
0.00059392
0.0100345
0.000665957
0.00962103
0.000733752
0.0091767
0.000797057
0.00870411
0.000855391
0.00820648
0.000907838
0.00768683
0.000954367
0.0071489
0.000994008
0.00659641
0.00102656
0.00603313
0.00105162
0.00546353
0.00106866
0.00489156
0.00107745
0.00432196
0.00107786
0.00375893
0.00106938
0.00320686
0.00105267
0.00267076
0.00102623
0.00215467
0.000991987
0.00166309
0.000948347
0.0012004
0.000896599
0.000770236
0.000836798
0.000376632
0.000769201
2.33958e-05
0.000694193
-0.00028628
0.000612635
-0.000549333
0.000525167
-0.00076315
0.000432785
-0.000925949
0.000336612
-0.00103662
0.000237669
-0.00109411
0.000137228
-0.00109887
3.66114e-05
-0.00104735
-7.06182e-05
-0.000945357
-0.000168802
-0.000794476
-0.000261964
-0.000598123
-0.000349386
-0.000359619
-0.000429588
-8.39239e-05
-0.000501541
0.000222488
-0.000562015
0.000554292
-0.000611446
0.000904576
-0.0006473
0.00126538
-0.000668632
0.00162858
-0.000674391
0.00198581
-0.000664215
0.00232843
-0.000637286
0.00264769
-0.000593994
0.00293513
-0.000534041
0.00318233
-0.000458434
0.0033811
-0.000367628
0.00352575
-0.000264707
0.00360808
-0.000148896
0.00362739
-2.69744e-05
0.00356927
0.000121073
0.00343842
0.000260877
0.00323603
0.000397652
0.00296441
0.00052941
0.00262732
0.000653654
0.00223033
0.000767113
0.00178075
0.000867042
0.00128834
0.000948525
0.00076458
0.00100843
0.000222022
0.00104423
-0.000325183
0.00105308
-0.000862059
0.00103315
-0.00137292
0.000983532
-0.00184221
0.000904073
-0.00225492
0.000796094
-0.00259771
0.000661999
-0.00285788
0.000504129
-0.00302474
0.000326345
-0.00309252
0.000136798
-0.00304952
-7.69477e-05
-0.00289916
-0.000286058
-0.0026461
-0.000483809
-0.00229754
-0.000667417
-0.0018635
-0.000831453
-0.00135793
-0.000969241
-0.000798842
-0.00107285
-0.000207396
-0.00113691
0.000394061
-0.0011574
0.000981377
-0.00113173
0.00153004
-0.00105928
0.00201669
-0.000941454
0.00241996
-0.000782418
0.00272025
-0.000586519
0.00290466
-0.000364142
0.00296361
-0.000123899
0.00288495
0.00014147
0.00267875
0.000389472
0.00235496
0.000615995
0.00192831
0.000814261
0.0014208
0.000971694
0.000857856
0.00108037
0.000270184
0.00113046
-0.000310344
0.00111958
-0.00085024
0.00104554
-0.00131983
0.000912771
-0.00169166
0.000728337
-0.0019455
0.000503416
-0.00206713
0.000251794
-0.00204638
-1.80375e-05
-0.00189201
-0.000280193
-0.00161845
-0.000509539
-0.00124785
-0.000696167
-0.00081019
-0.000826925
-0.000340895
-0.000890153
0.000120955
-0.000879097
0.000536126
-0.000792754
0.00086973
-0.000639065
0.0010925
-0.000429261
0.00118446
-0.000181491
0.00113147
9.6366e-05
0.000942386
0.000359695
0.000633789
0.000587739
0.000233775
0.000763338
-0.000220535
0.000868597
-0.000684435
0.000888815
-0.00111216
0.000820892
-0.00145998
0.000669714
-0.00169305
0.000449989
-0.00178596
0.000182487
-0.00172293
-0.000119184
-0.00151384
-0.000402837
-0.00117946
-0.000644652
-0.00075424
-0.000822109
-0.000282391
-0.000915054
0.000186209
-0.000912445
0.000601087
-0.000812609
0.00092047
-0.000631174
0.00111374
-0.000390257
0.00116715
-0.000121206
0.0010813
0.000150575
0.000878939
0.000377984
0.000594293
0.000541216
0.000270476
0.000622187
-4.59124e-05
0.00061429
-0.00031331
0.000524282
-0.000499705
0.000372675
-0.000588745
0.000187143
-0.0005784
-2.66115e-06
-0.000486099
-0.000165028
-0.000337902
-0.000276564
-0.000165933
-0.000327536
-3.09507e-06
-0.000316212
0.000125761
-0.000255757
0.000205755
-0.000165806
0.000235365
-7.09721e-05
0.000223581
8.28778e-06
0.000189172
5.42944e-05
0.000152158
6.22486e-05
0.000129758
3.81296e-05
0.00013356
-8.66044e-06
0.000162668
-5.54953e-05
0.000208931
-8.51778e-05
0.000253076
-7.95405e-05
0.000276816
-3.92138e-05
0.000265019
2.97072e-05
0.000210256
0.00011263
0.000116958
0.000186709
0.000232279
3.0691e-05
-0.000526118
6.65722e-05
-0.000545764
0.000110581
-0.000564484
0.000166939
-0.000589691
0.00023975
-0.00062131
0.000333165
-0.000659546
0.000450531
-0.000703397
0.000595508
-0.000752994
0.000770696
-0.000806829
0.000979037
-0.000864941
0.00122234
-0.000925479
0.00150136
-0.000986971
0.00181425
-0.00104638
0.00215986
-0.00110353
0.00254023
-0.00116127
0.00295521
-0.00121662
0.00340312
-0.00126738
0.00388082
-0.00131148
0.00438413
-0.00134721
0.00490814
-0.00137315
0.00544727
-0.00138816
0.00599539
-0.0013911
0.00654614
-0.00138131
0.00709259
-0.00135789
0.0076276
-0.00132037
0.00814486
-0.00126947
0.00863751
-0.00120466
0.0091
-0.00112743
0.00952614
-0.00103738
0.00990911
-0.000934341
0.0102437
-0.000820331
0.0105254
-0.000696822
0.0107508
-0.000565517
0.010918
-0.000428619
0.011025
-0.000287068
0.0110714
-0.000143625
0.0110567
-8.06977e-07
0.0110018
0.000138069
0.0108979
0.000279978
0.0107434
0.000421023
0.0105381
0.000559281
0.0102826
0.000693505
0.00997821
0.00082247
0.0096269
0.000945226
0.00923175
0.0010611
0.00879639
0.00116912
0.00832459
0.00126885
0.00782062
0.00135936
0.00728814
0.00144032
0.00673176
0.00151075
0.00615551
0.00157025
0.00556391
0.00161815
0.00496169
0.00165384
0.00435311
0.00167725
0.00374316
0.00168739
0.00313619
0.00168483
0.00253815
0.00166743
0.00195379
0.00163703
0.00138811
0.00159191
0.000846224
0.00153387
0.000332863
0.00146171
-0.000147304
0.00137677
-0.000588734
0.00127823
-0.000986886
0.00116735
-0.00133747
0.00104478
-0.0016368
0.000911959
-0.00188189
0.000770264
-0.0020706
0.000621489
-0.00219877
0.000464784
-0.00226601
0.000304911
-0.0022716
0.000142821
-0.00220876
-2.62365e-05
-0.00208893
-0.000190442
-0.00191058
-0.000347154
-0.00167572
-0.000496826
-0.00138841
-0.00063669
-0.00105266
-0.000765344
-0.000675585
-0.000878615
-0.000262562
-0.000975039
0.000178053
-0.00105206
0.000638601
-0.00110785
0.00110913
-0.00113916
0.00158046
-0.00114572
0.00204184
-0.00112559
0.00248359
-0.00107904
0.00289453
-0.00100493
0.00326397
-0.000903474
0.00358306
-0.000777531
0.00384271
-0.000627276
0.00403243
-0.000454422
0.00414937
-0.000265839
0.00418099
-5.85946e-05
0.00412543
0.000176628
0.00398194
0.000404377
0.00375152
0.000628065
0.0034366
0.000844329
0.00304151
0.00104875
0.00257336
0.00123526
0.00204125
0.00139916
0.0014572
0.00153257
0.000835065
0.00163057
0.000190289
0.00168901
-0.000458663
0.00170203
-0.00109479
0.00166929
-0.0016994
0.00158813
-0.00225397
0.00145865
-0.00274048
0.0012826
-0.00314187
0.00106339
-0.0034429
0.000805158
-0.00363487
0.000518319
-0.0037041
0.000206023
-0.00364413
-0.000136921
-0.00345819
-0.000471994
-0.00315079
-0.000791209
-0.0027292
-0.00108901
-0.00220664
-0.00135401
-0.00160119
-0.00157469
-0.000934622
-0.00173942
-0.000231068
-0.00184046
0.000482817
-0.00187128
0.00117717
-0.00182608
0.00182285
-0.00170496
0.0023916
-0.0015102
0.00285741
-0.00124823
0.00320032
-0.000929435
0.0034013
-0.000565122
0.00345077
-0.000173367
0.00334167
0.000250577
0.00308267
0.000648467
0.0026853
0.00101337
0.00216726
0.0013323
0.00155601
0.00158294
0.000883784
0.0017526
0.000187655
0.00182659
-0.000496083
0.00180332
-0.00112592
0.00167537
-0.00166679
0.00145364
-0.00208683
0.00114838
-0.00236227
0.000778864
-0.00247695
0.00036647
-0.00242149
-7.34924e-05
-0.0022091
-0.000492587
-0.00185584
-0.000862802
-0.00138827
-0.00116374
-0.000845046
-0.00137015
-0.000268604
-0.00146659
0.000293049
-0.00144075
0.00079336
-0.00129306
0.00119025
-0.00103596
0.00145077
-0.00068978
0.00155168
-0.0002824
0.00147857
0.000169475
0.00124336
0.000594909
0.000866035
0.000965063
0.000380494
0.00124888
-0.000166802
0.00141589
-0.000722208
0.00144422
-0.00123103
0.00132971
-0.00164211
0.0010808
-0.00191371
0.000721587
-0.00201601
0.000284787
-0.0019364
-0.000198793
-0.001686
-0.000653233
-0.00128973
-0.00104093
-0.000790156
-0.00132168
-0.00024149
-0.00146372
0.00029664
-0.00145057
0.000765677
-0.00128165
0.00111653
-0.000982026
0.00131646
-0.000590183
0.00135088
-0.000155635
0.0012244
0.000277061
0.000965611
0.000636771
0.000617316
0.000889511
0.000232549
0.00100695
-0.000133954
0.000980793
-0.000433034
0.000823362
-0.000629912
0.000569553
-0.000708057
0.000265288
-0.000670185
-4.05336e-05
-0.000539334
-0.000295879
-0.000349388
-0.00046651
-0.000141175
-0.000535748
4.71255e-05
-0.000504512
0.000186105
-0.000394737
0.0002614
-0.0002411
0.000273396
-8.29685e-05
0.000237603
4.40814e-05
0.000177606
0.000114291
0.000119872
0.000119982
8.61279e-05
7.18741e-05
8.91443e-05
-1.16768e-05
0.000125831
-9.21825e-05
0.000187242
-0.000146588
0.00024842
-0.000140718
0.000286564
-7.73585e-05
0.00028309
3.31816e-05
0.000228637
0.000167083
0.000128445
0.000286901
0.000360724
-0.000162842
-0.000363276
-0.000309442
-0.000399163
-0.000435057
-0.000438869
-0.000528017
-0.000496731
-0.000577602
-0.000571724
-0.000572532
-0.000664615
-0.000505144
-0.000770785
-0.000365668
-0.00089247
-0.000152499
-0.00102
0.00013734
-0.00115478
0.000502176
-0.00129031
0.000942359
-0.00142715
0.00145637
-0.00156039
0.00203813
-0.0016853
0.00268485
-0.00180799
0.00339123
-0.001923
0.00415105
-0.00202719
0.00495801
-0.00211844
0.00580262
-0.00219182
0.00667525
-0.00224578
0.00756408
-0.00227699
0.00845691
-0.00228393
0.0093395
-0.0022639
0.0101992
-0.0022176
0.0110209
-0.00214209
0.0117928
-0.00204134
0.0124993
-0.00191116
0.0131328
-0.00176097
0.0136797
-0.00158423
0.014139
-0.00139371
0.0145049
-0.00118623
0.0147784
-0.000970269
0.0149599
-0.000747044
0.0150523
-0.00052097
0.0150606
-0.000295442
0.0149921
-7.50925e-05
0.014822
0.000169324
0.0145598
0.000400255
0.014221
0.000618755
0.0138162
0.000825874
0.0133529
0.00102251
0.0128373
0.00120916
0.0122745
0.00138523
0.0116689
0.00155084
0.0110248
0.00170524
0.0103471
0.00184683
0.00963959
0.00197633
0.0089067
0.00209225
0.00815339
0.00219363
0.00738383
0.0022803
0.0066032
0.00235089
0.00581555
0.0024058
0.00502674
0.00244265
0.00424074
0.00246325
0.00346358
0.00246455
0.00270138
0.00244704
0.00195853
0.00241028
0.00124033
0.00235523
0.000551915
0.00228033
-0.000101647
0.00218743
-0.000713325
0.00207339
-0.0012776
0.00194104
-0.00178991
0.00179054
-0.00224608
0.00162352
-0.00264165
0.00144035
-0.00297172
0.00124204
-0.00323196
0.0010305
-0.00342111
0.000810631
-0.00353554
0.000579222
-0.00357368
0.00034305
-0.00353671
0.000105845
-0.00342058
-0.000142365
-0.00323241
-0.000378611
-0.00297208
-0.000607479
-0.00264299
-0.000825923
-0.00225013
-0.00102955
-0.00179992
-0.00121555
-0.00129894
-0.00137959
-0.00075579
-0.00151819
-0.000181333
-0.00162652
0.000415185
-0.00170437
0.00102227
-0.00174624
0.00162789
-0.00175135
0.00221954
-0.00171725
0.00278367
-0.00164316
0.00330838
-0.00152965
0.00378155
-0.00137664
0.00418897
-0.00118495
0.00452039
-0.000958699
0.00476867
-0.000702701
0.0049179
-0.000415073
0.00497213
-0.000112818
0.0049131
0.000235659
0.00474672
0.00057075
0.00447316
0.000901624
0.00409515
0.00122235
0.00361787
0.00152602
0.00305054
0.0018026
0.00240518
0.00204451
0.00169598
0.00224177
0.000940814
0.00238574
0.000159137
0.00247068
-0.000629079
0.00249025
-0.00140094
0.00244115
-0.00213225
0.00231944
-0.00280061
0.00212701
-0.00338413
0.00186613
-0.00386327
0.00154252
-0.0042222
0.0011641
-0.004443
0.000739113
-0.00451739
0.000280419
-0.00443492
-0.000219394
-0.00420046
-0.000706457
-0.00381852
-0.00117315
-0.00329909
-0.00160844
-0.00265797
-0.00199513
-0.001917
-0.00231566
-0.00110348
-0.00255294
-0.000249047
-0.00269489
0.000614695
-0.00273502
0.00145048
-0.00266186
0.00222366
-0.00247814
0.00290068
-0.00218722
0.00345247
-0.00180002
0.00384804
-0.00132501
0.00407325
-0.00079033
0.00411464
-0.000214752
0.00396317
0.000402048
0.00363173
0.000979907
0.0031327
0.00151239
0.00249252
0.00197248
0.00174265
0.00233281
0.000922876
0.00257237
7.63691e-05
0.00267309
-0.00074188
0.00262157
-0.00149191
0.0024254
-0.00212742
0.00208915
-0.00261242
0.00163338
-0.00291712
0.00108356
-0.00302341
0.000472759
-0.00292444
-0.000172465
-0.00263485
-0.000782173
-0.00217571
-0.00132195
-0.00158094
-0.0017585
-0.000897955
-0.00205313
-0.000182211
-0.00218234
0.000510501
-0.00213346
0.00112275
-0.00190531
0.00160423
-0.00151744
0.00191188
-0.000997427
0.00202274
-0.000393261
0.00192261
0.000269603
0.00162435
0.000893172
0.00115329
0.00143612
0.000553479
0.00184869
-0.000117823
0.0020872
-0.000795514
0.00212191
-0.00141188
0.00194608
-0.00190526
0.00157418
-0.00222553
0.00104186
-0.00234157
0.000400834
-0.00223716
-0.000303203
-0.0019281
-0.000962297
-0.0014466
-0.00152243
-0.000846087
-0.00192219
-0.000192456
-0.00211735
0.000440421
-0.00208345
0.000982574
-0.0018238
0.0013776
-0.00137705
0.00158706
-0.000799644
0.00159544
-0.000164014
0.00141576
0.000456737
0.00108231
0.000970224
0.000650035
0.00132178
0.000184032
0.00147296
-0.000248463
0.00141329
-0.00058978
0.00116468
-0.000800602
0.000780375
-0.000864527
0.000329213
-0.000790339
-0.000114722
-0.000608285
-0.000477933
-0.000363273
-0.000711522
-0.000106206
-0.000792816
0.00011474
-0.000725458
0.000266837
-0.000546834
0.00033508
-0.000309343
0.000324752
-7.26409e-05
0.000257596
0.000111237
0.000165216
0.000206671
8.11657e-05
0.000204033
3.34528e-05
0.000119587
3.70634e-05
-1.52874e-05
8.53496e-05
-0.000140469
0.000166991
-0.00022823
0.000250506
-0.000224232
0.000306808
-0.000133661
0.000313022
2.69678e-05
0.0002573
0.000222805
0.000145801
0.0003984
0.000506525
-0.000621756
0.000258481
-0.0012288
0.000207883
-0.00180958
0.00014191
-0.00234661
4.0302e-05
-0.00282708
-9.12543e-05
-0.0032229
-0.000268799
-0.00353092
-0.000462762
-0.00373633
-0.000687052
-0.00385179
-0.000904544
-0.00385591
-0.00115066
-0.00373642
-0.0014098
-0.00347757
-0.001686
-0.00307391
-0.00196405
-0.00251949
-0.00223971
-0.00182353
-0.00250395
-0.000995314
-0.00275122
-4.83738e-05
-0.00297413
0.00100077
-0.00316758
0.00213464
-0.0033257
0.00333169
-0.00344282
0.00456843
-0.00351373
0.00582413
-0.00353963
0.00707297
-0.00351275
0.00829269
-0.00343732
0.00945599
-0.00330538
0.0105445
-0.0031299
0.0115311
-0.00289772
0.0124084
-0.00263821
0.0131527
-0.00232855
0.0137649
-0.00200597
0.0142371
-0.00165834
0.0145716
-0.00130482
0.0147741
-0.000949553
0.0148513
-0.000598165
0.0148178
-0.000261892
0.0146802
6.24646e-05
0.0144713
0.000378219
0.0141887
0.000682809
0.0138334
0.000974053
0.0134082
0.00125115
0.0129181
0.00151257
0.0123685
0.00175877
0.0117652
0.00198851
0.0111139
0.00220212
0.0104206
0.00239862
0.0096895
0.00257788
0.0089265
0.00273934
0.00813638
0.00288237
0.00732359
0.00300642
0.00649336
0.00311054
0.00565033
0.00319391
0.00480011
0.00325602
0.00394764
0.00329513
0.00309991
0.00331098
0.00226039
0.00330407
0.00143459
0.00327284
0.000630689
0.00321417
-0.000145654
0.00313157
-0.000887182
0.00302186
-0.0015888
0.00288904
-0.00224262
0.00272721
-0.00284454
0.00254296
-0.00338694
0.00233294
-0.0038623
0.00209888
-0.00426719
0.00184524
-0.00459663
0.00157147
-0.00484478
0.00127865
-0.00500918
0.00097504
-0.00508867
0.00065871
-0.00508111
0.00033549
-0.00497327
-1.9938e-06
-0.00478182
-0.000333818
-0.00450382
-0.000656611
-0.00414168
-0.000969616
-0.00369916
-0.00126844
-0.00318228
-0.00154643
-0.00259839
-0.00179944
-0.00195668
-0.00202131
-0.00126756
-0.00220731
-0.000541271
-0.00235281
0.000209235
-0.00245487
0.000970274
-0.00250728
0.00172686
-0.00250794
0.00246342
-0.0024538
0.00316642
-0.00234616
0.00381961
-0.00218283
0.0044048
-0.00196183
0.00491176
-0.00169191
0.00532604
-0.00137298
0.0056298
-0.00100646
0.00582402
-0.000609292
0.00589121
-0.00018001
0.0058272
0.000299674
0.00563243
0.000765521
0.00530663
0.00122742
0.00485339
0.00167558
0.00428021
0.00209921
0.00359822
0.00248458
0.0028216
0.00282114
0.00196907
0.00309429
0.00106151
0.0032933
0.000121652
0.00341054
-0.000822337
0.00343424
-0.00174532
0.00336413
-0.00262035
0.00319448
-0.00341906
0.00292572
-0.00411518
0.00256225
-0.00468464
0.00211198
-0.00510272
0.00158218
-0.00535448
0.000990869
-0.00543259
0.000358524
-0.00532265
-0.000329327
-0.00503086
-0.00099825
-0.00456181
-0.0016422
-0.00392774
-0.0022425
-0.00315126
-0.00277161
-0.00225807
-0.00320886
-0.00127997
-0.00353104
-0.000252853
-0.00372201
0.000778068
-0.00376594
0.00177434
-0.00365813
0.00269252
-0.00339632
0.00349034
-0.00298505
0.00413136
-0.00244104
0.00459033
-0.00178398
0.00483834
-0.00103834
0.00486016
-0.000236564
0.00466124
0.000600967
0.00424581
0.00139533
0.00363139
0.00212681
0.00285008
0.00275379
0.00194191
0.00324099
0.000955979
0.0035583
-5.09194e-05
0.00367999
-0.00102635
0.003597
-0.00191136
0.00331041
-0.0026538
0.0028316
-0.00320931
0.00218889
-0.00354444
0.00141869
-0.00363866
0.000566979
-0.00349007
-0.00032106
-0.00311119
-0.00116105
-0.00252995
-0.00190319
-0.00179071
-0.00249774
-0.000952269
-0.00289157
-7.29539e-05
-0.00306165
0.000763264
-0.00296968
0.00149772
-0.00263976
0.00206873
-0.00208846
0.00243115
-0.00135984
0.00254734
-0.00050945
0.00241294
0.000403997
0.00204009
0.00126602
0.00146196
0.00201425
0.000732275
0.00257838
-8.03685e-05
0.00289984
-0.000894963
0.00293651
-0.0016311
0.00268221
-0.00221481
0.00215789
-0.00258851
0.00141555
-0.00271269
0.000525018
-0.00257833
-0.000437563
-0.00220005
-0.00134058
-0.00162023
-0.00210225
-0.000904043
-0.00263838
-0.000131811
-0.00288958
0.000605619
-0.00282088
0.00122899
-0.00244717
0.00167137
-0.00181943
0.00188874
-0.00101701
0.00186677
-0.000142049
0.00162473
0.000698779
0.00120594
0.00138901
0.000678034
0.00184969
0.000120382
0.00203061
-0.000383087
0.00191676
-0.000768898
0.00155049
-0.000992596
0.00100407
-0.00103759
0.000374209
-0.000919655
-0.000232658
-0.000678323
-0.000719265
-0.000371045
-0.0010188
-5.95776e-05
-0.00110428
0.000195823
-0.000980858
0.000360634
-0.000711646
0.000419829
-0.000368537
0.000382256
-3.50685e-05
0.000278295
0.000215198
0.000148544
0.000336423
3.4864e-05
0.000317713
-2.52538e-05
0.000179705
-2.11014e-05
-1.94398e-05
4.31469e-05
-0.000204717
0.000147631
-0.000332714
0.000256531
-0.000333132
0.00033328
-0.000210411
0.000349711
1.05368e-05
0.000291667
0.000280849
0.000166507
0.00052356
0.000673031
-0.00157109
0.00182958
-0.0031124
0.00174919
-0.00457544
0.00160495
-0.00590673
0.00137159
-0.00705365
0.00105567
-0.00794879
0.000626345
-0.00853259
0.000121035
-0.00875734
-0.000462303
-0.00875506
-0.000906821
-0.00847794
-0.00142777
-0.00797085
-0.0019169
-0.00724041
-0.00241643
-0.0063058
-0.00289867
-0.00517767
-0.00336784
-0.00386633
-0.00381529
-0.00238366
-0.00423389
-0.000745722
-0.00461207
0.00102741
-0.00494071
0.00290847
-0.00520676
0.0048697
-0.00540404
0.00687764
-0.00552168
0.00889744
-0.00555943
0.0108817
-0.00549698
0.012798
-0.0053536
0.0145845
-0.00509195
0.0162226
-0.00476793
0.0176183
-0.00429347
0.0188196
-0.00383949
0.019693
-0.00320194
0.0203161
-0.00262909
0.0206626
-0.0020048
0.0207868
-0.00142905
0.0207125
-0.000875283
0.020479
-0.000364618
0.0200905
0.000126612
0.0195661
0.000586878
0.018935
0.0010093
0.0182192
0.00139859
0.0174349
0.0017584
0.0165955
0.00209055
0.0157118
0.00239627
0.0147927
0.00267786
0.0138447
0.0029365
0.0128724
0.00317439
0.011881
0.00339
0.0108739
0.00358498
0.00985499
0.00375827
0.00882589
0.00391147
0.00779201
0.00404029
0.00675588
0.00414668
0.00572079
0.004229
0.00469131
0.0042855
0.0036716
0.00431484
0.00266443
0.00431814
0.00167788
0.00429062
0.000716891
0.00423383
-0.000213241
0.0041443
-0.00110645
0.00402478
-0.00195468
0.00387009
-0.00275115
0.00368551
-0.00349021
0.00346628
-0.0041632
0.00321594
-0.00476444
0.00293419
-0.00528791
0.00262235
-0.00572613
0.00228346
-0.00607389
0.00191922
-0.00632854
0.00153331
-0.00648455
0.00113105
-0.00653582
0.000709977
-0.00648133
0.000281004
-0.00632498
-0.000158346
-0.00606724
-0.000591565
-0.0057069
-0.00101695
-0.00524771
-0.0014288
-0.00469549
-0.00182066
-0.00405756
-0.00218437
-0.00334245
-0.00251455
-0.00255938
-0.00280438
-0.00172139
-0.0030453
-0.000842709
-0.00323149
6.22036e-05
-0.00335979
0.000977798
-0.00342287
0.00188558
-0.00341572
0.00276935
-0.00333758
0.00361065
-0.00318747
0.00438882
-0.002961
0.00509008
-0.00266309
0.00569558
-0.00229741
0.00618534
-0.00186274
0.00655309
-0.00137422
0.0067825
-0.0008387
0.00685757
-0.000255081
0.00678596
0.000371285
0.00655841
0.000993076
0.00617638
0.00160946
0.00564323
0.00220873
0.00496822
0.00277422
0.00416532
0.00328748
0.00325182
0.00373464
0.00224901
0.0040971
0.00118246
0.00435985
8.00665e-05
0.00451294
-0.00102933
0.00454363
-0.00211046
0.00444526
-0.00313203
0.00421605
-0.00406182
0.00385551
-0.00486902
0.00336944
-0.00552372
0.00276669
-0.00600412
0.00206257
-0.00629386
0.00128061
-0.00636648
0.00043115
-0.00622842
-0.000467389
-0.00587616
-0.00135051
-0.00531568
-0.00220268
-0.00456502
-0.00299316
-0.00364639
-0.00369024
-0.00259172
-0.00426353
-0.00144262
-0.00468013
-0.000243428
-0.0049212
0.000961653
-0.00497102
0.00211993
-0.00481641
0.00318137
-0.00445777
0.00410328
-0.00390696
0.00484027
-0.00317803
0.00535362
-0.00229733
0.00562012
-0.00130484
0.00563029
-0.000246737
0.00537553
0.000855727
0.00486718
0.00190369
0.00412955
0.00286444
0.00320207
0.00368128
0.00213236
0.0043107
0.000976988
0.00471367
-0.00020158
0.00485856
-0.00133536
0.00473078
-0.00235535
0.0043304
-0.0032044
0.00368065
-0.00382994
0.00281442
-0.00419191
0.00178066
-0.0042716
0.000646668
-0.00406614
-0.000526514
-0.00359324
-0.00163395
-0.00288384
-0.00261259
-0.00199627
-0.00338532
-0.000994121
-0.00389372
3.99086e-05
-0.00409568
0.00102828
-0.00395805
0.00188977
-0.00350126
0.00255297
-0.00275166
0.00296009
-0.00176696
0.00308475
-0.000634112
0.00291141
0.000577341
0.00245861
0.00171882
0.00176626
0.0027066
0.000900091
0.00344455
-5.69809e-05
0.00385691
-0.00101006
0.00388958
-0.00186538
0.00353753
-0.00254061
0.00283313
-0.00296522
0.00184015
-0.00309673
0.000656526
-0.00292734
-0.000606946
-0.00247458
-0.00179334
-0.00179177
-0.00278506
-0.000956672
-0.00347347
-5.86806e-05
-0.00378757
0.000781738
-0.0036613
0.00148524
-0.00315068
0.00197253
-0.00230672
0.00219572
-0.0012402
0.00213952
-8.58495e-05
0.00183004
0.00100826
0.00132193
0.00189712
0.000696426
0.0024752
4.48511e-05
0.00268218
-0.000529071
0.00249068
-0.000957704
0.00197912
-0.00119004
0.0012364
-0.00121198
0.000396153
-0.00104552
-0.000399115
-0.00074127
-0.00102352
-0.000369512
-0.00139056
-5.28599e-06
-0.00146851
0.000286179
-0.00127232
0.000461832
-0.000887298
0.000507567
-0.000414273
0.000439621
3.28777e-05
0.000296208
0.000358611
0.000127881
0.000504749
-1.24564e-05
0.00045805
-8.82574e-05
0.000255506
-8.17096e-05
-2.59876e-05
1.85123e-06
-0.000288278
0.000128744
-0.000459607
0.00026457
-0.000468957
0.000362453
-0.000308294
0.000389017
-1.60268e-05
0.000328213
0.000341653
0.000188296
0.000663477
0.000861328
-0.00267889
0.00450847
-0.00529506
0.00436536
-0.00774398
0.00405388
-0.00990717
0.00353477
-0.0116604
0.00280889
-0.0129128
0.00187875
-0.0137901
0.000998364
-0.0143622
0.000109734
-0.0152313
-3.76967e-05
-0.0158234
-0.00083569
-0.0160072
-0.0017331
-0.0156789
-0.00274471
-0.0148477
-0.00372984
-0.0135407
-0.00467481
-0.0118044
-0.00555163
-0.00969787
-0.00634041
-0.00728793
-0.00702201
-0.00464389
-0.00758475
-0.00183022
-0.00802043
0.00108999
-0.00832425
0.00404732
-0.00847902
0.00700285
-0.00851496
0.00988231
-0.00837644
0.0126334
-0.00810471
0.0151585
-0.00761699
0.0174253
-0.00703479
0.0192891
-0.00615727
0.0208224
-0.00537281
0.0217513
-0.0041308
0.0222115
-0.00308933
0.022281
-0.00207431
0.0220597
-0.00120775
0.021632
-0.000447502
0.0210367
0.000230602
0.0203382
0.000825183
0.0195679
0.00135713
0.0187437
0.0018335
0.0178788
0.00226347
0.0169827
0.00265454
0.0160608
0.00301245
0.0151167
0.00334036
0.0141528
0.00364177
0.0131713
0.003918
0.0121741
0.00417162
0.0111598
0.00440423
0.0101315
0.00461327
0.00909138
0.00479844
0.00804007
0.00496279
0.00697933
0.00510103
0.00591179
0.00521422
0.00483969
0.0053011
0.00377009
0.00535511
0.00270492
0.00538
0.00165211
0.00537095
0.000616143
0.00532659
-0.00039866
0.00524863
-0.00138066
0.0051263
-0.00232417
0.00496829
-0.00322181
0.00476773
-0.00406556
0.00452926
-0.00484623
0.00424695
-0.00555619
0.0039259
-0.00618715
0.00356515
-0.00673152
0.00316672
-0.00718478
0.00273672
-0.00753539
0.00226983
-0.00778277
0.00178069
-0.00791463
0.00126292
-0.00793361
0.000728958
-0.00783523
0.000182616
-0.00762045
-0.000373118
-0.00728911
-0.000922906
-0.00684314
-0.00146293
-0.00628644
-0.0019855
-0.0056248
-0.0024823
-0.00486791
-0.00294126
-0.00402329
-0.00335917
-0.00310554
-0.00372213
-0.00212565
-0.00402518
-0.00110101
-0.00425613
-4.79008e-05
-0.00441289
0.00101557
-0.00448635
0.00206858
-0.00446872
0.0030933
-0.0043623
0.00406475
-0.00415892
0.00496477
-0.00386102
0.00577545
-0.00347378
0.00646926
-0.00299122
0.00703601
-0.00242949
0.00746026
-0.00179847
0.007718
-0.00109644
0.00780666
-0.000343742
0.00772384
0.000454106
0.00746226
0.00125465
0.00702114
0.00205058
0.00640689
0.00282297
0.00563039
0.00355072
0.00470879
0.00420909
0.00366079
0.00478264
0.00251358
0.00524432
0.00129205
0.00558137
3.22896e-05
0.0057727
-0.00123142
0.00580734
-0.00246575
0.00567959
-0.00362844
0.00537873
-0.0046843
0.00491137
-0.00559808
0.00428323
-0.00633866
0.00350727
-0.00688118
0.00260509
-0.00719073
0.00159016
-0.00726493
0.000505355
-0.00709428
-0.00063804
-0.0066796
-0.00176519
-0.00602759
-0.0028547
-0.00515936
-0.00386139
-0.00410467
-0.00474493
-0.00289992
-0.00546828
-0.00158778
-0.00599227
-0.00021874
-0.00629024
0.00115282
-0.00634259
0.00246756
-0.00613114
0.00367017
-0.00566038
0.00470299
-0.00493977
0.00552192
-0.00399696
0.00608988
-0.00286529
0.00637559
-0.00159055
0.00635795
-0.000229089
0.00604954
0.00116413
0.00545224
0.00250099
0.00459749
0.00371919
0.00352598
0.00475279
0.0022945
0.00554218
0.000975448
0.00603272
-0.000365514
0.00619952
-0.00164623
0.0060115
-0.00279559
0.00547976
-0.00374286
0.00462792
-0.00443001
0.00350158
-0.00481619
0.00216684
-0.00487814
0.000708614
-0.00461488
-0.000789775
-0.00404603
-0.00220279
-0.00321162
-0.003447
-0.00217885
-0.00441809
-0.00101981
-0.00505276
0.00016854
-0.00528403
0.00129922
-0.00508873
0.00227573
-0.00447777
0.00302316
-0.00349909
0.00347864
-0.00222244
0.00359875
-0.00075422
0.00338512
0.000790972
0.00285065
0.00225329
0.00204707
0.00351018
0.00105023
0.00444139
-4.53001e-05
0.00495244
-0.00113126
0.00497554
-0.00210236
0.00450863
-0.00285923
0.00359
-0.00332837
0.0023093
-0.0034641
0.000792251
-0.00325643
-0.000814611
-0.00273005
-0.00231972
-0.00194613
-0.00356899
-0.00099652
-0.00442308
8.61753e-06
-0.00479271
0.00095617
-0.00460885
0.00173543
-0.00392993
0.00226295
-0.00283424
0.00248594
-0.00146319
0.00239253
7.55697e-06
0.0020157
0.00138509
0.00141995
0.00249288
0.000700667
0.00319448
-3.31413e-05
0.00341599
-0.000677396
0.00313493
-0.00114379
0.00244552
-0.00138083
0.00147344
-0.00137587
0.000391188
-0.00115841
-0.000616573
-0.000790964
-0.00139096
-0.000356519
-0.001825
5.817e-05
-0.0018832
0.000380826
-0.00159498
0.000563232
-0.0010697
0.000593505
-0.000444545
0.000492974
0.000133409
0.000309174
0.00054241
0.000102879
0.000711045
-6.50436e-05
0.000625973
-0.000153208
0.00034367
-0.000143077
-3.61181e-05
-4.32743e-05
-0.000388081
0.000110519
-0.0006134
0.000273015
-0.000631454
0.000391643
-0.000426922
0.000427608
-5.19915e-05
0.000363934
0.000405326
0.000209641
0.000817771
0.00107097
-0.00591262
0.0104211
-0.0118581
0.0103108
-0.0176339
0.00982964
-0.0229632
0.00886412
-0.0274006
0.0072463
-0.0302771
0.0047552
-0.031011
0.00173224
-0.0293468
-0.00155445
-0.0285589
-0.000825557
-0.027384
-0.0020106
-0.0257683
-0.00334875
-0.0236839
-0.00482911
-0.0212774
-0.00613643
-0.0185971
-0.00735509
-0.0156611
-0.00848757
-0.0124782
-0.00952333
-0.00906121
-0.010439
-0.00543213
-0.0112138
-0.00161445
-0.0118381
0.00235506
-0.0122938
0.00643654
-0.0125605
0.010609
-0.0126874
0.0147923
-0.0125597
0.0189425
-0.0122549
0.0228746
-0.0115491
0.0265497
-0.0107099
0.0293661
-0.00897373
0.0314696
-0.00747625
0.031684
-0.00434525
0.0313515
-0.00275678
0.0303626
-0.00108549
0.0291581
-3.17773e-06
0.0277735
0.000937051
0.0263208
0.00168332
0.0248317
0.00231431
0.0233423
0.00284654
0.0218743
0.00330146
0.0204408
0.00369692
0.0190542
0.00404115
0.0177102
0.00435652
0.0164053
0.00464525
0.0151372
0.00490982
0.0139011
0.00515408
0.0126878
0.005385
0.0114923
0.00559973
0.0103087
0.00579684
0.00913081
0.00597631
0.0079572
0.00613639
0.00678484
0.0062734
0.00561501
0.00638404
0.00444994
0.00646618
0.00328862
0.00651642
0.00213767
0.00653095
0.00100088
0.00650774
-0.000115779
0.00644325
-0.00120359
0.00633644
-0.00225792
0.00618064
-0.00327021
0.00598058
-0.00423085
0.00572836
-0.00513211
0.00543053
-0.00596481
0.00507965
-0.00671976
0.00468084
-0.00738803
0.00423342
-0.00796129
0.00373998
-0.00842864
0.00320407
-0.00878767
0.00262885
-0.00902646
0.00201948
-0.00914831
0.00138477
-0.00914086
0.000721508
-0.00900311
4.48689e-05
-0.00873847
-0.000637755
-0.00834462
-0.00131675
-0.00782432
-0.00198323
-0.00718178
-0.00262804
-0.00642511
-0.00323897
-0.00556073
-0.00380564
-0.00460315
-0.00431674
-0.00356187
-0.00476342
-0.00245633
-0.00513072
-0.00129973
-0.00541274
-0.000114209
-0.00559841
0.00108167
-0.00568223
0.00226413
-0.00565118
0.00341263
-0.00551079
0.00450085
-0.00524713
0.00550907
-0.00486924
0.00641362
-0.00437833
0.00718998
-0.00376757
0.00782285
-0.00306237
0.00829121
-0.00226683
0.00857728
-0.00138251
0.00867496
-0.000441413
0.00857879
0.000550268
0.00828199
0.00155145
0.00778526
0.00254731
0.00709649
0.00351174
0.00622849
0.00441872
0.00519776
0.00523982
0.00402681
0.00595359
0.00274304
0.00652809
0.00138382
0.00694059
-2.04715e-05
0.00717699
-0.00142645
0.00721332
-0.00279355
0.00704669
-0.0040844
0.00666958
-0.00525413
0.00608111
-0.00626404
0.00529314
-0.00707939
0.00432262
-0.00766214
0.00318783
-0.00799658
0.0019246
-0.00807038
0.000579157
-0.00786839
-0.000840027
-0.00739217
-0.00224141
-0.0066582
-0.00358868
-0.0056832
-0.00483639
-0.00449888
-0.00592925
-0.00315071
-0.00681645
-0.0016878
-0.00745518
-0.000167294
-0.00781075
0.00134484
-0.00785473
0.00279368
-0.00757998
0.00411358
-0.00698029
0.00524846
-0.00607465
0.00614459
-0.0048931
0.00675486
-0.00347556
0.00704795
-0.00188364
0.00701524
-0.000196383
0.00664616
0.00153322
0.00596401
0.00318314
0.00499759
0.0046856
0.00379779
0.00595259
0.00242478
0.00691518
0.000951066
0.00750644
-0.000531262
0.00768185
-0.00194531
0.00742554
-0.0032069
0.00674135
-0.00423782
0.00565883
-0.0049774
0.00424117
-0.00538155
0.00257099
-0.00542218
0.00074924
-0.0051025
-0.00110945
-0.00444186
-0.00286344
-0.00349465
-0.00439421
-0.0023261
-0.00558664
-0.0010284
-0.00635045
0.000301106
-0.00661354
0.00155495
-0.00634257
0.00263735
-0.00556017
0.00345514
-0.00431688
0.00394419
-0.0027115
0.00406348
-0.00087351
0.00380859
0.00104587
0.00319793
0.00286395
0.00229146
0.00441664
0.00117454
0.00555831
-4.61555e-05
0.00617314
-0.00125008
0.00617947
-0.00232003
0.00557857
-0.00315028
0.00442025
-0.00365758
0.00281659
-0.00379085
0.000925528
-0.0035452
-0.00106026
-0.0029486
-0.00291632
-0.00207281
-0.00444478
-0.00101982
-0.00547607
8.77119e-05
-0.00590025
0.0011228
-0.00564394
0.0019654
-0.00477253
0.00252407
-0.00339292
0.00274302
-0.00168214
0.00261293
0.000137648
0.00217102
0.001827
0.00149369
0.00317022
0.00069036
0.00399781
-0.000120706
0.00422706
-0.000821531
0.00383576
-0.00131756
0.00294155
-0.00155322
0.00170911
-0.00151932
0.000357285
-0.00125207
-0.000883822
-0.000825165
-0.00181787
-0.000332728
-0.00231744
0.000126836
-0.00234276
0.000474146
-0.00194229
0.000659358
-0.00125492
0.000671531
-0.000456718
0.00053843
0.00026651
0.000316108
0.000764732
7.33689e-05
0.000953784
-0.000118392
0.000817734
-0.000216024
0.000441302
-0.000201302
-5.08394e-05
-8.46214e-05
-0.000504762
9.36483e-05
-0.00079167
0.000280754
-0.000818559
0.000418177
-0.000564345
0.000462931
-9.67449e-05
0.000396431
0.000471826
0.000228969
0.000985233
0.00129994
-0.00902757
0.0194487
-0.0181279
0.0194111
-0.0268442
0.0185459
-0.0342803
0.0163003
-0.0390198
0.0119858
-0.0398651
0.00560044
-0.036824
-0.00130888
-0.0323831
-0.0059953
-0.0317314
-0.00147727
-0.0335546
-0.000187428
-0.0356132
-0.00129008
-0.0362725
-0.00416989
-0.0352888
-0.00712008
-0.03277
-0.00987391
-0.0290502
-0.0122073
-0.0244474
-0.0141262
-0.0192288
-0.0156576
-0.013598
-0.0168447
-0.00770416
-0.0177319
-0.00168974
-0.0183082
0.00436231
-0.0186125
0.0103613
-0.0186865
0.016161
-0.0183593
0.0216669
-0.0177608
0.0266583
-0.0165406
0.0312615
-0.015313
0.0354269
-0.0131392
0.0383426
-0.0103919
0.0388842
-0.00488686
0.0370435
-0.000916124
0.0342961
0.00166194
0.0313059
0.00298701
0.0285477
0.00369529
0.0260898
0.00414119
0.0239689
0.00443519
0.0221039
0.00471155
0.0204565
0.00494886
0.0189691
0.00518435
0.0176033
0.00540693
0.0163286
0.00563126
0.0151211
0.00585272
0.0139547
0.00607615
0.0128142
0.00629467
0.0116919
0.00650731
0.0105777
0.00671385
0.00945717
0.00691742
0.0083314
0.00710208
0.00719568
0.00727211
0.00605119
0.00741789
0.00489641
0.00753881
0.00373127
0.00763132
0.00256281
0.00768488
0.00139753
0.00769624
0.000240095
0.00766517
-0.00090255
0.0075859
-0.00202308
0.00745697
-0.00311091
0.00726847
-0.00415789
0.00702755
-0.00515374
0.00672421
-0.00608848
0.00636527
-0.0069516
0.00594277
-0.00773307
0.00546232
-0.00842286
0.00492321
-0.00901141
0.00432853
-0.00948976
0.00368242
-0.00985009
0.00298918
-0.0100852
0.00225456
-0.0101861
0.00148566
-0.010154
0.000689481
-0.00998267
-0.000126493
-0.00967229
-0.000948136
-0.00922288
-0.00176617
-0.00863779
-0.00256831
-0.0079217
-0.00334414
-0.00708001
-0.00408066
-0.00612707
-0.00475857
-0.00507106
-0.00537276
-0.00392792
-0.00590655
-0.00271397
-0.00634467
-0.00144737
-0.00667934
-0.000149937
-0.00689584
0.00115701
-0.00698917
0.00244848
-0.00694266
0.00370141
-0.00676373
0.00488867
-0.00643439
0.00598777
-0.00596834
0.00696815
-0.0053587
0.00781335
-0.00461278
0.0085013
-0.00375032
0.00900376
-0.00276929
0.00931385
-0.0016926
0.00941651
-0.000544073
0.00930677
0.000660003
0.00897784
0.00188038
0.00843312
0.00309203
0.00767913
0.00426573
0.00672871
0.00536913
0.00560188
0.00636665
0.00432662
0.00722885
0.00292954
0.00792517
0.001451
0.00841913
-7.57506e-05
0.00870374
-0.00160249
0.00874006
-0.00308558
0.00852978
-0.00447956
0.00806355
-0.00574076
0.0073423
-0.00682798
0.00638036
-0.00769977
0.00519441
-0.00832749
0.00381555
-0.00868507
0.00228217
-0.00874442
0.000638512
-0.00851434
-0.00107011
-0.00798779
-0.00276796
-0.00717711
-0.00439935
-0.0061111
-0.0059024
-0.00482327
-0.00721708
-0.0033573
-0.00828242
-0.00177126
-0.00904121
-0.000125352
-0.00945666
0.00151555
-0.00949563
0.00308045
-0.00914488
0.00450362
-0.00840345
0.00571916
-0.00729019
0.00666947
-0.00584341
0.00731484
-0.00412093
0.00761574
-0.00218454
0.00755216
-0.0001328
0.00713918
0.00194619
0.00638168
0.00394064
0.00531811
0.00574917
0.00400454
0.00726616
0.0025121
0.00840762
0.000917165
0.00910138
-0.000690045
0.00928906
-0.0022147
0.00895019
-0.00356685
0.0080935
-0.0046688
0.00676078
-0.00544925
0.00502163
-0.00586099
0.00298272
-0.00587714
0.000765384
-0.0055049
-0.00148168
-0.00476641
-0.00360193
-0.00371761
-0.00544301
-0.00243311
-0.00687115
-0.00101949
-0.00776407
0.00042861
-0.00806164
0.00178844
-0.0077024
0.00295191
-0.00672363
0.00382982
-0.00519479
0.00434501
-0.00322668
0.00445894
-0.000987439
0.00416253
0.00134227
0.00348589
0.00354059
0.00248896
0.00541357
0.00126988
0.00677739
-5.62241e-05
0.00749924
-0.0013585
0.00748174
-0.00251055
0.00673063
-0.00339745
0.00530715
-0.00393164
0.00335078
-0.00406223
0.00105611
-0.00378028
-0.00134221
-0.0031215
-0.0035751
-0.00216578
-0.00540049
-0.00102516
-0.00661669
0.000167131
-0.00709254
0.00127288
-0.00674969
0.00216467
-0.00566431
0.00274476
-0.00397301
0.00295562
-0.001893
0.00278962
0.000303639
0.00228915
0.00232748
0.00154162
0.00391774
0.000664748
0.00487468
-0.000208591
0.00510039
-0.000953688
0.00458086
-0.00147005
0.00345791
-0.00169995
0.00193901
-0.00163632
0.000293652
-0.00132272
-0.00119742
-0.000842944
-0.00229764
-0.000301168
-0.00285922
0.000195261
-0.00283919
0.00056116
-0.00230819
0.00074516
-0.00143892
0.000738418
-0.000449975
0.000574248
0.000430679
0.000316893
0.00102209
4.21459e-05
0.00122853
-0.000168889
0.00102877
-0.000274225
0.000546638
-0.000254061
-7.10031e-05
-0.000121374
-0.000637449
7.84723e-05
-0.000991517
0.000286876
-0.00102696
0.000440488
-0.000717958
0.000492797
-0.000149054
0.000423758
0.000540865
0.000245198
0.00116379
0.00154514
-0.0131677
0.0326164
-0.0271661
0.0334095
-0.042396
0.0337758
-0.0591213
0.0330256
-0.0769547
0.0298192
-0.0949571
0.0236028
-0.110301
0.0140351
-0.116481
0.000184708
-0.102236
-0.0157228
-0.0884296
-0.0139934
-0.0757374
-0.0139822
-0.0644631
-0.0154442
-0.0543314
-0.0172517
-0.0451505
-0.0190548
-0.036718
-0.0206399
-0.0288542
-0.0219899
-0.0213937
-0.0231181
-0.0141837
-0.0240547
-0.00708988
-0.0248258
2.15128e-05
-0.0254196
0.00729123
-0.0258823
0.0148478
-0.0262431
0.0229102
-0.0264217
0.0316523
-0.0265029
0.0414981
-0.0263864
0.0526725
-0.0264874
0.0661397
-0.0266063
0.063542
-0.00779425
0.056084
0.00257114
0.047234
0.00793387
0.0400802
0.00881575
0.0343322
0.00873502
0.0302016
0.00782592
0.0269362
0.00740653
0.0243391
0.00703229
0.0220846
0.00696605
0.0201669
0.00686656
0.0184956
0.00685571
0.0170249
0.00687762
0.0156995
0.00695662
0.0144776
0.00707462
0.0133256
0.00722817
0.0122146
0.00740565
0.0111194
0.00760251
0.0100239
0.00780932
0.00892804
0.00801331
0.00781925
0.00821087
0.0066937
0.00839767
0.00554912
0.00856246
0.00438839
0.00869955
0.0032165
0.00880321
0.00203621
0.00886516
0.000850673
0.00888178
-0.000331067
0.00884691
-0.00150021
0.00875504
-0.00264797
0.00860474
-0.00376505
0.00838555
-0.00484131
0.00810381
-0.00586533
0.00774824
-0.00682704
0.00732698
-0.00771465
0.00683038
-0.00851731
0.00626497
-0.00922411
0.00563001
-0.00982443
0.00492885
-0.0103092
0.00416724
-0.0106696
0.00334958
-0.0108982
0.00248309
-0.0109878
0.00157533
-0.0109339
0.000635587
-0.0107347
-0.000325758
-0.0103872
-0.00129557
-0.00989315
-0.00226026
-0.00925629
-0.00320517
-0.00848142
-0.00411901
-0.00757734
-0.00498475
-0.00655224
-0.00578367
-0.00541838
-0.00650661
-0.00419475
-0.00713018
-0.00289644
-0.00764298
-0.00154597
-0.00802981
-0.000161029
-0.00828078
0.00123197
-0.00838217
0.00260851
-0.0083192
0.0039419
-0.00809711
0.00520547
-0.00769797
0.00637298
-0.00713585
0.00741613
-0.00640185
0.0083123
-0.00550895
0.00903884
-0.00447685
0.00957091
-0.00330136
0.00989569
-0.00201738
0.0100004
-0.000648759
0.00987839
0.000781989
0.00952346
0.00223532
0.00893721
0.00367828
0.00812882
0.00507412
0.00711242
0.00638553
0.00591209
0.00756698
0.00455098
0.00858996
0.00306439
0.00941176
0.0014907
0.00999282
-0.000127889
0.0103223
-0.00174849
0.0103607
-0.00332226
0.0101035
-0.00479914
0.00954044
-0.00613209
0.00867525
-0.00727702
0.00752529
-0.00819392
0.00611132
-0.00884848
0.00447011
-0.00921442
0.00264811
-0.00926847
0.000692566
-0.0090098
-0.00132878
-0.00843982
-0.00333794
-0.00756942
-0.00526975
-0.00642764
-0.00704418
-0.00505585
-0.00858887
-0.00349836
-0.00983991
-0.00181458
-0.010725
-6.80632e-05
-0.0112032
0.0016681
-0.0112318
0.00331964
-0.0107964
0.00481567
-0.00989948
0.00608969
-0.00856421
0.00708557
-0.00683929
0.00774632
-0.00478167
0.0080497
-0.00248793
0.00796718
-5.02714e-05
0.00750538
0.00240799
0.00668588
0.00476014
0.00554574
0.00688931
0.00414282
0.00866908
0.00255007
0.0100004
0.000862204
0.0107892
-0.000836292
0.0109876
-0.00244299
0.0105569
-0.00386449
0.00951501
-0.00501307
0.00790937
-0.00582082
0.00582937
-0.00623389
0.00339579
-0.00623043
0.000761927
-0.00581011
-0.00190201
-0.00500679
-0.00440524
-0.00387309
-0.00657671
-0.00250321
-0.00824102
-0.000986423
-0.00928086
0.000547056
-0.00959512
0.00198539
-0.00914074
0.00321341
-0.00795165
0.00413067
-0.00611205
0.00466402
-0.00376003
0.00476694
-0.00109036
0.00443699
0.00167222
0.00370364
0.00427394
0.00263541
0.0064818
0.00133485
0.00807795
-7.20613e-05
0.00890616
-0.0014494
0.00885908
-0.00266268
0.00794391
-0.0035917
0.00623617
-0.00414423
0.00390331
-0.00426549
0.00117737
-0.00395199
-0.0016557
-0.0032424
-0.0042847
-0.00222284
-0.00642005
-0.00101385
-0.00782569
0.00024205
-0.00834843
0.00139943
-0.00790707
0.00232531
-0.00659019
0.00291704
-0.00456473
0.00311625
-0.00209222
0.0029172
0.000502686
0.00236738
0.0028773
0.00156289
0.00472223
0.000629582
0.00580799
-0.000291268
0.00602125
-0.00106759
0.00535718
-0.00159532
0.00398563
-0.00181535
0.00215904
-0.00172331
0.00020161
-0.00136925
-0.00155148
-0.000844935
-0.00282196
-0.000264832
-0.00343932
0.000259878
-0.0033639
0.000637496
-0.00268581
0.000816788
-0.00161821
0.000791104
-0.000424292
0.000599192
0.000622591
0.000312228
0.00130905
1.20349e-05
0.00152872
-0.00021449
0.00125529
-0.000325187
0.000657334
-0.000299373
-9.68167e-05
-0.000152682
-0.000784141
6.51808e-05
-0.00120938
0.000290725
-0.00125251
0.000457279
-0.000884511
0.000515572
-0.000207347
0.000444764
0.000611673
0.000257697
0.00135086
0.00180283
-0.0138023
0.0464187
-0.0284679
0.0480751
-0.0447194
0.0500274
-0.0636715
0.0519776
-0.0862614
0.0524092
-0.11313
0.0504719
-0.143228
0.0441324
-0.173113
0.0300695
-0.157157
-0.139102
-0.120664
-0.103313
-0.0873846
-0.0728749
-0.0595588
-0.047197
-0.0355652
-0.0244651
-0.0137266
-0.00316802
0.00734639
0.017923
0.0287508
0.0399294
0.0516656
0.063742
0.0761495
0.0639298
0.0044255
0.0520734
0.0144275
0.0427093
0.0172979
0.0355344
0.0159907
0.0299066
0.0143628
0.0256702
0.0120623
0.0224212
0.0106555
0.0200142
0.00943933
0.0182306
0.00874968
0.0168508
0.00824631
0.0157075
0.00799903
0.0147015
0.00788366
0.0137675
0.00789063
0.012866
0.00797611
0.0119661
0.00812805
0.0110548
0.00831691
0.010126
0.00853132
0.00917282
0.00876252
0.00818242
0.00900371
0.00715448
0.00923881
0.0060909
0.00946125
0.00499464
0.00965872
0.00386872
0.00982547
0.00271813
0.0099538
0.00154893
0.0100344
0.000369378
0.0100613
-0.0008124
0.0100287
-0.00198738
0.00993002
-0.00314445
0.0097618
-0.00427313
0.00951424
-0.00536233
0.00919301
-0.00639987
0.00878578
-0.00737472
0.00830182
-0.00827435
0.00773001
-0.00908748
0.0070781
-0.00980227
0.0063448
-0.0104077
0.00553425
-0.0108938
0.00465338
-0.0112512
0.00370693
-0.0114718
0.00270372
-0.0115494
0.00165293
-0.011478
0.000564212
-0.0112567
-0.000547124
-0.0108829
-0.00166933
-0.0103575
-0.00278568
-0.00968293
-0.00387972
-0.00886544
-0.00493649
-0.0079134
-0.00593679
-0.00683655
-0.00686051
-0.00565137
-0.00769179
-0.00437026
-0.0084113
-0.00301249
-0.00900075
-0.0016
-0.0094423
-0.000153983
-0.00972679
0.00129797
-0.00983412
0.00273297
-0.0097542
0.00412229
-0.00948643
0.0054385
-0.00901418
0.00665278
-0.00835014
0.0077378
-0.00748686
0.00867006
-0.00644122
0.00942222
-0.00522901
0.00997462
-0.00385376
0.0103095
-0.00235226
0.0104133
-0.000752529
0.0102793
0.000915983
0.00990234
0.00261226
0.00928506
0.00429556
0.00843709
0.00592209
0.00737242
0.0074502
0.00611633
0.00882308
0.00469357
0.0100127
0.0031456
0.0109597
0.00150153
0.0116369
-0.000182778
0.0120066
-0.00186472
0.0120426
-0.0034974
0.0117362
-0.00503012
0.0110732
-0.0064118
0.0100569
-0.00759562
0.00870911
-0.00854132
0.00705701
-0.00921429
0.00514308
-0.00957978
0.0030136
-0.00962466
0.000737447
-0.00934713
-0.00160631
-0.00873967
-0.0039454
-0.00782737
-0.00618205
-0.00663057
-0.00824098
-0.00519305
-0.0100264
-0.00357164
-0.0114613
-0.00181946
-0.0124772
-9.21609e-06
-0.0130134
0.00178836
-0.0130294
0.00349712
-0.0125052
0.00504213
-0.0114445
0.00635576
-0.00987785
0.00737182
-0.00785534
0.00804774
-0.00545759
0.00833994
-0.00278012
0.00824068
4.89795e-05
0.00774615
0.00290252
0.00687805
0.00562824
0.00567967
0.00808769
0.00421389
0.0101349
0.00255853
0.0116557
0.00079801
0.0125498
-0.000962737
0.0127483
-0.00262428
0.0122184
-0.00408839
0.0109791
-0.00526639
0.00908737
-0.00608585
0.00664883
-0.00649666
0.0038066
-0.00647017
0.000735428
-0.00601389
-0.00235829
-0.00515661
-0.00526252
-0.0039667
-0.00776663
-0.00252408
-0.00968364
-0.000950153
-0.0108548
0.000650064
-0.0111953
0.00214191
-0.0106326
0.00341045
-0.00922019
0.00435298
-0.00705458
0.00489276
-0.00429981
0.00498535
-0.00118295
0.00462708
0.00203049
0.00384872
0.0050523
0.0027299
0.00760062
0.00137075
0.00943709
-9.20704e-05
0.010369
-0.00151969
0.0102867
-0.00277262
0.00919684
-0.00372622
0.00718977
-0.00428639
0.00446348
-0.0043982
0.00128918
-0.00405804
-0.00199585
-0.00331008
-0.00503266
-0.00224406
-0.00748607
-0.000987664
-0.00908208
0.000309105
-0.0096452
0.0014985
-0.00909647
0.00244291
-0.0075346
0.00303699
-0.00515881
0.00322186
-0.00227709
0.00299443
0.000730119
0.00240611
0.00346561
0.00155905
0.00556929
0.000587034
0.00678001
-0.000365106
0.00697338
-0.00115935
0.00615143
-0.00168973
0.00451602
-0.00189676
0.00236607
-0.00177899
8.38406e-05
-0.00139144
-0.00193903
-0.000833046
-0.00338035
-0.000223938
-0.00404843
0.000317613
-0.00390545
0.000700112
-0.00306831
0.00087202
-0.00179012
0.000828686
-0.000380958
0.00061311
0.000838167
0.000303199
0.00161896
-1.08966e-05
0.00184282
-0.000253435
0.00149783
-0.000367208
0.000771107
-0.000335978
-0.000128046
-0.000177983
-0.000942136
5.37797e-05
-0.00144114
0.000291884
-0.00149061
0.000467907
-0.00106053
0.000530651
-0.000270091
0.000458725
0.000683599
0.000265987
0.0015436
0.00206882
-0.00135458
0.0477733
-0.00202162
0.0487421
-0.00152908
0.0495349
0.000397454
0.0500511
0.00310525
0.0497014
0.00609039
0.0474867
0.0065903
0.0436325
0.0366598
-0.00308905
0.00751454
-0.000410711
0.0117492
0.00477768
0.0121096
0.00876803
0.0120004
0.0118447
0.0112861
0.0134669
0.0104401
0.0142783
0.00984411
0.0144087
0.00930889
0.0142367
0.00892168
0.0138566
0.00862643
0.0133796
0.00847595
0.0128301
0.00843321
0.0122335
0.00848727
0.011585
0.00862452
0.010895
0.00881805
0.0101509
0.00906104
0.00934869
0.00933354
0.00849077
0.00962045
0.00758025
0.00991423
0.00661696
0.0102021
0.00560615
0.0104721
0.0045497
0.0107152
0.00345455
0.0109206
0.00232731
0.011081
0.00117563
0.011186
7.93862e-06
0.011229
-0.00116642
0.0112031
-0.00233622
0.0110998
-0.00349185
0.0109174
-0.00462059
0.010643
-0.00571151
0.0102839
-0.00675165
0.00982592
-0.00772907
0.00927924
-0.00863099
0.00863193
-0.00944551
0.00789263
-0.0101606
0.00705987
-0.0107646
0.00613825
-0.0112478
0.00513663
-0.0116
0.00405912
-0.0118134
0.00291714
-0.0118805
0.00171995
-0.0117971
0.000480825
-0.0115593
-0.000784921
-0.0111661
-0.00206254
-0.0106189
-0.00333288
-0.00992055
-0.00457803
-0.00907681
-0.00578023
-0.00809605
-0.00691756
-0.00699096
-0.0079656
-0.00577242
-0.00891033
-0.00445812
-0.0097256
-0.00306589
-0.010393
-0.00161845
-0.0108897
-0.000137665
-0.0112076
0.00134918
-0.011321
0.00281808
-0.0112231
0.00423737
-0.0109057
0.00558234
-0.0103591
0.00682393
-0.00959173
0.00793293
-0.00859586
0.00888243
-0.00739072
0.00964704
-0.00599362
0.0102084
-0.00441512
0.0105471
-0.00269099
0.0106488
-0.000854229
0.0105056
0.00105918
0.0101133
0.00300464
0.00947546
0.00493335
0.00859962
0.00679794
0.00750909
0.00854073
0.00622023
0.0101119
0.00476305
0.0114699
0.00317598
0.0125468
0.00149796
0.0133149
-0.000227249
0.0137318
-0.00194765
0.013763
-0.00361402
0.0134026
-0.00517447
0.0126336
-0.00658128
0.0114637
-0.00778369
0.00991152
-0.00874312
0.00801644
-0.00941667
0.00581662
-0.00978102
0.00337796
-0.00982175
0.000778177
-0.0095245
-0.00190356
-0.00889453
-0.00457537
-0.00795328
-0.0071233
-0.00672545
-0.00946881
-0.0052533
-0.0114985
-0.00358746
-0.0131272
-0.00179787
-0.0142668
4.70293e-05
-0.0148583
0.00187717
-0.0148595
0.00361474
-0.0142428
0.00518371
-0.0130134
0.00651127
-0.0112054
0.00753742
-0.00888149
0.00821028
-0.00613046
0.00849614
-0.00306597
0.00837496
0.000170155
0.00785719
0.0034203
0.00695812
0.00652731
0.0057248
0.00932101
0.00421938
0.0116403
0.00252002
0.0133551
0.00072689
0.0143429
-0.00106556
0.0145408
-0.00275276
0.0139056
-0.0042359
0.0124623
-0.00542437
0.0102758
-0.0062451
0.00746957
-0.00664479
0.00420629
-0.00660008
0.000690719
-0.00611482
-0.00284354
-0.00522428
-0.00615306
-0.00399154
-0.00899937
-0.00251528
-0.0111599
-0.000893099
-0.012477
0.000735486
-0.0128239
0.00225436
-0.0121515
0.00354158
-0.0105074
0.00449396
-0.00800697
0.00503231
-0.00483816
0.00511332
-0.00126397
0.00473259
0.00241122
0.00392559
0.0058593
0.00277234
0.00875388
0.00138179
0.0108276
-0.000112691
0.0118635
-0.00156605
0.0117401
-0.00283766
0.0104684
-0.00380058
0.0081527
-0.00435953
0.00502244
-0.00446023
0.00138988
-0.00410038
-0.00235571
-0.00332594
-0.0058071
-0.00223191
-0.0085801
-0.000952675
-0.0103613
0.000365925
-0.0109638
0.00156831
-0.0102989
0.00251668
-0.00848298
0.00310461
-0.00574674
0.00327387
-0.00244635
0.00302312
0.000980873
0.00240827
0.00408046
0.00153362
0.00644394
0.000538782
0.00777485
-0.000427481
0.00793965
-0.0012269
0.00695084
-0.00175232
0.00504143
-0.00194452
0.00255828
-0.00180438
-5.63009e-05
-0.00139138
-0.00235204
-0.000809389
-0.00396234
-0.000182834
-0.00467498
0.000366279
-0.00445457
0.00074755
-0.00344958
0.000909964
-0.00195253
0.000850925
-0.000321919
0.00061672
0.00107237
0.000289619
0.00194607
-3.60675e-05
0.00216851
-0.000285328
0.00174709
-0.000399661
0.000885439
-0.000363489
-0.000164217
-0.000197163
-0.00110846
4.4218e-05
-0.00168252
0.000290188
-0.00173658
0.000472174
-0.00124252
0.000537809
-0.000335726
0.000465598
0.000755809
0.000270123
0.00173907
0.00233894
0.000408613
0.0473646
0.00102544
0.0481253
0.00175098
0.0488093
0.00278345
0.0490186
0.00343608
0.0490487
0.00365505
0.0472678
0.00250634
0.0447812
0.0391662
0.00136015
0.0061544
0.00353994
0.0095694
0.00581884
0.00983065
0.00743447
0.0103847
0.00888845
0.00983215
0.00986822
0.00946036
0.010649
0.0090633
0.011168
0.00878988
0.0114612
0.00862854
0.0115366
0.00855096
0.0114474
0.00856516
0.0112264
0.00865423
0.0108814
0.00883226
0.010449
0.00905694
0.0099245
0.00934254
0.00931744
0.00966809
0.00863126
0.0100197
0.00786882
0.0103829
0.00703653
0.0107465
0.00613863
0.0111
0.00518083
0.0114299
0.00416902
0.011727
0.00311092
0.0119787
0.00201413
0.0121778
0.000887967
0.0123122
-0.00025829
0.0123753
-0.00141423
0.012359
-0.00256899
0.0122546
-0.00371137
0.0120598
-0.00482859
0.0117602
-0.00590924
0.0113646
-0.00694017
0.0108569
-0.00790931
0.0102484
-0.00880332
0.00952594
-0.00960993
0.00869924
-0.0103172
0.00776718
-0.0109141
0.00673508
-0.0113894
0.00561195
-0.0117337
0.00440345
-0.0119385
0.00312195
-0.011997
0.00177841
-0.011904
0.000387838
-0.0116561
-0.00103279
-0.0112526
-0.00246604
-0.0106937
-0.00389177
-0.00998556
-0.00528621
-0.00913108
-0.00663471
-0.00813955
-0.00790909
-0.0070226
-0.00908254
-0.00579323
-0.0101397
-0.00446725
-0.0110516
-0.00306505
-0.0117952
-0.00160677
-0.012348
-0.000115731
-0.0126986
0.00138179
-0.0128185
0.00285967
-0.012701
0.00428749
-0.0123335
0.00564063
-0.0117123
0.00688692
-0.010838
0.00800016
-0.0097091
0.00895158
-0.00834214
0.00971917
-0.00676121
0.0102807
-0.00497662
0.0106173
-0.00302765
0.0107145
-0.000951398
0.0105648
0.00120892
0.0101645
0.00340491
0.00951688
0.00558098
0.00863241
0.0076824
0.00752779
0.00964535
0.00622749
0.0114122
0.00475755
0.0129398
0.00315911
0.0141452
0.00146773
0.0150063
-0.000265216
0.0154648
-0.00199621
0.015494
-0.00366903
0.0150754
-0.00523465
0.0141992
-0.00664199
0.0128711
-0.00784632
0.0111159
-0.00880022
0.00897034
-0.00947053
0.00648694
-0.00983119
0.00373862
-0.00986124
0.000808218
-0.00955129
-0.0022135
-0.00891147
-0.00521519
-0.00795179
-0.00808298
-0.00671542
-0.0107052
-0.00523209
-0.0129819
-0.00355906
-0.0148002
-0.00176019
-0.0160656
9.58594e-05
-0.0167144
0.0019325
-0.0166961
0.00367229
-0.0159825
0.00523933
-0.0145805
0.00656161
-0.0125277
0.00758171
-0.00990159
0.00824295
-0.00679171
0.00851837
-0.00334139
0.00838499
0.000303538
0.00784625
0.00395903
0.00693068
0.00744288
0.0056809
0.0105708
0.00416165
0.0131595
0.00245837
0.0150584
0.000658269
0.016143
-0.00114225
0.0163413
-0.00283044
0.0155938
-0.00431025
0.0139421
-0.00549123
0.0114568
-0.00629954
0.00827788
-0.00668605
0.0045928
-0.0066251
0.000629774
-0.0061195
-0.00334914
-0.00521236
-0.0070602
-0.003961
-0.0102507
-0.00246406
-0.0126569
-0.000841869
-0.0140992
0.000800405
-0.0144662
0.00232289
-0.0136739
0.0036096
-0.0117941
0.00455605
-0.00895342
0.00508597
-0.00536807
0.00515465
-0.00133265
0.00475851
0.00280737
0.00393814
0.00667967
0.0027684
0.00992361
0.00136898
0.0122271
-0.000132521
0.013365
-0.00158878
0.0131963
-0.00285947
0.0117391
-0.00381725
0.00911048
-0.00436678
0.00557196
-0.00445645
0.00147955
-0.00408313
-0.00272903
-0.00329613
-0.00659411
-0.00219246
-0.00968377
-0.000904
-0.0116498
0.000411364
-0.0122792
0.00160894
-0.0114964
0.00254794
-0.00942198
0.00312222
-0.00632102
0.0032754
-0.00259952
0.0030074
0.00124888
0.00237658
0.00471128
0.0014894
0.00733112
0.000487262
0.00877698
-0.000476923
0.00890383
-0.00127
0.00774392
-0.00178371
0.00555515
-0.00195995
0.00273452
-0.0018019
-0.000214357
-0.00137194
-0.00278199
-0.000776326
-0.00455796
-0.000144402
-0.00530691
0.00040459
-0.00500356
0.000779258
-0.00382424
0.000930945
-0.00210422
0.000858659
-0.000249634
0.000610852
0.00132018
0.000273198
0.00228372
-5.83753e-05
0.00250008
-0.000309536
0.00199825
-0.000422324
0.000998226
-0.000381967
-0.000204573
-0.000210441
-0.00127999
3.63043e-05
-0.00192927
0.000285649
-0.00198593
0.000470287
-0.00142716
0.000537392
-0.000402831
0.00046568
0.000827521
0.000270249
0.0019345
0.00260919
0.000710497
0.0466541
0.00151663
0.0473192
0.00244427
0.0478817
0.00347031
0.0479926
0.00432218
0.0481969
0.00468557
0.0469044
0.0033948
0.046072
0.042561
-4.03396e-05
0.00619474
0.00145051
0.00807856
0.00344089
0.00784027
0.00522276
0.00860286
0.00678349
0.00827142
0.00787494
0.00836891
0.00874183
0.00819641
0.00933827
0.00819345
0.00975907
0.00820774
0.0100073
0.00830272
0.0100995
0.00847301
0.0100416
0.00871208
0.00986117
0.00901271
0.00955915
0.00935896
0.00914697
0.00975473
0.00863689
0.0101782
0.00803373
0.0106229
0.0073438
0.0110728
0.00657369
0.0115166
0.00572952
0.0119442
0.00482026
0.0123391
0.00385108
0.0126961
0.00283094
0.0129989
0.00176911
0.0132397
0.000674557
0.0134068
-0.000442728
0.0134926
-0.00157152
0.0134878
-0.00270101
0.0133841
-0.00381912
0.0131779
-0.00491423
0.0128553
-0.00597385
0.0124242
-0.00698493
0.0118679
-0.00793535
0.0111988
-0.00881216
0.0104027
-0.00960284
0.00948992
-0.0102959
0.00846028
-0.0108793
0.00731842
-0.0113429
0.00607552
-0.0116765
0.00473708
-0.0118723
0.00331773
-0.011923
0.00182916
-0.0118238
0.000288625
-0.0115716
-0.00128494
-0.0111653
-0.00287237
-0.0106067
-0.00445038
-0.00989829
-0.00599462
-0.00904641
-0.00748659
-0.00805937
-0.00889614
-0.00694849
-0.0101934
-0.00572676
-0.0113614
-0.00441011
-0.0123682
-0.00301781
-0.0131875
-0.00157092
-0.0137949
-9.14146e-05
-0.0141781
0.00139316
-0.0143031
0.0028589
-0.0141667
0.00427498
-0.0137496
0.00561514
-0.0130524
0.00684991
-0.0120728
0.00795139
-0.0108106
0.00889415
-0.00928489
0.00965059
-0.00751766
0.0102045
-0.00553055
0.0105341
-0.00335726
0.0106263
-0.00104354
0.0104727
0.00136249
0.0100703
0.00380727
0.00942044
0.00623086
0.00854119
0.00856165
0.00744139
0.0107451
0.00614286
0.0127108
0.00468569
0.014397
0.00309535
0.0157356
0.0014206
0.016681
-0.000298581
0.017184
-0.00201186
0.0172073
-0.00366851
0.0167321
-0.00521707
0.0157478
-0.00660772
0.0142617
-0.00779361
0.0123018
-0.00873353
0.00991026
-0.00939196
0.00714537
-0.00974035
0.004087
-0.00975926
0.000827129
-0.00944269
-0.00253007
-0.0088027
-0.00585518
-0.00784719
-0.00903849
-0.00661283
-0.0119395
-0.00513994
-0.0144548
-0.00347992
-0.0164602
-0.00169746
-0.0178481
0.000140237
-0.0185521
0.00195524
-0.0185111
0.00367257
-0.0176999
0.00521547
-0.0161234
0.00651928
-0.0138315
0.00751616
-0.0108985
0.00816257
-0.00743812
0.00841875
-0.00359757
0.00827759
0.00044469
0.00773541
0.00450122
0.00681884
0.00835946
0.00557316
0.0118165
0.00406357
0.0146691
0.00236952
0.0167524
0.000575785
0.0179367
-0.00119291
0.01811
-0.00285774
0.0172586
-0.00431412
0.0153984
-0.00547259
0.0126153
-0.00626173
0.00906702
-0.00663074
0.00496181
-0.00655374
0.000552772
-0.00604267
-0.00386021
-0.00512713
-0.00797574
-0.00388234
-0.0114955
-0.00238984
-0.0141494
-0.000771576
-0.0157174
0.000846205
-0.016084
0.0023503
-0.015178
0.00361795
-0.0130618
0.00454699
-0.00988247
0.00506074
-0.00588182
0.00511779
-0.0013897
0.00471516
0.00321
0.0038927
0.00750213
0.00272619
0.0110901
0.00133457
0.0136187
-0.000149837
0.0148494
-0.00158849
0.014635
-0.00284083
0.0129915
-0.0037806
0.0100502
-0.00431482
0.00610618
-0.00439235
0.00155708
-0.00401246
-0.00310892
-0.00322517
-0.0073814
-0.00212648
-0.0107825
-0.000853462
-0.0129228
0.000444718
-0.0135773
0.00162198
-0.0126737
0.00254009
-0.0103401
0.00309508
-0.00687601
0.00323193
-0.00273637
0.00295276
0.00152804
0.00231655
0.0053475
0.00143038
0.00821728
0.00043601
0.00977135
-0.000512816
0.00985266
-0.00128963
0.00852074
-0.00178629
0.00605181
-0.00194628
0.00289451
-0.00177452
-0.000386114
-0.00133558
-0.00322093
-0.00073656
-0.00515698
-0.000107754
-0.00593571
0.000432226
-0.00554354
0.000795887
-0.00418791
0.000936043
-0.00224437
0.00085326
-0.00016685
0.000597141
0.0015763
0.000254544
0.00262632
-7.68579e-05
0.00283148
-0.000326022
0.00224742
-0.000435614
0.00110782
-0.000391977
-0.000248211
-0.000218249
-0.00145372
2.98717e-05
-0.00217739
0.000278458
-0.00223451
0.000462756
-0.00161145
0.000530027
-0.000470102
0.000459596
0.000897952
0.000266771
0.00212733
0.00287596
0.000598171
0.046056
0.00127106
0.0466463
0.00198284
0.0471699
0.00267938
0.047296
0.0032021
0.0476741
0.00319862
0.0469079
0.00227027
0.0470003
0.0448312
0.000653764
0.00554097
0.00185755
0.00687477
0.00319268
0.00650514
0.00456802
0.00722753
0.00577528
0.00706417
0.00677789
0.0073663
0.00760249
0.00737181
0.00822647
0.00756947
0.00869413
0.00774007
0.00899531
0.00800154
0.00915121
0.00831711
0.009173
0.00869029
0.00907023
0.00911548
0.00884295
0.00958624
0.00850527
0.0100924
0.00806155
0.0106219
0.0075202
0.0111642
0.00688514
0.0117079
0.00616667
0.0122351
0.00537124
0.0127396
0.00450503
0.0132053
0.00357871
0.0136225
0.00259915
0.0139784
0.00157557
0.0142632
0.00051884
0.0144635
-0.000562171
0.0145736
-0.00165566
0.0145813
-0.00275079
0.0144792
-0.00383666
0.0142638
-0.00489883
0.0139175
-0.00592751
0.0134529
-0.00690924
0.0128497
-0.0078327
0.0121223
-0.00868416
0.0112542
-0.00945217
0.0102579
-0.0101242
0.00913234
-0.0106895
0.00788373
-0.0111369
0.00652289
-0.0114578
0.00505793
-0.0116439
0.00350387
-0.0116883
0.00187353
-0.0115855
0.000185804
-0.0113333
-0.00153707
-0.0109307
-0.00327498
-0.0103792
-0.00500191
-0.00968211
-0.00669169
-0.00884479
-0.00832391
-0.00787537
-0.00986556
-0.00678577
-0.011283
-0.00558775
-0.0125595
-0.00429758
-0.0136584
-0.00293357
-0.0145515
-0.00151621
-0.0152123
-6.72514e-05
-0.0156271
0.00138643
-0.0157567
0.00282046
-0.0156008
0.00420641
-0.0151356
0.00551723
-0.0143633
0.00672415
-0.0132797
0.00780135
-0.0118878
0.00872143
-0.010205
0.00945984
-0.00825607
0.00999893
-0.00606963
0.0103184
-0.00367677
0.010405
-0.00113008
0.0102502
0.00151731
0.00984918
0.00420824
0.00921341
0.00686663
0.00834554
0.00942953
0.00726491
0.0118258
0.00599237
0.0139833
0.00456004
0.0158293
0.00299866
0.017297
0.00136067
0.018319
-0.000322549
0.0188672
-0.00199626
0.018881
-0.00361784
0.0183537
-0.00513015
0.0172601
-0.00648732
0.0156189
-0.00764315
0.0134576
-0.00855687
0.010824
-0.00919422
0.00778272
-0.00952747
0.00442026
-0.00953816
0.000837826
-0.00922475
-0.00284348
-0.00858794
-0.00649199
-0.00764876
-0.00997767
-0.00643055
-0.0131577
-0.00498901
-0.0158963
-0.00336305
-0.0180862
-0.00161949
-0.0195917
0.000175919
-0.0203475
0.00194771
-0.0202829
0.00362175
-0.0193739
0.00512594
-0.0176276
0.00639177
-0.0150973
0.00735656
-0.0118633
0.00798027
-0.00806183
0.0082217
-0.003839
0.00806991
0.000596473
0.00753166
0.00503947
0.00662708
0.00926403
0.00540184
0.0130417
0.00391969
0.0161513
0.00225568
0.0184164
0.000513962
0.0196784
-0.00121931
0.0198432
-0.00284196
0.0188813
-0.0042586
0.0168151
-0.0053823
0.013739
-0.00614273
0.00982745
-0.00649013
0.00530921
-0.00640453
0.000467171
-0.00589134
-0.0043734
-0.00498706
-0.00888002
-0.00375677
-0.0127258
-0.00229769
-0.0156084
-0.000708701
-0.0173064
0.000872117
-0.0176648
0.00233979
-0.0166457
0.00357381
-0.0142958
0.00447579
-0.0107844
0.00496889
-0.00637492
0.0050151
-0.00143591
0.00461231
0.00361278
0.00379761
0.00831683
0.00265108
0.0122367
0.0012835
0.0149863
-0.000163663
0.0162965
-0.00156712
0.0160384
-0.00278666
0.014211
-0.00369843
0.010962
-0.00421195
0.0066197
-0.00427841
0.00162354
-0.00389801
-0.00348932
-0.00312131
-0.0081581
-0.00204325
-0.0118605
-0.000793862
-0.0141722
0.000466447
-0.0148377
0.00161049
-0.0138177
0.00249829
-0.0112279
0.0030291
-0.00740681
0.00315033
-0.0028576
0.0028653
0.00181308
0.00223431
0.00597848
0.00136168
0.00908991
0.000388618
0.0107444
-0.0005357
0.010777
-0.00128814
0.00927317
-0.00176343
0.0065271
-0.00190746
0.00303854
-0.00172664
-0.000566933
-0.00128618
-0.00366139
-0.000693114
-0.00575004
-7.32361e-05
-0.00655559
0.000449536
-0.00606631
0.000798694
-0.00453706
0.000927021
-0.0023727
0.000836549
-7.63788e-05
0.000576945
0.0018359
0.000235258
0.002968
-9.13281e-05
0.00315807
-0.000335238
0.00249133
-0.000440388
0.00121297
-0.00039441
-0.000294188
-0.000221265
-0.00162686
2.46624e-05
-0.00242331
0.000268959
-0.00247881
0.000450355
-0.00179285
0.000516704
-0.00053645
0.000448217
0.000966439
0.000260176
0.00231537
0.00313614
0.000443836
0.0456121
0.000920315
0.0461698
0.00140472
0.0466855
0.00180669
0.0468941
0.00210037
0.0473805
0.00198203
0.0470262
0.00144658
0.0475358
0.0462778
0.000737245
0.00480373
0.00185415
0.00575786
0.00291842
0.00544088
0.00405319
0.00609275
0.00508452
0.00603284
0.00600827
0.00644255
0.00678063
0.00659945
0.00740647
0.00694363
0.0078867
0.00725984
0.00822039
0.00766786
0.00841713
0.00812037
0.00848347
0.00862396
0.00842275
0.0091762
0.00824537
0.00976361
0.00795269
0.0103851
0.00755684
0.0110178
0.00705994
0.0116611
0.00647148
0.0122963
0.00579601
0.0129106
0.00504295
0.0134927
0.00422203
0.0140263
0.00333795
0.0145065
0.0024003
0.0149161
0.00142021
0.0152433
0.000406507
0.0154772
-0.000631896
0.015612
-0.00168252
0.0156319
-0.00273615
0.0155328
-0.00377988
0.0153075
-0.00480256
0.0149402
-0.00579266
0.014443
-0.00673768
0.0137947
-0.0076261
0.0130107
-0.00844524
0.0120733
-0.00918331
0.010996
-0.00982895
0.00977798
-0.0103716
0.00842634
-0.010801
0.0069523
-0.0111066
0.00536355
-0.0112826
0.0036799
-0.0113214
0.00191231
-0.0112172
8.1623e-05
-0.0109689
-0.00178541
-0.0105752
-0.00366871
-0.0100378
-0.00553928
-0.00936063
-0.00736885
-0.00854755
-0.009137
-0.00760734
-0.0108058
-0.00655096
-0.0123394
-0.00539024
-0.0137202
-0.00414097
-0.0149077
-0.00282006
-0.0158724
-0.00144787
-0.0165845
-4.49168e-05
-0.01703
0.00136198
-0.0171636
0.00274878
-0.0169876
0.00408898
-0.0164758
0.00535789
-0.0156322
0.00652494
-0.0144468
0.00756602
-0.0129289
0.00845405
-0.011093
0.00916786
-0.00896987
0.00968417
-0.00658595
0.00999174
-0.00398433
0.0100723
-0.00121069
0.00991726
0.0016724
0.00952891
0.00459659
0.00890752
0.00748803
0.00806419
0.0102729
0.00701449
0.0128755
0.00578041
0.0152174
0.0043909
0.0172189
0.00288138
0.0188065
0.00129115
0.0199093
-0.000338675
0.020497
-0.00195775
0.0205001
-0.00352424
0.0199201
-0.00498529
0.0187211
-0.00629487
0.0169285
-0.0074087
0.0145714
-0.00828755
0.0117028
-0.00889867
0.00839383
-0.00921451
0.00473609
-0.00921676
0.000840079
-0.00890921
-0.00315103
-0.00828547
-0.00711573
-0.00737316
-0.01089
-0.00619354
-0.0143374
-0.00478795
-0.0173019
-0.00321571
-0.0196584
-0.00152855
-0.0212788
0.000203583
-0.0220796
0.00191361
-0.021993
0.00352794
-0.0209883
0.00497835
-0.019078
0.00619446
-0.0163134
0.00712172
-0.0127905
0.00771404
-0.00865414
0.0079406
-0.00406555
0.00778268
0.000754388
0.00725245
0.00556971
0.00637195
0.0101445
0.00518068
0.014233
0.00373934
0.0175926
0.00213098
0.0200248
0.000452445
0.021357
-0.00122284
0.0215185
-0.0027876
0.0204461
-0.00415107
0.0181785
-0.00522946
0.0148174
-0.00595493
0.0105529
-0.00628064
0.00563492
-0.00618897
0.000375508
-0.00567974
-0.00488263
-0.00479992
-0.00975985
-0.00360026
-0.0139255
-0.0021832
-0.0170255
-0.000652145
-0.0188375
0.000880081
-0.019197
0.00229681
-0.0180624
0.003486
-0.015485
0.00435137
-0.0116498
0.00482104
-0.00684459
0.00485772
-0.00147259
0.00445959
0.00401091
0.00366354
0.00911288
0.00255121
0.013349
0.00122381
0.0163137
-0.000173523
0.0176939
-0.00152784
0.0173927
-0.00270278
0.0153859
-0.00357823
0.0118375
-0.00406653
0.00710801
-0.00412312
0.00168013
-0.00374778
-0.00386466
-0.00298985
-0.00891603
-0.00194273
-0.0129076
-0.000735952
-0.015379
0.000477387
-0.016051
0.00157757
-0.0149179
0.00242769
-0.012078
0.00293089
-0.00791002
0.00303766
-0.00296437
0.00275203
0.0020987
0.0021333
0.00659722
0.00128418
0.00993903
0.000340537
0.0116881
-0.000546604
0.0116641
-0.00126821
0.00999478
-0.00171905
0.00697794
-0.00184771
0.00316719
-0.00166199
-0.000752651
-0.00122641
-0.00409697
-0.000646101
-0.00633036
-4.43984e-05
-0.00715729
0.000457235
-0.00656794
0.000789383
-0.00486921
0.000906072
-0.00248939
0.000810512
1.91819e-05
0.000551595
0.00209482
0.000215015
0.00330458
-0.000101889
0.00347497
-0.000337899
0.00272734
-0.000437708
0.00131278
-0.000390323
-0.000341573
-0.000220165
-0.00179702
2.04953e-05
-0.00266397
0.000257529
-0.00271584
0.000433882
-0.0019692
0.000498427
-0.000600996
0.000432456
0.00103241
0.000251025
0.0024968
0.00338716
0.000309734
0.0453024
0.000629319
0.0458502
0.00094631
0.0463685
0.00117134
0.046669
0.00134075
0.0472111
0.00120965
0.0471573
0.00092767
0.0478178
0.0472055
0.000802414
0.00400131
0.00185783
0.00470244
0.00278284
0.00451587
0.00379296
0.00508264
0.00468271
0.00514308
0.00551592
0.00560935
0.00622809
0.00588728
0.00681842
0.00635329
0.00728046
0.0067978
0.00761532
0.00733299
0.00782076
0.00791494
0.00790318
0.00854153
0.00786664
0.00921274
0.00771211
0.00991815
0.00745845
0.0106387
0.00709441
0.0113818
0.00663395
0.0121216
0.00608442
0.0128459
0.0054482
0.0135468
0.00473775
0.0142031
0.00395786
0.0148062
0.00311792
0.0153465
0.00222679
0.0158072
0.00129292
0.0161772
0.000327425
0.0164427
-0.000663895
0.0166033
-0.00166527
0.0166333
-0.0026706
0.0165382
-0.00366676
0.0163037
-0.00464216
0.0159156
-0.00558698
0.0153878
-0.00648876
0.0146965
-0.00733656
0.0138585
-0.00811789
0.0128547
-0.00882162
0.0116997
-0.00943692
0.0103933
-0.0099536
0.00894301
-0.0103628
0.00736152
-0.0106509
0.00565161
-0.0108168
0.00384581
-0.0108495
0.00194504
-0.0107469
-2.09449e-05
-0.0105043
-0.0020281
-0.0101252
-0.00404775
-0.00960741
-0.00605708
-0.00895563
-0.00802062
-0.00817591
-0.00991671
-0.00727346
-0.0117082
-0.00626072
-0.0133521
-0.00514784
-0.0148331
-0.00395024
-0.0161053
-0.00268401
-0.0171386
-0.00136911
-0.0178994
-2.53349e-05
-0.0183738
0.00132242
-0.0185114
0.0026512
-0.0183163
0.00393592
-0.0177605
0.0051496
-0.0168459
0.00626797
-0.0155651
0.00726289
-0.0139238
0.00811194
-0.0119421
0.00879369
-0.00965163
0.00928861
-0.00708086
0.00957713
-0.00427285
0.00965168
-0.00128524
0.00950199
0.0018221
0.00912658
0.00497199
0.0085268
0.00808781
0.00771448
0.0110852
0.00670584
0.0138841
0.00552111
0.0164021
0.00418713
0.0185528
0.00273902
0.0202546
0.00121445
0.0214338
-0.000346565
0.022058
-0.0018975
0.022051
-0.00339555
0.0214182
-0.00479349
0.0201191
-0.00604479
0.0181798
-0.00710805
0.0156347
-0.00794503
0.0125398
-0.00852616
0.00897496
-0.00882259
0.00503252
-0.00882243
0.000839914
-0.00851944
-0.00345402
-0.00791563
-0.00771955
-0.00703905
-0.0117666
-0.00590681
-0.0154696
-0.00455775
-0.018651
-0.00304525
-0.0211709
-0.00142903
-0.022895
0.000222897
-0.0237315
0.00185676
-0.0236268
0.00340129
-0.0225328
0.00478416
-0.0204609
0.00594106
-0.0174703
0.00682432
-0.0136738
0.00738172
-0.00921154
0.00759366
-0.00427749
0.00743648
0.000911572
0.00691894
0.00608725
0.0060678
0.0109957
0.00492178
0.015379
0.00354104
0.0189733
0.00200496
0.0215609
0.000390944
0.022971
-0.00120687
0.0231164
-0.00270126
0.0219404
-0.00400126
0.0194785
-0.00502681
0.0158429
-0.00571317
0.0112393
-0.00601807
0.00593982
-0.00592041
0.00027785
-0.00542481
-0.00537823
-0.00457446
-0.0106102
-0.00342229
-0.0150776
-0.00205496
-0.0183928
-0.000588838
-0.0203036
0.00087351
-0.0206594
0.00222767
-0.0194166
0.00336254
-0.0166198
0.00418479
-0.0124721
0.00462817
-0.00728797
0.00465663
-0.00150105
0.00426773
0.00439981
0.00350002
0.00988059
0.00243008
0.0144189
0.00115589
0.0175879
-0.000179514
0.0190293
-0.00147381
0.018687
-0.00259493
0.0165071
-0.00342741
0.01267
-0.00388853
0.00756912
-0.00393551
0.00172711
-0.00356948
-0.00423068
-0.00283984
-0.00964568
-0.0018338
-0.0139137
-0.000679096
-0.0165337
0.000478689
-0.0172088
0.00152735
-0.0159666
0.00233425
-0.0128849
0.00280753
-0.00838329
0.00290066
-0.0030575
0.00261909
0.00238028
0.0020202
0.00719611
0.00120323
0.010756
0.00029896
0.0125923
-0.000546911
0.01251
-0.00123296
0.0106808
-0.00165726
0.00740224
-0.00177164
0.00328157
-0.00158441
-0.000939882
-0.00115977
-0.0045216
-0.000599056
-0.00689107
-2.06249e-05
-0.00773572
0.000456449
-0.00704502
0.00076992
-0.00518268
0.000875377
-0.00259485
0.000777086
0.000117473
0.000522836
0.00234907
0.000195806
0.00363161
-0.000108837
0.00377961
-0.0003349
0.0029534
-0.000428772
0.00140665
-0.000380847
-0.000389498
-0.000215724
-0.00196214
1.71417e-05
-0.00289684
0.000244622
-0.00294332
0.000414241
-0.00213882
0.000476275
-0.00066303
0.00041327
0.00109541
0.000239879
0.00267019
0.00362704
0.000213527
0.0450889
0.000427221
0.0456365
0.000638588
0.0461571
0.000767032
0.0465406
0.000876088
0.047102
0.000756381
0.047277
0.000614156
0.04796
0.0478196
0.00079636
0.00320495
0.00178526
0.00371355
0.00263212
0.003669
0.00356516
0.0041496
0.00436922
0.00433903
0.00513641
0.00484215
0.00578927
0.00523442
0.00634601
0.00579655
0.00678314
0.00636068
0.0070985
0.00701763
0.00730486
0.00770858
0.00738952
0.00845688
0.00736576
0.0092365
0.00723863
0.0100453
0.00700216
0.0108752
0.00666693
0.011717
0.00623423
0.0125543
0.00571433
0.0133658
0.00511776
0.0141434
0.00444654
0.0148743
0.00371072
0.015542
0.00291761
0.0161396
0.00207291
0.0166519
0.00118884
0.0170613
0.00027256
0.017359
-0.000664328
0.0175402
-0.00161282
0.0175818
-0.00256057
0.0174859
-0.00350721
0.0172503
-0.00443046
0.0168388
-0.00532522
0.0162826
-0.00617904
0.0155503
-0.00698148
0.0146609
-0.00772081
0.013594
-0.00838652
0.0123654
-0.00896744
0.0109742
-0.00946017
0.00943574
-0.00984095
0.0077423
-0.010114
0.0059247
-0.0102692
0.00400098
-0.0102997
0.00197549
-0.0101976
-0.000123003
-0.00996642
-0.00225927
-0.00960314
-0.00441103
-0.00910999
-0.00655023
-0.00848919
-0.00864143
-0.00774643
-0.0106595
-0.00688816
-0.0125665
-0.00592497
-0.0143153
-0.00486831
-0.0158897
-0.00373156
-0.017242
-0.00252978
-0.0183404
-0.00128187
-0.0191473
-4.28471e-06
-0.0196514
0.00127428
-0.01979
0.00253527
-0.0195773
0.00375534
-0.0189806
0.00490656
-0.0179971
0.00596772
-0.0166263
0.00691154
-0.0148676
0.00771573
-0.0127462
0.00836063
-0.0102965
0.00883091
-0.00755114
0.00910338
-0.00454532
0.00917215
-0.00135401
0.00902613
0.00196811
0.00866596
0.00533217
0.00809292
0.00866085
0.00731773
0.0118604
0.0063555
0.0148464
0.00523029
0.0175273
0.00396037
0.0198228
0.00258486
0.0216301
0.00113276
0.0228859
-0.000346267
0.0235371
-0.00181786
0.0235226
-0.00323837
0.0228387
-0.00456442
0.0214451
-0.00575007
0.0193654
-0.0067564
0.016641
-0.00754723
0.0133306
-0.00809469
0.00952243
-0.00836965
0.00530748
-0.00836755
0.000837811
-0.00807459
-0.00374697
-0.00749996
-0.00829418
-0.00666193
-0.0126046
-0.00558488
-0.0165467
-0.00430458
-0.0199313
-0.00286655
-0.0226089
-0.00133232
-0.0244293
0.000234652
-0.0252985
0.00178487
-0.025177
0.00324729
-0.0239952
0.00455553
-0.0217691
0.00564839
-0.0185632
0.00648115
-0.0145065
0.00700367
-0.00973407
0.00719909
-0.00447291
0.00704388
0.00106679
0.00654889
0.00658224
0.00573523
0.0118093
0.00464388
0.0164704
0.00333242
0.0202848
0.00186873
0.0230246
0.000328098
0.0245116
-0.00117593
0.0246204
-0.00259014
0.0233546
-0.00381841
0.0207068
-0.00478634
0.0168109
-0.00543208
0.011885
-0.00571419
0.00622193
-0.00561262
0.000176284
-0.00513823
-0.00585262
-0.00432128
-0.0114271
-0.00322614
-0.0161728
-0.0019236
-0.0196954
-0.000523454
-0.0217037
0.000854498
-0.0220373
0.00213802
-0.0207001
0.00321116
-0.017693
0.00398712
-0.013248
0.00440151
-0.00770236
0.00442308
-0.00152262
0.00404787
0.00477502
0.00331471
0.0106138
0.00229439
0.0154392
0.00108284
0.0187994
-0.000181924
0.020294
-0.001408
0.0199131
-0.00246867
0.0175677
-0.00325446
0.0134557
-0.00368639
0.00800104
-0.00372517
0.00176589
-0.00337235
-0.0045835
-0.00267548
-0.0103425
-0.0017194
-0.0148698
-0.000618107
-0.017635
0.000472033
-0.0182989
0.00146358
-0.0169581
0.00222347
-0.0136448
0.00266554
-0.00882536
0.00274649
-0.00313845
0.00247194
0.00265483
0.00189792
0.00777013
0.00111891
0.011535
0.000258249
0.013453
-0.00053839
0.0133066
-0.0011856
0.011328
-0.00158216
0.0077988
-0.00168329
0.0033827
-0.00149792
-0.00112526
-0.001088
-0.00493153
-0.000551388
-0.00742768
-7.8283e-06
-0.00827928
0.000448595
-0.00750144
0.000742349
-0.00547644
0.000837139
-0.00268964
0.000738196
0.000216415
0.000491654
0.00259561
0.000177095
0.00394617
-0.0001126
0.00406931
-0.000327217
0.00316802
-0.000414822
0.00149425
-0.000367128
-0.000437192
-0.00020863
-0.00212064
1.44592e-05
-0.00311993
0.000230651
-0.00315952
0.000392269
-0.00230044
0.00045129
-0.00072205
0.000391582
0.00115512
0.000227269
0.00283451
0.00385431
0.000149355
0.0449395
0.000298668
0.0454872
0.00044825
0.0460075
0.000524052
0.0464648
0.000604765
0.0470213
0.000496448
0.0473853
0.000433323
0.0480231
0.048253
0.000768079
0.00243688
0.00169532
0.00278631
0.00247928
0.00288504
0.00334731
0.00328157
0.00408079
0.00360554
0.00480652
0.00411643
0.0054159
0.00462505
0.00594224
0.00527021
0.00635269
0.00595023
0.00665689
0.00671343
0.00684531
0.00752016
0.00693256
0.00836962
0.00691681
0.00925225
0.00679737
0.0101647
0.00657734
0.0110953
0.00626663
0.0120277
0.00586614
0.0129548
0.00537681
0.0138551
0.00481442
0.0147057
0.00418277
0.015506
0.00348941
0.0162354
0.00274311
0.0168859
0.00195369
0.0174413
0.00112025
0.0178947
0.000254615
0.0182246
-0.000623772
0.0184186
-0.00151844
0.0184764
-0.00241336
0.0183808
-0.0032956
0.0181325
-0.00416534
0.0177086
-0.00500846
0.0171257
-0.00581184
0.0163536
-0.00656608
0.0154152
-0.00726161
0.0142895
-0.00788841
0.0129923
-0.00843598
0.0115218
-0.00889033
0.00989009
-0.00925314
0.00810511
-0.00950866
0.00618022
-0.0096494
0.00414172
-0.00967333
0.00199942
-0.0095796
-0.000216733
-0.00935987
-0.002479
-0.00901505
-0.00475585
-0.00854835
-0.00701693
-0.00796339
-0.00922639
-0.00726306
-0.0113598
-0.00645593
-0.0133736
-0.00555016
-0.0152211
-0.00455408
-0.0168858
-0.00348338
-0.0183127
-0.00235061
-0.0194732
-0.00117331
-0.0203246
2.45462e-05
-0.0208492
0.00123063
-0.020996
0.00241751
-0.0207642
0.00356568
-0.0201287
0.00465045
-0.0190818
0.00564858
-0.0176244
0.00653494
-0.015754
0.00729337
-0.0135047
0.00789957
-0.0109027
0.00833655
-0.00798813
0.00859233
-0.00480109
0.00865329
-0.00141497
0.0085152
0.00210619
0.00817475
0.00567262
0.00763172
0.00920388
0.00689883
0.0125933
0.00598919
0.015756
0.00492601
0.0185905
0.00372816
0.0210206
0.00243099
0.0229273
0.00106092
0.024256
-0.000330161
0.0249281
-0.00171781
0.0249102
-0.00305285
0.0241737
-0.00429952
0.0226918
-0.00541601
0.0204819
-0.0063621
0.0175871
-0.00710492
0.0140734
-0.00761294
0.0100304
-0.00787208
0.00556663
-0.00786334
0.000829073
-0.00758589
-0.00402442
-0.00704285
-0.00883722
-0.0062479
-0.0133995
-0.00523347
-0.0175611
-0.00402793
-0.0211368
-0.00267534
-0.0239615
-0.00123123
-0.0258734
0.000245355
-0.0267751
0.00170433
-0.026636
0.00307965
-0.0253705
0.00430493
-0.0229944
0.00533161
-0.0195899
0.0061108
-0.0152857
0.00659925
-0.0102225
0.00677213
-0.00464579
0.00662339
0.00121553
0.0061533
0.00705233
0.00538441
0.0125782
0.00435342
0.0175013
0.00311465
0.0215236
0.00173357
0.0244057
0.000283451
0.0259617
-0.00112823
0.0260321
-0.00245918
0.0246856
-0.00361109
0.0218587
-0.00451787
0.0177177
-0.00512075
0.0124879
-0.00537905
0.00648024
-0.00527841
7.5643e-05
-0.00482678
-0.00630425
-0.00405302
-0.0122009
-0.00301729
-0.0172085
-0.00179136
-0.0209213
-0.000467576
-0.0230275
0.00082633
-0.0233312
0.0020329
-0.0219067
0.00304127
-0.0187014
0.00376694
-0.0139737
0.00415302
-0.00808844
0.00416685
-0.00153644
0.00381009
0.00513178
0.00311664
0.0113072
0.00215006
0.0164058
0.00101001
0.0199395
-0.000180357
0.0214844
-0.001333
0.0210658
-0.00232963
0.0185644
-0.003066
0.0141921
-0.00346736
0.0084024
-0.00349892
0.00179745
-0.00316287
-0.00491955
-0.00250236
-0.0110031
-0.00159919
-0.0157729
-0.000563232
-0.0186709
0.000458555
-0.0193207
0.00138992
-0.0178895
0.00210038
-0.0143553
0.00251046
-0.00923545
0.00258021
-0.0032082
0.00231651
0.00291852
0.00177182
0.00831482
0.00103596
0.0122709
0.000225276
0.0142637
-0.000522526
0.0140544
-0.00112903
0.0119345
-0.0014975
0.00816727
-0.0015863
0.00347151
-0.00140566
-0.0013059
-0.00101427
-0.00532291
-0.000505546
-0.00793641
5.81033e-06
-0.00879064
0.000435071
-0.0079307
0.000708598
-0.00574996
0.000793267
-0.0027743
0.000695572
0.000314109
0.00045902
0.00283216
0.000159177
0.00424602
-0.000113615
0.0043421
-0.000315834
0.00337024
-0.000396892
0.00157531
-0.000350178
-0.000483906
-0.000199561
-0.00227126
1.22928e-05
-0.00333178
0.000216022
-0.00336324
0.000368737
-0.00245316
0.000424349
-0.000777663
0.000368219
0.00121125
0.000213691
0.00298903
0.004068
9.70995e-05
0.000220931
0.00034116
0.000388847
0.000460001
0.000353849
0.000335292
0.000755214
0.00163193
0.00240231
0.00318314
0.00388561
0.00455777
0.00512894
0.00562797
0.00600963
0.0062949
0.00646983
0.00654947
0.00652965
0.006422
0.00622438
0.00593012
0.00555479
0.00510111
0.00457229
0.00398248
0.00333523
0.00263719
0.00189295
0.0011175
0.000312656
-0.00051255
-0.00134626
-0.00218132
-0.0030087
-0.00382028
-0.00460623
-0.00535678
-0.00606147
-0.00670978
-0.00729367
-0.00780663
-0.00823331
-0.0085689
-0.00880768
-0.00893858
-0.00896122
-0.00886885
-0.00866389
-0.00834231
-0.007907
-0.00736119
-0.00670895
-0.0059544
-0.00510767
-0.00418081
-0.0031815
-0.00212688
-0.00103111
9.00348e-05
0.00121352
0.00232291
0.00339636
0.00441174
0.00534466
0.00617559
0.00688591
0.00745246
0.00785963
0.00810038
0.00815697
0.00802495
0.00770161
0.00719347
0.00650656
0.00565864
0.00465787
0.00353654
0.00231935
0.00104289
-0.00026009
-0.00155924
-0.00280917
-0.0039745
-0.00501526
-0.00589855
-0.00659099
-0.00706751
-0.00730755
-0.0072968
-0.00703361
-0.00652836
-0.00578693
-0.00483847
-0.0037149
-0.00245363
-0.00110648
0.000269682
0.00163148
0.00291541
0.00405994
0.00501622
0.00574384
0.00619635
0.00635706
0.00621298
0.0057691
0.00504643
0.00407932
0.00291944
0.00162759
0.000269336
-0.00104638
-0.00229048
-0.0033651
-0.00421019
-0.00477044
-0.0050071
-0.00491143
-0.00448436
-0.00376187
-0.00278836
-0.00164588
-0.000412402
0.000797507
0.00192554
0.00286611
0.00354261
0.00390021
0.00390963
0.00357221
0.00292019
0.0020138
0.000945093
-0.000166425
-0.00124258
-0.00217311
-0.00285922
-0.00323116
-0.00325731
-0.00294029
-0.00232213
-0.00147767
-0.00051008
0.000441718
0.0013104
0.0019714
0.00235072
0.00241139
0.00216049
0.00164752
0.000957154
0.000196553
-0.000498727
-0.00106405
-0.00140486
-0.00148335
-0.00130946
-0.000939662
-0.000461722
1.71384e-05
0.000417436
0.000670696
0.000746391
0.000651427
0.000426862
0.000143771
-0.000111635
-0.000300907
-0.000375803
-0.000330785
-0.000189099
1.03569e-05
0.0002009
0.00034436
0.000396531
0.000344095
0.000199693
)
;

boundaryField
{
    freeSurface
    {
        type            calculated;
        value           nonuniform List<scalar> 
181
(
0.0448424
0.0453634
0.0458873
0.0464171
0.0469501
0.0474915
0.0480417
0.0485883
0.00168166
0.0019096
0.00211465
0.00250075
0.00290307
0.00344427
0.00405388
0.00477118
0.00556856
0.00642817
0.00734523
0.00828998
0.00927207
0.0102724
0.0112929
0.012322
0.0133301
0.0143088
0.0152346
0.0160958
0.0168826
0.0175839
0.0181856
0.0186702
0.0190294
0.0192438
0.0193101
0.0192159
0.0189599
0.0185202
0.0179116
0.0171042
0.0161199
0.0149378
0.0135761
0.0120347
0.0103168
0.0084407
0.00641901
0.00427262
0.00202206
-0.000309104
-0.00268396
-0.00507744
-0.00745223
-0.0097722
-0.012012
-0.0141282
-0.0160678
-0.0178127
-0.019312
-0.0205278
-0.0214204
-0.0219704
-0.0221195
-0.0218736
-0.0212022
-0.0200972
-0.0185573
-0.0165849
-0.014215
-0.0114693
-0.0083953
-0.00504184
-0.00147156
0.00223821
0.00599596
0.00971202
0.0132802
0.0166039
0.0195913
0.0221419
0.0241444
0.0255325
0.0262311
0.0262094
0.0254237
0.0238571
0.0215227
0.0184704
0.0147659
0.010507
0.00580666
0.000818324
-0.00428761
-0.00934247
-0.014141
-0.0185096
-0.0222604
-0.0252228
-0.0272205
-0.0281513
-0.0279978
-0.0266545
-0.0241389
-0.0205462
-0.0160134
-0.010675
-0.00480649
0.00135961
0.0074962
0.0133009
0.0184685
0.0226835
0.0256975
0.02732
0.0273478
0.0259297
0.0229333
0.0185627
0.0130481
0.0067169
-2.00346e-05
-0.00673132
-0.0129234
-0.018182
-0.0220638
-0.024261
-0.0245411
-0.0230347
-0.0196419
-0.0146502
-0.00844604
-0.00154587
0.0054692
0.0119592
0.0173122
0.0210082
0.0225959
0.0221419
0.0194949
0.0148782
0.00877434
0.00182361
-0.00523657
-0.0116212
-0.0166174
-0.0196385
-0.0202725
-0.0187582
-0.0150163
-0.00961477
-0.00326886
0.00316942
0.00882779
0.0129612
0.0150243
0.0147497
0.0124999
0.00850808
0.00354999
-0.00147979
-0.00569271
-0.00841435
-0.0092695
-0.008331
-0.00600322
-0.00285
0.000409074
0.00305673
0.00452911
0.00459751
0.00355951
0.00165021
-0.000528923
-0.00241295
-0.00353124
-0.00355379
-0.00259662
-0.000829834
0.00126369
0.00313344
0.00426769
)
;
    }
    walls
    {
        type            calculated;
        value           uniform 0;
    }
    floatingObject
    {
        type            calculated;
        value           nonuniform List<scalar> 
37
(
-0.031678
-0.032049
-0.03242
-0.0327955
-0.03318
-0.0335646
-0.0339559
-0.0343518
-0.0347499
-0.0351548
-0.0355642
-0.0359782
-0.0363967
-0.0368197
-0.0372495
-0.0376815
-0.0381226
-0.0385637
-0.0390139
0
0
0
3.38813e-21
0
-6.77626e-21
0
0
0
0
0
0
0
0
0
0
0
0
)
;
    }
    frontAndBack
    {
        type            empty;
    }
}


// ************************************************************************* //
