/*--------------------------------*- C++ -*----------------------------------*\
  =========                 |
  \\      /  F ield         | OpenFOAM: The Open Source CFD Toolbox
   \\    /   O peration     | Website:  https://openfoam.org
    \\  /    A nd           | Version:  12
     \\/     M anipulation  |
\*---------------------------------------------------------------------------*/
FoamFile
{
    format      ascii;
    class       surfaceScalarField;
    location    "18.88";
    object      phi;
}
// * * * * * * * * * * * * * * * * * * * * * * * * * * * * * * * * * * * * * //

dimensions      [1 0 -1 0 0 0 0];

internalField   nonuniform List<scalar> 
7429
(
0.000278007
-0.000278007
0.000565126
-0.000287119
0.000856485
-0.000291358
0.00115214
-0.000295655
0.0014525
-0.000300363
0.00175787
-0.000305363
0.00206849
-0.000310627
0.00238461
-0.000316114
0.00270636
-0.000321756
0.00303388
-0.000327515
0.00336709
-0.00033321
0.0037059
-0.000338815
0.00405013
-0.000344226
0.00439936
-0.000349233
0.00475313
-0.000353762
0.00511076
-0.00035763
0.00547138
-0.000360628
0.00583407
-0.000362681
0.00619759
-0.000363529
0.00656066
-0.000363067
0.00692182
-0.000361161
0.00727946
-0.000357636
0.00763181
-0.000352355
0.0079769
-0.000345089
0.00831263
-0.00033573
0.0086367
-0.000324063
0.00894677
-0.000310068
0.00924043
-0.000293661
0.00951523
-0.000274805
0.00976862
-0.000253389
0.0099982
-0.000229576
0.0102017
-0.000203494
0.010377
-0.000175265
0.010522
-0.000145078
0.0106351
-0.000113094
0.0107149
-7.98142e-05
0.0107604
-4.54982e-05
0.0107707
-1.02263e-05
0.010746
2.46994e-05
0.0106844
6.157e-05
0.0105852
9.92415e-05
0.0104479
0.000137258
0.0102728
0.000175123
0.0100603
0.000212508
0.00981118
0.000249091
0.00952659
0.000284585
0.0092078
0.000318796
0.00885637
0.000351422
0.00847411
0.000382268
0.00806304
0.000411062
0.00762549
0.000437558
0.00716394
0.000461545
0.00668129
0.000482652
0.00618045
0.000500837
0.00566494
0.000515517
0.00513791
0.000527028
0.00460366
0.000534251
0.00406555
0.000538104
0.00352833
0.000537217
0.00299555
0.000532789
0.00247225
0.000523292
0.00196263
0.000509624
0.00147136
0.00049127
0.00100288
0.000468481
0.000561613
0.000441267
0.000151942
0.000409671
-0.000222249
0.00037419
-0.000556943
0.000334694
-0.000848478
0.000291535
-0.00109367
0.000245194
-0.00129002
0.000196349
-0.00143534
0.000145323
-0.00152829
9.29473e-05
-0.00156815
3.98616e-05
-0.00155039
-1.77661e-05
-0.0014767
-7.36835e-05
-0.00135055
-0.000126149
-0.00117514
-0.000175412
-0.000953397
-0.000221745
-0.000689345
-0.000264051
-0.000387713
-0.000301633
-5.43118e-05
-0.000333401
0.000304835
-0.000359147
0.00068185
-0.000377015
0.00106887
-0.000387022
0.00145768
-0.000388809
0.00183893
-0.000381252
0.00220392
-0.000364991
0.00254338
-0.000339459
0.00284846
-0.000305075
0.00311068
-0.000262224
0.00332206
-0.000211383
0.00347597
-0.000153901
0.0035663
-9.03322e-05
0.00358912
-2.2825e-05
0.00353152
5.76068e-05
0.0033975
0.000134021
0.00318986
0.000207631
0.00291206
0.000277802
0.00256913
0.000342929
0.00216733
0.000401804
0.00171482
0.000452509
0.00122231
0.000492514
0.000701785
0.000520521
0.000167289
0.000534495
-0.000366111
0.0005334
-0.000882723
0.000516613
-0.0013665
0.000483778
-0.00180175
0.00043525
-0.00217341
0.000371655
-0.00246839
0.000294979
-0.00267537
0.000206985
-0.00278603
0.000110657
-0.00279344
7.40802e-06
-0.00268582
-0.000107613
-0.0024737
-0.000212123
-0.00216517
-0.000308528
-0.00177072
-0.000394456
-0.00130385
-0.000466868
-0.000782177
-0.00052167
-0.000227147
-0.00055503
0.000338335
-0.000565482
0.000888432
-0.000550097
0.00139783
-0.000509399
0.00184119
-0.000443359
0.00219648
-0.000355292
0.00244394
-0.000247458
0.00257054
-0.000126598
0.00256116
9.37846e-06
0.00240919
0.000151963
0.00212756
0.000281636
0.0017306
0.00039696
0.00123722
0.000493379
0.000673084
0.000564136
6.98754e-05
0.000603209
-0.000536425
0.0006063
-0.0011073
0.000570874
-0.00160646
0.000499161
-0.00199953
0.000393069
-0.00225869
0.000259164
-0.00236424
0.000105551
-0.00229295
-7.12905e-05
-0.0020503
-0.000242655
-0.00165569
-0.000394612
-0.00113365
-0.000522032
-0.000519978
-0.000613676
0.00014199
-0.000661968
0.0007996
-0.00065761
0.00140041
-0.000600808
0.00189378
-0.000493375
0.00223631
-0.000342532
0.00239655
-0.000160236
0.00234647
5.00806e-05
0.00208662
0.000259853
0.00164362
0.000443003
0.00105303
0.000590581
0.000365871
0.000687163
-0.000356039
0.00072191
-0.00104112
0.000685079
-0.00162318
0.000582063
-0.00204414
0.00042096
-0.00226301
0.000218872
-0.00225499
-8.02526e-06
-0.00201828
-0.000236706
-0.00159504
-0.000423241
-0.00103716
-0.000557878
-0.000414453
-0.00062271
0.000193479
-0.000607932
0.00070588
-0.000512401
0.00105875
-0.000352867
0.00121024
-0.000151488
0.00113579
7.44432e-05
0.00086124
0.000274552
0.000441083
0.000420157
-5.24586e-05
0.000493542
-0.000529067
0.000476609
-0.000903542
0.000374475
-0.00110834
0.000204802
-0.00110131
-7.03783e-06
-0.000872627
-0.000228679
-0.000472215
-0.000400413
2.84045e-05
-0.000500619
0.000535042
-0.000506637
0.000945516
-0.000410474
0.00118024
-0.000234723
0.00119604
-1.5798e-05
0.000972302
0.000223735
0.000570164
0.000402138
7.33441e-05
0.00049682
-0.000413297
0.000486641
-0.000783711
0.000370413
-0.00096887
0.00018516
-0.000939139
-2.97314e-05
-0.000722519
-0.00021662
-0.000398224
-0.000324295
-6.40787e-05
-0.000334145
0.000171435
-0.000235514
0.000255363
-8.39278e-05
0.000178977
7.63855e-05
0.000178977
0.000319946
-0.000597953
0.000659978
-0.00062715
0.00100661
-0.000637993
0.00136072
-0.000649761
0.00172322
-0.000662867
0.00209514
-0.000677279
0.00247704
-0.000692524
0.00286943
-0.000708503
0.00327234
-0.00072467
0.0036857
-0.000740873
0.00410893
-0.000756441
0.00454149
-0.000771369
0.00498266
-0.000785393
0.00543145
-0.000798022
0.00588668
-0.000808995
0.00634696
-0.000817912
0.00681063
-0.0008243
0.00727581
-0.000827855
0.00774037
-0.000828089
0.00820191
-0.000824607
0.00865769
-0.000816939
0.00910483
-0.00080478
0.00954025
-0.000787773
0.00996079
-0.000765626
0.0103631
-0.000738079
0.0107442
-0.000705126
0.0111006
-0.000666494
0.0114296
-0.000622629
0.0117282
-0.000573386
0.011994
-0.000519162
0.0122247
-0.000460284
0.0124184
-0.000397266
0.0125738
-0.000330583
0.0126894
-0.00026074
0.0127648
-0.000188451
0.0127993
-0.000114375
0.0127937
-3.98993e-05
0.0127386
4.49343e-05
0.0126317
0.000131588
0.0124768
0.000216491
0.0122762
0.000299842
0.0120321
0.000381316
0.0117468
0.000460437
0.0114222
0.000537111
0.0110602
0.000611031
0.0106629
0.000681978
0.010232
0.00074966
0.00976974
0.00081367
0.00927819
0.000873823
0.00876021
0.000929039
0.00821822
0.000979554
0.00765515
0.00102461
0.00707431
0.00106349
0.00647876
0.00109639
0.00587239
0.00112188
0.00525879
0.00114063
0.00464226
0.00115079
0.00402692
0.00115344
0.0034173
0.00114684
0.00281756
0.00113252
0.00223248
0.00110837
0.00166655
0.00107556
0.00112442
0.0010334
0.000610971
0.000981933
0.000130348
0.000921889
-0.000313172
0.000853191
-0.000714689
0.000775707
-0.00107049
0.000690497
-0.00137693
0.000597978
-0.00163089
0.000499153
-0.00183007
0.000395525
-0.00197189
0.000287139
-0.00205551
0.000176574
-0.00207948
6.38296e-05
-0.00204079
-5.64576e-05
-0.00194335
-0.00017112
-0.00178921
-0.000280288
-0.00158048
-0.000384147
-0.00132109
-0.00048114
-0.00101541
-0.000569726
-0.00066912
-0.000647923
-0.000288394
-0.000714127
0.000118276
-0.000765818
0.000544089
-0.000802828
0.000979987
-0.000822919
0.00141662
-0.000825441
0.00184428
-0.000808909
0.00225276
-0.000773473
0.00263259
-0.000719288
0.00297372
-0.000646213
0.00326713
-0.000555634
0.00350422
-0.00044847
0.00367713
-0.000326808
0.00377878
-0.000191983
0.00380647
-5.05122e-05
0.00374741
0.000116666
0.00360612
0.000275303
0.00338483
0.000428923
0.00308651
0.000576121
0.0027162
0.000713248
0.00228089
0.000837106
0.00179016
0.000943241
0.00125574
0.00102694
0.000690868
0.00108539
0.000111216
0.00111415
-0.000466935
0.00111155
-0.00102602
0.0010757
-0.00154903
0.00100679
-0.00201838
0.000904599
-0.00241825
0.000771527
-0.00273388
0.000610603
-0.00295261
0.000425717
-0.00306501
0.000223055
-0.00306085
3.24805e-06
-0.00293892
-0.000229544
-0.0027034
-0.000447637
-0.00236301
-0.000648921
-0.00192795
-0.000829511
-0.00141409
-0.000980735
-0.000840223
-0.00109553
-0.000230681
-0.00116457
0.000388294
-0.00118446
0.000989439
-0.00115124
0.00154529
-0.00106525
0.00202812
-0.000926193
0.00241358
-0.000740751
0.00268006
-0.000513935
0.0028131
-0.000259634
0.00279596
2.65204e-05
0.00262816
0.000319758
0.00231941
0.000590389
0.00188326
0.000833111
0.00134094
0.0010357
0.000721425
0.00118365
5.99839e-05
0.00126465
-0.00060286
0.00126914
-0.00122687
0.00119489
-0.00177202
0.00104431
-0.00220002
0.000821073
-0.00248135
0.000540486
-0.00259253
0.00021673
-0.00251284
-0.000150974
-0.00224977
-0.000505728
-0.00182019
-0.000824189
-0.00125113
-0.00109109
-0.000579685
-0.00128512
0.000141721
-0.00138337
0.000858788
-0.00137468
0.00151293
-0.00125495
0.00204945
-0.0010299
0.00242053
-0.000713606
0.0025919
-0.000331612
0.00253513
0.000106853
0.00225483
0.000540149
0.00177501
0.000922824
0.00113492
0.00123068
0.000390343
0.00143174
-0.000390018
0.00150227
-0.00112751
0.00142257
-0.00175025
0.00120481
-0.00219448
0.000865193
-0.00241689
0.000441274
-0.0023882
-3.67097e-05
-0.00211861
-0.000506294
-0.00164565
-0.000896203
-0.00102803
-0.0011755
-0.000343447
-0.00130729
0.000318782
-0.00127016
0.000871372
-0.00106499
0.00124341
-0.000724905
0.00139095
-0.00029903
0.0012902
0.000175198
0.000972712
0.000592037
0.000494927
0.000897942
-6.18727e-05
0.00105034
-0.00059574
0.00101048
-0.00101325
0.000791984
-0.00123952
0.000431071
-0.0012281
-1.84524e-05
-0.00097778
-0.000479002
-0.000537224
-0.000840969
1.48262e-05
-0.00105267
0.000572069
-0.00106388
0.00102188
-0.000860289
0.00127701
-0.000489853
0.00128519
-2.39721e-05
0.00104023
0.000468696
0.000600698
0.000841666
5.87627e-05
0.00103876
-0.0004637
0.0010091
-0.000855099
0.000761813
-0.00103917
0.000369234
-0.000985631
-8.32733e-05
-0.000733029
-0.000469222
-0.00036718
-0.000690144
1.64981e-06
-0.000702975
0.000255132
-0.000488996
0.000331147
-0.000159942
0.000223825
0.000183707
0.000402802
0.000109961
-0.000707913
0.000229921
-0.00074711
0.000354766
-0.000762838
0.000486444
-0.000781439
0.000625985
-0.000802407
0.000775455
-0.000826748
0.000935096
-0.000852164
0.0011074
-0.000880809
0.00129214
-0.000909403
0.00149252
-0.000941255
0.00170993
-0.000973855
0.00194688
-0.00100831
0.00220328
-0.0010418
0.00247759
-0.00107233
0.00277302
-0.00110442
0.00309211
-0.001137
0.00343481
-0.001167
0.00380084
-0.00119389
0.00418782
-0.00121507
0.00459368
-0.00123047
0.00501503
-0.00123828
0.00544844
-0.00123819
0.00588941
-0.00122874
0.00633383
-0.00121004
0.00677612
-0.00118037
0.00721198
-0.00114098
0.00763561
-0.00109013
0.00804279
-0.00102981
0.00842746
-0.000958058
0.0087849
-0.000876605
0.00910854
-0.000783926
0.00939403
-0.000682748
0.00963746
-0.000574017
0.00983626
-0.000459538
0.00998855
-0.000340739
0.0100944
-0.000220251
0.0101527
-9.81358e-05
0.0101725
2.50483e-05
0.0101524
0.000151739
0.0100889
0.000279984
0.00998078
0.000407963
0.00982759
0.000534509
0.00962949
0.000658536
0.00938726
0.000779337
0.009102
0.000896294
0.00877538
0.0010086
0.00840924
0.0011158
0.00800574
0.00121716
0.00756727
0.0013123
0.00709623
0.00140007
0.00659559
0.0014802
0.00606851
0.00155169
0.00551815
0.00161385
0.00494844
0.0016661
0.004363
0.00170732
0.00376629
0.00173733
0.00316285
0.00175423
0.00255696
0.00175933
0.00195353
0.00175027
0.00135792
0.00172813
0.000775413
0.00169088
0.000211467
0.00163951
-0.000328603
0.00157347
-0.000838916
0.00149225
-0.00131382
0.00139679
-0.00174782
0.0012872
-0.00213683
0.00116471
-0.00247521
0.00102888
-0.00275918
0.000881948
-0.0029845
0.000724472
-0.00314747
0.000558496
-0.00324677
0.000386442
-0.00327994
0.000209745
-0.00324728
3.11707e-05
-0.00313874
-0.000165002
-0.0029653
-0.000344564
-0.00272803
-0.000517552
-0.00242938
-0.0006828
-0.00207368
-0.000836839
-0.00166562
-0.000977787
-0.00121198
-0.00110156
-0.000720714
-0.00120539
-0.000199834
-0.0012867
0.000340313
-0.00134297
0.000889674
-0.00137228
0.00143721
-0.00137298
0.00197097
-0.00134267
0.00247989
-0.0012824
0.00295113
-0.00119052
0.00337442
-0.00106951
0.00373717
-0.000918377
0.00403096
-0.00074226
0.00424462
-0.000540473
0.00437327
-0.000320633
0.00441011
-8.73459e-05
0.00434489
0.000181883
0.0041819
0.00043829
0.00392248
0.000688345
0.00357008
0.000928518
0.00313021
0.00115312
0.00261242
0.0013549
0.0020278
0.00152786
0.00139115
0.00166359
0.000718707
0.00175783
2.8745e-05
0.00180411
-0.000658434
0.00179873
-0.00132236
0.00173962
-0.00194129
0.00162572
-0.00249533
0.00145864
-0.00296496
0.00124116
-0.00333242
0.000978062
-0.00358218
0.000675479
-0.00370674
0.00034761
-0.00368851
-1.49825e-05
-0.00353313
-0.000384922
-0.00324374
-0.000737028
-0.00282763
-0.00106503
-0.00229803
-0.00135911
-0.00167593
-0.00160283
-0.000983045
-0.00178842
-0.000248164
-0.00189945
0.000497443
-0.00193006
0.00122002
-0.00187382
0.00188517
-0.0017304
0.00246188
-0.0015029
0.00291909
-0.00119796
0.00323399
-0.000828841
0.00338419
-0.00040983
0.00335529
5.5417e-05
0.00314922
0.000525834
0.00277359
0.000966021
0.00224479
0.0013619
0.00158931
0.00169118
0.000842964
0.00192999
4.64302e-05
0.00206118
-0.00075185
0.00206742
-0.00150209
0.00194512
-0.00215496
0.00169719
-0.00266645
0.00133256
-0.0029988
0.000872839
-0.0031268
0.000344731
-0.003028
-0.000249779
-0.00271162
-0.000822103
-0.00219574
-0.00134007
-0.00151151
-0.00177532
-0.000707618
-0.00208901
0.000157957
-0.00224895
0.00101526
-0.00223198
0.00179646
-0.00203615
0.00243534
-0.00166878
0.00287493
-0.00115319
0.00307294
-0.000529624
0.00300095
0.000178844
0.00266614
0.000874956
0.0020931
0.00149587
0.00132993
0.00199385
0.000444858
0.00231681
-0.00047782
0.00242495
-0.00134622
0.00229097
-0.0020725
0.00193109
-0.00258326
0.00137595
-0.00282364
0.000681654
-0.00276382
-9.65288e-05
-0.002421
-0.000849119
-0.00183561
-0.00148159
-0.0010807
-0.0019304
-0.00025266
-0.00213533
0.000538283
-0.0020611
0.00118924
-0.00171595
0.00161707
-0.00115273
0.00176499
-0.000446956
0.00161618
0.000324009
0.0012068
0.00100142
0.000604817
0.00149993
-8.8146e-05
0.0017433
-0.000747357
0.00166969
-0.00125887
0.0013035
-0.00153225
0.00070445
-0.00151344
-3.72685e-05
-0.00120716
-0.000785277
-0.000669204
-0.00137893
1.18997e-06
-0.00172306
0.000674633
-0.00173732
0.00121512
-0.00140077
0.00151717
-0.000791907
0.00151608
-2.28824e-05
0.00121791
0.000766871
0.000687588
0.00137198
3.57365e-05
0.00169061
-0.000578795
0.00162364
-0.00102969
0.00121271
-0.00122435
0.000563892
-0.00112978
-0.000177843
-0.00079973
-0.00079927
-0.00034075
-0.00114912
0.000107455
-0.00115118
0.00040828
-0.000789821
0.00047715
-0.000228813
0.000312295
0.000348562
0.000715097
5.95717e-05
-0.000767484
0.000150339
-0.000837876
0.000263217
-0.000875716
0.000408063
-0.000926284
0.000592876
-0.000987219
0.000829086
-0.00106296
0.00111959
-0.00114267
0.00147173
-0.00123294
0.00188052
-0.00131819
0.00234141
-0.00140215
0.00283943
-0.00147187
0.00337024
-0.00153913
0.00393084
-0.00160239
0.00452507
-0.00166657
0.00514892
-0.00172827
0.00579986
-0.00178793
0.00647518
-0.00184232
0.00717064
-0.00188934
0.00788119
-0.00192562
0.00860386
-0.00195313
0.00933247
-0.00196689
0.01006
-0.00196575
0.0107767
-0.00194546
0.0114751
-0.00190835
0.0121427
-0.00184804
0.0127729
-0.00177115
0.0133513
-0.00166852
0.0138743
-0.00155279
0.0143267
-0.00141048
0.0147093
-0.00125923
0.0150166
-0.00109116
0.0152507
-0.000916927
0.0154114
-0.000734678
0.0155013
-0.000549487
0.0155227
-0.000362128
0.0154787
-0.00017625
0.0153664
1.41798e-05
0.0151679
0.00022356
0.0148995
0.000420133
0.0145701
0.000609441
0.0141861
0.00079192
0.0137526
0.000968025
0.0132732
0.00113788
0.0127512
0.0013014
0.0121893
0.00145815
0.0115904
0.00160754
0.0109569
0.00174925
0.0102919
0.0018822
0.00959841
0.00200579
0.0088786
0.00211988
0.00813685
0.00222195
0.00737537
0.00231318
0.00659929
0.00238993
0.00581143
0.00245396
0.00501595
0.0025028
0.00421754
0.00253574
0.00342163
0.00255015
0.00263282
0.00254814
0.00185657
0.00252651
0.00109883
0.00248587
0.000365033
0.00242468
-0.000338807
0.00234335
-0.0010063
0.00224096
-0.00163133
0.00211727
-0.00220845
0.00197391
-0.00273192
0.00181067
-0.00319487
0.00162767
-0.00359342
0.00142742
-0.00392241
0.00121094
-0.00417676
0.000978821
-0.00435407
0.000735804
-0.00445055
0.000482927
-0.00446636
0.000225555
-0.00438676
-4.84302e-05
-0.00423455
-0.000317215
-0.00400139
-0.000577729
-0.00368837
-0.000830566
-0.00329973
-0.00107144
-0.00284107
-0.0012955
-0.00232078
-0.00149808
-0.00174539
-0.00167695
-0.00112517
-0.00182561
-0.000470349
-0.00194152
0.000206698
-0.00202002
0.000893324
-0.00205891
0.00157609
-0.00205574
0.00224084
-0.00200742
0.00287216
-0.00191371
0.0034574
-0.00177577
0.00398018
-0.00159228
0.00443014
-0.00136834
0.00479204
-0.00110416
0.0050559
-0.000804333
0.00521531
-0.000480047
0.00525989
-0.000131922
0.00518154
0.000260229
0.00498435
0.000635486
0.00466887
0.00100382
0.00423923
0.00135816
0.00370301
0.00168933
0.0030713
0.00198661
0.00235933
0.00223983
0.00158391
0.00243901
0.000766295
0.00257545
-7.14431e-05
0.00264185
-0.000904787
0.00263207
-0.00170883
0.00254366
-0.00245811
0.002375
-0.00312542
0.00212595
-0.00368765
0.00180339
-0.00412419
0.00141461
-0.0044198
0.000971092
-0.00455712
0.000484929
-0.0045229
-4.92111e-05
-0.00432201
-0.000585808
-0.0039582
-0.00110084
-0.00344012
-0.00158311
-0.00278474
-0.00201449
-0.00201538
-0.0023722
-0.00116433
-0.00263946
-0.00026258
-0.0028012
0.000650518
-0.00284316
0.00153312
-0.00275642
0.0023445
-0.00254178
0.00304481
-0.00220321
0.00359716
-0.00175031
0.0039737
-0.00120538
0.0041465
-0.00058263
0.0041031
9.88153e-05
0.00384422
0.000784709
0.00337778
0.00143247
0.00272527
0.00201442
0.00191917
0.00249727
0.00100154
0.00284762
2.3477e-05
0.00303925
-0.000953889
0.00304479
-0.0018703
0.00286153
-0.00266627
0.00249316
-0.00328774
0.00195403
-0.00368878
0.00127388
-0.00383643
0.000492374
-0.00371223
-0.000373978
-0.00332399
-0.00121033
-0.00269018
-0.00197388
-0.00185272
-0.00261279
-0.000869586
-0.00307215
0.000186373
-0.00330491
0.00123177
-0.00327738
0.00218191
-0.00298629
0.00295598
-0.00244285
0.00348756
-0.00168478
0.00372038
-0.000762446
0.00362804
0.000271185
0.00321802
0.00128498
0.00251823
0.00219565
0.00158862
0.00292346
0.000513599
0.00339183
-0.000602806
0.00354135
-0.00164729
0.00333546
-0.00251439
0.00279819
-0.00311291
0.00197446
-0.00338076
0.000949501
-0.00328058
-0.000196705
-0.00283731
-0.00129238
-0.00210149
-0.00221741
-0.00116264
-0.00286925
-0.000138957
-0.00315902
0.000820921
-0.00302098
0.00160281
-0.00249783
0.00210105
-0.00165098
0.00225568
-0.000601579
0.0020423
0.000537385
0.00150822
0.0015355
0.000741407
0.00226674
-0.000131572
0.00261628
-0.000955359
0.00249347
-0.00159033
0.00193847
-0.00192449
0.00103861
-0.00189402
-6.7746e-05
-0.00151069
-0.0011686
-0.000841659
-0.00204796
-9.13787e-06
-0.00255558
0.000819854
-0.00256631
0.00148092
-0.00206184
0.00184487
-0.00115586
0.00183257
-1.05871e-05
0.00145867
0.00114078
0.000802846
0.00202781
8.2626e-06
0.00248519
-0.000736822
0.00236872
-0.00126989
0.00174578
-0.00147864
0.000772638
-0.0013308
-0.000325685
-0.000894866
-0.0012352
-0.000308199
-0.00173579
0.000251896
-0.00171128
0.00061255
-0.00115047
0.000671157
-0.00028742
0.000430688
0.000589031
0.00114579
-0.000201112
-0.000566372
-0.000365766
-0.000673221
-0.000504387
-0.000737094
-0.000602688
-0.000827983
-0.000656524
-0.000933383
-0.000656307
-0.00106317
-0.000637051
-0.00116193
-0.000603371
-0.00126662
-0.000632326
-0.00128924
-0.00067941
-0.00135506
-0.000709649
-0.00144163
-0.000670933
-0.00157784
-0.000544637
-0.00172869
-0.000319104
-0.0018921
8.66557e-06
-0.00205604
0.000438902
-0.00221817
0.000966572
-0.00236999
0.00158499
-0.00250776
0.00228493
-0.00262556
0.00305377
-0.00272198
0.00387491
-0.00278803
0.00473928
-0.00283012
0.00562915
-0.00283533
0.00653362
-0.00281282
0.00742894
-0.00274336
0.00830872
-0.00265092
0.00914285
-0.00250265
0.00993208
-0.00234203
0.0106372
-0.00211564
0.0112529
-0.00187485
0.0117667
-0.00160496
0.0121755
-0.00132574
0.0124831
-0.00104232
0.0126949
-0.000761259
0.0128198
-0.000487029
0.012863
-0.000219465
0.0128248
5.24235e-05
0.0127316
0.000316715
0.0125794
0.000572295
0.0123685
0.000820386
0.0121004
0.00106004
0.0117769
0.0012915
0.0114004
0.00151441
0.0109735
0.00172828
0.0104987
0.001933
0.00997819
0.00212802
0.00941408
0.00231335
0.00880939
0.00248689
0.00816634
0.00264884
0.0074889
0.00279732
0.00677806
0.00293279
0.00604002
0.00305122
0.00527614
0.00315381
0.00449255
0.00323756
0.00369369
0.00330166
0.00288439
0.00334504
0.00207049
0.00336404
0.00125799
0.00336063
0.000454575
0.00332993
-0.000334616
0.00327506
-0.00110168
0.00319175
-0.00183945
0.00308111
-0.00253942
0.00294093
-0.00319478
0.00277263
-0.00379872
0.00257785
-0.00434203
0.00235398
-0.00481974
0.00210537
-0.00522313
0.00183082
-0.00554649
0.0015343
-0.00578565
0.00121798
-0.00593755
0.000887702
-0.00599391
0.000539287
-0.00595687
0.000188512
-0.00581667
-0.000188628
-0.00558316
-0.000550727
-0.0052551
-0.000905783
-0.00483597
-0.0012497
-0.00432989
-0.00157752
-0.00374301
-0.00188238
-0.00308328
-0.00215781
-0.00236044
-0.00239979
-0.00158634
-0.00259971
-0.000774144
-0.00275372
6.17849e-05
-0.00285595
0.000907332
-0.00290445
0.00174465
-0.00289306
0.00255856
-0.00282134
0.00332998
-0.00268513
0.00404374
-0.00248952
0.00468095
-0.00222949
0.00522748
-0.00191487
0.00566516
-0.00154184
0.0059855
-0.00112468
0.00617667
-0.000671212
0.00622891
-0.000184162
0.00613595
0.000353183
0.00589866
0.000872779
0.00551845
0.00138403
0.00500028
0.00187633
0.00435378
0.00233584
0.00359323
0.00274716
0.00273521
0.00309785
0.00180392
0.0033703
0.000821122
0.00355824
-0.00018622
0.00364919
-0.00118539
0.00363124
-0.00214698
0.00350525
-0.00304002
0.00326805
-0.00383589
0.00292181
-0.00450443
0.00247193
-0.00502186
0.00193203
-0.00536401
0.00131324
-0.00551175
0.000632672
-0.00546084
-0.000100124
-0.0052094
-0.000837243
-0.00476052
-0.00154973
-0.00412724
-0.00221639
-0.00332886
-0.00281287
-0.00239355
-0.00330751
-0.00135871
-0.0036743
-0.000267399
-0.00389252
0.000831811
-0.00394237
0.00189351
-0.00381812
0.00286828
-0.00351655
0.00370665
-0.00304159
0.00436571
-0.00240937
0.00480795
-0.00164761
0.00501061
-0.000785291
0.00494863
0.000160792
0.00462717
0.00110617
0.00405778
0.00200185
0.00326395
0.00280824
0.0022843
0.00347693
0.00117138
0.00396054
-9.52188e-06
0.00422015
-0.0011884
0.00422367
-0.00229189
0.00396501
-0.00324794
0.00344921
-0.00399233
0.00269842
-0.00446888
0.00175043
-0.00463798
0.000661472
-0.00448349
-0.000528466
-0.00400991
-0.00168392
-0.00324181
-0.00274198
-0.00222984
-0.00362476
-0.00104372
-0.00425827
0.000227647
-0.00457628
0.00148361
-0.00453333
0.0026224
-0.00412508
0.00354803
-0.00336848
0.00417755
-0.0023143
0.00445016
-0.00103505
0.00433264
0.000388698
0.00383323
0.00178439
0.00298785
0.00304103
0.00187015
0.00404116
0.000583108
0.00467887
-0.000753379
0.00487784
-0.00199694
0.00457902
-0.00302223
0.00382348
-0.00371798
0.00267021
-0.00400999
0.00124151
-0.00386618
-0.000340516
-0.00330838
-0.00185018
-0.00240114
-0.00312465
-0.00125779
-0.00401261
-2.00717e-05
-0.00439673
0.00113758
-0.00417864
0.00206996
-0.00343021
0.00265309
-0.0022341
0.00280587
-0.000754361
0.0025188
0.000824457
0.00184316
0.00221114
0.000887104
0.00322279
-0.000190445
0.00369383
-0.00120086
0.00350389
-0.00197222
0.00270983
-0.00237288
0.00143927
-0.00232802
-0.000112603
-0.00185253
-0.0016441
-0.00102946
-0.00287103
-1.37937e-05
-0.00357125
0.000991645
-0.00357175
0.00178781
-0.002858
0.00221852
-0.00158657
0.00219233
1.56057e-05
0.00173042
0.00160268
0.000930975
0.00282725
-2.96317e-05
0.0034458
-0.000924147
0.00326324
-0.00154972
0.00237135
-0.00177282
0.000995741
-0.00156194
-0.000536561
-0.00100157
-0.00179557
-0.00026629
-0.00247107
0.000422138
-0.0023997
0.000850814
-0.00157915
0.000897785
-0.000334391
0.00056824
0.000918576
0.00171403
-0.00113177
0.000565397
-0.00220387
0.000398886
-0.00313004
0.000189075
-0.00381334
-0.000144687
-0.00423348
-0.000513245
-0.00429142
-0.00100523
-0.00404475
-0.0014086
-0.00353135
-0.00178003
-0.00299016
-0.00183042
-0.00228662
-0.0020586
-0.00152581
-0.00220245
-0.000750349
-0.0023533
3.04497e-05
-0.00250949
0.000834124
-0.00269578
0.00168341
-0.00290533
0.00259741
-0.00313217
0.00359232
-0.0033649
0.00467913
-0.00359457
0.00585686
-0.0038033
0.0071244
-0.00398951
0.00846723
-0.00413086
0.00986877
-0.00423166
0.011292
-0.00425853
0.0127218
-0.00424261
0.0141009
-0.0041225
0.0154264
-0.00397636
0.0165965
-0.00367284
0.0176767
-0.00342222
0.0184638
-0.00290275
0.0190477
-0.00245871
0.0193923
-0.0019496
0.019558
-0.00149137
0.0195647
-0.00104907
0.0194429
-0.000639473
0.0192145
-0.000258586
0.0188654
0.000129569
0.0184223
0.000495594
0.0179073
0.00083167
0.0173343
0.00114535
0.0167129
0.00144174
0.0160508
0.00172211
0.0153528
0.00198956
0.0146224
0.00224478
0.013862
0.00248867
0.0130726
0.00272237
0.0122569
0.00294373
0.0114151
0.00315518
0.0105481
0.00335387
0.00965694
0.00354001
0.00874397
0.00371029
0.00781116
0.0038656
0.00686083
0.00400155
0.0058957
0.00411894
0.00491951
0.00421375
0.00393668
0.00428449
0.00295187
0.00432984
0.00197103
0.00434489
0.000999758
0.0043319
4.50631e-05
0.00428463
-0.000886605
0.00420673
-0.00178637
0.00409151
-0.00264679
0.00394152
-0.00346032
0.00375446
-0.00421789
0.0035302
-0.00491039
0.00327035
-0.00553148
0.00297507
-0.00607192
0.00264581
-0.00652568
0.00228458
-0.00688506
0.00189368
-0.00714363
0.00147655
-0.00729423
0.0010383
-0.00733976
0.000584814
-0.00726564
0.0001144
-0.00708442
-0.00036985
-0.00679063
-0.00084452
-0.00638603
-0.00131038
-0.00587316
-0.00176257
-0.00525928
-0.0021914
-0.00455201
-0.00258965
-0.00376034
-0.00294949
-0.0028972
-0.00326293
-0.00197534
-0.00352157
-0.00100907
-0.00371998
-1.60892e-05
-0.00384893
0.00098582
-0.00390636
0.00197793
-0.00388517
0.0029381
-0.00378151
0.00385028
-0.00359732
0.00468867
-0.00332791
0.00543997
-0.00298079
0.00607997
-0.00255487
0.00659325
-0.00205512
0.00696673
-0.00149816
0.00718617
-0.000890656
0.00724249
-0.000240478
0.0071301
0.000465576
0.00684776
0.00115512
0.00639709
0.0018347
0.00578452
0.00248889
0.00502127
0.00309909
0.00412637
0.00364207
0.00311794
0.00410628
0.00202186
0.00446639
0.000867213
0.00471289
-0.000311035
0.00482744
-0.001481
0.00480121
-0.0026056
0.00462985
-0.00364771
0.00431016
-0.00457361
0.00384771
-0.00534869
0.00324701
-0.00594206
0.00252541
-0.00632746
0.00169864
-0.00649637
0.000801584
-0.00642388
-0.000172616
-0.00611758
-0.00114355
-0.00557972
-0.00208758
-0.00482213
-0.00297398
-0.0038778
-0.0037572
-0.00277366
-0.00441165
-0.00155462
-0.00489333
-0.000270501
-0.00517664
0.00102595
-0.00523883
0.0022733
-0.00506546
0.0034156
-0.00465885
0.00439345
-0.00401944
0.00516291
-0.00317883
0.0056707
-0.0021554
0.00589928
-0.00101387
0.00581728
0.000242793
0.00543076
0.00149269
0.0047525
0.00268011
0.00380977
0.00375098
0.00264999
0.0046367
0.00133778
0.00527275
-5.16912e-05
0.00560962
-0.0014358
0.00560778
-0.00273045
0.00525966
-0.00385024
0.00456901
-0.00471915
0.00356733
-0.0052726
0.00230388
-0.00546437
0.000853235
-0.00527662
-0.000716213
-0.00471352
-0.00224702
-0.00380512
-0.00365037
-0.00261145
-0.00481843
-0.00121619
-0.00565352
0.00027651
-0.00606898
0.00174852
-0.00600535
0.00308004
-0.0054566
0.00415886
-0.00444729
0.00488948
-0.00304493
0.00520135
-0.00134692
0.0050575
0.000532545
0.00446557
0.00237632
0.00346702
0.00403958
0.00215073
0.00535746
0.000638601
0.006191
-0.000919485
0.00643593
-0.00236703
0.00602657
-0.00355082
0.00500727
-0.00434855
0.00346794
-0.00466616
0.00155912
-0.00447145
-0.000535232
-0.00378981
-0.00253181
-0.00270156
-0.0042129
-0.00134263
-0.00537154
0.000113281
-0.00585265
0.00147669
-0.00554205
0.00256078
-0.0045143
0.00322255
-0.00289588
0.00337482
-0.000906626
0.00300689
0.00119239
0.00217888
0.00303914
0.00102745
0.00437423
-0.000261882
0.00498316
-0.00146419
0.0047062
-0.00237694
0.00362258
-0.00284249
0.00190483
-0.0027793
-0.000175798
-0.00220418
-0.00221921
-0.00121997
-0.00385524
-1.21246e-05
-0.0047791
0.00117588
-0.00475976
0.00211169
-0.00379381
0.0026098
-0.00208468
0.00256765
5.77545e-05
0.00200735
0.00216298
0.00105264
0.00378197
-8.07803e-05
0.00457921
-0.00112662
0.00430908
-0.00184748
0.00309221
-0.00208229
0.00123055
-0.00180189
-0.000816957
-0.0011072
-0.00249027
-0.000213011
-0.00336526
0.000608666
-0.00322138
0.00110844
-0.00207892
0.00114051
-0.000366461
0.000715966
0.00134312
0.00242999
-0.00197285
0.00253825
-0.00383144
0.00225747
-0.00533103
0.00168867
-0.00619919
0.000723478
-0.00612551
-0.000586932
-0.00489836
-0.00223237
-0.00294277
-0.00336419
-0.00112517
-0.00359762
-0.00141805
-0.00153754
-0.00291803
-0.000558629
-0.00462215
-0.000498325
-0.00594082
-0.00103463
-0.00668647
-0.00176383
-0.00686373
-0.00251852
-0.00653921
-0.00322985
-0.00578734
-0.00388404
-0.00467807
-0.00447417
-0.0032801
-0.00499253
-0.0016545
-0.00542889
0.000126974
-0.00577099
0.00199499
-0.00599888
0.00395183
-0.0061885
0.00593567
-0.00624237
0.00793648
-0.00624342
0.0098897
-0.00607572
0.0118338
-0.00592049
0.0136665
-0.0055055
0.0154679
-0.00522368
0.0167432
-0.00417801
0.0175785
-0.00329401
0.0180222
-0.00239324
0.0181672
-0.00163638
0.0180955
-0.000977444
0.0178719
-0.000415886
0.0175095
0.000103863
0.0170743
0.000564746
0.0166053
0.000964627
0.016105
0.00133199
0.015578
0.00167231
0.0150251
0.00199469
0.0144458
0.00230141
0.0138387
0.00259662
0.0132036
0.00287992
0.012537
0.00315521
0.01184
0.00341935
0.0111075
0.00367627
0.0103414
0.00392132
0.0095397
0.00415553
0.00870382
0.00437588
0.00783216
0.00458195
0.00692996
0.0047678
0.0059971
0.00493441
0.0050377
0.00507835
0.00405582
0.00519563
0.00305762
0.00528268
0.00204759
0.00533988
0.00103223
0.00536025
2.06173e-05
0.00534351
-0.000980918
0.00528616
-0.00196133
0.00518715
-0.00291205
0.00504223
-0.0038239
0.00485337
-0.00468673
0.0046173
-0.00549055
0.00433403
-0.00622769
0.00400748
-0.00688375
0.00363113
-0.00745235
0.00321442
-0.00792587
0.0027581
-0.0082945
0.00226231
-0.00855225
0.0017343
-0.00868956
0.00117562
-0.00870165
0.000596904
-0.0085846
-2.65758e-06
-0.00834757
-0.000606879
-0.00798376
-0.00120833
-0.0074944
-0.00179974
-0.00688531
-0.00237166
-0.00616149
-0.00291523
-0.005333
-0.00341813
-0.00441036
-0.00387213
-0.00340712
-0.00426617
-0.00233907
-0.00458962
-0.00122221
-0.00483684
-7.75072e-05
-0.00499363
0.00107427
-0.00505813
0.00221539
-0.0050263
0.00331743
-0.00488355
0.00436192
-0.0046418
0.0053222
-0.00428819
0.00618022
-0.00383881
0.00690849
-0.00328314
0.00749292
-0.00263955
0.00791497
-0.0019202
0.00816027
-0.00113596
0.00821816
-0.000298365
0.00808523
0.000598498
0.00775776
0.0014826
0.00723806
0.0023544
0.00653416
0.00319279
0.00565962
0.00397363
0.00463283
0.00466886
0.00347768
0.00526143
0.00222524
0.00571882
0.000908994
0.00602913
-0.000436998
0.00617343
-0.00177191
0.00613612
-0.00305167
0.00590961
-0.00423743
0.00549591
-0.00528484
0.00489513
-0.00616087
0.00412304
-0.00682756
0.0031921
-0.00726263
0.00213371
-0.00743977
0.000978719
-0.0073478
-0.000264584
-0.00698633
-0.00150502
-0.00635949
-0.00271442
-0.00548442
-0.00384905
-0.00439364
-0.00484797
-0.00312771
-0.00567758
-0.00172936
-0.00629168
-0.000259368
-0.00664663
0.0012238
-0.00672199
0.00264757
-0.00648924
0.0039485
-0.00595978
0.00506169
-0.00513263
0.0059306
-0.00404775
0.00650609
-0.00273089
0.0067516
-0.00125938
0.00664918
0.000345214
0.00620033
0.00194154
0.0054141
0.00346634
0.00432711
0.00483797
0.00299563
0.00596819
0.0014943
0.00677409
-9.82227e-05
0.00720214
-0.00168181
0.00719137
-0.00316
0.00673785
-0.0044356
0.00584461
-0.00542247
0.00455419
-0.00604684
0.00292826
-0.00625813
0.00106452
-0.00603557
-0.000938773
-0.00538342
-0.00289917
-0.00433871
-0.00469509
-0.00297047
-0.00618666
-0.00137437
-0.00724963
0.000330533
-0.00777388
0.00200933
-0.00768415
0.00352599
-0.00697326
0.00475025
-0.00567155
0.00557283
-0.00386751
0.00592059
-0.00169468
0.00574676
0.00070638
0.00505923
0.00306385
0.003913
0.00518581
0.00240988
0.00686058
0.000685854
0.00791502
-0.00108901
0.00821079
-0.00272994
0.00766749
-0.00406903
0.00634636
-0.00495537
0.00435428
-0.00529463
0.00189838
-0.00504949
-0.000780373
-0.00424617
-0.00333514
-0.00298274
-0.00547633
-0.00141395
-0.00694032
0.000258196
-0.0075248
0.00181125
-0.0070951
0.00304058
-0.00574363
0.00377844
-0.00363374
0.00392724
-0.00105542
0.00347534
0.00164428
0.00249726
0.00401723
0.00115217
0.00571932
-0.000342287
0.00647762
-0.00172861
0.00609252
-0.00277555
0.00466952
-0.00330235
0.00243164
-0.00321854
-0.000259608
-0.00254203
-0.00289572
-0.00139893
-0.00499835
-4.72273e-06
-0.0061733
0.00136124
-0.00612572
0.00243057
-0.00486315
0.00298962
-0.00264373
0.00292852
0.000118851
0.00227168
0.00281983
0.00116633
0.00488732
-0.00013866
0.0058842
-0.00133291
0.00550333
-0.00214184
0.00390113
-0.0023866
0.0014753
-0.00203405
-0.00116951
-0.00120429
-0.00332002
-0.00015031
-0.00441925
0.000800608
-0.0041723
0.00136865
-0.00264697
0.00138541
-0.000383221
0.000863661
0.00186487
0.00329365
-0.00637799
0.00891624
-0.0126226
0.00850204
-0.0180044
0.00707049
-0.0217394
0.00445846
-0.0229233
0.000597002
-0.0216122
-0.00354352
-0.0182733
-0.00670309
-0.0136765
-0.00819437
-0.0112151
-0.00399896
-0.00949043
-0.0022833
-0.00858086
-0.00140789
-0.00802783
-0.00158765
-0.00756335
-0.00222832
-0.00694175
-0.00314011
-0.00604565
-0.00412595
-0.00482961
-0.00510008
-0.00329646
-0.00600732
-0.00147614
-0.00681286
0.000604083
-0.00750912
0.00289582
-0.00806272
0.00538952
-0.00849258
0.00810238
-0.00890135
0.0109728
-0.0091128
0.0140179
-0.00928849
0.0171148
-0.0091726
0.0203617
-0.00916739
0.0233095
-0.00845335
0.0261982
-0.0081124
0.0271926
-0.00517235
0.0272923
-0.00339372
0.0266481
-0.00174905
0.0257337
-0.00072197
0.0246696
8.66516e-05
0.0235457
0.000707949
0.0224369
0.00121274
0.0213569
0.00164473
0.0203107
0.00201084
0.0192986
0.00234408
0.0183256
0.00264534
0.0173843
0.00293594
0.01647
0.00321569
0.0155788
0.00348789
0.014695
0.00376369
0.0138139
0.00403626
0.0129295
0.00430378
0.0120307
0.00457512
0.0111164
0.00483557
0.0101785
0.0050934
0.00921949
0.00533493
0.00823155
0.00556988
0.00721404
0.00578532
0.00617037
0.00597808
0.00510404
0.00614468
0.00401758
0.00628208
0.00291504
0.00638522
0.00180261
0.00645231
0.000689036
0.00647382
-0.000420489
0.00645304
-0.00151414
0.00637982
-0.00258603
0.00625903
-0.00362458
0.00608078
-0.00461918
0.00584798
-0.00555889
0.005557
-0.00643285
0.00520799
-0.00722842
0.00480304
-0.00793856
0.00434127
-0.00855107
0.00382692
-0.00905438
0.00326142
-0.00944111
0.00264904
-0.0097026
0.00199579
-0.00983552
0.00130855
-0.00983257
0.000593949
-0.00969082
-0.000144411
-0.00940887
-0.000888826
-0.00898663
-0.00163056
-0.00842773
-0.00235864
-0.00773431
-0.00306509
-0.00691666
-0.00373287
-0.00598341
-0.00435138
-0.00494637
-0.00490917
-0.00382144
-0.0053911
-0.00262555
-0.0057855
-0.00137675
-0.00608564
-9.84613e-05
-0.00627192
0.00118732
-0.00634391
0.00245776
-0.00629674
0.00368489
-0.00611067
0.00484574
-0.00580266
0.00591251
-0.00535496
0.00686315
-0.00478945
0.00767124
-0.00409123
0.00831676
-0.00328508
0.00877948
-0.00238292
0.00904609
-0.00140256
0.0091035
-0.000355774
0.00894971
0.000752284
0.00857837
0.00185393
0.00799453
0.00293825
0.00720484
0.00398247
0.00622588
0.00495259
0.00507716
0.00581758
0.0037931
0.00654548
0.00239534
0.00711658
0.000932235
0.00749224
-0.000562145
0.00766781
-0.00204134
0.00761532
-0.00346233
0.0073306
-0.00477465
0.00680824
-0.00593442
0.00605489
-0.00689975
0.00508837
-0.00763452
0.00392687
-0.00810771
0.0026069
-0.00828589
0.00115689
-0.00817449
-0.000375978
-0.00776014
-0.00191937
-0.00705643
-0.00341813
-0.00607467
-0.00483081
-0.00485035
-0.00607229
-0.00343047
-0.00709747
-0.00187251
-0.00784964
-0.000232858
-0.00828628
0.00141279
-0.00836764
0.00299467
-0.00807112
0.00443674
-0.00740185
0.00567056
-0.00636645
0.00662676
-0.00500394
0.00726151
-0.00336564
0.00751869
-0.00151655
0.00739813
0.000465775
0.00688854
0.00245112
0.0060039
0.00435098
0.00478496
0.0060569
0.00329992
0.00745323
0.00162453
0.00844948
-0.000149634
0.00897631
-0.00191205
0.00895379
-0.00355262
0.00837841
-0.00496715
0.00725915
-0.00605887
0.00564591
-0.00674569
0.00361508
-0.00697402
0.00129285
-0.00671657
-0.00119622
-0.00598251
-0.00363323
-0.00481322
-0.00586438
-0.00328783
-0.00771205
-0.00151249
-0.00902498
0.00038443
-0.0096708
0.00224753
-0.00954725
0.00392841
-0.00865414
0.0052843
-0.00702744
0.00619092
-0.00477412
0.00656567
-0.00206943
0.00636489
0.00090716
0.00559325
0.00383549
0.00431039
0.00646867
0.00263168
0.00853929
0.000719712
0.00982699
-0.00125189
0.0101824
-0.00306782
0.00948343
-0.00453824
0.00781678
-0.00550967
0.00532571
-0.0058633
0.00225201
-0.00556724
-0.00107643
-0.0046501
-0.00425228
-0.00322279
-0.00690364
-0.00146641
-0.00869671
0.000403015
-0.00939422
0.00213005
-0.00882213
0.00348674
-0.00710033
0.00428966
-0.00443665
0.00442646
-0.00119221
0.00389563
0.00217511
0.00277729
0.00513556
0.00125443
0.00724218
-0.000425792
0.00815784
-0.00197923
0.00764596
-0.00314614
0.00583642
-0.00372557
0.00301107
-0.00361918
-0.000366003
-0.00284738
-0.00366752
-0.00155597
-0.00628976
8.85042e-06
-0.00773812
0.00153512
-0.00765199
0.00272471
-0.00605274
0.0033382
-0.00325722
0.00325722
0.000199834
0.00250582
0.00357123
0.00125791
0.00613522
-0.00020053
0.00734265
-0.00152717
0.00682998
-0.00241618
0.00479013
-0.00266703
0.00172616
-0.00224329
-0.00159325
-0.00128604
-0.00427727
-7.68379e-05
-0.00562845
0.000986036
-0.00523517
0.00161644
-0.00327737
0.0016177
-0.000384487
0.00100403
0.00247854
0.00429769
-0.00930008
0.0182163
-0.0181406
0.0173425
-0.0252981
0.014228
-0.0296433
0.00880366
-0.0306833
0.00163702
-0.0280709
-0.00615592
-0.022671
-0.0121031
-0.0184102
-0.0124551
-0.0179236
-0.0044856
-0.0201525
-5.43948e-05
-0.0227215
0.00116109
-0.0246466
0.000337503
-0.0252217
-0.00165328
-0.0244959
-0.00386592
-0.0226967
-0.00592512
-0.0200539
-0.00774284
-0.0167928
-0.0092684
-0.0131045
-0.0105012
-0.00916017
-0.0114534
-0.00509433
-0.0121286
-0.000971881
-0.012615
0.00309024
-0.0129635
0.00697343
-0.012996
0.0106774
-0.0129925
0.0141864
-0.0126816
0.0180531
-0.0130341
0.0226898
-0.01309
0.0276717
-0.0130943
0.0310212
-0.00852183
0.0313751
-0.00374758
0.0300055
-0.000379455
0.0275711
0.00171236
0.025081
0.00257677
0.0228744
0.00291457
0.0210847
0.00300243
0.0196271
0.00310232
0.018432
0.00320593
0.0174122
0.00336389
0.0165188
0.00353876
0.0157062
0.00374849
0.0149464
0.00397557
0.01421
0.00422425
0.0134847
0.00448904
0.0127509
0.00476999
0.0119979
0.00505684
0.0112209
0.00535208
0.0104033
0.00565318
0.00954981
0.00594691
0.00865003
0.00623471
0.00770666
0.00651325
0.00672032
0.00677166
0.00569302
0.00700538
0.00462842
0.00720927
0.00353377
0.00737674
0.00241378
0.00750521
0.00127376
0.00759233
0.000126843
0.00762074
-0.00102148
0.00760136
-0.00215929
0.00751762
-0.00327667
0.00737641
-0.00436147
0.00716558
-0.00540219
0.0068887
-0.00638684
0.00654165
-0.00730266
0.00612381
-0.0081374
0.00563779
-0.00888014
0.00508401
-0.00951823
0.004465
-0.0100409
0.00378408
-0.0104387
0.00304688
-0.0107025
0.00225954
-0.0108255
0.00143153
-0.0108016
0.00057013
-0.0106294
-0.00031669
-0.0103071
-0.00121112
-0.00983332
-0.00210431
-0.00921039
-0.00298156
-0.00844568
-0.0038298
-0.00754553
-0.00463302
-0.00652104
-0.00537587
-0.00538662
-0.00604359
-0.00415787
-0.00661985
-0.00285336
-0.00709001
-0.00149296
-0.00744604
-0.000102252
-0.00766263
0.00129595
-0.00774212
0.00267545
-0.00767624
0.00400748
-0.00744271
0.00526422
-0.0070594
0.00641938
-0.00651012
0.00744596
-0.00581602
0.0083196
-0.00496488
0.00901546
-0.00398094
0.00951334
-0.00288079
0.00979442
-0.00168364
0.00984666
-0.000408019
0.00967478
0.000924163
0.00926533
0.00226339
0.00862421
0.00357937
0.00776059
0.00484609
0.00669164
0.00602154
0.00544597
0.00706325
0.00404664
0.00794482
0.00253052
0.0086327
0.000935564
0.00908719
-0.00068291
0.00928629
-0.00228367
0.00921608
-0.0038167
0.00886364
-0.00523451
0.00822605
-0.00648779
0.00730817
-0.00752761
0.00612818
-0.00831851
0.00471777
-0.00881473
0.00310313
-0.00900461
0.00134677
-0.00887429
-0.000506302
-0.00841346
-0.0023802
-0.00763665
-0.00419494
-0.00656364
-0.00590383
-0.00522927
-0.00740666
-0.00368099
-0.00864575
-0.00198199
-0.00954864
-0.00019982
-0.0100685
0.00158124
-0.0101487
0.00329362
-0.0097835
0.00485492
-0.00896316
0.00618779
-0.00769932
0.00721898
-0.00603513
0.00789661
-0.00404327
0.0081701
-0.00179004
0.00803061
0.000605259
0.00746532
0.00301642
0.00649372
0.00532259
0.00516522
0.0073854
0.00354879
0.00906966
0.00172475
0.0102735
-0.00020225
0.0109033
-0.00211567
0.0108672
-0.00389308
0.0101558
-0.00542408
0.00879015
-0.00660225
0.00682408
-0.007337
0.00434983
-0.00757677
0.00153262
-0.00728848
-0.00148451
-0.00648353
-0.00443819
-0.00520805
-0.00713985
-0.00354752
-0.00937258
-0.00162006
-0.0109524
0.00043711
-0.011728
0.00245549
-0.0115656
0.0042726
-0.0104713
0.00573689
-0.00849173
0.00671186
-0.0057491
0.00710643
-0.002464
0.00687816
0.00113543
0.00603176
0.00468189
0.00463421
0.00786622
0.00280994
0.0103636
0.000728983
0.0119079
-0.00139844
0.0123098
-0.00335887
0.0114438
-0.00494455
0.00940246
-0.00597702
0.00635817
-0.00634339
0.00261839
-0.00599955
-0.00142028
-0.00498167
-0.00527015
-0.0034152
-0.00847012
-0.00149263
-0.0106193
0.000539727
-0.0114266
0.00241174
-0.0106941
0.00387432
-0.00856291
0.00472855
-0.00529089
0.00485632
-0.00131998
0.00425155
0.00277988
0.00300932
0.00637779
0.00133312
0.00891838
-0.000506738
0.0099977
-0.00220151
0.00934073
-0.00346936
0.00710428
-0.00409217
0.00363388
-0.00396272
-0.000495457
-0.00310482
-0.00452541
-0.00168403
-0.00771055
2.60713e-05
-0.00944823
0.00168908
-0.009315
0.00297962
-0.00734327
0.00363638
-0.00391398
0.0035349
0.00030131
0.0027013
0.00440483
0.00132975
0.00750678
-0.000262221
0.00893462
-0.00170283
0.00827059
-0.00265749
0.00574479
-0.0029081
0.00197677
-0.00242064
-0.00208071
-0.0013507
-0.00534721
-1.45287e-05
-0.00696462
0.00115518
-0.00640489
0.00184006
-0.00396224
0.00182577
-0.000370202
0.0011288
0.00317552
0.00542649
-0.0124522
0.0306685
-0.0256551
0.0305455
-0.0398987
0.0284716
-0.0554869
0.0243919
-0.072165
0.018315
-0.0892244
0.0109036
-0.102945
0.00161758
-0.106794
-0.00860589
-0.0970122
-0.0142677
-0.0861741
-0.0108925
-0.0752105
-0.00980249
-0.0644534
-0.0104196
-0.054524
-0.0115826
-0.0454885
-0.0129014
-0.0372802
-0.0141334
-0.0297946
-0.0152285
-0.0228917
-0.0161713
-0.0164169
-0.016976
-0.0102212
-0.0176491
-0.00414738
-0.0182023
0.00192846
-0.0186909
0.00810318
-0.0191382
0.014604
-0.0194969
0.021552
-0.0199404
0.0293647
-0.0204943
0.0382556
-0.021925
0.0490321
-0.0238665
0.0496487
-0.013711
0.0453552
-0.00422826
0.0389771
0.00263048
0.0333867
0.00521098
0.0287806
0.00631848
0.0254872
0.00587008
0.0229933
0.00540848
0.0211419
0.00485389
0.0195934
0.00465083
0.0183144
0.00448486
0.0172333
0.00444504
0.0163125
0.00445956
0.0154972
0.00456382
0.0147527
0.00472006
0.0140443
0.00493264
0.0133447
0.00518861
0.012638
0.00547669
0.011907
0.0057878
0.0111398
0.00611927
0.0103329
0.00646009
0.00947447
0.00680537
0.00856547
0.00714371
0.00760922
0.00746949
0.0066054
0.00777548
0.00555479
0.008056
0.00446163
0.00830243
0.0033308
0.00850757
0.00217097
0.00866504
0.000991491
0.00877181
-0.000201182
0.00881341
-0.00139518
0.00879536
-0.00257992
0.00870236
-0.0037442
0.00854069
-0.00487495
0.00829634
-0.00595992
0.00797367
-0.00698566
0.00756739
-0.00793912
0.00707727
-0.00880746
0.00650613
-0.0095775
0.00585406
-0.010238
0.00512551
-0.0107768
0.0043229
-0.0111841
0.00345414
-0.0114503
0.00252572
-0.0115682
0.00154947
-0.0115311
0.000533031
-0.011337
-0.000510845
-0.0109821
-0.00156601
-0.0104668
-0.00261956
-0.00979574
-0.00365265
-0.00897429
-0.00465124
-0.00801092
-0.00559639
-0.0069171
-0.00646969
-0.00570816
-0.00725254
-0.00439911
-0.00792891
-0.00301069
-0.00847843
-0.00156498
-0.00889175
-8.73125e-05
-0.00914031
0.00139713
-0.00922656
0.00285974
-0.00913885
0.00427184
-0.0088548
0.00560142
-0.00838899
0.0068243
-0.00773299
0.0079085
-0.00690023
0.00882915
-0.00588553
0.00956163
-0.00471341
0.0100827
-0.00340187
0.0103753
-0.0019762
0.0104265
-0.000459262
0.0102351
0.00111561
0.0097932
0.00270524
0.00910562
0.00426695
0.00818213
0.00576958
0.00704675
0.00715692
0.00571743
0.00839257
0.00422608
0.00943617
0.00262298
0.0102358
0.000934405
0.0107758
-0.00078563
0.0110063
-0.00248413
0.0109146
-0.00410765
0.0104872
-0.00560663
0.00972503
-0.00692816
0.00862969
-0.008023
0.00722303
-0.00884735
0.00554212
-0.0093698
0.00362557
-0.00956062
0.00153759
-0.00941388
-0.00065304
-0.00891587
-0.0028782
-0.00807917
-0.00503164
-0.00693644
-0.00704656
-0.00551345
-0.00882965
-0.00387133
-0.0102879
-0.00206677
-0.0113532
-0.000176174
-0.0119591
0.00171857
-0.0120434
0.00353635
-0.0116013
0.00518655
-0.0106134
0.00659555
-0.00910832
0.00768302
-0.0071226
0.00839225
-0.00475251
0.0086772
-0.00207499
0.00851872
0.000763738
0.00790797
0.00362717
0.00686881
0.00636175
0.00545453
0.00879967
0.00373057
0.0107936
0.00178839
0.0122157
-0.000253184
0.0129449
-0.0022819
0.0128959
-0.00416449
0.0120384
-0.00578513
0.0104108
-0.00702741
0.00806636
-0.00780095
0.00512338
-0.00804334
0.00177501
-0.00773175
-0.00179609
-0.00686898
-0.00530096
-0.00550874
-0.00850009
-0.00374251
-0.0111388
-0.0016954
-0.0129996
0.000482973
-0.0139063
0.00262017
-0.0137028
0.00454258
-0.0123937
0.00608758
-0.0100367
0.00711714
-0.00677866
0.00752519
-0.00287205
0.00727409
0.00138653
0.00636581
0.00559017
0.00487456
0.00935746
0.00293839
0.0122997
0.000729954
0.0141164
-0.00152403
0.0145638
-0.00359304
0.0135129
-0.0052641
0.0110735
-0.00634545
0.00743952
-0.00671617
0.00298911
-0.00633044
-0.00180601
-0.00523004
-0.00637055
-0.00354739
-0.0101528
-0.0014959
-0.0126708
0.000663041
-0.0135855
0.00264675
-0.0126779
0.00419076
-0.0101069
0.00508234
-0.00618247
0.0051977
-0.00143534
0.00452858
0.00344899
0.00318444
0.00772193
0.00138472
0.0107181
-0.000581133
0.0119636
-0.00238691
0.0111465
-0.00373301
0.00845038
-0.00438707
0.00428794
-0.00423564
-0.000646882
-0.00330639
-0.00545466
-0.00177993
-0.00923702
4.62843e-05
-0.0112744
0.00181674
-0.0110855
0.00318417
-0.00871071
0.00387471
-0.00460452
0.00375275
0.000423272
0.00284904
0.00530855
0.00137642
0.0089794
-0.000319764
0.0106308
-0.00184855
0.00979937
-0.00285313
0.00674938
-0.00310183
0.00222546
-0.00255819
-0.00262435
-0.00139514
-0.00651026
3.23446e-05
-0.00839211
0.00130053
-0.00767307
0.00202945
-0.00469117
0.00200059
-0.000341336
0.00123363
0.00394247
0.00666012
-0.0122925
0.0429611
-0.0257877
0.0440407
-0.041405
0.0440889
-0.0599736
0.0429605
-0.0815222
0.0398636
-0.105124
0.034505
-0.12841
0.0249041
-0.146392
0.00937625
-0.136694
-0.12334
-0.108615
-0.0942231
-0.0807034
-0.0682116
-0.0566556
-0.0458953
-0.0357766
-0.0261562
-0.0168992
-0.00788227
0.000962766
0.00968051
0.0183647
0.0269323
0.0352797
0.0425301
0.0481796
0.0432368
-0.00876827
0.0361072
0.00290139
0.0303816
0.00835602
0.0259026
0.00969003
0.0224264
0.00979462
0.0199371
0.00835943
0.018031
0.00731452
0.0166686
0.00621637
0.0157106
0.00560876
0.0150415
0.00515402
0.0145221
0.00496445
0.0140847
0.00489694
0.0136718
0.00497666
0.0132538
0.00513812
0.0128149
0.00537157
0.0123375
0.00566602
0.0118066
0.00600756
0.0112204
0.00637393
0.0105712
0.00676856
0.00985536
0.00717589
0.00906921
0.00759151
0.00821872
0.0079942
0.00730194
0.00838628
0.00632253
0.0087549
0.00528644
0.00909209
0.00419762
0.00939125
0.00306538
0.00963982
0.001898
0.00983242
0.000704422
0.00996539
-0.000505078
0.0100229
-0.00171992
0.0100102
-0.00292711
0.00990956
-0.00411526
0.00972883
-0.00527057
0.00945165
-0.00637966
0.00908276
-0.00742867
0.0086164
-0.00840397
0.00805257
-0.0092917
0.00739385
-0.0100785
0.00664085
-0.0107515
0.00579856
-0.0112988
0.00487019
-0.0117102
0.00386556
-0.0119747
0.00279016
-0.012085
0.00165975
-0.0120365
0.000484532
-0.0118221
-0.000725168
-0.0114427
-0.00194544
-0.0108987
-0.0031636
-0.0101933
-0.00435802
-0.00933171
-0.00551283
-0.0083233
-0.0066048
-0.00717966
-0.00761334
-0.00591754
-0.00851465
-0.00455217
-0.00929428
-0.00310598
-0.00992462
-0.00160089
-0.0103968
-6.32171e-05
-0.010678
0.00148002
-0.0107698
0.00299901
-0.0106578
0.00446451
-0.0103203
0.00584496
-0.00976943
0.00711205
-0.00900009
0.00823267
-0.00802085
0.00918348
-0.00683634
0.00994029
-0.00547022
0.0104763
-0.00393785
0.0107746
-0.00227457
0.0108227
-0.000507378
0.0106155
0.00132289
0.0101498
0.00317087
0.00942745
0.00498935
0.00846403
0.006733
0.00727652
0.00834443
0.00589241
0.00977668
0.00434237
0.0109862
0.00266896
0.0119092
0.00091391
0.0125308
-0.000872099
0.0127923
-0.00263447
0.012677
-0.0043208
0.0121735
-0.00587363
0.0112779
-0.00723882
0.00999489
-0.0083712
0.00835541
-0.00922054
0.00639146
-0.00975752
0.00416255
-0.00994975
0.00172982
-0.009786
-0.000816787
-0.00925963
-0.00340458
-0.0083808
-0.00591047
-0.00718421
-0.00824315
-0.00570087
-0.010313
-0.00398801
-0.0120007
-0.00210986
-0.0132313
-0.000143894
-0.013925
0.00182577
-0.0140131
0.00371235
-0.0134879
0.00542449
-0.0123255
0.00688274
-0.0105666
0.00800907
-0.00824893
0.00873664
-0.00548007
0.00902806
-0.00236641
0.00885297
0.000938825
0.00820745
0.0042727
0.00712047
0.00744872
0.00564464
0.0102755
0.00384673
0.0125915
0.00182305
0.0142394
-0.000299219
0.0150671
-0.00240674
0.0150035
-0.00436198
0.0139936
-0.00604292
0.0120917
-0.00732712
0.00935056
-0.00812531
0.00592157
-0.00836686
0.00201656
-0.00803551
-0.00212744
-0.00713079
-0.00620568
-0.00570971
-0.00992118
-0.00386879
-0.0129797
-0.00173747
-0.0151309
0.000521944
-0.0161657
0.00273856
-0.0159194
0.00473208
-0.0143872
0.00633108
-0.0116357
0.00739387
-0.00784145
0.00781065
-0.00328884
0.00754173
0.00165546
0.00658823
0.00654367
0.00503066
0.010915
0.00300882
0.0143216
0.000718165
0.016407
-0.00161951
0.0169015
-0.00376511
0.0156585
-0.00548942
0.0127978
-0.00660321
0.00855331
-0.00697204
0.00335794
-0.00655335
-0.0022247
-0.00538955
-0.00753436
-0.00362566
-0.0119166
-0.00148183
-0.0148146
0.000767487
-0.0158348
0.00282847
-0.0147388
0.00442705
-0.0117055
0.00534023
-0.00709565
0.00544134
-0.00153644
0.00472247
0.00416787
0.00329977
0.00914463
0.00140939
0.0126085
-0.000644595
0.0140175
-0.00252776
0.0130297
-0.00392774
0.00985036
-0.0046019
0.0049621
-0.00443176
-0.000817021
-0.00344722
-0.0064392
-0.00184168
-0.0108426
6.65303e-05
-0.0131826
0.00191205
-0.012931
0.00333302
-0.0101317
0.00404472
-0.00531622
0.00390466
0.000563327
0.00294805
0.00626516
0.00139974
0.0105277
-0.00037057
0.0124011
-0.00196126
0.0113901
-0.00299866
0.00778678
-0.00324123
0.00246804
-0.00265252
-0.00321307
-0.00141722
-0.00774556
8.61167e-05
-0.00989544
0.00141892
-0.00900588
0.00217881
-0.00545106
0.00213662
-0.000299142
0.00131452
0.00476457
0.00797464
0.000824342
0.0421367
0.00201644
0.0428486
0.00365581
0.0424495
0.00585062
0.0407657
0.00817088
0.0375433
0.0101144
0.0325614
0.00883459
0.0261839
0.0182108
-0.00566272
-0.00310555
-0.00533987
0.00257853
-0.0013884
0.00440456
0.00256219
0.00573943
0.00625182
0.00610499
0.00882584
0.00578541
0.0106052
0.00553512
0.0116258
0.00519579
0.0122029
0.00503165
0.0124883
0.00486862
0.0126072
0.00484558
0.0125952
0.00490891
0.0124993
0.00507259
0.0123201
0.00531735
0.0120615
0.00563019
0.0117202
0.00600732
0.0113007
0.00642697
0.0107948
0.00687987
0.0102083
0.00735505
0.00954159
0.00784262
0.00879875
0.00833435
0.00797734
0.00881561
0.00708208
0.00928154
0.00611832
0.00971866
0.00509099
0.0101194
0.00400898
0.0104733
0.00287819
0.0107706
0.00170793
0.0110027
0.000508381
0.0111649
-0.000708898
0.0112402
-0.00193267
0.011234
-0.00315042
0.0111273
-0.00434961
0.010928
-0.00551618
0.0106182
-0.00663652
0.0102031
-0.00769625
0.00967613
-0.00868068
0.009037
-0.00957682
0.00828999
-0.0103699
0.00743397
-0.0110477
0.00647631
-0.0115974
0.00541995
-0.0120071
0.00427517
-0.0122683
0.00305137
-0.012373
0.00176447
-0.0123127
0.000424254
-0.0120882
-0.000949675
-0.0116937
-0.00233989
-0.0111312
-0.00372612
-0.0104037
-0.00508553
-0.00951776
-0.0063988
-0.00848263
-0.00763993
-0.00731116
-0.00878481
-0.00601853
-0.00980728
-0.00462125
-0.0106916
-0.00314106
-0.0114048
-0.0016043
-0.0119336
-3.4101e-05
-0.0122482
0.0015409
-0.0123448
0.00308915
-0.0122061
0.00458264
-0.0118138
0.00599024
-0.011177
0.00727981
-0.0102897
0.00841988
-0.00916091
0.00938611
-0.00780257
0.0101498
-0.00623392
0.0106929
-0.00448095
0.0109922
-0.00257389
0.0110362
-0.000551374
0.0108176
0.00154153
0.0103328
0.0036557
0.00959164
0.00573048
0.00860225
0.00772238
0.00738469
0.00956199
0.00596414
0.0111972
0.00438216
0.0125682
0.00266669
0.0136247
0.000882026
0.0143155
-0.000941415
0.0146158
-0.00273918
0.0144747
-0.00445646
0.0138908
-0.00603743
0.0128588
-0.00742567
0.0113831
-0.0085754
0.00950514
-0.0094366
0.00725265
-0.00997748
0.00470343
-0.0101654
0.0019177
-0.00998711
-0.000995026
-0.00944495
-0.00394674
-0.0085409
-0.00681453
-0.00730786
-0.00947618
-0.00579204
-0.0118288
-0.00403867
-0.0137541
-0.00211918
-0.0151508
-0.000111123
-0.0159331
0.00189927
-0.0160235
0.00382311
-0.0154117
0.00556908
-0.0140715
0.00705083
-0.0120483
0.00819491
-0.00939301
0.00893294
-0.00621811
0.00922268
-0.00265615
0.00903548
0.00112603
0.00836827
0.00493991
0.00725348
0.00856352
0.00573748
0.0117915
0.00389485
0.0144342
0.00182881
0.0163054
-0.000338076
0.017234
-0.00248713
0.0171525
-0.0044823
0.0159888
-0.00619204
0.0138015
-0.00749794
0.0106565
-0.00830883
0.00673246
-0.00855
0.00225773
-0.00820202
-0.00247543
-0.00727088
-0.00713681
-0.00581322
-0.0113788
-0.0039298
-0.0148631
-0.00175254
-0.0173081
0.000551964
-0.0184702
0.0028093
-0.0181768
0.00483956
-0.0164174
0.00646702
-0.0132632
0.00754399
-0.00891842
0.00796503
-0.00370988
0.00768126
0.00193923
0.00670161
0.00752332
0.00510332
0.0125133
0.0030354
0.0163895
0.000700831
0.0187416
-0.00168575
0.0192881
-0.00387026
0.017843
-0.00562355
0.0145511
-0.00674874
0.0096785
-0.00711267
0.00372188
-0.00666761
-0.00266976
-0.00546307
-0.0087389
-0.00364448
-0.0137352
-0.00144833
-0.0170108
0.000850792
-0.0181339
0.00295409
-0.0168421
0.00458015
-0.0133316
0.00550135
-0.00801686
0.00558823
-0.00162332
0.00483305
0.00492305
0.00335749
0.0106202
0.00141021
0.0145558
-0.000694907
0.0161227
-0.00262313
0.0149579
-0.00405285
0.0112801
-0.00473549
0.00564474
-0.00454957
-0.00100294
-0.00352746
-0.00746131
-0.00187058
-0.0124994
8.63248e-05
-0.0151395
0.00197426
-0.0148189
0.00342498
-0.0115824
0.00414571
-0.00603695
0.00399064
0.000718404
0.00299813
0.00725767
0.0013997
0.0121261
-0.000412667
0.0142135
-0.00203824
0.0130156
-0.00309165
0.00884019
-0.00332541
0.00270179
-0.00270342
-0.00383505
-0.00141829
-0.0090307
0.000135549
-0.0114493
0.00150752
-0.0103779
0.0022852
-0.00622873
0.00223155
-0.000245497
0.00137055
0.00562558
0.00934519
0.00181841
0.0403183
0.00358976
0.0410772
0.00510704
0.0409322
0.00617194
0.0397008
0.0062793
0.0374359
0.0054987
0.033342
0.00333816
0.0283445
0.021549
-0.000118356
-0.0029872
0.00103865
0.00142153
0.00266244
0.00278077
0.00415771
0.00424416
0.00581071
0.00445199
0.00714652
0.0044496
0.00834487
0.00433676
0.00932335
0.00421731
0.0101051
0.00424993
0.0106741
0.00429956
0.0110633
0.00445644
0.0113046
0.00466763
0.0114057
0.00497145
0.0113958
0.00532727
0.0112749
0.00575109
0.011054
0.0062282
0.0107278
0.00675315
0.0103097
0.00729798
0.00979276
0.007872
0.00918336
0.00845202
0.00848569
0.00903202
0.00770035
0.00960094
0.00683591
0.010146
0.00589636
0.0106582
0.00488994
0.0111258
0.00382395
0.0115393
0.00270649
0.0118881
0.00154738
0.0121618
0.000357542
0.0123548
-0.000852022
0.0124498
-0.00206966
0.0124516
-0.00328207
0.0123397
-0.00447678
0.0121227
-0.00563906
0.0117805
-0.00675554
0.0113196
-0.00781177
0.0107324
-0.00879294
0.0100182
-0.00968519
0.00918224
-0.0104746
0.00822334
-0.0111474
0.00714912
-0.011693
0.00596557
-0.0120979
0.00468012
-0.0123538
0.00330719
-0.0124517
0.00186236
-0.0123857
0.000358261
-0.0121519
-0.00118348
-0.011749
-0.00274276
-0.0111773
-0.00429784
-0.0104413
-0.00582144
-0.00954721
-0.00729293
-0.00850352
-0.00868362
-0.00732332
-0.009965
-0.00602139
-0.0111092
-0.00461591
-0.0120971
-0.00312779
-0.0128929
-0.00158309
-0.0134783
-5.25477e-06
-0.013826
0.00157678
-0.0139268
0.00313101
-0.0137603
0.0046296
-0.0133124
0.00604026
-0.0125877
0.0073316
-0.011581
0.00847327
-0.0103026
0.00943924
-0.00876854
0.010202
-0.0069967
0.0107389
-0.00501787
0.0110348
-0.00286976
0.0110732
-0.000589792
0.0108471
0.00176762
0.0103579
0.00414497
0.00960799
0.00648035
0.00860888
0.00872149
0.00738279
0.0107881
0.00595372
0.0126263
0.00436066
0.0141612
0.00263867
0.0153467
0.000838488
0.0161157
-0.000990915
0.0164452
-0.00279404
0.0162778
-0.0045156
0.0156123
-0.00610007
0.0144433
-0.00749202
0.0127751
-0.00864096
0.0106541
-0.00950166
0.00811336
-0.0100366
0.00523833
-0.0102188
0.00209998
-0.0100309
-0.00118297
-0.0094801
-0.00449754
-0.00856571
-0.00772892
-0.00732036
-0.0107215
-0.00579201
-0.0133572
-0.00402797
-0.0155181
-0.00209764
-0.0170812
-7.99363e-05
-0.0179508
0.00194007
-0.0180435
0.00386909
-0.0173407
0.00562028
-0.0158226
0.00710512
-0.0135332
0.00824861
-0.0105365
0.00898582
-0.00695532
0.00926907
-0.0029394
0.00907365
0.00132144
0.00839658
0.00561698
0.00727013
0.00968997
0.00574104
0.0133206
0.00388402
0.0162912
0.00181102
0.0183784
-0.000368642
0.0194137
-0.00252424
0.0193081
-0.00452784
0.0179924
-0.00624181
0.0155154
-0.00754985
0.0119645
-0.00835877
0.00754139
-0.00859605
0.002495
-0.00823885
-0.00283263
-0.00729692
-0.00807874
-0.0058269
-0.0128489
-0.00392933
-0.0167607
-0.00174191
-0.0194956
0.000571069
-0.0207832
0.00283551
-0.0204412
0.00486988
-0.0184518
0.00650057
-0.0148939
0.00757604
-0.00999389
0.00799368
-0.00412752
0.00769954
0.00223338
0.00670998
0.00851287
0.00509984
0.0141235
0.00301552
0.0184738
0.000669833
0.0210873
-0.00172264
0.0216805
-0.00391141
0.0200317
-0.00566659
0.0163063
-0.00678802
0.0107999
-0.00714169
0.00407554
-0.00668073
-0.00313071
-0.00545602
-0.0099636
-0.00361471
-0.0155766
-0.00139496
-0.0192305
0.000911936
-0.0204408
0.00302401
-0.0189542
0.0046531
-0.0149607
0.00556886
-0.00893262
0.00564175
-0.0016962
0.00486457
0.00570023
0.0033621
0.0121227
0.00138595
0.0165319
-0.000730534
0.0182391
-0.00267238
0.0168997
-0.00410909
0.0127168
-0.00478991
0.00632556
-0.00459249
-0.00120037
-0.00355053
-0.00850327
-0.00186903
-0.0141809
0.000104108
-0.0171127
0.00200355
-0.0167183
0.00346123
-0.0130401
0.00418
-0.00675571
0.00401348
0.000884921
0.00300236
0.00826879
0.00138124
0.0137473
-0.000444856
0.0160396
-0.00207943
0.0146502
-0.0031334
0.00989417
-0.00335614
0.00292453
-0.00271291
-0.00447828
-0.00140025
-0.0103434
0.000177763
-0.0130273
0.00156557
-0.0117657
0.00234865
-0.00701181
0.00228562
-0.00018247
0.00140163
0.00650957
0.0107468
0.00183144
0.0384869
0.0037166
0.0391921
0.0054796
0.0391692
0.00695597
0.0382244
0.00774328
0.0366486
0.00742315
0.0336622
0.00490118
0.0308664
0.0264502
-0.00157758
-0.00140962
-0.00111145
0.0009554
0.000534703
0.00113462
0.00243842
0.00234044
0.00433177
0.00255864
0.00583306
0.00294831
0.00710666
0.00306316
0.00810062
0.00322335
0.00893301
0.00341754
0.00958051
0.00365206
0.0100738
0.00396319
0.0104185
0.00432285
0.0106297
0.00476031
0.0107107
0.00524627
0.0106693
0.00579249
0.0105137
0.00638381
0.0102528
0.00701401
0.00988219
0.0076686
0.00941007
0.00834413
0.00883998
0.00902211
0.0081756
0.0096964
0.0074232
0.0103533
0.00658778
0.0109814
0.00567541
0.0115706
0.0046945
0.0121067
0.00365131
0.0125824
0.0025561
0.0129833
0.00141891
0.013299
0.00024934
0.0135243
-0.000939738
0.0136388
-0.00213767
0.0136496
-0.00333072
0.0135328
-0.00450669
0.0132987
-0.00565156
0.0129254
-0.00675139
0.0124194
-0.00779139
0.0117724
-0.00875749
0.0109843
-0.00963583
0.0100606
-0.0104122
0.00899971
-0.0110737
0.00781065
-0.011608
0.00649987
-0.0120038
0.0050759
-0.0122516
0.00355496
-0.0123428
0.00195362
-0.012272
0.000287448
-0.0120348
-0.00142065
-0.0116312
-0.00314641
-0.0110606
-0.00486841
-0.0103277
-0.00655437
-0.00943814
-0.00818249
-0.00840157
-0.0097202
-0.00723027
-0.0111363
-0.00593899
-0.0124005
-0.00454621
-0.0134898
-0.00307089
-0.0143682
-0.00153991
-0.0150093
2.23878e-05
-0.0153883
0.00158813
-0.0154926
0.00312633
-0.0152985
0.0046082
-0.0147942
0.00600185
-0.0139813
0.00727681
-0.012856
0.00840464
-0.0114304
0.0093567
-0.0097206
0.010108
-0.00774797
0.0106358
-0.00554565
0.0109219
-0.00315594
0.0109557
-0.000623589
0.0107294
0.00199395
0.0102386
0.00463579
0.00949014
0.00722879
0.00849574
0.00971589
0.00727801
0.0120058
0.00586015
0.0140442
0.00428088
0.0157405
0.0025731
0.0170545
0.000785039
0.0179037
-0.00102027
0.0182505
-0.00280355
0.0180611
-0.00450575
0.0173145
-0.00607009
0.0160077
-0.00744618
0.0141512
-0.00857891
0.0117868
-0.00942642
0.00896087
-0.00995021
0.00576212
-0.0101253
0.0022751
-0.00993256
-0.00137574
-0.00938043
-0.00504967
-0.00847003
-0.00863932
-0.00723291
-0.0119586
-0.00570952
-0.0148806
-0.00396232
-0.0172653
-0.00204958
-0.0189939
-5.13927e-05
-0.019949
0.00194715
-0.0200421
0.00385518
-0.0192487
0.00558748
-0.017555
0.00705506
-0.0150007
0.00818293
-0.0116644
0.0089071
-0.00767948
0.00918161
-0.0032139
0.00898048
0.00152257
0.00830504
0.00629242
0.00718377
0.0108112
0.00566431
0.01484
0.00382275
0.0181327
0.00177002
0.0204312
-0.000389921
0.0215736
-0.0025236
0.0214418
-0.00450471
0.0199735
-0.0061994
0.0172101
-0.00749169
0.0132568
-0.00828772
0.00833742
-0.00851818
0.00272546
-0.00815787
-0.00319295
-0.0072189
-0.00901771
-0.00575824
-0.0143095
-0.00387399
-0.018645
-0.00170718
-0.0216624
0.000579367
-0.0230698
0.00281892
-0.0226808
0.00483035
-0.0204632
0.00644013
-0.0165036
0.00750058
-0.0110543
0.00790961
-0.00453655
0.00761162
0.00253137
0.00662369
0.0095008
0.0050252
0.015722
0.00295587
0.0205431
0.000626057
0.0234171
-0.00173092
0.0240375
-0.00389436
0.0221952
-0.00562734
0.0180393
-0.00673044
0.011903
-0.00707057
0.00441568
-0.00660226
-0.00359903
-0.0053747
-0.0111912
-0.00354024
-0.017411
-0.00133349
-0.0214373
0.000950737
-0.0227251
0.00304203
-0.0210455
0.00465201
-0.0165706
0.00555073
-0.00983134
0.00561047
-0.00175595
0.00482487
0.00648584
0.00331958
0.0136279
0.00134809
0.0185034
-0.000751779
0.020339
-0.00267874
0.0188267
-0.00410208
0.0141401
-0.0047719
0.00699538
-0.00456698
-0.00140529
-0.00352181
-0.00954844
-0.00184057
-0.0158622
0.00011929
-0.0190725
0.00200202
-0.0186011
0.00344608
-0.0144841
0.00415319
-0.00746283
0.0039789
0.00105921
0.00296541
0.00928229
0.00134577
0.0153669
-0.000466942
0.0178523
-0.00208708
0.0162703
-0.00312746
0.0109346
-0.00333768
0.00313475
-0.00268475
-0.00513121
-0.00136603
-0.0116621
0.000211751
-0.0146051
0.00159414
-0.013148
0.00237128
-0.00778894
0.0023012
-0.00011239
0.00140946
0.0074013
0.0121563
0.00145572
0.0370311
0.00297527
0.0376725
0.00441761
0.0377269
0.00550494
0.0371371
0.00592015
0.0362334
0.00534625
0.0342361
0.00336185
0.0328508
0.029812
0.000130932
-0.00154055
0.000745537
0.000340796
0.00171845
0.000161712
0.00293938
0.00111951
0.00425069
0.00124733
0.00545177
0.00174723
0.00654553
0.0019694
0.00746509
0.00230379
0.00825462
0.00262801
0.00888823
0.00301845
0.0093906
0.00346082
0.0097597
0.00395374
0.0100036
0.00451638
0.0101215
0.00512845
0.0101221
0.00579182
0.0100099
0.00649607
0.00978623
0.00723764
0.00945468
0.00800015
0.00901779
0.00878101
0.00848143
0.00955847
0.00785009
0.0103277
0.00712862
0.0110748
0.00632447
0.0117856
0.00544403
0.012451
0.00449042
0.0130604
0.00347993
0.0135929
0.00241623
0.014047
0.00131061
0.0144046
0.00017257
0.0146624
-0.000985267
0.0147967
-0.00215117
0.0148155
-0.00331304
0.0146946
-0.00445866
0.0144443
-0.00557354
0.0140403
-0.00664435
0.0134902
-0.00765747
0.0127855
-0.00859833
0.0119251
-0.00945304
0.0109153
-0.0102085
0.00975517
-0.0108512
0.00845332
-0.0113697
0.00701835
-0.0117524
0.0054586
-0.0119901
0.00379265
-0.012076
0.00203958
-0.012002
0.000213472
-0.011766
-0.00165663
-0.0113668
-0.00354567
-0.010805
-0.00543022
-0.0100848
-0.00727453
-0.00921236
-0.00905494
-0.0081964
-0.0107362
-0.00704883
-0.0122839
-0.00578475
-0.0136646
-0.00442087
-0.0148537
-0.00297814
-0.015811
-0.00148054
-0.0165069
4.64646e-05
-0.0169153
0.00157658
-0.0170227
0.00307982
-0.0168017
0.00452664
-0.0162411
0.00588669
-0.0153414
0.00713067
-0.0140999
0.00822987
-0.0125296
0.00915729
-0.010648
0.00988815
-0.00847883
0.0104008
-0.00605827
0.010678
-0.0034332
0.0107067
-0.000652221
0.0104793
0.00222135
0.0099945
0.00512055
0.00925806
0.00796523
0.00828206
0.0106919
0.00708381
0.0132041
0.00569907
0.0154289
0.00415171
0.0172879
0.0024828
0.0187234
0.000739569
0.0196469
-0.00102985
0.0200199
-0.00277266
0.0198039
-0.00443508
0.0189769
-0.00596182
0.0175344
-0.00730378
0.0154931
-0.00840703
0.0128901
-0.00923218
0.00978602
-0.00973722
0.00626716
-0.00990533
0.00244321
-0.00971325
-0.00156783
-0.00916555
-0.00559736
-0.00827179
-0.00953307
-0.00705807
-0.0131724
-0.00556339
-0.0163752
-0.00384897
-0.0189797
-0.001979
-0.0208639
-2.5943e-05
-0.021902
0.00192572
-0.0219937
0.00378936
-0.0211124
0.00548158
-0.0192472
0.00691355
-0.0164327
0.00801273
-0.0127635
0.00871623
-0.00838299
0.00897972
-0.0034774
0.00877759
0.0017247
0.00811385
0.00695616
0.00701022
0.0119149
0.00551894
0.0163313
0.00371666
0.019935
0.00170798
0.0224398
-0.000402551
0.0236842
-0.00248769
0.0235269
-0.00442313
0.021909
-0.0060778
0.0188648
-0.00733886
0.0145178
-0.00811257
0.00911114
-0.0083338
0.00294669
-0.00797581
-0.00355093
-0.00705247
-0.00994104
-0.00561995
-0.015742
-0.00377413
-0.0204908
-0.00165298
-0.0237835
0.000578018
-0.0253008
0.00276542
-0.0248682
0.00472978
-0.0224276
0.00629936
-0.0180732
0.00733323
-0.0120882
0.00772808
-0.0049314
0.00743171
0.00282774
0.00646082
0.0104717
0.00489075
0.017292
0.00286662
0.0225673
0.000582418
0.0257013
-0.00171354
0.0263335
-0.003826
0.0243076
-0.00551651
0.0197298
-0.00658939
0.0129759
-0.00691349
0.00473977
-0.00644538
-0.00406713
-0.00523386
-0.0124027
-0.00342965
-0.0192152
-0.00126403
-0.0236029
0.000968972
-0.0249581
0.00301435
-0.0230909
0.00458577
-0.0181421
0.00545791
-0.0107035
0.00550584
-0.00180388
0.00472394
0.00726774
0.00323706
0.0151148
0.00129577
0.0204447
-0.000759205
0.022394
-0.00264708
0.0207146
-0.00403941
0.0155325
-0.00469058
0.00764655
-0.00448218
-0.00161369
-0.00344875
-0.0105819
-0.00179105
-0.0175199
0.000131435
-0.020995
0.00197306
-0.0204427
0.00338604
-0.0158971
0.00407345
-0.00815024
0.00389491
0.00123776
0.00289348
0.0102837
0.00129669
0.0169637
-0.000479319
0.0196283
-0.00206475
0.0178558
-0.00307963
0.0119494
-0.00327634
0.00333146
-0.00262424
-0.00578332
-0.00131843
-0.0129679
0.000237383
-0.0161609
0.00159583
-0.0145065
0.0023575
-0.00855061
0.0022824
-3.72923e-05
0.00139645
0.00828725
0.0135527
0.00107411
0.035957
0.00220123
0.0365454
0.0032252
0.0367029
0.00395497
0.0364073
0.00419337
0.035995
0.00366841
0.034761
0.00232363
0.0341956
0.0321357
0.000227676
-0.00176823
0.00106124
-0.000492773
0.00195835
-0.00073539
0.0030198
5.80571e-05
0.00410769
0.000159446
0.00515454
0.000700374
0.00612837
0.000995577
0.00698107
0.00145109
0.00772127
0.00188781
0.00833427
0.00240546
0.00883458
0.00296051
0.00920217
0.00358615
0.00945569
0.00426287
0.00959653
0.00498761
0.00961616
0.00577219
0.00952705
0.00658518
0.00932667
0.00743802
0.00901884
0.00830798
0.00861308
0.00918677
0.00810456
0.010067
0.00750377
0.0109285
0.0068151
0.0117635
0.00604472
0.0125559
0.00519835
0.0132974
0.00428374
0.013975
0.00330824
0.0145684
0.00228294
0.0150723
0.00121851
0.015469
0.000120339
0.0157606
-0.000995629
0.0159126
-0.00212001
0.0159398
-0.00324037
0.015815
-0.00434471
0.0155487
-0.00541978
0.0151153
-0.00645234
0.0145228
-0.00742895
0.0137621
-0.00833616
0.0128323
-0.00915979
0.0117389
-0.00988695
0.0104823
-0.0105063
0.00907271
-0.0110045
0.00751654
-0.011371
0.00582504
-0.0115973
0.00401899
-0.0116767
0.00211898
-0.0116023
0.000139027
-0.0113708
-0.00188813
-0.0109807
-0.0039357
-0.0104346
-0.00597634
-0.00973576
-0.00797339
-0.00889007
-0.00990063
-0.00790602
-0.0117202
-0.00679496
-0.0133949
-0.00557168
-0.0148878
-0.00424949
-0.0161759
-0.00285656
-0.0172039
-0.0014091
-0.0179543
6.79323e-05
-0.0183924
0.00154535
-0.0185001
0.00299862
-0.018255
0.00439546
-0.0176379
0.00570723
-0.0166532
0.00690815
-0.0153008
0.00796784
-0.0135893
0.00886159
-0.0115418
0.00956453
-0.00918177
0.0100567
-0.00655042
0.0103213
-0.00369786
0.0103458
-0.000676639
0.0101218
0.00244532
0.00964941
0.00559294
0.00893342
0.00868121
0.00798685
0.0116385
0.00682734
0.0143636
0.00548403
0.0167722
0.00398202
0.0187899
0.00237245
0.0203329
0.000686926
0.0213325
-0.00102295
0.0217298
-0.00270668
0.0214877
-0.00431134
0.0205816
-0.00578769
0.0190107
-0.00708065
0.0167861
-0.00814261
0.013952
-0.00893842
0.0105818
-0.00942251
0.00675126
-0.00958057
0.00260127
-0.00939127
-0.00175713
-0.00885482
-0.00613381
-0.00798835
-0.0103996
-0.00681089
-0.0143498
-0.00536185
-0.0178243
-0.00369978
-0.0206418
-0.00188789
-0.0226758
-4.73834e-06
-0.0237852
0.00188033
-0.0238788
0.00368095
-0.022913
0.00531473
-0.020881
0.00669673
-0.0178147
0.00775659
-0.0138234
0.00843262
-0.00905902
0.00868296
-0.00372774
0.00848383
0.00192383
0.00783772
0.00760228
0.00676545
0.0129871
0.00531851
0.0177783
0.00357506
0.0216785
0.0016307
0.0243842
-0.000407119
0.025722
-0.00242213
0.0255419
-0.00429156
0.0237784
-0.00588971
0.0204629
-0.00710698
0.0157351
-0.00785087
0.00985503
-0.00806134
0.00315716
-0.00771033
-0.00390195
-0.00681312
-0.0108383
-0.00542443
-0.0171307
-0.00363746
-0.0222778
-0.00158311
-0.0258379
0.000568198
-0.0274521
0.00268097
-0.026981
0.00457824
-0.0243249
0.00609242
-0.0195874
0.00708889
-0.0130847
0.00746651
-0.00530902
0.00717619
0.00311806
0.00623333
0.0114146
0.00471026
0.0188151
0.00274994
0.0245276
0.000539568
0.0279117
-0.00167355
0.0285466
-0.00371443
0.0263485
-0.00534569
0.0213611
-0.00637843
0.0140087
-0.00668469
0.00504603
-0.00622368
-0.00452815
-0.00504285
-0.0135835
-0.00328695
-0.0209711
-0.00118492
-0.0257049
0.000968866
-0.0271119
0.00294745
-0.0250695
0.00446482
-0.0196594
0.00530241
-0.0115411
0.00533994
-0.00184141
0.00457217
0.00803551
0.00312203
0.016565
0.00123256
0.0223342
-0.000754265
0.0243808
-0.00258285
0.0225431
-0.00392968
0.0168793
-0.004556
0.00827287
-0.00434762
-0.00182206
-0.00333898
-0.0115905
-0.00172383
-0.019135
0.000140396
-0.0228593
0.00192074
-0.022223
0.00328814
-0.0172645
0.0039493
-0.0088114
0.00376969
0.00141738
0.00279285
0.0112606
0.00123709
0.0185194
-0.000482837
0.0213482
-0.00201665
0.0193896
-0.00299622
0.012929
-0.00317895
0.00351419
-0.00253684
-0.00642543
-0.00126039
-0.0142443
0.000255081
-0.0176764
0.00157404
-0.0158255
0.00231211
-0.00928867
0.002234
4.08183e-05
0.00136561
0.00915563
0.0149183
0.000772321
0.0351847
0.00158342
0.0357343
0.00231294
0.0359734
0.00280439
0.0359159
0.00296034
0.0358391
0.00255444
0.0351669
0.0016663
0.0350837
0.033802
0.00047637
-0.0022446
0.00134059
-0.00135699
0.00215465
-0.00154945
0.00311684
-0.000904127
0.00404084
-0.000764556
0.00496551
-0.0002243
0.00582834
0.000132753
0.00661452
0.000664909
0.00730172
0.00120061
0.00787703
0.00183014
0.00834966
0.00248788
0.00870955
0.00322627
0.00895761
0.00401481
0.00909082
0.0048544
0.00912625
0.00573676
0.00904838
0.00666305
0.00886873
0.00761767
0.00858431
0.0085924
0.00819867
0.0095724
0.00771705
0.0105486
0.00714498
0.0115006
0.00648751
0.0124209
0.00575228
0.0132912
0.00494316
0.0141065
0.00406977
0.0148484
0.00313814
0.0155001
0.00215789
0.0160525
0.00113818
0.0164887
9.13696e-05
0.0168074
-0.000975322
0.0169793
-0.00204956
0.0170141
-0.00312006
0.0168855
-0.00417521
0.0166038
-0.00520234
0.0161424
-0.00618902
0.0155095
-0.00712201
0.0146951
-0.00798898
0.0136993
-0.00877543
0.0125254
-0.0094705
0.0111774
-0.0100599
0.00966213
-0.0105357
0.00799227
-0.0108843
0.00617365
-0.0110971
0.00423181
-0.0111737
0.0021956
-0.0110968
6.21398e-05
-0.0108713
-0.00211366
-0.0104949
-0.00431207
-0.00997087
-0.00650039
-0.00929989
-0.00864437
-0.00848898
-0.0107115
-0.00754574
-0.0126634
-0.00648122
-0.0144595
-0.00531021
-0.0160588
-0.00404632
-0.0174398
-0.00270933
-0.0185409
-0.00132415
-0.0193395
8.93686e-05
-0.0198059
0.00150336
-0.0199141
0.00289279
-0.0196444
0.00422845
-0.0189736
0.00548253
-0.0179072
0.00662896
-0.0164473
0.00764091
-0.0146013
0.00849244
-0.0123933
0.00916287
-0.00985219
0.00963085
-0.0070184
0.00988109
-0.0039481
0.00990177
-0.000697314
0.00968346
0.00266362
0.00922809
0.00604831
0.00853982
0.00936949
0.00763068
0.0125476
0.00651978
0.0154745
0.00523108
0.0180609
0.0037915
0.0202295
0.00224921
0.0218752
0.000636517
0.0229452
-0.000999348
0.0233656
-0.00260971
0.023098
-0.00414404
0.0221159
-0.0055561
0.0204228
-0.00679121
0.0180212
-0.00780481
0.0149656
-0.0085641
0.0113411
-0.00902383
0.00721099
-0.0091715
0.00274894
-0.00898689
-0.00194174
-0.00846692
-0.00665379
-0.0076367
-0.0112298
-0.00650687
-0.0154797
-0.00511974
-0.0192114
-0.00352333
-0.0222382
-0.00178811
-0.024411
1.33834e-05
-0.0255867
0.00181633
-0.0256817
0.00353921
-0.0246359
0.00510103
-0.0224428
0.00642202
-0.0191357
0.00743356
-0.0148349
0.00807736
-0.00970282
0.00831314
-0.00396352
0.00811951
0.00211746
0.00749692
0.00822487
0.00646639
0.0140177
0.00507913
0.0191655
0.00340964
0.023348
0.00154354
0.0262503
-0.000403765
0.0276693
-0.00233199
0.0274702
-0.00412051
0.0255669
-0.00564886
0.0219913
-0.00681215
0.0168984
-0.00752037
0.0105632
-0.0077193
0.00335609
-0.00737903
-0.00424221
-0.00651633
-0.011701
-0.00518408
-0.018463
-0.00347133
-0.0239905
-0.0015013
-0.0278079
0.000552114
-0.0295055
0.00257235
-0.0290012
0.0043869
-0.0261394
0.00583417
-0.0210347
0.00678477
-0.0140353
0.0071429
-0.00566715
0.00686262
0.00339834
0.005956
0.0123212
0.00449472
0.0202764
0.00261341
0.0264089
0.000495505
0.0300296
-0.001615
0.0306571
-0.00356839
0.0283019
-0.00512735
0.02292
-0.00611187
0.0149932
-0.00640003
0.00533419
-0.00595063
-0.00497754
-0.00481308
-0.0147211
-0.0031227
-0.0226615
-0.00110026
-0.0277274
0.000953473
-0.0291656
0.00284862
-0.0269646
0.00429978
-0.0211106
0.00509693
-0.0123382
0.00512555
-0.00187003
0.00438116
0.0087799
0.00298202
0.0179641
0.00116195
0.0241542
-0.000738862
0.0262816
-0.00249213
0.0242964
-0.00378201
0.0181692
-0.00437885
0.00886972
-0.00417347
-0.00202744
-0.0032002
-0.0125638
-0.00164322
-0.020692
0.000146262
-0.0246487
0.00184948
-0.0239263
0.00315991
-0.018575
0.0037899
-0.00944139
0.00361194
0.00159533
0.00266978
0.0122027
0.0011701
0.0200191
-0.000478616
0.0229969
-0.00194754
0.0208585
-0.00288408
0.0138656
-0.00305281
0.00368293
-0.00242831
-0.00704994
-0.00119479
-0.0154778
0.000265597
-0.0191367
0.00153255
-0.0170924
0.00224068
-0.0099968
0.00216136
0.000120133
0.00132018
0.00999682
0.0162385
0.000558917
0.0346258
0.00115165
0.0351416
0.00168378
0.0354413
0.00202887
0.0355708
0.00214715
0.0357208
0.00183769
0.0354764
0.00124099
0.0356804
0.035043
0.000575264
-0.00281986
0.00143508
-0.00221681
0.00221005
-0.00232441
0.0030958
-0.00178988
0.00393036
-0.00159911
0.0047776
-0.00107154
0.00556681
-0.000656456
0.00629243
-6.07133e-05
0.00692994
0.000563106
0.0074693
0.00129078
0.00790559
0.00205159
0.00823931
0.00289254
0.00847618
0.00377794
0.00861432
0.00471626
0.0086475
0.00570358
0.00857857
0.00673199
0.00841003
0.00778622
0.00814337
0.00885906
0.00777989
0.00993588
0.00732378
0.0110047
0.00678159
0.0120428
0.00616107
0.0130415
0.00546223
0.01399
0.00469436
0.0148744
0.00386413
0.0156786
0.00298069
0.0163835
0.00204989
0.0169833
0.00108267
0.0174559
9.01724e-05
0.0177999
-0.000919701
0.0179892
-0.00193801
0.0180324
-0.00295331
0.0179008
-0.00395371
0.0176042
-0.00492702
0.0171158
-0.00586081
0.0164432
-0.00674499
0.0155793
-0.00756798
0.0145223
-0.00831113
0.0132685
-0.00897141
0.0118377
-0.00952667
0.0102174
-0.00997902
0.00844462
-0.0103068
0.00650139
-0.0105077
0.00443278
-0.0105755
0.00226338
-0.0105017
-1.16509e-05
-0.0102856
-0.00232974
-0.00992708
-0.00467062
-0.00942593
-0.00700153
-0.00878867
-0.00928164
-0.00801838
-0.0114818
-0.00712221
-0.0135596
-0.00611157
-0.0154701
-0.00499782
-0.0171726
-0.00380269
-0.0186349
-0.00253247
-0.0198111
-0.0012147
-0.0206573
0.000120995
-0.0211416
0.00146098
-0.0212541
0.00277871
-0.0209622
0.00404329
-0.0202382
0.00523114
-0.0190951
0.00631711
-0.0175333
0.00727318
-0.0155573
0.00807997
-0.0132001
0.00871288
-0.0104851
0.00915337
-0.00745888
0.00938811
-0.00418285
0.00940629
-0.000715495
0.00919516
0.00287476
0.00876048
0.00648298
0.00810544
0.0100245
0.00723879
0.0134142
0.00618324
0.01653
0.00495953
0.0192846
0.00359336
0.0215956
0.00212701
0.0233416
0.000597088
0.0244751
-0.000953291
0.024916
-0.00247926
0.024624
-0.00393608
0.0235728
-0.00527394
0.0217606
-0.00644438
0.0191916
-0.00740614
0.0159274
-0.00812075
0.0120557
-0.00855672
0.00764696
-0.00869213
0.00288434
-0.00851429
-0.00211958
-0.00801741
-0.00715066
-0.00722734
-0.0120198
-0.00615429
-0.0165527
-0.00483818
-0.0205275
-0.00332104
-0.0237554
-0.00167184
-0.0260602
3.43606e-05
-0.0272929
0.00174433
-0.0273917
0.00337714
-0.0262687
0.00485799
-0.0239236
0.00610862
-0.0203863
0.00706641
-0.0157927
0.0076739
-0.0103103
0.00789427
-0.00418389
0.00770765
0.00230408
0.00711347
0.00881905
0.00613265
0.0149985
0.00481362
0.0204846
0.00322692
0.0249347
0.00145385
0.0280234
-0.000389373
0.0295125
-0.00221857
0.0292994
-0.00391518
0.0272635
-0.00536433
0.0234405
-0.00646738
0.0180014
-0.00713501
0.0112309
-0.00732189
0.00354297
-0.00699599
-0.00456811
-0.00617448
-0.0125225
-0.00490799
-0.0197295
-0.00328152
-0.025617
-0.00140872
-0.0296807
0.000532876
-0.0314471
0.0024476
-0.0309159
0.00416841
-0.0278602
0.00553936
-0.0224056
0.00643812
-0.014934
0.00677634
-0.00600536
0.00650735
0.00366732
0.0056442
0.0131843
0.00425492
0.0216657
0.00246462
0.0281992
0.000453035
0.0320412
-0.0015407
0.0326508
-0.00339519
0.0301564
-0.00487336
0.0243982
-0.00580312
0.0159229
-0.0060722
0.00560328
-0.00563966
-0.00541008
-0.00455528
-0.0158055
-0.00294417
-0.0242726
-0.00101825
-0.0296533
0.000926036
-0.0311099
0.00272589
-0.0287645
0.00410178
-0.0224865
0.00485396
-0.0130904
0.00487499
-0.00189106
0.00416097
0.00949393
0.00282447
0.0193006
0.00108716
0.0258915
-0.00071467
0.0280834
-0.00238066
0.0259624
-0.00360549
0.019394
-0.00416885
0.00943307
-0.0039695
-0.00222679
-0.00303966
-0.0134936
-0.00155304
-0.0221786
0.000149398
-0.0263512
0.00176385
-0.0255407
0.00300882
-0.0198199
0.00360406
-0.0100366
0.00343009
0.0017693
0.00253043
0.0131024
0.00109778
0.0214518
-0.000467936
0.0245626
-0.00186203
0.0222526
-0.00275002
0.0147535
-0.00290493
0.00383783
-0.00230403
-0.00765084
-0.00112411
-0.0166578
0.000269818
-0.0205307
0.00147546
-0.0182981
0.00214883
-0.0106702
0.00206972
0.000199242
0.00126332
0.0108032
0.0175018
0.000413673
0.0342121
0.000868923
0.0346863
0.00127437
0.0350358
0.00153054
0.0353146
0.00163086
0.0356205
0.00137982
0.0357274
0.000970005
0.0360902
0.036013
0.000592454
-0.00341232
0.00145471
-0.00307907
0.00218381
-0.00305352
0.00301477
-0.00262084
0.00379282
-0.00237717
0.00457848
-0.0018572
0.00531334
-0.00139132
0.00599159
-0.000738957
0.00658388
-2.91922e-05
0.00708242
0.000792241
0.00748607
0.00164795
0.00780197
0.00257665
0.00802258
0.00355733
0.00814741
0.00459142
0.00818521
0.00566578
0.00812224
0.00679495
0.00796699
0.00794147
0.00771394
0.0091121
0.00736904
0.0102808
0.0069415
0.0114323
0.00643278
0.0125515
0.00584573
0.0136285
0.00518759
0.0146481
0.00446388
0.0155981
0.00368361
0.0164589
0.00284827
0.0172188
0.00197292
0.0178587
0.001062
0.0183669
0.000127967
0.0187339
-0.000822181
0.0189394
-0.00178102
0.0189912
-0.00273548
0.0188553
-0.00367608
0.0185448
-0.00459166
0.0180313
-0.0054722
0.0173238
-0.00630196
0.016409
-0.00707185
0.0152922
-0.00777678
0.0139735
-0.00839224
0.0124531
-0.00892008
0.0107452
-0.00933673
0.00886127
-0.00964685
0.0068115
-0.00983466
0.00462059
-0.00989281
0.00232153
-0.00982284
-8.16269e-05
-0.00961877
-0.00253381
-0.00928038
-0.00500901
-0.00880875
-0.00747316
-0.00820663
-0.00988376
-0.00747926
-0.0122092
-0.00663607
-0.0144028
-0.00568589
-0.0164203
-0.00464078
-0.0182177
-0.00351333
-0.0197624
-0.00231995
-0.0210045
-0.00108299
-0.0218942
0.000178499
-0.0224031
0.001438
-0.0225136
0.00267654
-0.0222007
0.00386584
-0.0214275
0.00498243
-0.0202117
0.00600139
-0.0185522
0.00690112
-0.0164571
0.00765349
-0.0139525
0.00824615
-0.0110778
0.00865929
-0.00787202
0.00887791
-0.00440147
0.00889077
-0.000728356
0.00869108
0.00307445
0.00827868
0.00689538
0.00766247
0.0106407
0.00684296
0.0142338
0.00584328
0.0175297
0.0046936
0.0204343
0.00340411
0.0228851
0.00202615
0.0247195
0.000583031
0.0259182
-0.000877221
0.0263763
-0.0023128
0.0260596
-0.00368107
0.024941
-0.00493823
0.0230178
-0.00603856
0.020292
-0.00694336
0.0168322
-0.00761076
0.0127231
-0.00802227
0.00805847
-0.0081422
0.00300427
-0.00797818
-0.0022836
-0.00751217
-0.00761667
-0.0067585
-0.0127735
-0.00575109
-0.0175601
-0.00451289
-0.0217657
-0.00308933
-0.0251789
-0.00153815
-0.0276114
7.23799e-05
-0.0289034
0.00167971
-0.028999
0.00321712
-0.0278061
0.00460686
-0.0253134
0.00578476
-0.0215642
0.00668083
-0.0166888
0.0072511
-0.0108806
0.007455
-0.0043878
0.00727687
0.00248222
0.00671456
0.00938136
0.00578918
0.0159239
0.00454416
0.0217296
0.00304596
0.0264329
0.0013777
0.0296916
-0.000354142
0.0312444
-0.00207609
0.0310213
-0.00367342
0.0288608
-0.00503732
0.0248044
-0.00607503
0.0190392
-0.00670097
0.0118568
-0.00687287
0.00371488
-0.00656623
-0.00487475
-0.00579162
-0.0132971
-0.00459766
-0.0209234
-0.00306559
-0.027149
-0.0013048
-0.0314415
0.000520133
-0.033272
0.00232122
-0.032717
0.00394009
-0.0294791
0.0052284
-0.0236939
0.00607175
-0.0157774
0.00638539
-0.006319
0.00613107
0.00392163
0.00531654
0.0139989
0.00400614
0.0229761
0.00231709
0.0298883
0.000419361
0.0339389
-0.00144846
0.0345187
-0.00319545
0.0319034
-0.00458731
0.02579
-0.00545864
0.0167943
-0.00570821
0.00585284
-0.0052983
-0.00581999
-0.0042723
-0.0168315
-0.00275149
-0.0257934
-0.000932118
-0.0314726
0.000893542
-0.0329355
0.00258896
-0.0304599
0.00388333
-0.0237808
0.00458823
-0.0137953
0.00460154
-0.00190438
0.00392341
0.0101721
0.00265743
0.0205666
0.0010143
0.0275347
-0.000681449
0.0297792
-0.00225185
0.0275328
-0.00340589
0.020548
-0.00393207
0.00995925
-0.00374187
-0.00241699
-0.00286264
-0.0143729
-0.00145603
-0.0235852
0.000150361
-0.0279576
0.00166805
-0.0270584
0.00284289
-0.0209948
0.00340088
-0.0105946
0.003233
0.00193718
0.00238079
0.0139546
0.00102409
0.0228085
-0.000452274
0.026039
-0.00176458
0.0235649
-0.00259957
0.0155885
-0.00273982
0.00397808
-0.00216776
-0.00822289
-0.00105037
-0.0177752
0.000267805
-0.0218488
0.00140542
-0.0194357
0.00204173
-0.0113065
0.00196495
0.000276026
0.00119919
0.011569
0.018701
0.000302935
0.000689726
0.0010254
0.00123033
0.00132431
0.00109759
0.000801716
0.000626059
0.00145481
0.00218103
0.00292171
0.00366746
0.00438499
0.00505642
0.00567075
0.00624409
0.00672363
0.00711212
0.00740453
0.00760789
0.00772678
0.00775474
0.00770457
0.00755608
0.00732018
0.00699789
0.00659594
0.00611759
0.00556905
0.00495482
0.00427989
0.00354781
0.00276745
0.00194703
0.00109761
0.000224175
-0.000662805
-0.00155736
-0.00244931
-0.00332796
-0.0041818
-0.00500146
-0.00577941
-0.00649858
-0.0071537
-0.00772988
-0.00821981
-0.0086112
-0.00889803
-0.00907283
-0.00912664
-0.00906056
-0.00886777
-0.00855073
-0.00811126
-0.00755089
-0.006875
-0.00608978
-0.00520326
-0.00422859
-0.0031748
-0.00206591
-0.000911063
0.000264556
0.00144077
0.00259613
0.00370835
0.00475198
0.0057044
0.00654462
0.00725037
0.00780385
0.00819076
0.00839486
0.0084056
0.00821622
0.0078288
0.00724817
0.00648436
0.00555335
0.00446875
0.00327242
0.00197524
0.000625964
-0.000734997
-0.0020766
-0.00335506
-0.00452843
-0.00556055
-0.00640293
-0.00702797
-0.00740987
-0.00752506
-0.00736339
-0.00693225
-0.00623306
-0.00528432
-0.00413127
-0.00280559
-0.00135812
0.000139945
0.00164189
0.00307902
0.00437714
0.00547675
0.00631451
0.00684794
0.00703935
0.00687297
0.00633956
0.00547498
0.00431754
0.00290655
0.00134137
-0.000267291
-0.00187604
-0.00337057
-0.00464576
-0.00561526
-0.00620206
-0.00636184
-0.00607446
-0.00535081
-0.0042365
-0.00280518
-0.0011654
0.000532973
0.00221581
0.00372959
0.0049327
0.00572168
0.00601279
0.00577088
0.00500804
0.00378152
0.00220534
0.000422572
-0.00131322
-0.00294797
-0.0042495
-0.00506374
-0.00529636
-0.00491397
-0.00395515
-0.00253689
-0.000834533
0.000870534
0.0024592
0.00367084
0.00432815
0.00433523
0.00369423
0.00250303
0.000957183
-0.000623898
-0.00209039
-0.00316794
-0.00365898
-0.00348228
-0.00266353
-0.00134942
0.000153003
0.00157223
0.00267762
0.00320092
0.00303957
0.00223451
0.000954452
-0.000430156
-0.00165298
-0.00242602
-0.00254926
-0.00201305
-0.000973231
0.000255542
0.00132034
0.00192485
0.00185798
0.00113582
)
;

boundaryField
{
    freeSurface
    {
        type            calculated;
        value           nonuniform List<scalar> 
181
(
0.0339092
0.0342995
0.0347002
0.0351097
0.0355265
0.0359541
0.0363861
0.0368147
-0.00403838
-0.00390782
-0.00377973
-0.00336152
-0.00312292
-0.00257473
-0.00206275
-0.00135328
-0.000602535
0.000312699
0.00125946
0.00228424
0.00335397
0.00447254
0.00563782
0.00684512
0.00808996
0.00934801
0.0106031
0.0118342
0.0130299
0.0141771
0.0152624
0.016273
0.0171909
0.0179992
0.0186791
0.0192163
0.0196073
0.0198263
0.0198858
0.0197472
0.0194235
0.0188852
0.0181434
0.017187
0.0160113
0.0146286
0.0130293
0.0112352
0.00925267
0.00709834
0.00479539
0.00237534
-0.000147703
-0.00272659
-0.00532606
-0.00791262
-0.0104441
-0.0128851
-0.015188
-0.0173068
-0.0191924
-0.0208161
-0.0221134
-0.0230491
-0.0235787
-0.0236898
-0.0233561
-0.0225397
-0.0212553
-0.0195046
-0.0172973
-0.0146582
-0.0116313
-0.00825893
-0.00460557
-0.000739097
0.00326383
0.00728281
0.0112214
0.0149976
0.0184607
0.0215189
0.0240815
0.0260167
0.0272675
0.0277372
0.0274012
0.0262195
0.0241912
0.0213241
0.0176746
0.0133482
0.00844037
0.00311946
-0.00244527
-0.0080478
-0.0134727
-0.0185088
-0.0229188
-0.0265046
-0.0290588
-0.0304015
-0.030501
-0.0292432
-0.0266115
-0.0226638
-0.0175266
-0.011414
-0.00457921
0.0026486
0.00991476
0.0167884
0.022887
0.0278439
0.0312568
0.032853
0.0326301
0.0303554
0.0260795
0.0200087
0.0124436
0.00387465
-0.00516213
-0.0140207
-0.0220377
-0.0285804
-0.0330813
-0.0349704
-0.0343998
-0.0309929
-0.0248971
-0.0165664
-0.00661011
0.00416354
0.0147617
0.0242026
0.0314644
0.0357216
0.0362544
0.0335381
0.0270916
0.0176085
0.00608547
-0.00620238
-0.0177903
-0.0272117
-0.033175
-0.0346406
-0.0320486
-0.0249925
-0.0144526
-0.00191146
0.0108131
0.0217578
0.0290805
0.0313603
0.0289993
0.0216256
0.0104503
-0.00259369
-0.0151916
-0.0248993
-0.02946
-0.0284776
-0.0221001
-0.0111179
0.00209852
0.0147596
0.0240885
0.0274236
0.0247877
0.0163616
0.00410133
-0.00875911
-0.018815
-0.0230776
-0.0205005
-0.011911
0.000342901
0.0122911
0.0198368
)
;
    }
    walls
    {
        type            calculated;
        value           uniform 0;
    }
    floatingObject
    {
        type            calculated;
        value           nonuniform List<scalar> 
37
(
-0.023966
-0.0242467
-0.0245273
-0.0248114
-0.0251023
-0.0253933
-0.0256893
-0.0259888
-0.02629
-0.0265964
-0.0269061
-0.0272193
-0.0275359
-0.0278559
-0.0281811
-0.028508
-0.0288417
-0.0291754
-0.029516
0
0
0
0
0
0
0
0
0
0
0
0
0
0
0
4.23516e-22
-1.69407e-21
0
)
;
    }
    frontAndBack
    {
        type            empty;
    }
}


// ************************************************************************* //
