/*--------------------------------*- C++ -*----------------------------------*\
  =========                 |
  \\      /  F ield         | OpenFOAM: The Open Source CFD Toolbox
   \\    /   O peration     | Website:  https://openfoam.org
    \\  /    A nd           | Version:  12
     \\/     M anipulation  |
\*---------------------------------------------------------------------------*/
FoamFile
{
    format      ascii;
    class       surfaceScalarField;
    location    "12.96";
    object      phi;
}
// * * * * * * * * * * * * * * * * * * * * * * * * * * * * * * * * * * * * * //

dimensions      [1 0 -1 0 0 0 0];

internalField   nonuniform List<scalar> 
7429
(
0.000163158
-0.000163157
0.000330443
-0.000167284
0.000500502
-0.000170058
0.000673707
-0.000173204
0.000850479
-0.000176771
0.00103122
-0.00018074
0.0012163
-0.000185077
0.00140605
-0.000189754
0.00160079
-0.000194739
0.00180077
-0.000199981
0.00200619
-0.000205414
0.00221715
-0.000210956
0.00243377
-0.000216621
0.00265597
-0.000222205
0.00288373
-0.000227751
0.00311681
-0.000233079
0.00335495
-0.000238141
0.00359776
-0.000242812
0.00384475
-0.000246989
0.00409531
-0.000250556
0.0043487
-0.000253392
0.00460408
-0.000255384
0.00486053
-0.000256444
0.00511695
-0.00025642
0.0053722
-0.00025525
0.00562497
-0.000252765
0.00587391
-0.000248945
0.00611757
-0.000243662
0.00635443
-0.000236852
0.00658295
-0.000228524
0.00680155
-0.000218594
0.00700861
-0.000207067
0.00720259
-0.000193979
0.0073819
-0.00017931
0.00754499
-0.000163082
0.00769038
-0.000145388
0.00781672
-0.000126345
0.00792314
-0.000106421
0.00800851
-8.53625e-05
0.00807185
-6.33449e-05
0.00811212
-4.02694e-05
0.00812716
-1.5044e-05
0.00811518
1.19797e-05
0.00807493
4.02552e-05
0.0080055
6.94297e-05
0.00790621
9.92928e-05
0.0077766
0.000129609
0.00761647
0.000160127
0.0074259
0.000190567
0.00720519
0.000220717
0.00695492
0.000250266
0.00667587
0.000279049
0.00636926
0.000306611
0.00603615
0.000333114
0.00567841
0.000357741
0.00529738
0.000381028
0.00489547
0.000401906
0.00447466
0.000420809
0.00403798
0.000436686
0.00358787
0.000450109
0.0031282
0.000459666
0.0026621
0.000466104
0.0021938
0.000468303
0.00172729
0.000466504
0.00126683
0.000460466
0.000816876
0.00044995
0.000381999
0.000434877
-3.33229e-05
0.000415321
-0.000424189
0.000390866
-0.000786156
0.000361967
-0.00111495
0.000328793
-0.00140621
0.000291263
-0.00165621
0.000249996
-0.00186157
0.000205364
-0.00201954
0.000157972
-0.00212748
0.000107933
-0.00218432
5.6845e-05
-0.00218869
4.36982e-06
-0.00213395
-5.4742e-05
-0.00202517
-0.000108779
-0.00186568
-0.000159491
-0.00165848
-0.000207197
-0.00140726
-0.000251218
-0.00111621
-0.000291053
-0.000790954
-0.000325257
-0.000437527
-0.000353427
-6.36028e-05
-0.000373924
0.000323043
-0.000386646
0.000713644
-0.000390601
0.0010991
-0.000385456
0.00146999
-0.000370893
0.00181669
-0.000346693
0.00213
-0.000313311
0.0024009
-0.000270898
0.00262131
-0.000220415
0.00278365
-0.000162338
0.00288258
-9.89259e-05
0.00291386
-3.12828e-05
0.0028643
4.95609e-05
0.00273829
0.00012601
0.00253907
0.000199218
0.00227095
0.000268116
0.00193929
0.000331667
0.00155134
0.000387944
0.00111637
0.000434975
0.000646168
0.000470199
0.000153796
0.000492373
-0.000346064
0.00049986
-0.000837331
0.000491267
-0.00130375
0.000466423
-0.00172918
0.000425424
-0.00209789
0.000368711
-0.00239581
0.000297926
-0.00261087
0.000215053
-0.00273306
0.000122196
-0.00275671
2.36494e-05
-0.00266672
-8.99918e-05
-0.00247201
-0.000194709
-0.00218001
-0.000292001
-0.00180059
-0.000379421
-0.00134629
-0.000454301
-0.000833738
-0.000512551
-0.00028348
-0.000550258
0.000282181
-0.000565661
0.000838131
-0.00055595
0.00135944
-0.000521311
0.00182181
-0.000462363
0.00220321
-0.000381401
0.00248428
-0.000281077
0.00265084
-0.000166554
0.00269498
-4.4148e-05
0.00260147
9.35195e-05
0.00238259
0.000218879
0.0020516
0.000330983
0.00162485
0.000426751
0.00112469
0.000500163
0.000578962
0.000545729
1.91877e-05
0.000559774
-0.000521559
0.000540746
-0.00101153
0.000489968
-0.0014211
0.000409572
-0.00172657
0.000305475
-0.00191
0.000183426
-0.00196413
5.41279e-05
-0.00187847
-8.56542e-05
-0.0016717
-0.00020677
-0.00136392
-0.00030778
-0.000982
-0.000381924
-0.000558999
-0.000423001
-0.000132565
-0.000426434
0.000259573
-0.000392138
0.000582045
-0.000322472
0.000805921
-0.000223876
0.000912376
-0.000106455
0.000886382
2.59944e-05
0.000733092
0.00015329
0.000472919
0.000260173
0.000132509
0.00034041
-0.000252502
0.000385011
-0.000639633
0.000387131
-0.000986427
0.000346794
-0.00125404
0.000267614
-0.00141192
0.000157879
-0.00144247
3.05534e-05
-0.0013309
-0.000111578
-0.0010974
-0.000233491
-0.000767538
-0.000329867
-0.00037801
-0.000389527
2.66274e-05
-0.000404638
0.000397945
-0.000371318
0.000693549
-0.000295603
0.00088089
-0.000187341
0.000942359
-6.14698e-05
0.00087063
7.1729e-05
0.000686881
0.000183749
0.000421475
0.000265406
0.000115199
0.000306276
-0.00018635
0.000301549
-0.00043925
0.0002529
-0.000609877
0.000170627
-0.00067884
6.8963e-05
-0.000640818
-3.8022e-05
-0.000511028
-0.00012979
-0.000315641
-0.000195386
-8.86436e-05
-0.000226998
0.000133873
-0.000222516
0.000320152
-0.000186279
0.000448072
-0.00012792
0.000507765
-5.96928e-05
0.00050178
5.98509e-06
0.000442487
5.92931e-05
0.000349122
9.33646e-05
0.000242064
0.000107058
0.000140422
0.000101641
5.75051e-05
8.29173e-05
1.81634e-06
5.56888e-05
-2.66464e-05
2.84627e-05
-3.22971e-05
5.65073e-06
-2.0527e-05
-1.17701e-05
-2.0527e-05
0.00017904
-0.000342197
0.000366079
-0.000354322
0.000556525
-0.000360503
0.00075094
-0.000367618
0.000949921
-0.000375751
0.00115418
-0.000384994
0.00136433
-0.000395234
0.00158106
-0.000406478
0.00180484
-0.000418517
0.00203618
-0.000431321
0.00227534
-0.000444571
0.00252253
-0.000458146
0.0027779
-0.000471987
0.00304126
-0.000485569
0.00331215
-0.000498641
0.00358988
-0.000510799
0.0038736
-0.000521861
0.00416241
-0.000531628
0.00445529
-0.000539861
0.00475102
-0.000546284
0.00504833
-0.000550709
0.0053458
-0.000552849
0.00564178
-0.000552425
0.00593457
-0.000549209
0.00622226
-0.000542942
0.00650297
-0.00053347
0.00677468
-0.000520654
0.00703563
-0.000504607
0.00728423
-0.000485454
0.00751917
-0.000463465
0.00773918
-0.000438607
0.0079432
-0.000411086
0.00813008
-0.000380856
0.00829873
-0.000347959
0.0084482
-0.000312548
0.00857758
-0.000274773
0.00868569
-0.000234449
0.00877121
-0.000191946
0.00883318
-0.000147325
0.00887078
-0.000100954
0.00888378
-5.32612e-05
0.00886947
-7.35168e-07
0.00881744
6.40113e-05
0.00873194
0.000125756
0.00861394
0.000187423
0.00846413
0.00024911
0.008283
0.00031074
0.00807108
0.000372046
0.00782897
0.000432672
0.00755727
0.000492418
0.00725676
0.000550773
0.00692836
0.000607451
0.00657302
0.000661956
0.00619223
0.000713898
0.00578729
0.000762681
0.00536023
0.000808092
0.00491301
0.000849121
0.00444781
0.000886012
0.00396765
0.000916842
0.00347533
0.000942431
0.00297442
0.000960574
0.00246869
0.000971833
0.00196205
0.000974946
0.00145904
0.000969513
0.000964157
0.000955351
0.000482181
0.000931926
1.78427e-05
0.000899216
-0.000423638
0.000856802
-0.000837462
0.00080469
-0.00121867
0.00074318
-0.00156278
0.000672901
-0.00186518
0.000593656
-0.00212177
0.000506592
-0.00232905
0.000412645
-0.00248405
0.000312965
-0.00258435
0.000208241
-0.00262894
0.000101428
-0.00261005
-1.45133e-05
-0.00253321
-0.000131586
-0.0023991
-0.000242886
-0.00221001
-0.000348581
-0.00196864
-0.000448565
-0.00167911
-0.000540754
-0.00134649
-0.000623667
-0.00097678
-0.000694972
-0.000577118
-0.00075309
-0.00015561
-0.000795432
0.000278773
-0.000821029
0.000716459
-0.000828287
0.00114756
-0.000816562
0.0015615
-0.000784829
0.00194819
-0.000733382
0.00229683
-0.000661949
0.00259834
-0.000572407
0.002843
-0.000465081
0.00302349
-0.000342824
0.00313317
-0.000208609
0.00316653
-6.46409e-05
0.00311354
0.000102547
0.00297823
0.000261319
0.00276315
0.000414303
0.00247188
0.000559388
0.00211029
0.000693259
0.00168638
0.000811854
0.00121103
0.000910322
0.000696901
0.000984327
0.000158764
0.00103051
-0.000386735
0.00104536
-0.000922354
0.00102689
-0.00143013
0.000974196
-0.00189261
0.000887903
-0.00229235
0.000768457
-0.00261449
0.000620066
-0.00284525
0.00044581
-0.00297514
0.000252088
-0.00299481
4.33148e-05
-0.00289463
-0.000190169
-0.00268226
-0.000407081
-0.0023646
-0.000609657
-0.00195137
-0.000792655
-0.00145684
-0.000948825
-0.000900186
-0.00106921
-0.000303704
-0.00114674
0.000308314
-0.00117768
0.000908067
-0.0011557
0.00146886
-0.00108211
0.00196416
-0.000957661
0.00236968
-0.000786919
0.00266545
-0.000576851
0.00283656
-0.000337663
0.00287102
-7.86106e-05
0.00276137
0.000203172
0.00251788
0.000462373
0.00215335
0.000695514
0.00168599
0.000894108
0.00114183
0.00104433
0.000551758
0.0011358
-5.11419e-05
0.00116267
-0.00063004
0.00111964
-0.00114996
0.00100989
-0.0015795
0.000839106
-0.00189278
0.000618759
-0.00207224
0.000362888
-0.00210788
8.97608e-05
-0.00199576
-0.000197771
-0.00175342
-0.000449107
-0.00140231
-0.00065889
-0.000972817
-0.000811417
-0.000501978
-0.00089384
-3.05531e-05
-0.000897859
0.000397108
-0.000819798
0.000745544
-0.000670909
0.000984047
-0.000462379
0.00109083
-0.000213237
0.00105224
6.45785e-05
0.000877382
0.000328152
0.00058558
0.000551975
0.000207135
0.000718855
-0.000218511
0.000810657
-0.000644235
0.000812854
-0.00102314
0.000725698
-0.00131356
0.000558038
-0.00148289
0.000327206
-0.00151067
5.83351e-05
-0.00138852
-0.000233725
-0.00113473
-0.000487283
-0.000777473
-0.000687126
-0.000358029
-0.000808971
7.44991e-05
-0.000837166
0.000467789
-0.000764608
0.0007764
-0.000604215
0.000965935
-0.000376876
0.00101824
-0.000113778
0.000929432
0.00016054
0.000721576
0.000391605
0.000428978
0.000558004
9.66996e-05
0.000638555
-0.000225196
0.000623445
-0.000490338
0.000518041
-0.000663909
0.000344198
-0.000726459
0.000131513
-0.000675824
-8.86576e-05
-0.000529117
-0.000276497
-0.000316385
-0.000408118
-7.51142e-05
-0.000468268
0.00015579
-0.00045342
0.000343618
-0.000374107
0.000466575
-0.000250877
0.000516359
-0.000109476
0.000498051
2.42932e-05
0.000426671
0.000130673
0.000323889
0.000196147
0.000210945
0.000220003
0.000108462
0.000204124
2.8371e-05
0.000163009
-2.07519e-05
0.000104812
-4.39951e-05
5.17059e-05
-4.3111e-05
4.76664e-06
-2.58763e-05
-2.90048e-05
-4.64034e-05
5.30135e-05
-0.000395209
0.000108293
-0.0004096
0.000165729
-0.000417937
0.000226343
-0.000428232
0.000291208
-0.000440614
0.000361911
-0.000455696
0.000439783
-0.000473105
0.000527029
-0.000493722
0.000625023
-0.000516509
0.000734678
-0.000540975
0.000856282
-0.000566174
0.000990409
-0.000592271
0.00113674
-0.000618317
0.00129551
-0.000644336
0.00146841
-0.000671547
0.00165665
-0.000699034
0.00186073
-0.000725939
0.00208066
-0.000751553
0.00231584
-0.000775046
0.00256559
-0.000796034
0.00282887
-0.000813987
0.00310436
-0.000828336
0.00339051
-0.000838571
0.00368552
-0.000844222
0.00398716
-0.000844582
0.00429354
-0.000839849
0.00460204
-0.000829153
0.00491056
-0.000813121
0.00521598
-0.000790876
0.00551505
-0.000762535
0.00580472
-0.000728276
0.00608209
-0.000688457
0.00634455
-0.00064331
0.00658992
-0.000593335
0.0068158
-0.000538424
0.00702141
-0.000480388
0.0072058
-0.000418834
0.00736923
-0.000355378
0.00750872
-0.000286816
0.00762342
-0.000215654
0.00770862
-0.000138456
0.00776285
-5.49638e-05
0.00779267
3.41836e-05
0.0077916
0.000126834
0.00775681
0.000222213
0.00768651
0.000319406
0.00757945
0.000417796
0.00743493
0.000516565
0.00725242
0.000615187
0.00703205
0.000712788
0.00677407
0.000808752
0.00647914
0.000902384
0.00614822
0.000992872
0.00578239
0.00107973
0.00538334
0.00116173
0.00495292
0.00123851
0.00449432
0.00130772
0.00401059
0.00136974
0.00350528
0.00142216
0.00298228
0.00146543
0.0024459
0.00149695
0.00190083
0.0015169
0.00135212
0.00152366
0.000805358
0.00151627
0.000266006
0.0014947
-0.000259957
0.00145789
-0.000766664
0.00140592
-0.00124816
0.00133829
-0.00169793
0.00125446
-0.00211021
0.00115546
-0.00247952
0.00104221
-0.00280063
0.000914767
-0.00306797
0.000773929
-0.00327801
0.000622692
-0.00342645
0.0004614
-0.00351006
0.00029185
-0.0035282
0.000119566
-0.00347135
-7.13562e-05
-0.00334722
-0.000255723
-0.00315687
-0.000433238
-0.00290159
-0.000603852
-0.0025855
-0.000764657
-0.00221246
-0.000913794
-0.0017892
-0.00104693
-0.0013227
-0.00116147
-0.00082181
-0.00125398
-0.000296599
-0.00132064
0.000242551
-0.00136018
0.000784068
-0.0013698
0.00131543
-0.00134792
0.00182476
-0.00129416
0.00229871
-0.00120733
0.00272601
-0.00108925
0.00309457
-0.000940964
0.00339253
-0.000763041
0.00361243
-0.000562722
0.00374504
-0.000341222
0.00378403
-0.000103626
0.00372079
0.000165779
0.00355925
0.000422864
0.00330144
0.000672113
0.00295119
0.000909633
0.00251622
0.00112823
0.00200604
0.00132203
0.00143408
0.00148228
0.000816033
0.00160238
0.000170486
0.00167606
-0.000483377
0.00169922
-0.00112421
0.00166772
-0.00173122
0.00158121
-0.00228222
0.0014389
-0.00275759
0.00124383
-0.00313725
0.000999725
-0.00340705
0.000715603
-0.00355375
0.000398788
-0.0035722
6.17666e-05
-0.00344711
-0.000315256
-0.0031903
-0.000663897
-0.00280776
-0.000992196
-0.00231104
-0.00128937
-0.00171842
-0.00154144
-0.00105398
-0.00173365
-0.000343057
-0.00185766
0.000381805
-0.00190254
0.00109009
-0.00186399
0.0017489
-0.00174092
0.00232725
-0.00153601
0.00279693
-0.00125659
0.0031332
-0.000913124
0.00331769
-0.000522151
0.00334315
-0.000104069
0.00319831
0.000348011
0.00289671
0.000763971
0.00245283
0.00113939
0.00188903
0.0014579
0.00123828
0.00169508
0.00053695
0.00183713
-0.000172658
0.00187228
-0.000848726
0.00179571
-0.00144946
0.00161062
-0.00193784
0.00132749
-0.00228347
0.000964389
-0.00246621
0.000545627
-0.00247718
0.000100738
-0.00231367
-0.000361287
-0.00199681
-0.000765963
-0.00155318
-0.00110253
-0.00102085
-0.00134375
-0.000445908
-0.00146878
0.000123811
-0.00146758
0.000637737
-0.00133372
0.00105021
-0.00108338
0.00132423
-0.000736402
0.00143703
-0.000326035
0.0013755
0.000126105
0.00115212
0.000551534
0.000789234
0.000914863
0.000324005
0.00118408
-0.000192745
0.00132741
-0.000706134
0.00132624
-0.00115922
0.00117878
-0.00150292
0.00090174
-0.00169813
0.000522419
-0.00172509
8.52891e-05
-0.00157489
-0.000383923
-0.00126962
-0.00079255
-0.000844271
-0.00111248
-0.000349278
-0.00130396
0.000155745
-0.00134219
0.000609584
-0.00121845
0.00095852
-0.000953151
0.00116284
-0.000581191
0.0012032
-0.000154141
0.00108022
0.000283522
0.000819911
0.000651912
0.000464745
0.00091317
6.97323e-05
0.00103357
-0.00030409
0.000997267
-0.000604644
0.000818595
-0.000792629
0.000532183
-0.0008482
0.000187085
-0.000772818
-0.00016404
-0.000589166
-0.000460149
-0.000334809
-0.000662475
-5.52305e-05
-0.000747847
0.000203515
-0.000712166
0.00040524
-0.000575832
0.000527531
-0.000373169
0.000564437
-0.000146383
0.000525263
6.34677e-05
0.000430276
0.000225659
0.000306409
0.000320015
0.000177961
0.00034845
6.81834e-05
0.000313902
-9.57867e-06
0.000240771
-5.65208e-05
0.000151754
-7.14728e-05
6.66579e-05
-6.06657e-05
-6.04047e-06
-3.43844e-05
-5.52861e-05
-8.07878e-05
3.55109e-05
-0.000430719
8.2118e-05
-0.000456206
0.00013848
-0.000474298
0.000209063
-0.000498813
0.000297128
-0.000528678
0.000406544
-0.000565111
0.000538169
-0.000604728
0.000696012
-0.000651565
0.000878222
-0.000698717
0.00108705
-0.000749798
0.00132039
-0.00079952
0.00157706
-0.000848935
0.00185452
-0.000895781
0.00215097
-0.000940778
0.00246512
-0.000985702
0.00279625
-0.00103016
0.00314363
-0.00107332
0.00350699
-0.00111491
0.00388562
-0.00115368
0.00427899
-0.0011894
0.004685
-0.00122
0.00510144
-0.00124478
0.00552416
-0.00126128
0.00595008
-0.00127014
0.00637286
-0.00126736
0.00678875
-0.00125574
0.00718858
-0.00122897
0.00757005
-0.0011946
0.00792407
-0.00114489
0.00825392
-0.00109238
0.00855666
-0.00103102
0.00883399
-0.00096579
0.00908517
-0.00089449
0.00931004
-0.000818207
0.00950839
-0.000736775
0.00967827
-0.000650266
0.00981845
-0.000559015
0.00992629
-0.000463216
0.0100024
-0.000362916
0.0100451
-0.000258394
0.0100578
-0.000151147
0.0100443
-4.14304e-05
0.0099698
0.000108674
0.00985223
0.0002444
0.00969503
0.000379418
0.00949998
0.000514458
0.00926771
0.000650059
0.00899849
0.000785789
0.00869248
0.000921199
0.00834936
0.0010559
0.00796943
0.00118868
0.00755245
0.00131937
0.00709968
0.00144564
0.00661151
0.0015679
0.00609007
0.00168318
0.00553786
0.00179072
0.00495695
0.00188863
0.0043504
0.00197628
0.00372227
0.00205029
0.00307653
0.00211118
0.0024184
0.00215508
0.00175367
0.00218163
0.00108809
0.00218925
0.000427579
0.00217678
-0.000221162
0.00214344
-0.000851006
0.00208773
-0.00145483
0.00200975
-0.00202595
0.00190942
-0.00255664
0.00178515
-0.00303997
0.00163879
-0.00346995
0.00147219
-0.00383959
0.00128441
-0.00414282
0.00107717
-0.00437413
0.000853994
-0.00452983
0.000617106
-0.00460659
0.000368606
-0.00459891
0.000111887
-0.0045058
-0.000164468
-0.00433092
-0.000430603
-0.00407534
-0.00068881
-0.00374067
-0.000938526
-0.00333137
-0.00117395
-0.0028537
-0.00139146
-0.00231529
-0.00158534
-0.00172552
-0.00175124
-0.00109531
-0.00188419
-0.000436234
-0.00197972
0.000237816
-0.00203423
0.00091291
-0.0020449
0.00157502
-0.00201003
0.00220705
-0.00192619
0.00279561
-0.00179589
0.0033242
-0.00161784
0.00377772
-0.00139448
0.00414583
-0.00113116
0.00441505
-0.000831937
0.00457593
-0.000502103
0.00462166
-0.000149356
0.00454287
0.00024457
0.00434363
0.0006221
0.00402602
0.000989732
0.00359509
0.00134056
0.0030595
0.00166382
0.00243229
0.00194924
0.00173049
0.00218409
0.000973525
0.00235934
0.000183523
0.00246606
-0.000615688
0.00249843
-0.0013983
0.00245033
-0.0021376
0.0023205
-0.00280659
0.0021079
-0.00338172
0.00181896
-0.00384129
0.0014593
-0.00416182
0.00103613
-0.00433136
0.000568328
-0.00434112
7.15314e-05
-0.00418286
-0.000473525
-0.00386371
-0.000983041
-0.00339253
-0.00146338
-0.00278358
-0.00189832
-0.00206173
-0.0022633
-0.0012526
-0.00254278
-0.000390805
-0.00271946
0.000487766
-0.00278111
0.00134116
-0.00271738
0.00213184
-0.0025316
0.00282226
-0.00222643
0.00337657
-0.00181091
0.00376779
-0.00130434
0.00397547
-0.000729825
0.00398151
-0.000110114
0.00378973
0.00053979
0.00340889
0.00114481
0.00285636
0.00169192
0.00216527
0.002149
0.00137176
0.00248859
0.000522378
0.00268651
-0.000332979
0.00272764
-0.00114032
0.00260305
-0.0018497
0.00232
-0.00241739
0.00189517
-0.00280772
0.00135472
-0.00299697
0.000734876
-0.00297219
7.59637e-05
-0.002742
-0.000591485
-0.00232689
-0.00118107
-0.00176149
-0.00166793
-0.00109293
-0.0020123
-0.000377247
-0.00218447
0.000322231
-0.00216706
0.000946842
-0.00195834
0.00144057
-0.00157711
0.00176241
-0.00105824
0.00188297
-0.000446592
0.00179025
0.00021882
0.00150047
0.000841317
0.00104202
0.00137332
0.000462567
0.00176354
-0.000177175
0.00196715
-0.000806547
0.00195562
-0.00135809
0.00173033
-0.00177195
0.0013156
-0.00200209
0.000752556
-0.00202319
0.000106392
-0.00183354
-0.000573577
-0.00145707
-0.00116902
-0.000938917
-0.00163064
-0.000342037
-0.00190084
0.000261121
-0.00194535
0.000796075
-0.0017534
0.00119852
-0.0013556
0.00142375
-0.00080642
0.00144812
-0.000178514
0.00127941
0.000452238
0.000948976
0.000982342
0.000510775
0.00135137
3.12847e-05
0.00151306
-0.000410336
0.00143889
-0.000757758
0.00116602
-0.000964606
0.000739031
-0.00101018
0.000232658
-0.000900975
-0.000273245
-0.000667207
-0.000693917
-0.000356946
-0.000972736
-2.5691e-05
-0.0010791
0.000269311
-0.00100717
0.000489845
-0.000796366
0.000611888
-0.000495212
0.000632248
-0.000166743
0.000566044
0.000129671
0.000440748
0.000350955
0.000289452
0.000471311
0.000141833
0.000496068
2.21455e-05
0.000433589
-5.79259e-05
0.000320842
-9.77959e-05
0.000191624
-0.000102307
7.11686e-05
-8.09434e-05
-2.74037e-05
-4.43734e-05
-9.18561e-05
-0.000125161
-8.53087e-05
-0.000345409
-0.000163951
-0.000377563
-0.000239118
-0.00039913
-0.000309193
-0.000428737
-0.000374517
-0.000463353
-0.000425203
-0.000514424
-0.000471205
-0.000558726
-0.000509847
-0.000612922
-0.000562069
-0.000646494
-0.000610687
-0.00070118
-0.000646862
-0.000763344
-0.000653244
-0.000842552
-0.000621035
-0.000927989
-0.000540845
-0.00102097
-0.000410585
-0.00111596
-0.000227772
-0.00121297
6.58877e-06
-0.00130768
0.000291144
-0.00139946
0.000622148
-0.00148468
0.000994309
-0.00156156
0.00140187
-0.00162755
0.00184304
-0.00168594
0.00231093
-0.00172918
0.00280213
-0.00176134
0.00330655
-0.00177178
0.00382145
-0.00177065
0.00433135
-0.00173887
0.00483752
-0.00170077
0.00532135
-0.00162873
0.00578508
-0.00155611
0.00622153
-0.00146746
0.00663062
-0.00137488
0.00701188
-0.00127576
0.00736557
-0.00117189
0.00769273
-0.00106394
0.00799293
-0.000950464
0.00826501
-0.000831095
0.00850841
-0.000706614
0.00871804
-0.000572544
0.00889055
-0.000430903
0.00902413
-0.000284732
0.00910918
-0.00012648
0.00916801
4.98476e-05
0.00918569
0.000226725
0.00915775
0.000407356
0.00908076
0.000591442
0.00895293
0.000777888
0.00877274
0.000965984
0.00853916
0.00115478
0.00825203
0.00134304
0.00791128
0.00152942
0.00751783
0.00171282
0.00707271
0.00189076
0.00657869
0.00206193
0.00603701
0.00222486
0.0054507
0.00237703
0.00482496
0.00251436
0.00416381
0.00263743
0.00347216
0.00274194
0.00275548
0.00282786
0.0020208
0.00288975
0.00127381
0.00292863
0.000522578
0.00294048
-0.000224435
0.00292379
-0.000959882
0.00287889
-0.00167514
0.00280299
-0.00236118
0.00269579
-0.00300932
0.00255755
-0.00361128
0.00238712
-0.00415787
0.00218538
-0.00464057
0.00195489
-0.00505023
0.00169406
-0.00538233
0.00140927
-0.00562829
0.00109995
-0.0057847
0.000773517
-0.00584646
0.000430361
-0.00581211
7.75415e-05
-0.00567143
-0.000305151
-0.00543455
-0.000667485
-0.00510068
-0.00102268
-0.00467296
-0.00136624
-0.00415629
-0.00169063
-0.00355858
-0.00198917
-0.0028893
-0.00225461
-0.00215945
-0.0024811
-0.00138164
-0.002662
-0.000571711
-0.00278965
0.000255481
-0.00286142
0.00108273
-0.00287215
0.00188984
-0.00281714
0.00266193
-0.00269828
0.00337778
-0.00251174
0.00401783
-0.0022579
0.00456827
-0.00194492
0.00501262
-0.00157551
0.00533549
-0.00115481
0.0055261
-0.000692707
0.0055763
-0.000199561
0.0054778
0.000343069
0.00523377
0.000866129
0.00484585
0.00137766
0.00432048
0.00186592
0.00366961
0.00231469
0.00290965
0.0027092
0.00205949
0.00303426
0.00114289
0.00327593
0.000187208
0.00342174
-0.000777953
0.00346359
-0.0017192
0.00339158
-0.00260557
0.00320687
-0.00340801
0.00291034
-0.00409271
0.00250365
-0.00463603
0.00200262
-0.00501757
0.00141767
-0.00521157
0.000762322
-0.00520667
6.66297e-05
-0.00501066
-0.000669531
-0.00462044
-0.00137326
-0.0040455
-0.00203833
-0.00330838
-0.00263543
-0.0024347
-0.00313697
-0.00145936
-0.00351812
-0.000427589
-0.00375123
0.000621542
-0.00383024
0.00163984
-0.00373568
0.00257836
-0.00347011
0.0033911
-0.00303918
0.00403931
-0.00245912
0.0044884
-0.00175343
0.00471146
-0.000952887
0.00470304
-0.000101697
0.00445415
0.000788685
0.00397985
0.00161911
0.00330487
0.0023669
0.00246394
0.00298992
0.0015077
0.00344483
0.00048992
0.00370429
-0.000525749
0.00374331
-0.00147932
0.00355662
-0.00230956
0.00315025
-0.00296463
0.00255025
-0.00340306
0.00179315
-0.00359743
0.000929248
-0.00352753
6.06214e-06
-0.00322245
-0.000896564
-0.00269371
-0.00170981
-0.00198987
-0.00237177
-0.00116673
-0.00283543
-0.000295005
-0.0030562
0.000551287
-0.00301335
0.00129754
-0.00270459
0.00188276
-0.00216232
0.00225195
-0.00142744
0.00237769
-0.000572331
0.0022481
0.000348413
0.00187978
0.00120964
0.0013107
0.00194239
0.000598983
0.00247526
-0.000176791
0.00274292
-0.000935724
0.00271455
-0.00159548
0.00239008
-0.00208479
0.00180491
-0.00235168
0.00101945
-0.00236239
0.000117097
-0.00212588
-0.000810089
-0.00166682
-0.00162808
-0.00104235
-0.0022551
-0.000329549
-0.00261364
0.000383511
-0.00265841
0.0010081
-0.00237799
0.00146972
-0.00181722
0.00171485
-0.00105155
0.00171984
-0.000183497
0.00149737
0.000674706
0.00108684
0.00139287
0.000555853
0.00188236
-1.31154e-05
0.00208203
-0.000534126
0.0019599
-0.000932542
0.00156443
-0.00115782
0.000964304
-0.00118926
0.000264107
-0.00103945
-0.000423056
-0.00074811
-0.00098526
-0.000375431
-0.00134541
1.08925e-05
-0.00146543
0.000347824
-0.0013441
0.000587624
-0.00103617
0.000706979
-0.000614566
0.000706911
-0.000166675
0.000609521
0.000227062
0.000450145
0.000510331
0.000269069
0.000652387
0.000102055
0.000663083
-2.63865e-05
0.000562031
-0.000107227
0.000401682
-0.000139191
0.000223587
-0.000132298
6.4276e-05
-9.9895e-05
-5.98067e-05
-5.29932e-05
-0.000138758
-0.000178154
-0.000544054
0.000198646
-0.00105159
0.000129969
-0.0014753
2.45881e-05
-0.00180117
-0.000102873
-0.00203167
-0.000232846
-0.00213079
-0.000415308
-0.00210637
-0.000583145
-0.00189464
-0.00082465
-0.00163089
-0.000910239
-0.00129034
-0.00104173
-0.000925483
-0.0011282
-0.000546722
-0.00122131
-0.000170326
-0.00130438
0.000200324
-0.00139162
0.000568883
-0.00148452
0.00094064
-0.00158472
0.00132558
-0.00169262
0.00173492
-0.0018088
0.00217974
-0.00192951
0.00267432
-0.00205614
0.00322679
-0.00218003
0.00384195
-0.0023011
0.00450714
-0.00239437
0.00522119
-0.0024754
0.00595109
-0.00250167
0.00670417
-0.00252373
0.00740829
-0.00244299
0.00811951
-0.00241199
0.00870679
-0.00221601
0.00924061
-0.00208993
0.00968636
-0.0019132
0.0100748
-0.00176329
0.0104042
-0.00160518
0.0106842
-0.00145187
0.0109171
-0.00129685
0.0111067
-0.00114003
0.0112557
-0.000980128
0.0113657
-0.000816677
0.0114401
-0.000646906
0.011481
-0.000471752
0.011482
-0.000285774
0.0114572
-0.00010166
0.0113639
0.000143155
0.0112263
0.000364281
0.011048
0.000585683
0.0108284
0.000811034
0.0105657
0.00104056
0.0102565
0.00127522
0.00989979
0.00151147
0.00949337
0.00174945
0.00903569
0.00198711
0.00852667
0.00222184
0.00796641
0.00245102
0.00735454
0.0026738
0.00669492
0.00288448
0.00598986
0.00308209
0.00524297
0.00326125
0.00445816
0.00342224
0.00364228
0.00355781
0.00280031
0.00366983
0.00193962
0.00375045
0.00106819
0.00380005
0.000194062
0.00381461
-0.000673837
0.00379169
-0.00152579
0.00373085
-0.00235212
0.00362932
-0.0031436
0.00348727
-0.00388974
0.00330369
-0.00457892
0.00307629
-0.00520157
0.00280803
-0.00574962
0.00250294
-0.00621491
0.00215935
-0.00658403
0.00177839
-0.00685689
0.00137281
-0.00701875
0.000935378
-0.00706997
0.000481587
-0.00699543
2.99464e-06
-0.00681682
-0.000483757
-0.00652127
-0.000963034
-0.00611094
-0.00143301
-0.00559021
-0.00188698
-0.0049656
-0.00231524
-0.0042469
-0.00270787
-0.00344416
-0.00305735
-0.00257107
-0.00335419
-0.00164386
-0.00358921
-0.000679309
-0.0037542
0.000303701
-0.00384443
0.00128344
-0.00385189
0.00224091
-0.00377461
0.0031533
-0.00361067
0.00399637
-0.00335481
0.0047517
-0.00301324
0.00540042
-0.00259363
0.00592077
-0.00209586
0.00629693
-0.00153098
0.00651578
-0.000911556
0.00656741
-0.00025119
0.00644661
0.000463871
0.00615329
0.00115944
0.00569012
0.00184084
0.00506495
0.00249108
0.00429152
0.00308812
0.00338968
0.00361104
0.00238373
0.00404021
0.0013037
0.00435596
0.000179942
0.0045455
-0.000951648
0.00459518
-0.00205597
0.0044959
-0.00309625
0.00424715
-0.00403222
0.00384631
-0.00483266
0.00330409
-0.00546056
0.00263052
-0.00589372
0.00185083
-0.00611716
0.000985765
-0.00609939
4.8857e-05
-0.005857
-0.000911917
-0.0053878
-0.00184246
-0.00470596
-0.00272017
-0.0038343
-0.00350709
-0.00280425
-0.00416702
-0.0016633
-0.00465907
-0.000449991
-0.00496454
0.00077526
-0.00505549
0.00195827
-0.0049187
0.00304429
-0.00455613
0.00398295
-0.00397784
0.00472579
-0.00320195
0.00523365
-0.00226129
0.00547858
-0.00119782
0.00543625
-5.93662e-05
0.00512896
0.00109598
0.00455765
0.00219042
0.00375194
0.00317262
0.00275864
0.00398322
0.00163343
0.00457004
0.0004451
0.00489262
-0.000738888
0.0049273
-0.00184029
0.00465802
-0.00279252
0.00410248
-0.00353343
0.00329115
-0.0040163
0.00227602
-0.00420975
0.0011227
-0.00410193
-0.000101756
-0.00370933
-0.00128917
-0.00306218
-0.00235696
-0.00221193
-0.00322202
-0.00123023
-0.00381714
-0.000196896
-0.00408953
0.000794811
-0.00400506
0.00166695
-0.00357673
0.00233935
-0.00283472
0.00275964
-0.00184773
0.00288391
-0.000696601
0.002712
0.00052033
0.00225962
0.00166201
0.00157573
0.00262628
0.000730714
0.00332027
-0.000188662
0.0036623
-0.00108061
0.0036065
-0.00185016
0.00315963
-0.00241526
0.00237001
-0.00271233
0.00131652
-0.00271461
0.000119378
-0.00242457
-0.00110013
-0.00187725
-0.0021754
-0.00114235
-0.00299001
-0.000310983
-0.00344501
0.00051468
-0.00348407
0.00123024
-0.00309355
0.0017494
-0.00233639
0.00201217
-0.00131431
0.00199452
-0.000165854
0.00171365
0.000955578
0.00121891
0.00188762
0.000591546
0.00250972
-7.08191e-05
0.00274439
-0.000668274
0.00255735
-0.00111543
0.00201159
-0.00135568
0.00120456
-0.00136893
0.000277362
-0.00117423
-0.000617764
-0.000821826
-0.00133766
-0.000384379
-0.00178286
5.81213e-05
-0.00190793
0.0004336
-0.00171958
0.000689668
-0.00129224
0.000803138
-0.000728035
0.000779477
-0.000143014
0.000648581
0.000357958
0.000454415
0.000704496
0.000243754
0.000863047
5.82832e-05
0.000848554
-7.84827e-05
0.000698797
-0.00015553
0.00047873
-0.000178129
0.000246187
-0.000159111
4.52571e-05
-0.000115593
-0.000103324
-5.96129e-05
-0.000194738
-0.000237767
-0.00052204
0.000720686
-0.00100177
0.000609697
-0.00139909
0.000421909
-0.00167131
0.00016935
-0.00178316
-0.00012099
-0.0016014
-0.000597073
-0.00127597
-0.000908576
-0.0009565
-0.00114412
-0.00137443
-0.000492312
-0.00204265
-0.000373506
-0.00275928
-0.000411568
-0.00336457
-0.000616024
-0.00381915
-0.000849807
-0.00408982
-0.00112094
-0.00416314
-0.0014112
-0.00403799
-0.00170987
-0.00372665
-0.00200396
-0.00325206
-0.00228338
-0.00264082
-0.00254075
-0.00192552
-0.00277144
-0.00114556
-0.00295999
-0.000297922
-0.00314873
0.000589667
-0.00328196
0.00153244
-0.00341817
0.0024987
-0.00346793
0.00353708
-0.00356211
0.00457021
-0.00347612
0.00568394
-0.00352572
0.00652721
-0.00305928
0.00720733
-0.00277004
0.00776653
-0.00247241
0.0082396
-0.00223635
0.0086508
-0.00201639
0.00901428
-0.00181535
0.00934316
-0.00162574
0.0096439
-0.00144077
0.00992068
-0.00125691
0.0101722
-0.00106816
0.010393
-0.000867768
0.0105739
-0.000652659
0.0107153
-0.000427171
0.0108016
-0.000187946
0.0108737
7.10302e-05
0.0108973
0.000340716
0.0108624
0.000620611
0.0107653
0.000908081
0.0106044
0.00120152
0.0103765
0.00150313
0.0100802
0.00180776
0.00971453
0.00211511
0.00927894
0.0024227
0.008776
0.00272478
0.00820542
0.00302159
0.00757144
0.00330777
0.00687602
0.0035799
0.00612197
0.00383614
0.00531634
0.00406688
0.00446411
0.00427447
0.00357186
0.00445006
0.00264678
0.00459491
0.00169788
0.00469936
0.000733838
0.00476409
-0.000235268
0.00478371
-0.00119895
0.00475538
-0.00214761
0.0046795
-0.00306731
0.00454901
-0.00394868
0.00436865
-0.00477666
0.00413167
-0.00554204
0.00384166
-0.00623261
0.00349861
-0.00683641
0.00310675
-0.00734242
0.00266535
-0.00774779
0.00218377
-0.00803253
0.00165755
-0.00819853
0.00110137
-0.00823628
0.000519334
-0.00813973
-9.35529e-05
-0.00791557
-0.000707912
-0.00755823
-0.00132038
-0.00707118
-0.00192006
-0.0064586
-0.00249957
-0.00572821
-0.00304562
-0.00489081
-0.00354528
-0.00395898
-0.00398918
-0.00294901
-0.00436416
-0.00187778
-0.00466043
-0.000763388
-0.00486859
0.000367872
-0.00497569
0.0014966
-0.00498062
0.00259818
-0.00487618
0.00364371
-0.0046562
0.00461097
-0.00432207
0.00547587
-0.00387813
0.00621578
-0.00333353
0.00680715
-0.00268724
0.0072321
-0.00195593
0.00747547
-0.00115493
0.00752611
-0.000301826
0.00738136
0.000608619
0.00703922
0.00150158
0.00650019
0.00237987
0.00577748
0.0032138
0.00488699
0.0039786
0.00384888
0.00464916
0.00269377
0.00519532
0.00145251
0.00559722
0.000163364
0.00583465
-0.00113268
0.00589123
-0.0023968
0.00576002
-0.0035795
0.00542985
-0.00464424
0.00491105
-0.00554842
0.00420827
-0.00626054
0.00334264
-0.00674141
0.0023317
-0.00697922
0.00122357
-0.00695271
2.2351e-05
-0.00666753
-0.0011971
-0.00612134
-0.00238865
-0.00533136
-0.00351015
-0.00432496
-0.00451348
-0.00314717
-0.00534481
-0.00183868
-0.00596756
-0.00045746
-0.00634576
0.000934775
-0.00644773
0.00227782
-0.00626174
0.00350696
-0.00578528
0.00456173
-0.00503261
0.00538933
-0.00402955
0.00594632
-0.00281827
0.00620315
-0.00145466
0.00614061
3.17858e-06
0.00576723
0.00146936
0.00509791
0.00285974
0.00416523
0.00410529
0.00302274
0.00512571
0.00173407
0.00585871
0.000378973
0.00624772
-0.000960273
0.00626654
-0.0022015
0.00589924
-0.00326711
0.00516809
-0.00408731
0.00411136
-0.00460835
0.00279706
-0.00479837
0.00131272
-0.00464706
-0.000253071
-0.00416841
-0.00176781
-0.00340433
-0.00312103
-0.0024121
-0.00421425
-0.00127588
-0.00495335
-8.49428e-05
-0.00528047
0.0010451
-0.0051351
0.0020305
-0.00456214
0.00278879
-0.003593
0.00324554
-0.00230448
0.00337103
-0.000822086
0.00315358
0.000737781
0.00261789
0.0021977
0.00181871
0.00342546
0.00084094
0.00429804
-0.000212923
0.00471616
-0.00122987
0.00462344
-0.00210235
0.00403211
-0.00273715
0.00300481
-0.00306434
0.00164372
-0.00305055
0.000105586
-0.00270564
-0.00144503
-0.00207163
-0.00280941
-0.00122904
-0.0038326
-0.000282439
-0.00439161
0.00064893
-0.00441544
0.00144799
-0.0038926
0.00201881
-0.00290721
0.00229541
-0.00159092
0.00225215
-0.000122595
0.00191202
0.00129572
0.00133436
0.00246527
0.000614443
0.00322964
-0.000136667
0.0034955
-0.000804644
0.00322533
-0.00129442
0.00250136
-0.00154441
0.00145455
-0.00153622
0.000269168
-0.00129489
-0.000859093
-0.000882068
-0.00175048
-0.000382753
-0.00228218
0.000112205
-0.00240288
0.000521634
-0.00212901
0.000789322
-0.00155992
0.000892917
-0.000831631
0.000843654
-9.37509e-05
0.000678947
0.000522665
0.000451322
0.000932121
0.000213857
0.00110051
1.2202e-05
0.00105021
-0.000128572
0.000839571
-0.000199995
0.000550152
-0.000211423
0.000257616
-0.000180561
1.43947e-05
-0.000127188
-0.000156697
-6.44414e-05
-0.000257485
-0.000302209
-0.00286293
0.00358361
-0.00578155
0.00352832
-0.00856337
0.00320373
-0.0108839
0.00248992
-0.0121945
0.00118962
-0.0120364
-0.000755188
-0.0104969
-0.00244811
-0.00767665
-0.00396436
-0.00659716
-0.0015718
-0.00571758
-0.00125308
-0.00491426
-0.00121489
-0.0041156
-0.00141468
-0.00340907
-0.00155634
-0.00279812
-0.00173189
-0.00225389
-0.00195542
-0.00174674
-0.00221702
-0.00125063
-0.00250007
-0.000743114
-0.0027909
-0.00019483
-0.00308903
0.000420195
-0.00338646
0.0011373
-0.0036771
0.00201191
-0.00402334
0.00305347
-0.00432352
0.00432069
-0.00468539
0.00574514
-0.00489238
0.00741175
-0.00522872
0.00901062
-0.00507499
0.0107152
-0.0052303
0.0113274
-0.00367153
0.0117992
-0.00324181
0.011941
-0.00261423
0.0120316
-0.00232688
0.0120722
-0.00205703
0.0121194
-0.0018625
0.012169
-0.0016754
0.0122201
-0.00149189
0.0122636
-0.0013004
0.0123035
-0.00110798
0.0123383
-0.000902604
0.0123607
-0.000675071
0.0123649
-0.000431361
0.0123589
-0.000181953
0.0122877
0.000142188
0.0121823
0.000446159
0.0120388
0.000764105
0.0118493
0.00109763
0.0116056
0.00144522
0.0113031
0.00180557
0.0109366
0.00217423
0.0105037
0.00254809
0.0100028
0.00292354
0.00943063
0.00329697
0.00878936
0.00366286
0.00807994
0.00401719
0.00730515
0.00435469
0.00646998
0.00467131
0.00557785
0.00495901
0.00463516
0.00521716
0.00364958
0.00543564
0.00262853
0.00561596
0.00158139
0.0057465
0.000518222
0.00582726
-0.000549964
0.0058519
-0.00161147
0.00581688
-0.00265287
0.00572091
-0.00366364
0.00555978
-0.0046287
0.00533371
-0.00553886
0.00504184
-0.00637654
0.00467934
-0.00713032
0.00425239
-0.00778835
0.00376477
-0.00833915
0.00321616
-0.00877087
0.00261549
-0.00907476
0.00196144
-0.00924157
0.00126819
-0.00927078
0.000548544
-0.0091518
-0.000212539
-0.00888609
-0.000973616
-0.00847453
-0.00173194
-0.00791725
-0.00247734
-0.007222
-0.00319482
-0.00639613
-0.00387149
-0.00545254
-0.00448886
-0.00440388
-0.00503784
-0.00326957
-0.00549848
-0.0020674
-0.00586259
-0.000819974
-0.00611602
0.000446378
-0.00624204
0.00170825
-0.00624249
0.00293722
-0.00610516
0.00410366
-0.00582264
0.00518169
-0.00540011
0.00614355
-0.00483999
0.00696369
-0.00415367
0.00761763
-0.00334118
0.00808561
-0.0024239
0.00835045
-0.00141977
0.00839678
-0.000348153
0.00822841
0.000776982
0.00783627
0.00189372
0.00722874
0.00298741
0.00641401
0.00402852
0.00541496
0.00497765
0.00425378
0.00581034
0.0029605
0.0064886
0.00157454
0.00698317
0.000136573
0.00727262
-0.0013084
0.00733621
-0.00270867
0.00716029
-0.00402188
0.00674306
-0.0052029
0.00609207
-0.00620016
0.00520553
-0.00698227
0.00412475
-0.00751229
0.00286172
-0.00775798
0.00146926
-0.00771797
-1.76613e-05
-0.00738548
-0.00152959
-0.0067649
-0.00300924
-0.00587707
-0.00439798
-0.00475572
-0.00563484
-0.00343924
-0.00666129
-0.00198076
-0.00742605
-0.000451907
-0.00787461
0.001095
-0.00799464
0.00257854
-0.00774527
0.00392986
-0.0071366
0.0050879
-0.00619064
0.00598955
-0.00493121
0.00659063
-0.00341935
0.00685415
-0.00171818
0.00676695
9.03796e-05
0.00633271
0.0019036
0.00556808
0.00362437
0.00451975
0.00515363
0.00323816
0.00640731
0.0018039
0.00729297
0.000300034
0.00775158
-0.00117608
0.00774266
-0.00254174
0.0072649
-0.00370543
0.00633179
-0.00459441
0.00500034
-0.00514659
0.00334924
-0.00532646
0.00149259
-0.00513006
-0.000449468
-0.00457221
-0.00232566
-0.0036976
-0.00399564
-0.00257621
-0.00533565
-0.00130232
-0.00622724
1.78056e-05
-0.0066006
0.00128003
-0.00639731
0.00237146
-0.00565358
0.0031987
-0.00442025
0.00369356
-0.00279935
0.00380866
-0.000937183
0.00354709
0.000999358
0.00293208
0.00281271
0.00202795
0.00432959
0.000931283
0.00539471
-0.000246008
0.00589345
-0.0013759
0.00575333
-0.00233836
0.00499457
-0.00302997
0.00369642
-0.00338122
0.00199497
-0.00334922
7.35862e-05
-0.00295248
-0.00184178
-0.00223755
-0.00352434
-0.00129667
-0.00477348
-0.000248007
-0.00544027
0.000777856
-0.0054413
0.00164985
-0.0047646
0.00226322
-0.00352058
0.00254781
-0.00187551
0.00247811
-5.29036e-05
0.00208157
0.00169227
0.00142746
0.00311937
0.000623349
0.00403375
-0.000206247
0.0043251
-0.000934554
0.00395364
-0.00145878
0.00302558
-0.00171335
0.00170912
-0.00168109
0.000236913
-0.00139439
-0.0011458
-0.000925448
-0.00221942
-0.000370478
-0.00283715
0.00016951
-0.00294287
0.000605845
-0.00256534
0.000879836
-0.00183391
0.000970682
-0.000922477
0.000895162
-1.82307e-05
0.00069825
0.000719576
0.000440387
0.00118998
0.000180479
0.00136042
-3.36289e-05
0.00126432
-0.000174791
0.000980733
-0.00023894
0.000614301
-0.000238811
0.000257487
-0.000196302
-2.81138e-05
-0.000133791
-0.000219208
-6.66591e-05
-0.000324617
-0.000368868
-0.00361089
0.0071945
-0.00723587
0.0071533
-0.0104043
0.00637217
-0.0122588
0.00434442
-0.0116106
0.000541425
-0.0077098
-0.00465601
-0.000795001
-0.00936291
0.0051007
-0.00986006
0.00595686
-0.00242796
0.00326259
0.00144119
-0.000738966
0.00278666
-0.00439896
0.00224532
-0.00720511
0.0012498
-0.00902786
9.08605e-05
-0.0098349
-0.00114838
-0.00990884
-0.00214308
-0.00946
-0.00294891
-0.0086493
-0.00360159
-0.00759554
-0.0041428
-0.00641658
-0.00456543
-0.00516297
-0.00493069
-0.00387041
-0.0053159
-0.00262626
-0.00556767
-0.001401
-0.00591064
-0.000209769
-0.00608362
0.00133916
-0.00677765
0.00382771
-0.00756354
0.00756644
-0.00896902
0.0103672
-0.00647224
0.011263
-0.00413764
0.0113696
-0.00272088
0.0111867
-0.00214397
0.0110421
-0.00191238
0.0109383
-0.00175871
0.0109279
-0.00166502
0.0109816
-0.0015456
0.0110992
-0.00141798
0.0112537
-0.00126244
0.0114402
-0.00108912
0.0116276
-0.000862527
0.011787
-0.000590749
0.0119022
-0.00029709
0.0120064
3.79517e-05
0.012054
0.000398599
0.0120369
0.000781205
0.0119447
0.00118982
0.0117782
0.00161168
0.0115329
0.00205088
0.0112077
0.00249945
0.0107992
0.0029566
0.010305
0.00341768
0.00972839
0.00387361
0.00907167
0.00431959
0.00833641
0.00475245
0.00752606
0.00516504
0.00664484
0.00555252
0.0057002
0.00590365
0.00469795
0.00621941
0.00364694
0.00648665
0.00255601
0.00670689
0.00143579
0.00686671
0.000297244
0.00696581
-0.000847475
0.00699662
-0.00198547
0.00695488
-0.00310354
0.00683897
-0.00418773
0.00664397
-0.00522395
0.00636993
-0.006196
0.00601389
-0.00709269
0.00557602
-0.00789811
0.00505781
-0.00859955
0.00446621
-0.00918366
0.00380026
-0.00963688
0.00306871
-0.00995641
0.00228096
-0.0101267
0.00143852
-0.0101377
0.000559474
-0.00999827
-0.000351938
-0.0096986
-0.00127329
-0.0092388
-0.00219173
-0.00862186
-0.00309428
-0.00785548
-0.00396121
-0.00694813
-0.00477884
-0.00591349
-0.0055235
-0.00476545
-0.00618587
-0.00352487
-0.00673906
-0.00221091
-0.00717655
-0.00085308
-0.00747385
0.000527926
-0.00762305
0.0019031
-0.00761767
0.00323794
-0.00743999
0.00450655
-0.00709124
0.00567737
-0.00657094
0.00672005
-0.00588267
0.00760718
-0.0050408
0.00831344
-0.00404744
0.00881593
-0.00292639
0.00909478
-0.00169862
0.00913565
-0.000389021
0.00894613
0.000966495
0.00851135
0.0023285
0.0078416
0.00365716
0.00694664
0.00492349
0.00584924
0.00607505
0.00458285
0.00707672
0.0031745
0.00789695
0.00166633
0.00849134
0.000102859
0.00883609
-0.00146436
0.00890342
-0.0029868
0.00868273
-0.00441149
0.00816775
-0.00568355
0.00736414
-0.00676066
0.00628263
-0.00759501
0.00495911
-0.00815807
0.00342478
-0.00841839
0.00172959
-0.0083645
-7.15543e-05
-0.00799097
-0.00190312
-0.00730645
-0.00369375
-0.00633334
-0.00537109
-0.00510515
-0.00686302
-0.00366722
-0.00809922
-0.00208947
-0.0090038
-0.000425042
-0.00953904
0.00124312
-0.0096628
0.00284449
-0.00934663
0.00430028
-0.0085924
0.00553898
-0.00742935
0.00649984
-0.00589207
0.00713064
-0.00405015
0.00739702
-0.00198456
0.0072843
0.000203093
0.00679494
0.00239296
0.00595119
0.00446812
0.00479761
0.0063072
0.00340536
0.00779955
0.00184933
0.00884901
0.000221197
0.00937971
-0.00137763
0.00934149
-0.00284449
0.00873176
-0.00408757
0.00757487
-0.00502593
0.0059387
-0.00560161
0.00392491
-0.00577154
0.00166253
-0.00553021
-0.000690805
-0.00490092
-0.00295495
-0.00392894
-0.00496762
-0.00269694
-0.00656764
-0.00130472
-0.00761947
0.00013212
-0.00803743
0.00149708
-0.00776227
0.00267257
-0.00682907
0.00355667
-0.00530435
0.00407483
-0.0033175
0.0041823
-0.00104466
0.00387699
0.00130467
0.0031911
0.0034986
0.00219517
0.00532552
0.000996882
0.00659299
-0.000283391
0.00717373
-0.00150582
0.00697576
-0.00254293
0.00603168
-0.00328309
0.00443659
-0.00364601
0.00235789
-0.00359871
2.62867e-05
-0.00315315
-0.00228734
-0.0023672
-0.00431029
-0.00134119
-0.00579949
-0.00020497
-0.00657649
0.000895516
-0.00654179
0.00182542
-0.0056945
0.00247137
-0.00416653
0.00275841
-0.00216255
0.00266272
4.27861e-05
0.00221462
0.00214036
0.00149398
0.00384001
0.000618725
0.00490901
-0.000275162
0.00521899
-0.00105155
0.00473002
-0.00160069
0.00357472
-0.00185423
0.00196266
-0.00179757
0.000180257
-0.00146917
-0.0014742
-0.000950881
-0.00273771
-0.00034934
-0.00343869
0.00022649
-0.0035187
0.000682133
-0.00302098
0.000957024
-0.00210881
0.00103269
-0.000998139
0.000931771
8.26847e-05
0.00070599
0.000945358
0.000422648
0.00147333
0.000144949
0.00163812
-7.69792e-05
0.00148625
-0.000215841
0.00111959
-0.000270606
0.000669065
-0.000258778
0.000245659
-0.000205888
-8.10032e-05
-0.000136524
-0.000288573
-6.65705e-05
-0.00039457
-0.000435438
-0.00699604
0.0141905
-0.0147214
0.0148786
-0.023483
0.0151338
-0.0334157
0.0142772
-0.0438471
0.0109728
-0.0523556
0.00385249
-0.0546324
-0.00708614
-0.046949
-0.0175434
-0.041317
-0.00805999
-0.0357462
-0.00412967
-0.0305525
-0.00240704
-0.0257222
-0.00258494
-0.021202
-0.0032704
-0.0171609
-0.00395027
-0.0139035
-0.0044057
-0.0113083
-0.00473835
-0.00918394
-0.00507323
-0.00735915
-0.00542639
-0.00571714
-0.0057848
-0.00415025
-0.00613232
-0.00254632
-0.00653462
-0.000779119
-0.0070831
0.00136904
-0.00771583
0.00398779
-0.00852939
0.00720525
-0.00930108
0.0108429
-0.0104153
0.0150808
-0.0118015
0.022671
-0.0165592
0.022938
-0.00673924
0.0197615
-0.000961129
0.0165174
0.000523251
0.013922
0.000451471
0.0125255
-0.000515962
0.0117497
-0.000982838
0.0114973
-0.00141265
0.0114639
-0.00151225
0.0115854
-0.00153948
0.0117432
-0.00142023
0.0119104
-0.0012563
0.0120763
-0.00102843
0.0122424
-0.00075683
0.0123671
-0.000421847
0.0124464
-4.12845e-05
0.0124739
0.000371067
0.0124404
0.000814673
0.0123443
0.001286
0.0121736
0.00178236
0.0119219
0.00230257
0.0115844
0.00283691
0.0111598
0.0033812
0.0106484
0.00392906
0.0100493
0.00447275
0.00936193
0.00500697
0.00859044
0.00552393
0.00773934
0.00601614
0.00681358
0.00647829
0.00581944
0.00689779
0.00476426
0.0072746
0.00365736
0.00759354
0.00250768
0.00785658
0.00132695
0.00804744
0.000126734
0.00816603
-0.0010799
0.00820325
-0.00227899
0.00815397
-0.00345674
0.00801672
-0.00459827
0.00778549
-0.00568863
0.00746029
-0.00671228
0.00703754
-0.00765377
0.00651752
-0.00849826
0.00590231
-0.0092318
0.00519974
-0.00984089
0.00440936
-0.0103129
0.00354073
-0.0106363
0.00260438
-0.0108089
0.00161109
-0.0108145
0.000565128
-0.0106532
-0.000513296
-0.0103239
-0.00160257
-0.00982514
-0.0026905
-0.00916204
-0.00375738
-0.00833884
-0.00478441
-0.00736715
-0.00575053
-0.00626047
-0.00663018
-0.00503457
-0.00741177
-0.00371098
-0.00806266
-0.00231152
-0.00857601
-0.000863395
-0.00892198
0.000606817
-0.00909326
0.00206868
-0.00907953
0.00348796
-0.00885927
0.0048349
-0.00843819
0.00607762
-0.00781365
0.00718338
-0.00698842
0.00812064
-0.00597806
0.00886522
-0.00479202
0.00939087
-0.00345204
0.00967877
-0.00198652
0.00972018
-0.000430428
0.00950688
0.0011798
0.00903599
0.00279939
0.00831506
0.00437809
0.0073583
0.00588025
0.00618602
0.00724733
0.00482679
0.00843595
0.0033274
0.00939634
0.00172279
0.010096
6.10614e-05
0.0104978
-0.00160311
0.0105676
-0.00321561
0.0102952
-0.00472269
0.00967483
-0.00606721
0.00870865
-0.00720169
0.00741712
-0.00807996
0.00583738
-0.00866535
0.00401018
-0.00893002
0.00199425
-0.00886156
-0.000140019
-0.0084535
-0.00231118
-0.00771526
-0.00443199
-0.00667098
-0.00641537
-0.0053565
-0.0081775
-0.00383401
-0.00962171
-0.00215465
-0.0106832
-0.000387422
-0.0113063
0.00137591
-0.0114261
0.00306203
-0.0110328
0.00459585
-0.0101262
0.00589622
-0.00872972
0.00689755
-0.0068934
0.00754895
-0.00470154
0.007814
-0.0022496
0.00767572
0.000341366
0.0071372
0.00293149
0.00622934
0.00537598
0.00499654
0.00754
0.00351118
0.00928491
0.00185425
0.0105059
0.000127957
0.011106
-0.00155312
0.0110226
-0.00309488
0.0102735
-0.00439728
0.00887726
-0.00537277
0.00691419
-0.00595759
0.00450972
-0.00611363
0.00181857
-0.00583571
-0.000968729
-0.005142
-0.00364867
-0.00409264
-0.00601697
-0.00277482
-0.00788546
-0.0012903
-0.00910399
0.000239766
-0.0095675
0.00168413
-0.00920664
0.00292072
-0.00806566
0.00384647
-0.0062301
0.00437943
-0.00385045
0.00447522
-0.00114045
0.00413181
0.00164808
0.00338697
0.00424344
0.00231709
0.00639541
0.00103753
0.00787255
-0.000322811
0.00853407
-0.00161647
0.00826942
-0.00270719
0.0071224
-0.00348008
0.00520947
-0.00385188
0.00272969
-0.00378718
-3.84117e-05
-0.00330052
-0.002774
-0.00245667
-0.00515413
-0.0013636
-0.00689257
-0.000159207
-0.00778088
0.000996436
-0.00769743
0.00196809
-0.00666616
0.00263516
-0.00483359
0.00291986
-0.00244725
0.00279958
0.000163065
0.00230821
0.00263173
0.00153378
0.00461444
0.000602675
0.00584012
-0.00033961
0.00616127
-0.00115026
0.00554067
-0.00171449
0.00413895
-0.00196241
0.00221058
-0.00188184
9.96841e-05
-0.00151747
-0.00183856
-0.000959029
-0.00329615
-0.000321412
-0.0040763
0.000279751
-0.00411987
0.000746338
-0.00348757
0.00101761
-0.00238008
0.00107711
-0.00105764
0.000952858
0.000206935
0.000702586
0.00119563
0.000399124
0.00177679
0.000109394
0.00192785
-0.000116188
0.00171183
-0.000249963
0.00125337
-0.000294988
0.000714091
-0.000271769
0.00022244
-0.000209885
-0.000142887
-0.000135666
-0.000362792
-6.48312e-05
-0.000465405
-0.000500269
-0.00718334
0.0213739
-0.0147427
0.022438
-0.0228712
0.0232622
-0.0319749
0.0233809
-0.0419799
0.0209778
-0.052687
0.0145595
-0.0626095
0.00283645
-0.0649301
-0.0152228
-0.0642835
-0.0596045
-0.053101
-0.0466722
-0.0408231
-0.0355483
-0.0306213
-0.0259181
-0.0214404
-0.0172046
-0.0132146
-0.00945839
-0.00598946
-0.00295275
-0.000430636
0.00139667
0.00257351
0.00275739
0.00167881
0.00830485
-0.0231853
0.00983215
-0.00826654
0.00990415
-0.00103313
0.0102011
0.000226311
0.0101984
0.000454141
0.0101444
-0.000461906
0.0100806
-0.000919045
0.0101111
-0.00144317
0.0102453
-0.00164649
0.0104691
-0.00176329
0.0107797
-0.00173083
0.0111154
-0.00159196
0.0114567
-0.00136969
0.0117617
-0.00106185
0.0120219
-0.000682028
0.0122284
-0.000247782
0.0123636
0.000235855
0.0124216
0.000756658
0.0123896
0.00131796
0.0122646
0.0019074
0.0120449
0.00252228
0.0117295
0.00315226
0.0113172
0.00379356
0.010808
0.00443828
0.0102028
0.00507795
0.00950465
0.00570508
0.00871664
0.00631194
0.0078431
0.00688968
0.00689053
0.00743087
0.00586575
0.00792256
0.00477673
0.00836362
0.00363331
0.00873696
0.00244507
0.00904482
0.0012242
0.00926831
-1.71279e-05
0.00940736
-0.00126514
0.00945126
-0.00250534
0.00939417
-0.00372315
0.00923453
-0.00490283
0.00896518
-0.00602881
0.00858626
-0.00708542
0.00809415
-0.00805596
0.00748806
-0.00892619
0.00677253
-0.00968128
0.00595484
-0.0103068
0.00503487
-0.0107896
0.0040235
-0.0111196
0.00293442
-0.0112847
0.00177615
-0.0112822
0.000562627
-0.011108
-0.000687509
-0.0107562
-0.00195434
-0.0102283
-0.00321842
-0.00952904
-0.0044566
-0.00866474
-0.00564871
-0.0076473
-0.00676797
-0.00648788
-0.00778959
-0.00520863
-0.00869103
-0.00382671
-0.00944458
-0.00236617
-0.0100365
-0.000856219
-0.0104319
0.000677386
-0.0106269
0.00219938
-0.0106015
0.00367785
-0.0103377
0.00507941
-0.00983975
0.00637027
-0.00910451
0.00751765
-0.00813581
0.00849004
-0.00695045
0.00925794
-0.00555992
0.00979919
-0.00399329
0.0100938
-0.00228112
0.0101297
-0.000466315
0.00989731
0.00141216
0.00940007
0.00329663
0.00863749
0.00514067
0.00763459
0.00688315
0.00640873
0.00847318
0.00499135
0.00985333
0.00341855
0.0109691
0.00174385
0.0117707
1.7397e-05
0.0122243
-0.0017136
0.0122986
-0.00339041
0.011972
-0.00495118
0.0112356
-0.00634316
0.0101006
-0.00751645
0.00859041
-0.0084201
0.00674102
-0.00901811
0.00460819
-0.00928296
0.0022591
-0.00919761
-0.000225366
-0.00876223
-0.00274656
-0.00798348
-0.00521074
-0.00688786
-0.007511
-0.00552164
-0.00954371
-0.00393061
-0.0112127
-0.00217866
-0.0124351
-0.000353659
-0.0131313
0.00147887
-0.0132587
0.00322874
-0.0127826
0.00480914
-0.0117066
0.00614881
-0.0100694
0.00717624
-0.00792083
0.0078373
-0.0053626
0.00809471
-0.002507
0.00793432
0.000501751
0.00736047
0.00350534
0.00640015
0.0063363
0.00510823
0.00883192
0.0035534
0.0108397
0.00183678
0.0122226
4.97423e-05
0.012893
-0.00169567
0.012768
-0.00328807
0.0118659
-0.00462501
0.0102142
-0.00562091
0.00791009
-0.00620735
0.00509616
-0.00634852
0.00195974
-0.00603506
-0.00128219
-0.00529705
-0.00438667
-0.00419011
-0.00712392
-0.0028036
-0.00927197
-0.00125203
-0.0106556
0.000338005
-0.0111575
0.00183483
-0.0107035
0.00311226
-0.00934309
0.0040609
-0.00717874
0.00459894
-0.00438849
0.00468278
-0.00122429
0.00430759
0.00202326
0.00351615
0.00503488
0.00239359
0.00751796
0.00105258
0.00921356
-0.000359566
0.00994622
-0.00170056
0.00961042
-0.00282692
0.00824876
-0.00361851
0.00600106
-0.00399207
0.00310324
-0.00391079
-0.00011969
-0.00339196
-0.00329283
-0.002506
-0.00604009
-0.00136582
-0.00803275
-0.000118261
-0.00902844
0.00107676
-0.00889246
0.00207376
-0.00766315
0.00275098
-0.00551081
0.00302911
-0.00272538
0.00288671
0.000305466
0.00236167
0.00315677
0.00154719
0.00542893
0.000577057
0.00681025
-0.000396427
0.00713475
-0.00122714
0.00637138
-0.00179708
0.00470889
-0.00203537
0.00244887
-0.00193322
-2.46178e-06
-0.00153952
-0.00223226
-0.000950796
-0.00388488
-0.000288453
-0.00473865
0.00032684
-0.00473516
0.000796722
-0.00395745
0.00106004
-0.0026434
0.00110301
-0.0011006
0.000958419
0.000351526
0.000689233
0.00146482
0.000371653
0.00209437
7.48617e-05
0.00222464
-0.000150002
0.00193669
-0.00027676
0.00138013
-0.000311215
0.000748546
-0.000278205
0.00018943
-0.000208934
-0.000212159
-0.000130954
-0.000440772
-6.11862e-05
-0.000535173
-0.000561456
0.00199165
0.0193822
0.00451276
0.0199169
0.00773793
0.020037
0.0116
0.0195189
0.0149588
0.017619
0.0161744
0.0133439
0.0120898
0.00692108
-0.00313304
-0.00914354
-0.0140417
-0.0103445
-0.00706562
-0.00649396
-0.00488363
-0.0028591
-0.00340855
0.000611205
-0.00301617
0.00315923
-0.00300993
0.00522346
-0.00298327
0.0067854
-0.00300511
0.00805194
-0.00291303
0.0090589
-0.00277025
0.00986137
-0.00253329
0.01053
-0.00226055
0.0110797
-0.00191946
0.0115238
-0.00150593
0.0118799
-0.00103812
0.0121488
-0.000516732
0.0123262
5.84583e-05
0.0124104
0.000672462
0.0124013
0.00132706
0.0122943
0.00201443
0.0120887
0.00272788
0.0117812
0.00345979
0.0113724
0.00420235
0.0108629
0.00494773
0.0102543
0.00568656
0.00954908
0.00641032
0.00875095
0.00711007
0.00786543
0.0077752
0.00689782
0.00839848
0.00585617
0.00896422
0.00474844
0.00947135
0.00358473
0.00990067
0.00237544
0.0102541
0.0011329
0.0105108
-0.000130441
0.0106707
-0.00140049
0.0107213
-0.00266222
0.0106559
-0.00390119
0.0104735
-0.00510077
0.0101648
-0.00624551
0.00973101
-0.00731841
0.00916705
-0.00830399
0.00847365
-0.00918587
0.00765441
-0.00994943
0.0067184
-0.0105805
0.00566592
-0.011066
0.00450905
-0.0113951
0.00326347
-0.0115576
0.00193872
-0.0115502
0.000555146
-0.0113627
-0.000875004
-0.0109959
-0.00232114
-0.0104495
-0.00376485
-0.00972851
-0.00517754
-0.00883946
-0.00653776
-0.00779436
-0.00781307
-0.00660552
-0.00897843
-0.00529273
-0.0100038
-0.00387606
-0.0108613
-0.00237899
-0.0115336
-0.000829507
-0.0119814
0.000735761
-0.0121921
0.00229061
-0.0121564
0.00380167
-0.0118488
0.00523362
-0.0112717
0.00655132
-0.0104222
0.0077208
-0.00930528
0.00871032
-0.00793997
0.0094912
-0.0063408
0.0100378
-0.00453987
0.0103352
-0.00257849
0.0103646
-0.000495727
0.0101195
0.0016572
0.00960189
0.00381427
0.00881707
0.00592549
0.00778213
0.00791809
0.00652192
0.0097334
0.00506768
0.0113076
0.00346047
0.0125764
0.00174486
0.0134863
-2.41431e-05
0.0139933
-0.00179395
0.0140684
-0.00350182
0.0136799
-0.00509284
0.0128266
-0.00651239
0.0115202
-0.00770174
0.00977976
-0.00861668
0.00765597
-0.00921918
0.00521068
-0.00947877
0.0025187
-0.00938232
-0.000321821
-0.00892366
-0.00320521
-0.00811908
-0.00601531
-0.0069954
-0.00863468
-0.00559078
-0.0109483
-0.00396113
-0.0128424
-0.0021716
-0.0142246
-0.000309067
-0.0149938
0.00155936
-0.0151271
0.00333684
-0.0145601
0.00494259
-0.0133124
0.00629626
-0.0114231
0.00733268
-0.00895725
0.00799248
-0.0060224
0.00824081
-0.00275534
0.0080609
0.00068166
0.00745851
0.00410773
0.00646777
0.00732705
0.00514004
0.0101596
0.00355095
0.0124288
0.00178921
0.0139843
-2.97839e-05
0.014712
-0.0018045
0.0145427
-0.00341886
0.0134803
-0.00477031
0.0115656
-0.00576966
0.00890945
-0.00635058
0.00567709
-0.00647375
0.00208291
-0.00613643
-0.00161951
-0.00536145
-0.00516165
-0.00421497
-0.0082704
-0.00279081
-0.0106961
-0.00120103
-0.0122453
0.000422335
-0.0127809
0.00194612
-0.0122272
0.00324219
-0.0106392
0.00419928
-0.00813583
0.00473439
-0.0049236
0.00480393
-0.00129383
0.00440585
0.00242134
0.00358315
0.00585757
0.00242624
0.00867488
0.00105097
0.0105888
-0.000391448
0.0113886
-0.00175689
0.0109759
-0.00289948
0.00939136
-0.00369772
0.0067993
-0.00406601
0.00347153
-0.00397024
-0.000215453
-0.00342962
-0.00383346
-0.00251541
-0.0069543
-0.00134731
-0.00920084
-6.91493e-05
-0.0103066
0.00113544
-0.010097
0.00214178
-0.00866948
0.0028186
-0.00618764
0.00308677
-0.00299356
0.00292578
0.000466461
0.00237692
0.00370562
0.00153706
0.0062688
0.00054441
0.00780289
-0.000443549
0.00812271
-0.00128101
0.00720885
-0.00184775
0.00527563
-0.00207401
0.00267513
-0.00195274
-0.000123731
-0.00153756
-0.00264745
-0.000929333
-0.0044931
-0.000253891
-0.00541409
0.000365802
-0.00535485
0.000831896
-0.00442355
0.00108401
-0.00289552
0.00111156
-0.00112815
0.000950186
0.000512904
0.000667166
0.00174784
0.000341213
0.00242032
4.26139e-05
0.00252324
-0.000177694
0.002157
-0.000296119
0.00149855
-0.000320777
0.000773204
-0.000278719
0.000147372
-0.000203578
-0.000287299
-0.000124675
-0.000519674
-5.71002e-05
-0.000602748
-0.000618556
0.00160463
0.0177776
0.00333935
0.0181822
0.00503247
0.0183439
0.00663341
0.0179179
0.00737512
0.0168773
0.00708089
0.0136381
0.00461185
0.00939013
0.0014788
-0.00225486
-0.0117869
-0.00183882
-0.00748167
-0.000258782
-0.00646366
0.00142359
-0.00509092
0.00315748
-0.00475005
0.00452078
-0.00437323
0.00575606
-0.00421855
0.00680253
-0.00405158
0.00776762
-0.00387813
0.00863659
-0.00363922
0.0094269
-0.0033236
0.0101186
-0.00295228
0.010705
-0.00250583
0.0112097
-0.00201058
0.0116173
-0.00144573
0.0119282
-0.000827719
0.0121446
-0.000157861
0.0122602
0.000556829
0.0122747
0.00131255
0.0121863
0.00210285
0.011994
0.00292017
0.011697
0.0037568
0.0112959
0.00460349
0.0107913
0.00545228
0.0101857
0.00629213
0.00948193
0.00711413
0.00868425
0.00790775
0.00779716
0.00866229
0.00682725
0.00936838
0.00578354
0.0100079
0.00467346
0.0105814
0.00350647
0.0110677
0.00229383
0.0114667
0.00104796
0.0117567
-0.00021842
0.0119371
-0.00149133
0.0119942
-0.00275613
0.0119207
-0.00399732
0.0117147
-0.00519898
0.0113664
-0.00634496
0.010877
-0.00741876
0.0102409
-0.00840413
0.00945902
-0.00928457
0.00853485
-0.0100463
0.00748008
-0.0106738
0.00629345
-0.0111564
0.00499171
-0.0114815
0.00358852
-0.0116402
0.00209743
-0.0116231
0.000538013
-0.0114296
-0.00106842
-0.0110546
-0.00269621
-0.0105002
-0.00431919
-0.00977004
-0.00590773
-0.00887128
-0.00743651
-0.00781573
-0.00886863
-0.00661587
-0.0101783
-0.00529224
-0.0113274
-0.00386201
-0.0122915
-0.00235782
-0.0130378
-0.000800895
-0.0135383
0.00077632
-0.0137693
0.00234205
-0.0137221
0.00386191
-0.0133687
0.00530092
-0.0127107
0.0066238
-0.0117451
0.0077971
-0.0104786
0.0087892
-0.00893208
0.00957042
-0.00712201
0.0101168
-0.00508626
0.0104089
-0.00287055
0.0104324
-0.000519318
0.0101787
0.00191094
0.00965054
0.00434243
0.00885231
0.00672372
0.00780221
0.00896819
0.00653211
0.0110035
0.00506492
0.0127748
0.00344462
0.0141967
0.00171818
0.0152127
-6.31627e-05
0.0157746
-0.00183994
0.0158452
-0.00355607
0.015396
-0.00515391
0.0144245
-0.00657465
0.0129409
-0.00776238
0.0109675
-0.00867624
0.00856984
-0.00926945
0.00580389
-0.00952423
0.00277348
-0.00941756
-0.000428494
-0.00894898
-0.00367379
-0.00813159
-0.0068327
-0.00699294
-0.00977333
-0.00557433
-0.0123669
-0.00392781
-0.0144889
-0.00213657
-0.0160159
-0.000259489
-0.0168709
0.00161097
-0.0169975
0.00338868
-0.0163378
0.0049944
-0.0149181
0.00634503
-0.0127737
0.00737117
-0.00998339
0.00802092
-0.00667215
0.00825645
-0.00299087
0.00806196
0.000876151
0.00744728
0.00472241
0.00644075
0.00833358
0.00509365
0.0115067
0.00349491
0.0140276
0.00172894
0.0157503
-0.000100726
0.0165417
-0.00187612
0.0163181
-0.00348902
0.0150932
-0.00483459
0.0129112
-0.005823
0.00989786
-0.0063911
0.00624518
-0.00649758
0.00218939
-0.00613965
-0.00197744
-0.00534938
-0.00595192
-0.00418444
-0.00943534
-0.00274017
-0.0121404
-0.00113877
-0.0138467
0.000490567
-0.0144102
0.00201775
-0.0137544
0.00331231
-0.0119337
0.00426296
-0.00908647
0.0047887
-0.00544934
0.00484385
-0.00134898
0.00443069
0.00283449
0.00359121
0.00669706
0.00241795
0.00984814
0.00103213
0.0119747
-0.000416665
0.0128374
-0.00178492
0.0123441
-0.00292659
0.010533
-0.00371893
0.00759164
-0.00407789
0.00383049
-0.00397015
-0.000323191
-0.00341574
-0.00438787
-0.00248991
-0.00788013
-0.00131388
-0.0103769
-3.83127e-05
-0.0115822
0.00117105
-0.0113064
0.00217285
-0.00967128
0.00284023
-0.00685502
0.00309566
-0.00324898
0.00292024
0.000641884
0.00235747
0.00426839
0.0015061
0.00712017
0.00050677
0.00880222
-0.000479623
0.0091091
-0.00131163
0.00804085
-0.00186792
0.00583192
-0.00207999
0.00288721
-0.00194305
-0.000260669
-0.00151435
-0.00307615
-0.00089688
-0.00511058
-0.000218944
-0.00609203
0.000395748
-0.00596954
0.000852048
-0.00487985
0.00109078
-0.00313425
0.00110372
-0.00114109
0.000929694
0.000686925
0.000638598
0.00203893
0.000310432
0.00274849
1.39496e-05
0.00281972
-0.000198937
0.00236988
-0.000308329
0.00160795
-0.00032358
0.000788454
-0.000274453
9.82445e-05
-0.000195691
-0.000366061
-0.000116913
-0.000598452
-5.1729e-05
-0.000667932
-0.000670285
0.00138085
0.0163967
0.00285713
0.0167059
0.00443431
0.0167667
0.00608775
0.0162645
0.00732187
0.0156431
0.00755864
0.0134014
0.00549864
0.0114501
0.00697745
-0.00193932
-0.00984755
-0.00186507
-0.00755591
-0.000730712
-0.00759803
0.000693329
-0.00651496
0.00232909
-0.00638581
0.00379454
-0.00583868
0.00516559
-0.00558961
0.00633169
-0.00521767
0.00736567
-0.0049121
0.00827396
-0.00454751
0.00907908
-0.00412873
0.00979121
-0.00366441
0.0104009
-0.00311554
0.010921
-0.00253068
0.011341
-0.00186571
0.0116658
-0.00115254
0.0118933
-0.00038537
0.01202
0.000430178
0.0120446
0.00128797
0.0119651
0.0021823
0.0117823
0.003103
0.0114938
0.00404529
0.0111007
0.00499659
0.0106047
0.00594833
0.0100074
0.00688941
0.00931184
0.00780968
0.00852236
0.00869723
0.00764608
0.00953858
0.00668695
0.0103275
0.00565334
0.0110415
0.0045535
0.0116813
0.00340028
0.0122209
0.0022011
0.0126659
0.000968805
0.012989
-0.00028371
0.0131896
-0.00154275
0.0132533
-0.00279308
0.013171
-0.00402006
0.0129417
-0.00520734
0.0125537
-0.00633929
0.0120089
-0.00739929
0.0113009
-0.00837137
0.0104311
-0.00923959
0.00940307
-0.00998933
0.00822983
-0.0106069
0.00691097
-0.0110788
0.0054637
-0.0113954
0.00390511
-0.0115472
0.00224918
-0.0115263
0.00051715
-0.0113288
-0.00126595
-0.0109522
-0.0030728
-0.010398
-0.00487336
-0.00967034
-0.00663543
-0.0087754
-0.00833145
-0.00772551
-0.00991852
-0.00653349
-0.0113703
-0.00521902
-0.0126419
-0.00380177
-0.0137087
-0.00230626
-0.0145333
-0.00076119
-0.0150834
0.000804486
-0.015335
0.00235543
-0.015273
0.00386213
-0.0148754
0.00528726
-0.0141358
0.00659691
-0.0130547
0.00775751
-0.0116392
0.00873782
-0.00991238
0.00950701
-0.00789121
0.0100463
-0.00562552
0.0103307
-0.00315498
0.0103449
-0.000533471
0.0100898
0.00216601
0.00955744
0.00487478
0.00876243
0.00751873
0.0077177
0.0100129
0.00645006
0.0122711
0.00499124
0.0142336
0.00338152
0.0158064
0.00166828
0.0169259
-9.71954e-05
0.0175401
-0.0018586
0.0176066
-0.00355842
0.0170958
-0.00513777
0.0160038
-0.00653906
0.0143422
-0.00771022
0.0121387
-0.00860819
0.00946781
-0.00919027
0.00638597
-0.00943255
0.00301576
-0.00931891
-0.000542137
-0.00884608
-0.00414662
-0.0080283
-0.00765048
-0.00689319
-0.0109084
-0.0054816
-0.0137785
-0.00385148
-0.016119
-0.00207295
-0.0177944
-0.000206484
-0.0187373
0.00163356
-0.0188376
0.00339027
-0.0180945
0.0049701
-0.0164979
0.00630057
-0.0141042
0.00730763
-0.0109905
0.00793961
-0.00730413
0.00816106
-0.00321232
0.00795682
0.00108039
0.00733524
0.00534399
0.00632502
0.0093438
0.00499088
0.0128409
0.00339404
0.0156244
0.00164097
0.0175033
-0.000160515
0.0183432
-0.00191345
0.018071
-0.00350259
0.0166823
-0.0048232
0.0142318
-0.00579113
0.0108658
-0.00633736
0.00679141
-0.00643012
0.00228215
-0.00606
-0.00234755
-0.00526144
-0.00675048
-0.00409877
-0.010598
-0.00266319
-0.013576
-0.00107347
-0.0154365
0.000542507
-0.0160262
0.00205081
-0.0152627
0.00332651
-0.0132094
0.00425923
-0.0100192
0.00476869
-0.00595881
0.00481118
-0.00139147
0.00438918
0.0032565
0.00354765
0.00753859
0.00237503
0.0110208
0.00100115
0.0133485
-0.000434069
0.0142726
-0.00178625
0.0136963
-0.00291093
0.0116577
-0.00368732
0.00836803
-0.00403302
0.00417619
-0.00391576
-0.000440445
-0.00335812
-0.00494551
-0.00243375
-0.00880451
-0.0012655
-0.0115451
-1.04796e-05
-0.0128372
0.00118597
-0.0125029
0.00217016
-0.0106555
0.00282016
-0.00750501
0.0030608
-0.00348963
0.00287513
0.000827561
0.00230811
0.0048354
0.00145841
0.00796987
0.000468142
0.00979249
-0.000504392
0.0100816
-0.00132044
0.0088569
-0.00185996
0.00637144
-0.00205653
0.00308379
-0.00190782
-0.000409388
-0.00147305
-0.00351091
-0.000856005
-0.00572762
-0.000185042
-0.00676299
0.000416402
-0.00657099
0.000857883
-0.00532133
0.00108166
-0.00335803
0.00108171
-0.00114114
0.000899147
0.000869488
0.000605341
0.00233274
0.00027989
0.00307394
-7.49563e-06
0.00310711
-0.000213854
0.00257624
-0.000313872
0.00170796
-0.000320861
0.000795443
-0.00026627
4.36537e-05
-0.000185481
-0.00044685
-0.00010725
-0.000676683
-4.66093e-05
-0.000728573
-0.000716894
0.00100017
0.0153966
0.00206277
0.0156433
0.0031261
0.0157034
0.004097
0.0152936
0.0046992
0.0150409
0.00451522
0.0135854
0.00304695
0.0129184
0.0100244
-0.000181978
-0.00966557
0.000372363
-0.00811025
0.0011329
-0.00835856
0.00210588
-0.00748794
0.00315571
-0.00743564
0.00420816
-0.00689113
0.00525738
-0.00663883
0.0062551
-0.0062154
0.00718897
-0.00584597
0.00803398
-0.00539252
0.0087998
-0.00489455
0.00947485
-0.00433946
0.0100764
-0.00371709
0.0105804
-0.00303468
0.0110015
-0.00228684
0.0113255
-0.00147652
0.0115541
-0.000613918
0.0116829
0.000301313
0.011712
0.00125893
0.011639
0.00225529
0.0114618
0.00328021
0.0111823
0.00432479
0.0107995
0.00537939
0.0103148
0.00643296
0.00973148
0.00747275
0.00905137
0.00848979
0.00827985
0.00946876
0.00742044
0.010398
0.00648285
0.0112651
0.00547333
0.0120511
0.00439947
0.0127551
0.00327086
0.0133495
0.00209786
0.0138389
0.000893395
0.0141935
-0.00033047
0.0144135
-0.00156025
0.014483
-0.00278169
0.0143925
-0.0039794
0.0141394
-0.00513846
0.0137127
-0.00624321
0.0131137
-0.00727728
0.0123349
-0.00822491
0.0113787
-0.00907064
0.0102488
-0.00980009
0.00895928
-0.0103996
0.00751047
-0.010857
0.00592107
-0.0111624
0.00421057
-0.0113065
0.0023933
-0.0112825
0.000493119
-0.0110844
-0.00146402
-0.0107119
-0.00344538
-0.0101659
-0.00541935
-0.00945028
-0.007351
-0.00857138
-0.00921035
-0.00753911
-0.0109508
-0.00637233
-0.0125371
-0.0050839
-0.0139303
-0.00369478
-0.0150978
-0.00223033
-0.0159978
-0.000716282
-0.0165974
0.000816133
-0.0168674
0.00233459
-0.0167915
0.00380855
-0.0163493
0.00520264
-0.0155299
0.00648298
-0.0143351
0.00761686
-0.0127731
0.00857197
-0.0108675
0.00932525
-0.00864449
0.00984725
-0.00614752
0.0101212
-0.00342896
0.0101318
-0.000544072
0.00987476
0.00242309
0.00934638
0.00540316
0.00856434
0.00830077
0.00753572
0.0110415
0.00628718
0.0135197
0.00485873
0.015662
0.00328006
0.0173851
0.00160143
0.0186046
-0.000126952
0.0192685
-0.00184992
0.0193296
-0.00351106
0.018757
-0.00505299
0.0175457
-0.00641913
0.0157083
-0.00756243
0.013282
-0.00843217
0.0103375
-0.00899609
0.00694988
-0.00922264
0.00324231
-0.0091056
-0.000659181
-0.00863575
-0.00461646
-0.00782891
-0.00845732
-0.00671212
-0.0120252
-0.00532425
-0.0151664
-0.00373297
-0.0177103
-0.00198983
-0.0195376
-0.00017267
-0.0205545
0.00162918
-0.0206394
0.00334407
-0.0198094
0.00488349
-0.0180373
0.00617486
-0.0153955
0.00715157
-0.0119672
0.00775974
-0.00791229
0.0079662
-0.00341878
0.00775591
0.00129068
0.00713607
0.00596383
0.00614515
0.0103347
0.00483021
0.0141558
0.00327109
0.0171835
0.00155448
0.01922
-0.000209067
0.0201067
-0.00191845
0.0197804
-0.00346457
0.0182285
-0.00474786
0.0155151
-0.00568269
0.0118006
-0.00620545
0.00731416
-0.00628182
0.00235852
-0.00590983
-0.00271954
-0.00511609
-0.00754422
-0.00396673
-0.0117474
-0.00255377
-0.0149889
-0.000993935
-0.0169963
0.000578763
-0.0175989
0.00205012
-0.0167341
0.00329194
-0.0144512
0.0041963
-0.0109236
0.00468413
-0.00644664
0.00471582
-0.00142317
0.00429152
0.0036808
0.00346072
0.00836939
0.00230556
0.0121759
0.000958516
0.0146956
-0.000443805
0.015675
-0.00176353
0.015016
-0.00285841
0.0127526
-0.00361029
0.00911991
-0.00393973
0.00450563
-0.00381626
-0.000563917
-0.00326202
-0.00549975
-0.00235315
-0.00971338
-0.00120816
-0.0126901
1.69049e-05
-0.0140623
0.00118216
-0.0136681
0.0021377
-0.011611
0.00276392
-0.00813123
0.00298895
-0.00371466
0.00279717
0.00101934
0.00223443
0.00539815
0.00139774
0.00880656
0.000426508
0.0107637
-0.000518246
0.0110264
-0.00130962
0.00964827
-0.00182755
0.00688936
-0.00200818
0.00326442
-0.00185148
-0.000566085
-0.00141729
-0.00394511
-0.0008092
-0.00633571
-0.000153281
-0.00741891
0.000428057
-0.00715233
0.000850918
-0.00574419
0.00105897
-0.00356608
0.00104805
-0.00113022
0.000860837
0.0010567
0.000568643
0.00262493
0.000250143
0.00339244
-2.70954e-05
0.00338435
-0.000223053
0.0027722
-0.00031381
0.00179872
-0.000313494
0.000795127
-0.000254681
-1.51588e-05
-0.000173543
-0.000527989
-9.80028e-05
-0.000752223
-4.15764e-05
-0.000784999
-0.000758471
0.000677443
0.0147191
0.00137702
0.0149438
0.00204873
0.0150317
0.00258151
0.0147608
0.00289062
0.0147318
0.00266771
0.0138083
0.00184969
0.0137364
0.0118741
9.34814e-05
-0.00975905
0.000755058
-0.00877183
0.0014663
-0.0090698
0.00237364
-0.00839528
0.00329842
-0.00836042
0.00425451
-0.00784721
0.0051935
-0.00757783
0.00610153
-0.00712343
0.00695648
-0.00670092
0.00775112
-0.00618716
0.00848089
-0.00562431
0.00913178
-0.00499035
0.00970485
-0.00429016
0.0101935
-0.00352333
0.010594
-0.00268737
0.0109097
-0.00179215
0.0111322
-0.000836409
0.0112598
0.000173637
0.0112884
0.0012304
0.0112178
0.00232591
0.0110485
0.00344949
0.0107775
0.00459575
0.0104062
0.00575069
0.00993744
0.00690174
0.00937267
0.00803752
0.0087138
0.00914866
0.00796713
0.0102154
0.00713599
0.0112291
0.00622751
0.0121736
0.00525022
0.0130284
0.00421125
0.0137941
0.00312016
0.0144406
0.00198656
0.0149725
0.000822296
0.0153577
-0.000360659
0.0155964
-0.00154883
0.0156712
-0.00272879
0.0155724
-0.00388634
0.015297
-0.0050052
0.0148316
-0.0060718
0.0141803
-0.00706946
0.0133326
-0.00798361
0.0122929
-0.00879881
0.011064
-0.00950073
0.00966121
-0.0100767
0.00808646
-0.0105154
0.00635973
-0.0108073
0.00450247
-0.0109436
0.00252958
-0.0109174
0.000466914
-0.0107215
-0.0016599
-0.0103578
-0.00380911
-0.00982648
-0.00595064
-0.00913163
-0.00804585
-0.00827919
-0.0100628
-0.00728025
-0.0119497
-0.00614744
-0.0136699
-0.00489893
-0.0151789
-0.00355268
-0.0164441
-0.00213444
-0.017416
-0.000668418
-0.0180635
0.000814349
-0.0183502
0.00228491
-0.0182621
0.00370852
-0.0177729
0.0050576
-0.016879
0.00629533
-0.0155728
0.00738977
-0.0138675
0.00831455
-0.0117923
0.00903947
-0.00936941
0.00954163
-0.00664968
0.00980253
-0.00368985
0.0098094
-0.000550945
0.00955519
0.00267731
0.00904121
0.00591713
0.00827702
0.00906496
0.00727653
0.012042
0.00606606
0.0147302
0.00467791
0.0170502
0.00314793
0.018915
0.00152213
0.0202304
-0.000150215
0.0209408
-0.00181654
0.0209959
-0.00342206
0.0203625
-0.00491085
0.0190345
-0.00622732
0.0170248
-0.0073306
0.0143852
-0.00816505
0.011172
-0.00870547
0.00749031
-0.00892056
0.0034574
-0.00879602
-0.00078372
-0.00833678
-0.0050757
-0.00754994
-0.00924417
-0.00646265
-0.0131125
-0.00512329
-0.0165058
-0.00357854
-0.0192551
-0.00188911
-0.021227
-0.000138471
-0.0223051
0.00160442
-0.0223823
0.00325743
-0.0214624
0.00474191
-0.0195218
0.00598283
-0.0166364
0.00691877
-0.0129031
0.00749906
-0.00849258
0.00768995
-0.00360968
0.00747602
0.00150461
0.00686972
0.00657013
0.00590674
0.0112977
0.00462449
0.0154381
0.00311712
0.0186909
0.0014592
0.0208779
-0.000245806
0.0218117
-0.00189433
0.0214289
-0.00338348
0.0197176
-0.00461728
0.0167489
-0.00551068
0.012694
-0.00600721
0.00781069
-0.00606953
0.00242084
-0.00569871
-0.00309036
-0.00492404
-0.00831889
-0.00380425
-0.0128672
-0.00243068
-0.0163625
-0.000921312
-0.0185057
0.000599228
-0.0191195
0.00201966
-0.0181545
0.00321571
-0.0156473
0.00408312
-0.011791
0.00454625
-0.00690977
0.00456873
-0.00144565
0.00414889
0.00410063
0.00333746
0.00918083
0.00221383
0.0132995
0.000905998
0.0160034
-0.000446203
0.0170272
-0.00171981
0.0162896
-0.00277447
0.0138072
-0.00349522
0.00984066
-0.00380607
0.00481648
-0.00367869
-0.000691299
-0.00313637
-0.00604206
-0.0022511
-0.0105987
-0.00114031
-0.0138009
3.99733e-05
-0.0152425
0.00116206
-0.0147902
0.00208026
-0.0125292
0.00267777
-0.00872873
0.00288627
-0.00392317
0.00269211
0.0012135
0.0021408
0.00594946
0.00132727
0.00962009
0.000387432
0.0117036
-0.000522145
0.011936
-0.00128193
0.0104081
-0.00177449
0.00738193
-0.00193925
0.00342917
-0.00177799
-0.000727346
-0.00135065
-0.00437245
-0.000759131
-0.00692723
-0.000124232
-0.00805381
0.000431547
-0.00770811
0.00083293
-0.00614557
0.00102489
-0.00375804
0.00100499
-0.00111032
0.000816572
0.00124513
0.000529918
0.00291159
0.000221871
0.00370048
-4.26917e-05
0.00364891
-0.000227093
0.0029566
-0.000308838
0.00188047
-0.000302515
0.000788803
-0.000241551
-7.61232e-05
-0.00016103
-0.000608509
-8.88915e-05
-0.000824361
-3.62076e-05
-0.000837683
-0.000794678
0.000450968
0.0142682
0.000905792
0.0144889
0.00133297
0.0146045
0.00163033
0.0144635
0.00180537
0.0145568
0.00161009
0.0140035
0.00116451
0.014182
0.0130386
0.000362783
-0.0101218
0.00107398
-0.00948302
0.001737
-0.00973282
0.00256744
-0.00922572
0.0033776
-0.00917058
0.00424054
-0.00871016
0.0050882
-0.00842548
0.00591607
-0.0079513
0.0067045
-0.00748935
0.00744833
-0.006931
0.00812878
-0.00630476
0.00874298
-0.00560455
0.00928426
-0.00483144
0.00974374
-0.00398281
0.0101307
-0.00307432
0.0104284
-0.00208985
0.0106413
-0.00104937
0.0107641
5.08816e-05
0.0107906
0.00120389
0.0107233
0.0023932
0.0105587
0.0036141
0.0102978
0.00485663
0.00994179
0.00610673
0.00949114
0.00735239
0.00894945
0.00857921
0.0083164
0.00978172
0.0076002
0.0109316
0.00680257
0.0120268
0.00593154
0.0130446
0.00499539
0.0139645
0.00400019
0.0147893
0.00295546
0.0154853
0.00187005
0.0160579
0.000755495
0.0164723
-0.000376699
0.0167286
-0.00151364
0.0168081
-0.00264239
0.0167012
-0.00375058
0.0164051
-0.00481958
0.0159006
-0.00583978
0.0152005
-0.00679159
0.0142844
-0.0076666
0.0131679
-0.00844397
0.0118414
-0.00911411
0.0103313
-0.00966231
0.00863467
-0.0100779
0.00677534
-0.0103558
0.00478035
-0.0104837
0.00265752
-0.0104576
0.000440796
-0.0102653
-0.00185222
-0.00991403
-0.00416037
-0.00940262
-0.00646205
-0.00873507
-0.0087134
-0.00791739
-0.0108805
-0.00695834
-0.0129088
-0.00587183
-0.0147564
-0.00467341
-0.0163773
-0.00338368
-0.0177338
-0.00202277
-0.0187769
-0.000619059
-0.0194672
0.000801531
-0.0197708
0.00221011
-0.0196706
0.0035752
-0.019138
0.00486409
-0.0181679
0.00604867
-0.0167574
0.00709727
-0.0149161
0.00798144
-0.0126764
0.00867323
-0.0100612
0.00915075
-0.0071272
0.00939719
-0.00393629
0.00940108
-0.000554831
0.00915289
0.00292549
0.0086562
0.00641383
0.00791993
0.00980123
0.00695762
0.0130043
0.00579581
0.015892
0.00445786
0.0183881
0.00299276
0.0203801
0.00143427
0.0217889
-0.000167209
0.0225423
-0.00176245
0.0225911
-0.00329913
0.0218992
-0.00472224
0.0204577
-0.0059816
0.0182842
-0.0070331
0.0154367
-0.00782645
0.0119653
-0.0083395
0.00800337
-0.00854136
0.00365925
-0.00841609
-0.00090899
-0.0079683
-0.00552349
-0.00720964
-0.0100028
-0.00616674
-0.0141554
-0.00488184
-0.0177907
-0.00339897
-0.0207379
-0.00177683
-0.0228491
-0.000106248
-0.0239757
0.00156023
-0.0240488
0.00313811
-0.0230403
0.00455624
-0.0209399
0.00573965
-0.0178198
0.00662741
-0.0137909
0.00717465
-0.00903982
0.00735022
-0.00378524
0.00713909
0.00171574
0.00655414
0.00715508
0.0056237
0.0122281
0.00439432
0.0166675
0.00294016
0.0201451
0.00135599
0.022462
-0.000271754
0.0234395
-0.00184614
0.0230033
-0.00326789
0.0211393
-0.00444171
0.0179227
-0.00528971
0.013542
-0.00575571
0.0082767
-0.00580783
0.00247296
-0.00544138
-0.00345681
-0.00469268
-0.00906758
-0.00361536
-0.0139445
-0.00229742
-0.0176805
-0.000849506
-0.0199536
0.00060615
-0.0205751
0.00196423
-0.0195126
0.00310539
-0.0167885
0.00392956
-0.0126151
0.00436622
-0.00734643
0.00438018
-0.00145961
0.00397067
0.00451014
0.00318634
0.00996516
0.00210595
0.0143799
0.000846886
0.0172625
-0.000441541
0.0183156
-0.00165921
0.0175073
-0.00266524
0.0148133
-0.0033498
0.0105252
-0.00364132
0.005108
-0.00351263
-0.000819992
-0.00298792
-0.00656678
-0.00213576
-0.0114508
-0.00106962
-0.0148671
5.83427e-05
-0.0163705
0.00112839
-0.0158602
0.00200253
-0.0134034
0.00256788
-0.00929409
0.00275995
-0.00411523
0.00256676
0.0014067
0.00203314
0.00648308
0.00125018
0.010403
0.000347461
0.0126063
-0.000517319
0.0128007
-0.00124041
0.0111311
-0.001705
0.00784651
-0.0018544
0.00357858
-0.00169179
-0.000889952
-0.00127631
-0.00478793
-0.000706422
-0.00749711
-0.000100304
-0.00865992
0.000427847
-0.00823626
0.000805863
-0.00652359
0.000981965
-0.00393414
0.00095508
-0.00108344
0.000768536
0.00143167
0.000490856
0.00318927
0.000195374
0.00399597
-5.44781e-05
0.00389876
-0.000226729
0.00312885
-0.000299924
0.00195366
-0.000288816
0.000777695
-0.00022701
-0.000137929
-0.00014846
-0.000687059
-7.91034e-05
-0.000893718
-3.15888e-05
-0.000885198
-0.000826267
0.000304105
0.0139641
0.000609037
0.014184
0.000894428
0.0143191
0.00106833
0.0142896
0.0011824
0.0144427
0.00101617
0.0141698
0.000775059
0.0144231
0.0138137
0.000455866
-0.0105777
0.00116981
-0.010197
0.00180922
-0.0103722
0.00258949
-0.010006
0.00333912
-0.00992021
0.00413962
-0.00951066
0.00491411
-0.00919996
0.00568267
-0.00871986
0.00641112
-0.0082178
0.0070997
-0.00761957
0.00774154
-0.00694659
0.00831535
-0.00617836
0.00882449
-0.00534058
0.00926341
-0.00442172
0.00962168
-0.00343259
0.00990326
-0.00237143
0.0101034
-0.00124949
0.0102144
-6.01362e-05
0.0102402
0.00117804
0.0101739
0.00245953
0.0100164
0.00377158
0.0097676
0.00510547
0.00942661
0.00644772
0.00899709
0.0077819
0.00847989
0.00909641
0.00787866
0.010383
0.00719662
0.0116137
0.00644126
0.0127821
0.00561099
0.0138749
0.00472132
0.0148542
0.00377664
0.015734
0.00278509
0.0164769
0.00175513
0.0170879
0.000697517
0.0175299
-0.000376622
0.0178028
-0.00145432
0.0178858
-0.00252836
0.0177752
-0.0035749
0.0174517
-0.00459033
0.016916
-0.00555802
0.0161682
-0.0064627
0.0151891
-0.00728636
0.0139916
-0.00802668
0.0125817
-0.00865965
0.0109643
-0.00917825
0.00915327
-0.00957114
0.00716824
-0.00982921
0.00503841
-0.00994756
0.00277587
-0.00991802
0.00041126
-0.00973474
-0.0020355
-0.00940012
-0.00449499
-0.00891366
-0.00694851
-0.00827883
-0.00934824
-0.00749795
-0.0116613
-0.00658859
-0.0138181
-0.00555679
-0.0157882
-0.00441493
-0.0175191
-0.0031927
-0.0189561
-0.00189647
-0.0200732
-0.000566401
-0.0207973
0.000781915
-0.0211191
0.00211868
-0.0210074
0.00341568
-0.020435
0.00463907
-0.0193913
0.00576255
-0.0178809
0.00675655
-0.0159101
0.00759386
-0.0135137
0.0082487
-0.0107161
0.0086989
-0.0075774
0.00892673
-0.00416412
0.00893354
-0.000561642
0.0086912
0.00316783
0.0082166
0.00688843
0.00751179
0.010506
0.00659609
0.01392
0.00549053
0.0169975
0.00421722
0.0196614
0.00282203
0.0217753
0.00134226
0.0232686
-0.000176942
0.0240615
-0.001691
0.0241052
-0.0031483
0.0233565
-0.00449632
0.0218057
-0.00569196
0.0194798
-0.00668384
0.0164286
-0.00743593
0.0127174
-0.0079166
0.00848403
-0.00810485
0.00384751
-0.00798199
-0.00103186
-0.00755209
-0.00595339
-0.00682797
-0.0107269
-0.00583631
-0.0151471
-0.00461121
-0.0190158
-0.00320187
-0.0221473
-0.00166164
-0.0243894
-7.74751e-05
-0.0255599
0.001501
-0.0256273
0.00299574
-0.0245351
0.00433758
-0.0222818
0.00545652
-0.0189388
0.00629432
-0.0146287
0.00680672
-0.00955221
0.00696766
-0.00394618
0.00676154
0.00192186
0.00619877
0.00771786
0.00530862
0.0131183
0.00414172
0.0178344
0.00275782
0.021529
0.00124734
0.0239725
-0.00028752
0.0249743
-0.00177919
0.024495
-0.00312444
0.0224846
-0.00423173
0.01903
-0.00503191
0.0143422
-0.00546428
0.00870907
-0.0055082
0.00251688
-0.00515247
-0.00381254
-0.00443346
-0.0097866
-0.00340654
-0.0149714
-0.00215173
-0.0189353
-0.000772955
-0.0213323
0.000602293
-0.0219504
0.00188898
-0.0207993
0.00296865
-0.0178681
0.00374573
-0.0133922
0.00415441
-0.00775511
0.00416109
-0.00146628
0.00376642
0.00490481
0.00301574
0.0107158
0.00198773
0.0154079
0.000788609
0.0184616
-0.000431092
0.0195353
-0.00158535
0.0186616
-0.00253707
0.015765
-0.00318208
0.0111702
-0.00345328
0.0053792
-0.00332591
-0.000947361
-0.00282218
-0.0070705
-0.00201107
-0.0122619
-0.000996371
-0.0158818
7.21919e-05
-0.017439
0.00108396
-0.016872
0.00190951
-0.0142289
0.0024402
-0.00982478
0.00261611
-0.00429114
0.00242664
0.00159617
0.00191526
0.00699445
0.00116935
0.011149
0.000311467
0.0134642
-0.000505232
0.0136174
-0.00118803
0.0118139
-0.0016231
0.00828158
-0.00175781
0.00371329
-0.00159658
-0.00105118
-0.00119695
-0.00518756
-0.000653577
-0.00804049
-7.71652e-05
-0.00923634
0.00041818
-0.0087316
0.000771739
-0.00687714
0.000932424
-0.00409483
0.000900354
-0.00105137
0.000718091
0.00161393
0.000451885
0.00345547
0.000171428
0.00427642
-6.28537e-05
0.00413304
-0.000222708
0.00328871
-0.000287985
0.00201894
-0.000273192
0.000762903
-0.000211685
-0.000199437
-0.000135938
-0.000762806
-7.06779e-05
-0.000958978
-2.75383e-05
-0.000928337
-0.000853805
0.00020855
0.0137555
0.000429922
0.0139626
0.000638749
0.0141103
0.000747495
0.0141808
0.000836029
0.0143542
0.000688718
0.0143171
0.000559843
0.014552
0.0143735
0.00047873
-0.0110564
0.00118855
-0.0109068
0.00179229
-0.010976
0.00254773
-0.0107614
0.003237
-0.0106095
0.0039864
-0.0102601
0.00470202
-0.00991558
0.00541522
-0.00943306
0.00610432
-0.0089069
0.00674621
-0.00826147
0.00733763
-0.00753802
0.00787451
-0.00671524
0.00835333
-0.0058194
0.00875929
-0.00482768
0.00908859
-0.00376189
0.00935419
-0.00263703
0.00954471
-0.00144
0.00964689
-0.00016232
0.00966875
0.00115618
0.00960381
0.00252447
0.0094519
0.00392349
0.00921492
0.00534245
0.00889634
0.0067663
0.00848863
0.00818961
0.00799743
0.00958761
0.00743155
0.0109488
0.00678504
0.0122602
0.00606942
0.0134977
0.00529235
0.014652
0.00445259
0.0156939
0.00356134
0.0166252
0.00262689
0.0174113
0.00165701
0.0180578
0.00066029
0.0185266
-0.00035233
0.0188154
-0.00136806
0.0189016
-0.00237186
0.018779
-0.00336146
0.0184413
-0.00431721
0.0178718
-0.00522539
0.0170763
-0.00607665
0.0160403
-0.00685597
0.0147709
-0.00754392
0.0132696
-0.00814003
0.0115604
-0.00862704
0.00964027
-0.00899543
0.00753663
-0.00923588
0.00527887
-0.00934448
0.00288447
-0.00931226
0.000379045
-0.00914138
-0.00220639
-0.00882516
-0.00481121
-0.00836537
-0.0074083
-0.00776536
-0.00994825
-0.00703563
-0.0123911
-0.00617472
-0.014679
-0.00520309
-0.0167599
-0.00413037
-0.0185918
-0.00297604
-0.0201104
-0.00175862
-0.0212906
-0.000502805
-0.0220531
0.000768468
-0.0223904
0.00202769
-0.0222666
0.00324496
-0.0216523
0.00439737
-0.0205437
0.00545503
-0.0189385
0.00639018
-0.0168453
0.00717734
-0.0143009
0.00779266
-0.0113314
0.00821517
-0.00799991
0.00842733
-0.00437628
0.00842271
-0.000557021
0.00819663
0.00339391
0.00774698
0.00733807
0.00707989
0.0111731
0.00621453
0.0147854
0.00517061
0.0180414
0.00396993
0.0208621
0.00265118
0.0230941
0.00125681
0.024663
-0.000173266
0.0254916
-0.00160008
0.025532
-0.00296833
0.0247247
-0.00423963
0.023077
-0.00536496
0.0206051
-0.00629179
0.0173554
-0.00700048
0.0134261
-0.00744749
0.00893104
-0.00761856
0.00401858
-0.00750268
-0.00114774
-0.00709649
-0.00635957
-0.0064116
-0.0114118
-0.00547376
-0.0160849
-0.00431725
-0.0201723
-0.00298703
-0.0234775
-0.0015447
-0.0258317
-4.8994e-05
-0.0270556
0.0014346
-0.0271109
0.00284114
-0.0259416
0.00409795
-0.0235386
0.00514856
-0.0199894
0.0059329
-0.015413
0.00641073
-0.01003
0.00655551
-0.00409095
0.00635688
0.00212048
0.00582134
0.0082534
0.00498048
0.0139591
0.00387789
0.0189369
0.00257631
0.0228305
0.00114894
0.0253999
-0.000292658
0.0264159
-0.00169517
0.0258975
-0.00295867
0.0237481
-0.00399758
0.0200689
-0.00474458
0.0150892
-0.00514591
0.0091104
-0.00517975
0.00255072
-0.00484112
-0.00415118
-0.00415779
-0.0104699
-0.00318469
-0.0159445
-0.00199836
-0.0201216
-0.000697425
-0.0226333
0.000589237
-0.023237
0.00179998
-0.02201
0.0028136
-0.0188817
0.00354087
-0.0141195
0.00392116
-0.00813539
0.00392057
-0.00146569
0.00354547
0.0052799
0.00283397
0.0114274
0.00186224
0.0163797
0.000729593
0.0195942
-0.00041564
0.0206805
-0.00150137
0.0197473
-0.00239551
0.0166591
-0.00299836
0.0117731
-0.00324857
0.0056294
-0.00312428
-0.00107165
-0.00264692
-0.00754786
-0.0018797
-0.0130291
-0.000923759
-0.0168377
8.19652e-05
-0.0184448
0.00103113
-0.0178212
0.00180539
-0.0150032
0.00230053
-0.0103199
0.0024604
-0.00445101
0.00227732
0.00177925
0.00179202
0.00747974
0.00108761
0.0118534
0.000277276
0.0142745
-0.000487381
0.0143821
-0.00112781
0.0124544
-0.00153243
0.0086862
-0.00165318
0.00383404
-0.00149582
-0.00120854
-0.0011153
-0.00556809
-0.000601491
-0.0085543
-5.97581e-05
-0.00977807
0.000403794
-0.00919515
0.000732414
-0.00720576
0.000878266
-0.00424068
0.000842535
-0.00101564
0.000666949
0.00178952
0.000414111
0.00370831
0.000150677
0.00453986
-6.8241e-05
0.00435196
-0.000215837
0.0034363
-0.000273808
0.00207691
-0.000256201
0.000745296
-0.000196075
-0.000259563
-0.000123986
-0.000834895
-6.27721e-05
-0.00102019
-2.31851e-05
-0.000967924
-0.00087699
0.000133311
0.000323111
0.000499053
0.000575107
0.000656001
0.000518162
0.000443669
0.000492435
0.00116735
0.00173305
0.00247226
0.00310202
0.00381522
0.00446591
0.0051394
0.00576756
0.00637714
0.00693977
0.00744865
0.00788627
0.00826337
0.00858011
0.00882621
0.00899771
0.00910334
0.00912381
0.00906218
0.00891887
0.00869519
0.00839165
0.00801144
0.00755526
0.00702158
0.00641832
0.00574767
0.00501729
0.00423221
0.00340051
0.00252698
0.00162005
0.000688749
-0.000256414
-0.00120554
-0.00214629
-0.00306834
-0.00396145
-0.00481079
-0.00560574
-0.00633083
-0.00697551
-0.00753183
-0.00798604
-0.00832805
-0.00855159
-0.0086515
-0.00861993
-0.00845904
-0.00816292
-0.00773585
-0.00717869
-0.0064984
-0.00569552
-0.00478691
-0.00379072
-0.00271271
-0.00157901
-0.000402241
0.00078069
0.00195636
0.00309387
0.00417232
0.00516241
0.00603714
0.00677205
0.00734982
0.00774559
0.00794386
0.00793684
0.00772265
0.00729802
0.006675
0.00586086
0.00487881
0.00376115
0.00252786
0.00122057
-0.000118166
-0.00145222
-0.0027336
-0.00392126
-0.00497204
-0.00583603
-0.00649864
-0.00691493
-0.00707296
-0.00696265
-0.00658284
-0.00594295
-0.00506678
-0.0039863
-0.00274518
-0.00140167
-7.00989e-06
0.00137643
0.00268919
0.00386369
0.00484396
0.00557472
0.00601809
0.00615003
0.00596033
0.00545544
0.00466696
0.00363226
0.00241331
0.00107716
-0.000267667
-0.00157796
-0.002757
-0.00372593
-0.00442069
-0.00479232
-0.00481922
-0.00450014
-0.00386031
-0.00294818
-0.00183858
-0.000621896
0.000576477
0.00170742
0.0026534
0.00333066
0.00368284
0.00367844
0.00332362
0.00265465
0.00174319
0.000680824
-0.000386888
-0.00140187
-0.00223646
-0.0027977
-0.00302896
-0.00290982
-0.00246169
-0.0017427
-0.000847412
8.93869e-05
0.00097401
0.00169591
0.00215559
0.00230111
0.00212592
0.00166877
0.0010076
0.000248728
-0.000462882
-0.00106013
-0.0014348
-0.00154333
-0.00139172
-0.00103268
-0.000551009
-4.31536e-05
0.000385648
0.000689751
0.000822013
0.000784544
0.00061697
0.000378589
0.00013168
-7.07525e-05
-0.000206613
-0.000258203
-0.000238927
-0.000180726
-0.000111874
-5.57716e-05
-1.97949e-05
)
;

boundaryField
{
    freeSurface
    {
        type            calculated;
        value           nonuniform List<scalar> 
181
(
0.0136222
0.0137728
0.0139343
0.0141048
0.0142733
0.0144549
0.0146265
0.0148172
-0.0115489
-0.0115817
-0.0115417
-0.0115006
-0.0112392
-0.0109733
-0.0105663
-0.0101065
-0.00953505
-0.00887104
-0.00810065
-0.00722412
-0.00625701
-0.00520478
-0.00407864
-0.00288312
-0.0016115
-0.000267949
0.00113571
0.00258611
0.00406679
0.00556614
0.00706984
0.00856982
0.0100438
0.0114825
0.0128634
0.0141684
0.0153823
0.016479
0.0174569
0.0182848
0.0189647
0.0194579
0.0197605
0.0198507
0.0197198
0.0193633
0.0187649
0.0179257
0.0168353
0.015496
0.0139143
0.0121168
0.0100945
0.00787864
0.0055024
0.00298439
0.00034748
-0.00236729
-0.00510733
-0.00783537
-0.0105054
-0.0130714
-0.0154819
-0.0176685
-0.019588
-0.0211884
-0.0224243
-0.0232298
-0.0235733
-0.0234423
-0.0227898
-0.0216221
-0.0199286
-0.01772
-0.0150358
-0.0119091
-0.00839568
-0.00457455
-0.000550002
0.0036081
0.0077627
0.0117961
0.0155995
0.0190235
0.0219798
0.0243274
0.0259703
0.0268303
0.0268661
0.0260061
0.0242646
0.0216559
0.0182194
0.0140887
0.00934733
0.00417661
-0.00125805
-0.00673939
-0.0120517
-0.0169611
-0.0212528
-0.0247186
-0.0271752
-0.0284502
-0.0284943
-0.0272544
-0.0247131
-0.0209697
-0.0161438
-0.0104734
-0.0042229
0.00231019
0.00875829
0.0147476
0.0199717
0.0240495
0.026736
0.0277608
0.0272078
0.0249271
0.0210379
0.015784
0.00948203
0.00257763
-0.00447026
-0.0111098
-0.0168566
-0.0212312
-0.02385
-0.0244354
-0.023141
-0.0198277
-0.0147967
-0.00848758
-0.00146129
0.00563472
0.0120963
0.0172911
0.0206566
0.0217482
0.0207623
0.0174937
0.0123343
0.00586067
-0.00119079
-0.007996
-0.0137481
-0.017733
-0.0193816
-0.0187058
-0.0157251
-0.0107796
-0.00459653
0.00195444
0.00793689
0.0125145
0.0150334
0.0150937
0.0130516
0.00906088
0.00394257
-0.00136015
-0.00592713
-0.00903596
-0.0102859
-0.00962396
-0.00750987
-0.00437294
-0.000978169
0.00195709
0.00394669
0.00478677
0.00455439
0.00357217
0.0021285
0.00072602
-0.000317764
-0.000903748
-0.00107629
-0.0010039
-0.000896785
)
;
    }
    walls
    {
        type            calculated;
        value           uniform 0;
    }
    floatingObject
    {
        type            calculated;
        value           nonuniform List<scalar> 
37
(
-0.00870663
-0.0088086
-0.00891056
-0.00901376
-0.00911946
-0.00922515
-0.00933271
-0.00944151
-0.00955094
-0.00966222
-0.00977476
-0.00988853
-0.0100036
-0.0101198
-0.0102379
-0.0103567
-0.0104779
-0.0105992
-0.0107229
0
0
0
0
-2.71051e-20
1.35525e-20
0
0
0
0
0
0
0
0
8.47033e-22
1.69407e-21
0
0
)
;
    }
    frontAndBack
    {
        type            empty;
    }
}


// ************************************************************************* //
