/*--------------------------------*- C++ -*----------------------------------*\
  =========                 |
  \\      /  F ield         | OpenFOAM: The Open Source CFD Toolbox
   \\    /   O peration     | Website:  https://openfoam.org
    \\  /    A nd           | Version:  12
     \\/     M anipulation  |
\*---------------------------------------------------------------------------*/
FoamFile
{
    format      ascii;
    class       surfaceScalarField;
    location    "15.1";
    object      phi;
}
// * * * * * * * * * * * * * * * * * * * * * * * * * * * * * * * * * * * * * //

dimensions      [1 0 -1 0 0 0 0];

internalField   nonuniform List<scalar> 
7429
(
2.77331e-05
-2.77333e-05
5.83132e-05
-3.05804e-05
8.84957e-05
-3.01828e-05
0.000117669
-2.9174e-05
0.000145109
-2.74396e-05
0.000169805
-2.46966e-05
0.000190738
-2.09336e-05
0.000206865
-1.61269e-05
0.000217063
-1.01986e-05
0.000219916
-2.85337e-06
0.000213851
6.06483e-06
0.000202445
1.14056e-05
0.000185912
1.65321e-05
0.00016441
2.15018e-05
0.000138039
2.63707e-05
0.000107245
3.07937e-05
7.25946e-05
3.46502e-05
3.49027e-05
3.76916e-05
-4.81582e-06
3.97182e-05
-4.54298e-05
4.06137e-05
-8.56624e-05
4.02323e-05
-0.000124181
3.85186e-05
-0.000159573
3.53918e-05
-0.000190484
3.09106e-05
-0.000215536
2.50515e-05
-0.00023375
1.82139e-05
-0.00024444
1.06894e-05
-0.000240993
-3.44671e-06
-0.000222226
-1.87672e-05
-0.000188741
-3.3485e-05
-0.000140623
-4.81178e-05
-7.80514e-05
-6.25722e-05
-1.27221e-06
-7.67793e-05
8.93487e-05
-9.06209e-05
0.000193265
-0.000103916
0.000309736
-0.000116471
0.000437681
-0.000127946
0.000576103
-0.000138422
0.000723714
-0.000147611
0.000879304
-0.00015559
0.00104133
-0.000162029
0.00120851
-0.000167182
0.00137861
-0.000170095
0.0015497
-0.00017109
0.00171928
-0.000169578
0.00188526
-0.000165979
0.00204462
-0.000159366
0.00219451
-0.000149888
0.00233244
-0.000137926
0.00245573
-0.000123296
0.00256181
-0.000106077
0.00264809
-8.62758e-05
0.0027128
-6.471e-05
0.00275288
-4.00775e-05
0.00276638
-1.35035e-05
0.00274638
2.00027e-05
0.00269492
5.14547e-05
0.00261115
8.37747e-05
0.00249541
0.000115735
0.0023475
0.000147917
0.00216832
0.00017918
0.00195844
0.000209873
0.00171925
0.000239196
0.00145191
0.000267337
0.0011585
0.000293407
0.000841425
0.000317079
0.000503682
0.000337743
0.000148833
0.000354849
-0.000218736
0.00036757
-0.000594844
0.000376108
-0.000974701
0.000379857
-0.00135289
0.00037819
-0.00172379
0.000370904
-0.00208182
0.000358022
-0.00242121
0.000339398
-0.00273566
0.000314445
-0.00301972
0.000284064
-0.00326731
0.000247589
-0.00347368
0.00020637
-0.00363335
0.000159673
-0.00374287
0.000109512
-0.00379846
5.55975e-05
-0.00379422
-4.24097e-06
-0.00372425
-6.99678e-05
-0.00359123
-0.000133024
-0.00339644
-0.00019479
-0.00314293
-0.000253507
-0.00283355
-0.000309381
-0.0024726
-0.000360957
-0.00206516
-0.000407437
-0.0016176
-0.000447553
-0.00113774
-0.000479864
-0.000634671
-0.00050307
-0.000118247
-0.000516425
0.000400389
-0.000518636
0.00090978
-0.000509391
0.00139805
-0.000488273
0.00185309
-0.00045504
0.00226342
-0.000410324
0.00261783
-0.000354414
0.00290616
-0.000288332
0.0031197
-0.000213541
0.00325187
-0.000132164
0.00329845
-4.65776e-05
0.00324617
5.22754e-05
0.00310052
0.000145647
0.00286695
0.000233576
0.00255162
0.000315329
0.00216281
0.000388808
0.00171105
0.000451761
0.0012104
0.000500651
0.000676366
0.000534034
0.000127143
0.000549222
-0.000418098
0.000545241
-0.000938936
0.000520838
-0.00141596
0.000477026
-0.00182983
0.000413871
-0.00216376
0.00033393
-0.00240295
0.000239187
-0.00253772
0.000134775
-0.00256086
2.31316e-05
-0.00245794
-0.000102919
-0.00224132
-0.000216619
-0.00192185
-0.000319464
-0.00151293
-0.000408926
-0.00103296
-0.000479971
-0.000504462
-0.000528495
4.61117e-05
-0.000550574
0.000589741
-0.000543629
0.00109713
-0.00050739
0.00153935
-0.000442215
0.00189094
-0.000351599
0.00212998
-0.00023904
0.00224142
-0.000111435
0.0022092
3.22234e-05
0.00203328
0.000175913
0.00172805
0.000305236
0.00131232
0.000415732
0.000809319
0.000502997
0.000251771
0.000557548
-0.000323603
0.000575374
-0.00087557
0.000551967
-0.00136487
0.000489304
-0.00175403
0.000389154
-0.00201334
0.000259312
-0.00212154
0.000108199
-0.00205741
-6.41245e-05
-0.00182796
-0.000229456
-0.00145406
-0.000373896
-0.00096316
-0.000490903
-0.000393744
-0.000569416
0.000207326
-0.00060107
0.00078645
-0.000579124
0.00129278
-0.000506328
0.00167876
-0.000385978
0.00190879
-0.000230029
0.001961
-5.22156e-05
0.00181368
0.000147318
0.00149148
0.000322205
0.00102597
0.000465511
0.000461368
0.000564599
-0.000145956
0.000607324
-0.000730628
0.000584672
-0.00123124
0.00050061
-0.00159433
0.000363093
-0.00178207
0.000187741
-0.0017724
-9.67418e-06
-0.00156684
-0.00020556
-0.00120001
-0.000366826
-0.000718603
-0.00048141
-0.000184733
-0.00053387
0.000331759
-0.000516492
0.00076271
-0.000430952
0.00105424
-0.000291525
0.0011729
-0.000118661
0.00110339
6.95023e-05
0.000870133
0.000233262
0.00051708
0.000353053
0.000105367
0.000411713
-0.000292905
0.000398271
-0.000608485
0.00031558
-0.00078785
0.000179365
-0.000801998
1.41475e-05
-0.00064112
-0.000160877
-0.00034089
-0.000300231
4.78213e-05
-0.000388711
0.00046001
-0.000412189
0.000821158
-0.000361148
0.00107109
-0.000249931
0.00117175
-0.00010066
0.00110934
6.24068e-05
0.000906931
0.000202411
0.000608438
0.000298492
0.000274605
0.000333833
-3.04106e-05
0.000305016
-0.000251612
0.000221201
-0.00035389
0.000102278
-0.000328716
-2.51733e-05
-0.000195931
-0.000132786
-0.000195931
0.000118438
-0.000146172
0.000244828
-0.000156971
0.000369809
-0.000155164
0.000491702
-0.000151068
0.00060907
-0.000144809
0.000720832
-0.000136459
0.000825919
-0.00012602
0.000923557
-0.000113766
0.0010133
-9.99387e-05
0.00109534
-8.48978e-05
0.00117044
-6.90393e-05
0.00123479
-5.29374e-05
0.00128793
-3.66076e-05
0.00132987
-2.04397e-05
0.00136176
-5.5234e-06
0.00138401
8.54441e-06
0.00139164
2.70158e-05
0.00138707
4.22697e-05
0.00137033
5.64522e-05
0.00134516
6.5787e-05
0.00131251
7.28835e-05
0.00127572
7.53085e-05
0.00123742
7.36862e-05
0.00120065
6.76781e-05
0.00116807
5.76365e-05
0.00114279
4.34943e-05
0.00112784
2.56342e-05
0.0011205
3.89993e-06
0.00111452
-1.2794e-05
0.00111525
-3.421e-05
0.00112661
-5.94819e-05
0.00115166
-8.76264e-05
0.00119226
-0.000117372
0.00124931
-0.000147676
0.00132299
-0.000177592
0.00141287
-0.000206348
0.00151811
-0.000233191
0.00163742
-0.000257733
0.00176925
-0.000279442
0.0019116
-0.000297937
0.00206233
-0.000312755
0.00221862
-0.000323481
0.00237827
-0.000329739
0.00253841
-0.000331233
0.00269645
-0.000327618
0.00284916
-0.000318682
0.00299425
-0.000304464
0.00312913
-0.000284764
0.00325074
-0.000259539
0.00335624
-0.000228792
0.00344309
-0.000192927
0.00350882
-0.000152009
0.00355077
-0.000106658
0.00356768
-5.69895e-05
0.00354805
6.13202e-06
0.00349518
7.28716e-05
0.00340852
0.000138114
0.0032884
0.000203893
0.00313481
0.000269327
0.00294814
0.000334591
0.00272886
0.000398455
0.0024778
0.000460932
0.00219576
0.000521239
0.00188452
0.000578577
0.00154577
0.000632162
0.00118225
0.000680598
0.000797209
0.00072278
0.000394609
0.00075745
-2.13518e-05
0.00078353
-0.000445428
0.000800185
-0.000872676
0.000807104
-0.00129697
0.000802481
-0.0017125
0.000786439
-0.00211314
0.000758658
-0.00249231
0.000718566
-0.00284342
0.000665565
-0.00316042
0.000601054
-0.00343715
0.000524319
-0.00366786
0.000437087
-0.00384725
0.000339059
-0.00397091
0.000233173
-0.00403476
0.000119445
-0.00403255
-6.44932e-06
-0.00396089
-0.000141624
-0.00382158
-0.000272337
-0.00361595
-0.000400414
-0.00334593
-0.000523533
-0.0030149
-0.000640413
-0.00262677
-0.000749083
-0.00218741
-0.000846795
-0.00170424
-0.000930727
-0.00118593
-0.000998169
-0.000642646
-0.00104636
-8.50413e-05
-0.00107403
0.000474556
-0.00107823
0.00102366
-0.0010585
0.00154932
-0.00101393
0.00203832
-0.000944038
0.00247817
-0.000850179
0.00285672
-0.000732961
0.00316249
-0.000594098
0.00338716
-0.000438215
0.00352126
-0.000266264
0.00356133
-8.66473e-05
0.00349649
0.000117119
0.00333229
0.000309843
0.00307303
0.00049284
0.00272474
0.000663621
0.00229648
0.000817066
0.00180008
0.000948157
0.00125055
0.00105018
0.000666006
0.00111858
6.59451e-05
0.00114928
-0.000527082
0.00113827
-0.00109287
0.00108663
-0.00160909
0.000993243
-0.00205586
0.00086064
-0.00241351
0.000691581
-0.0026671
0.000492775
-0.00280323
0.000270904
-0.00281785
3.77601e-05
-0.00269617
-0.000224604
-0.00245229
-0.000460495
-0.00209565
-0.00067611
-0.00164152
-0.00086305
-0.00110997
-0.00101153
-0.000525955
-0.00111251
8.07802e-05
-0.00115731
0.000677997
-0.00114085
0.00123415
-0.00106354
0.00171697
-0.000925041
0.00209849
-0.000733119
0.00235502
-0.000495567
0.00247131
-0.000227721
0.00242879
7.47408e-05
0.00223242
0.000372282
0.0018953
0.00064236
0.00143557
0.000875454
0.000881246
0.00105733
0.000267963
0.00117083
-0.000362945
0.00120628
-0.000967223
0.00115625
-0.00150068
0.00102276
-0.00192358
0.000812055
-0.00220293
0.000538661
-0.00231406
0.000219328
-0.00223988
-0.00013831
-0.00198817
-0.000481158
-0.00157796
-0.000784113
-0.00104065
-0.00102821
-0.000417943
-0.00119212
0.000236988
-0.001256
0.000866847
-0.00120898
0.00141419
-0.00105367
0.00182979
-0.000801578
0.00207284
-0.000473077
0.00212093
-0.000100306
0.00195737
0.000310873
0.00160583
0.000673748
0.00109824
0.000973099
0.000485428
0.00117741
-0.00017069
0.00126344
-0.000799008
0.00121299
-0.00133302
0.00103462
-0.00171527
0.000745342
-0.00190567
0.000378144
-0.00188042
-3.49246e-05
-0.00164866
-0.000437325
-0.00124321
-0.000772278
-0.000716621
-0.00100799
-0.000137542
-0.00111295
0.000416339
-0.00107037
0.000873014
-0.000887627
0.00117477
-0.00059328
0.00128641
-0.0002303
0.00119514
0.000160767
0.000927997
0.000500409
0.00053279
0.00074826
7.77584e-05
0.000866745
-0.000357107
0.000833137
-0.000698475
0.000656949
-0.000889026
0.000369916
-0.000899103
2.42242e-05
-0.000723037
-0.000336943
-0.000397637
-0.000625631
1.87739e-05
-0.000805121
0.00045856
-0.000851975
0.000838326
-0.000740914
0.00109596
-0.000507562
0.00119216
-0.000196858
0.00111622
0.000138346
0.00089322
0.000425407
0.0005722
0.000619512
0.000218996
0.000687037
-9.85782e-05
0.00062259
-0.000322638
0.000445261
-0.000417938
0.000197578
-0.000376992
-6.61197e-05
-0.000221859
-0.000287918
-0.00041779
0.000131526
-0.000277699
0.00026439
-0.000289835
0.000393255
-0.000284029
0.000515285
-0.000273098
0.000626857
-0.000256382
0.000723759
-0.000233362
0.00079981
-0.000202072
0.000849278
-0.000163234
0.000864785
-0.000115447
0.000840626
-6.0739e-05
0.000765347
6.23934e-06
0.000658706
5.37021e-05
0.000523246
9.88523e-05
0.000359361
0.000143445
0.000168192
0.000185645
-4.71179e-05
0.000223854
-0.000277156
0.000257053
-0.000518771
0.000283884
-0.000766163
0.000303844
-0.00101615
0.000315776
-0.00126237
0.000319105
-0.00150036
0.000313292
-0.00172528
0.000298605
-0.00193189
0.000274292
-0.00211613
0.000241878
-0.00227363
0.000200994
-0.00240185
0.000153847
-0.00249877
0.000100826
-0.00255707
4.54987e-05
-0.00255895
-3.23238e-05
-0.00250733
-0.000111105
-0.00241039
-0.000184569
-0.00227431
-0.000253444
-0.00210406
-0.000317934
-0.00190466
-0.000376988
-0.00167968
-0.000431326
-0.00142988
-0.000482993
-0.00115639
-0.000531223
-0.000860624
-0.000575209
-0.000546399
-0.000612161
-0.000217879
-0.000641275
0.000121276
-0.000662637
0.00046667
-0.000675132
0.000813978
-0.000678542
0.00115925
-0.00067289
0.00149667
-0.000656106
0.00182097
-0.000628759
0.00212817
-0.00059196
0.00241454
-0.000545916
0.00267684
-0.000491086
0.00290951
-0.000425596
0.00310567
-0.000348171
0.0032634
-0.000264384
0.00338301
-0.000176601
0.00346454
-7.53997e-05
0.00350269
3.47199e-05
0.003495
0.000145803
0.00344053
0.000258367
0.00333807
0.000371783
0.0031879
0.00048477
0.00298972
0.000596636
0.0027448
0.000705851
0.00245485
0.000811189
0.00212296
0.000910468
0.00175243
0.00100269
0.00134745
0.00108558
0.00091244
0.00115779
0.00045264
0.00121725
-2.62186e-05
0.00126239
-0.000517861
0.00129183
-0.00101559
0.00130483
-0.00151208
0.00129898
-0.00199967
0.00127402
-0.00247096
0.00122995
-0.00291784
0.00116545
-0.00333246
0.00108019
-0.00370678
0.000975371
-0.00403416
0.0008517
-0.00430649
0.000709414
-0.00451795
0.000550524
-0.00466171
0.000376932
-0.00473374
0.000191469
-0.00472793
-1.22547e-05
-0.00464169
-0.000227861
-0.00447593
-0.000438102
-0.00423215
-0.000644193
-0.00391183
-0.00084385
-0.00351838
-0.00103386
-0.00305687
-0.0012106
-0.0025345
-0.00136916
-0.00196037
-0.00150486
-0.00134481
-0.00161373
-0.000699874
-0.00169129
-3.90789e-05
-0.00173482
0.000623293
-0.0017406
0.00127228
-0.00170749
0.00189233
-0.00163398
0.00246755
-0.00151926
0.00298324
-0.00136587
0.0034238
-0.00117352
0.0037782
-0.000948501
0.00403358
-0.000693593
0.00418316
-0.000415848
0.00421451
-0.000117995
0.00412572
0.000205907
0.00392008
0.000515485
0.00360111
0.000811813
0.00317546
0.00108927
0.00265459
0.00133794
0.00205417
0.00154857
0.0013919
0.00171245
0.000689735
0.00182074
-2.90407e-05
0.00186806
-0.000739217
0.00184844
-0.00141378
0.00176119
-0.00202661
0.00160608
-0.00255284
0.00138687
-0.00297037
0.00110911
-0.00326037
0.000782774
-0.00341101
0.000421545
-0.00340711
3.38588e-05
-0.0032492
-0.000382515
-0.00294461
-0.000765079
-0.00250421
-0.00111651
-0.00194643
-0.00142083
-0.0012963
-0.00166166
-0.000586577
-0.00182223
0.000147954
-0.00189184
0.000869395
-0.00186229
0.00153728
-0.00173143
0.00211531
-0.00150307
0.00256872
-0.00118653
0.00287041
-0.000797252
0.00299852
-0.000355833
0.00293728
0.000135987
0.00269394
0.000615618
0.00228101
0.00105529
0.00172052
0.00143594
0.00104776
0.00173009
0.000304528
0.00191406
-0.000456088
0.0019669
-0.00118186
0.00188202
-0.00182027
0.00166117
-0.00232257
0.00131436
-0.00264971
0.000865795
-0.00277514
0.000344755
-0.00267763
-0.000235817
-0.0023706
-0.000788189
-0.00187413
-0.00128058
-0.00122532
-0.00167702
-0.000478475
-0.00193897
0.000304667
-0.00203914
0.00105414
-0.00195846
0.00170322
-0.00170275
0.00219112
-0.00128948
0.00247225
-0.000754208
0.00251529
-0.000143346
0.00231261
0.00051355
0.0018872
0.00109916
0.00127835
0.00158195
0.000548516
0.00190725
-0.000228119
0.00204008
-0.000966335
0.00195121
-0.00158735
0.00165564
-0.00202372
0.00118171
-0.00222962
0.000584043
-0.00217828
-8.6266e-05
-0.00188652
-0.000729092
-0.00139122
-0.00126757
-0.000757697
-0.00164152
-6.70058e-05
-0.00180364
0.000579758
-0.00171714
0.00110578
-0.00141365
0.00144193
-0.000929428
0.00154886
-0.000337234
0.00141621
0.000293418
0.00107661
0.000840011
0.00058915
0.00123572
3.49888e-05
0.00142091
-0.00048251
0.00135064
-0.000885002
0.00105944
-0.00110526
0.000590175
-0.00110663
2.55926e-05
-0.00089275
-0.000550823
-0.000504439
-0.00101394
-1.07248e-05
-0.00129884
0.000495277
-0.00135798
0.000927822
-0.00117346
0.00121317
-0.000792908
0.00130782
-0.000291514
0.00120428
0.000241891
0.000933747
0.00069594
0.000556302
0.000996957
0.000149513
0.00109383
-0.000207607
0.000979711
-0.000450676
0.000688329
-0.000541402
0.000288305
-0.000473956
-0.000133566
-0.000275192
-0.000486682
-0.000692982
0.000368799
-0.000646498
0.000746944
-0.000667981
0.00111939
-0.000656475
0.00148066
-0.000634365
0.00182403
-0.000599762
0.00214644
-0.000555768
0.00244235
-0.000497987
0.00271185
-0.000432728
0.00294867
-0.000352271
0.00315141
-0.000263479
0.00332278
-0.00016513
0.00344304
-6.65541e-05
0.0035129
2.89844e-05
0.00350093
0.000155421
0.00341529
0.000271282
0.00326449
0.000374654
0.0030561
0.000465446
0.00279943
0.00054055
0.00250459
0.000598683
0.00218305
0.000637316
0.00184573
0.00065642
0.00150427
0.000654753
0.00116907
0.000633809
0.000851059
0.000592299
0.000559087
0.00053385
0.000304803
0.000455277
9.1965e-05
0.000366686
-6.66966e-05
0.000259488
-0.00016988
0.000148682
-0.000224332
2.21279e-05
-0.00026248
-7.29578e-05
-0.000263145
-0.000183904
-0.000217893
-0.000298696
-0.00012251
-0.000413317
2.34411e-05
-0.000522939
0.000217392
-0.000625277
0.000453
-0.0007186
0.000723304
-0.000801527
0.00102107
-0.000872977
0.00134107
-0.000932161
0.00167782
-0.00097802
0.00202539
-0.00101021
0.00237816
-0.0010279
0.00273068
-0.00103106
0.00307653
-0.00101873
0.00341152
-0.000991103
0.00373073
-0.000947962
0.00402874
-0.000889977
0.00429988
-0.000817057
0.00454037
-0.000731575
0.00474574
-0.000630962
0.00491531
-0.000517742
0.00504084
-0.00038992
0.00512245
-0.000258206
0.0051593
-0.000112252
0.00513278
6.1239e-05
0.00505042
0.00022817
0.00491532
0.000393461
0.00472767
0.000559437
0.00448737
0.000725068
0.00419441
0.000889592
0.00384957
0.00105069
0.00345445
0.00120631
0.00301185
0.00135307
0.00252545
0.00148909
0.00199982
0.0016112
0.00144037
0.00171724
0.000852961
0.00180466
0.000244828
0.00187052
-0.000376443
0.0019131
-0.00100311
0.0019315
-0.00162632
0.00192218
-0.0022368
0.0018845
-0.00282562
0.00181877
-0.00338269
0.00172252
-0.00389856
0.00159606
-0.00436424
0.00144105
-0.00477049
0.00125795
-0.00510915
0.00104807
-0.00537271
0.00081409
-0.00555262
0.000556841
-0.00564304
0.000281881
-0.00563851
-1.67781e-05
-0.00553789
-0.000328487
-0.00534092
-0.000635067
-0.0050479
-0.000937212
-0.00466101
-0.00123075
-0.00418456
-0.0015103
-0.0036261
-0.00176906
-0.00299331
-0.00200194
-0.00229805
-0.00220012
-0.00155288
-0.00235891
-0.000772678
-0.00247149
2.63201e-05
-0.00253382
0.000826159
-0.00254044
0.00160863
-0.00248995
0.00235485
-0.0023802
0.00304513
-0.00220954
0.00366113
-0.00198187
0.00418686
-0.00169925
0.0046051
-0.00136675
0.0049004
-0.000988887
0.00506449
-0.000579939
0.00509362
-0.000147121
0.00497164
0.000327886
0.0047086
0.000778521
0.00430863
0.00121179
0.00377981
0.00161808
0.00313687
0.00198088
0.00239711
0.00228833
0.00158342
0.00252614
0.000723174
0.00268099
-0.00015416
0.00274539
-0.00101835
0.00271263
-0.00183583
0.00257868
-0.00257686
0.0023471
-0.00321079
0.0020208
-0.00371019
0.00160851
-0.00405318
0.00112577
-0.0042186
0.000586969
-0.0041922
7.45782e-06
-0.0039846
-0.000590123
-0.00359749
-0.00115218
-0.00304329
-0.00167071
-0.00234768
-0.00211644
-0.00154229
-0.00246706
-0.000664597
-0.00269992
0.000242224
-0.00279866
0.00112864
-0.00274871
0.00194725
-0.00255004
0.0026513
-0.00220712
0.0031997
-0.00173492
0.00355899
-0.00115655
0.0037013
-0.00049814
0.00361569
0.00022159
0.0033069
0.000924417
0.00278968
0.00157251
0.0020929
0.00213272
0.00126147
0.00256152
0.000347916
0.00282762
-0.000586754
0.00290157
-0.00147436
0.00276963
-0.00225169
0.0024385
-0.00286006
0.00192273
-0.00324901
0.00125475
-0.00339138
0.000487117
-0.0032634
-0.000363794
-0.00287971
-0.00117187
-0.00226529
-0.001895
-0.00146813
-0.00247418
-0.000554588
-0.00285251
0.000402337
-0.00299607
0.00131214
-0.00286825
0.00209397
-0.00248459
0.0026771
-0.0018726
0.00300445
-0.00108156
0.00304331
-0.000182206
0.00278636
0.000770495
0.0022601
0.00162543
0.00151558
0.00232646
0.000627157
0.00279567
-0.000310595
0.00297783
-0.00119567
0.00283628
-0.00193267
0.00239264
-0.00244111
0.00169015
-0.00266638
0.000809318
-0.00258195
-0.000170698
-0.00220902
-0.00110202
-0.00159419
-0.00188239
-0.000819187
-0.00241653
1.32801e-05
-0.00263611
0.000790927
-0.00249478
0.0014112
-0.00203392
0.00179513
-0.00131336
0.00189592
-0.000438022
0.0017089
0.000480439
0.00127361
0.0012753
0.000665568
0.00184376
-1.26943e-05
0.00209917
-0.000645954
0.00198389
-0.00113031
0.0015438
-0.00138748
0.000847347
-0.00137507
1.31803e-05
-0.00110918
-0.000816716
-0.000636571
-0.00148655
-4.49341e-05
-0.00189047
0.000556173
-0.00195908
0.0010606
-0.00167789
0.00138332
-0.00111562
0.00147586
-0.000384054
0.00133494
0.000382808
0.00100067
0.00103021
0.000548051
0.00144958
6.99265e-05
0.00157195
-0.000340228
0.00138987
-0.000609528
0.000957629
-0.000695969
0.000374746
-0.000595706
-0.000233829
-0.000342171
-0.000740217
-0.00103515
0.000799973
-0.00144647
0.00161044
-0.00147845
0.00240786
-0.0014539
0.00317822
-0.00140472
0.0038962
-0.00131774
0.00453438
-0.00119395
0.00504334
-0.00100695
0.00540192
-0.000791308
0.00554657
-0.00049692
0.00548187
-0.000198782
0.00521062
0.000106116
0.00480072
0.000343351
0.0042512
0.000578504
0.00360878
0.000797836
0.00288243
0.000997635
0.00208583
0.00117125
0.00123646
0.00131482
0.000351747
0.00142526
-0.000549992
0.00150042
-0.00145007
0.0015374
-0.00233026
0.00153661
-0.0031667
0.00149119
-0.00394142
0.00140853
-0.00463037
0.00128125
-0.00522177
0.00112526
-0.00569424
0.000927743
-0.00604747
0.000719914
-0.00626706
0.000479081
-0.00637696
0.000258576
-0.00638796
3.31306e-05
-0.00622017
-0.000240748
-0.00593756
-0.000466509
-0.00557627
-0.000659987
-0.00515585
-0.00083374
-0.00468177
-0.000997016
-0.00415677
-0.00115028
-0.00358618
-0.00128919
-0.00297723
-0.00141048
-0.00233795
-0.00151225
-0.001677
-0.00159311
-0.00100098
-0.00165404
-0.000321718
-0.00168948
0.000355231
-0.00170485
0.00101912
-0.00169495
0.00166384
-0.00166345
0.00228495
-0.00161221
0.00287097
-0.00153399
0.00341532
-0.00143433
0.0039132
-0.00131493
0.0043587
-0.00117708
0.00474896
-0.00102122
0.00507582
-0.000844601
0.00534367
-0.000657771
0.0055345
-0.000449043
0.00565402
-0.000231764
0.00571558
-3.19977e-07
0.00570691
0.000236831
0.00562273
0.000477644
0.00546232
0.000719846
0.00522584
0.000961553
0.0049157
0.00119973
0.00453505
0.00143135
0.00408807
0.00165329
0.00357904
0.0018621
0.00301333
0.0020548
0.00239687
0.00222766
0.00173667
0.00237744
0.00104063
0.0025007
0.000317323
0.00259383
-0.000423286
0.00265371
-0.0011717
0.00267992
-0.00191628
0.00266676
-0.00264648
0.0026147
-0.00335026
0.00252255
-0.00401748
0.00238974
-0.00463554
0.00221412
-0.00519291
0.00199843
-0.00567751
0.00174255
-0.00607948
0.00145004
-0.00639106
0.00112567
-0.00660589
0.000771673
-0.00671191
0.000387902
-0.00670306
-2.56348e-05
-0.00658009
-0.000451457
-0.00634165
-0.000873502
-0.00598803
-0.00129083
-0.00552182
-0.00169696
-0.00494887
-0.00208325
-0.00427649
-0.00244144
-0.00351652
-0.00276191
-0.00268198
-0.00303467
-0.00178841
-0.00325247
-0.000854266
-0.00340564
0.000101605
-0.00348969
0.0010574
-0.00349624
0.00199061
-0.00342316
0.00287869
-0.00326828
0.00369873
-0.00302958
0.00442993
-0.00271306
0.00505049
-0.00231982
0.00553783
-0.00185408
0.00588445
-0.00133551
0.00606662
-0.000762111
0.00607917
-0.000159671
0.00592351
0.000483549
0.00559691
0.00110511
0.00510386
0.00170484
0.00445619
0.00226576
0.00367118
0.00276589
0.00277338
0.00318613
0.00179065
0.00350887
0.000753847
0.00371779
-0.000304677
0.00380392
-0.00134145
0.00374941
-0.0023233
0.00356052
-0.00320793
0.00323173
-0.00395951
0.00277237
-0.00454551
0.00219451
-0.00493905
0.00151931
-0.00512575
0.000773676
-0.00507969
-3.86024e-05
-0.00481359
-0.000856227
-0.00432916
-0.00163661
-0.00364693
-0.00235294
-0.00279349
-0.00296988
-0.00180731
-0.00345323
-0.000737156
-0.00377007
0.000360714
-0.00389653
0.00143181
-0.0038198
0.00241866
-0.00353689
0.00326355
-0.003052
0.00391683
-0.00238821
0.00433572
-0.00157544
0.00449769
-0.000660113
0.00438149
0.000337789
0.00399711
0.0013088
0.00335916
0.00221046
0.00250697
0.00298491
0.0014934
0.00357509
0.000385445
0.00393557
-0.00074522
0.00403223
-0.00181521
0.00383962
-0.00274736
0.00337065
-0.00347268
0.00264805
-0.00393166
0.00171373
-0.00408757
0.000643031
-0.00392216
-0.000529207
-0.00344876
-0.00164528
-0.00269977
-0.00264399
-0.0017332
-0.00344075
-0.000627175
-0.00395854
0.000518892
-0.00414214
0.00160856
-0.00395793
0.0025412
-0.00341723
0.0032295
-0.00256089
0.00360523
-0.00145729
0.00363725
-0.000214227
0.00331612
0.00109163
0.00267293
0.00226862
0.001772
0.00322739
0.000706142
0.00386153
-0.00041382
0.00409779
-0.00146355
0.00388601
-0.00232939
0.00325848
-0.00291637
0.00227713
-0.00316027
0.00105322
-0.00303649
-0.000294483
-0.00256783
-0.00157068
-0.00181631
-0.00263391
-0.000881053
-0.00335178
0.000114074
-0.00363123
0.00103496
-0.00341567
0.00175896
-0.00275792
0.002193
-0.0017474
0.00228342
-0.000528442
0.00203258
0.000731278
0.00148785
0.00182002
0.00074341
0.0025882
-7.63387e-05
0.00291892
-0.000833391
0.00274095
-0.00140404
0.00211445
-0.00170005
0.00114336
-0.00167314
-1.3731e-05
-0.001344
-0.00114585
-0.000774685
-0.00205587
-7.21876e-05
-0.00259297
0.000634384
-0.00266566
0.00121772
-0.00226122
0.00158004
-0.00147795
0.00166771
-0.000471722
0.00148284
0.000567679
0.0010764
0.00143664
0.000540021
0.00198596
-1.64125e-05
0.00212838
-0.00048463
0.00185808
-0.000781663
0.00125466
-0.000862733
0.000455817
-0.000726631
-0.000369931
-0.000414121
-0.00105273
-0.00144927
0.00104476
-0.00249123
0.0020938
-0.00252749
0.00314222
-0.00250232
0.00418739
-0.00244989
0.00522542
-0.00235577
0.00627632
-0.00224485
0.00728196
-0.00201258
0.0082699
-0.00177925
0.00905192
-0.00127894
0.00965828
-0.000805143
0.0100331
-0.000268712
0.0101264
0.000250035
0.00990445
0.000800478
0.00940763
0.00129465
0.00867144
0.00173382
0.00773621
0.00210648
0.00664116
0.00240988
0.00543014
0.00263627
0.00414218
0.00278838
0.00282334
0.00285623
0.00151411
0.00284583
0.00025907
0.00274623
-0.000912294
0.0025799
-0.00195343
0.00232238
-0.00285568
0.0020275
-0.00355451
0.00162658
-0.00409201
0.00125742
-0.00435721
0.000744278
-0.00450704
0.000408402
-0.00445862
-1.52907e-05
-0.00439113
-0.000308234
-0.00422068
-0.000636957
-0.00394174
-0.000938931
-0.00355138
-0.0012241
-0.0030667
-0.0014817
-0.00250759
-0.0017094
-0.00189165
-0.00190513
-0.00123332
-0.00206881
-0.000545803
-0.00219977
0.000158929
-0.00229785
0.000868845
-0.00236395
0.00157771
-0.00239834
0.00227384
-0.00240098
0.00295212
-0.00237324
0.00360417
-0.00231551
0.00422075
-0.00222878
0.00480093
-0.00211417
0.00533684
-0.00197023
0.00582206
-0.00180015
0.00624741
-0.00160243
0.00661169
-0.0013855
0.00691341
-0.00114632
0.00714095
-0.000885317
0.00729496
-0.000603052
0.00738037
-0.000317174
0.00737445
5.60207e-06
0.00728683
0.000324453
0.0071199
0.00064457
0.00687334
0.000966405
0.00654555
0.00128934
0.00613846
0.00160683
0.00565343
0.00191637
0.00509435
0.00221237
0.0044661
0.00249036
0.00377407
0.00274683
0.00302589
0.00297583
0.00222874
0.00317459
0.00139258
0.00333687
0.00052725
0.00345916
-0.000356291
0.00353725
-0.00124689
0.00357052
-0.00213292
0.00355279
-0.00299915
0.00348093
-0.00383397
0.00335736
-0.0046225
0.00317828
-0.00535232
0.00294394
-0.0060082
0.00265431
-0.0065808
0.00231515
-0.00705781
0.00192705
-0.00742151
0.00148937
-0.00766989
0.00102005
-0.00779451
0.000512523
-0.00778328
-3.68642e-05
-0.00763935
-0.000595388
-0.00735923
-0.00115362
-0.00694349
-0.00170658
-0.0063953
-0.00224514
-0.00572243
-0.00275612
-0.00493359
-0.00323029
-0.00404302
-0.00365248
-0.00306565
-0.00401204
-0.00201984
-0.00429828
-0.000926747
-0.00449873
0.000189515
-0.00460595
0.00130453
-0.00461125
0.00239224
-0.00451087
0.00342593
-0.00430197
0.0043794
-0.00398305
0.00522658
-0.00356025
0.00593905
-0.00303228
0.0065022
-0.00241724
0.00688667
-0.00171998
0.00709211
-0.000967546
0.00709551
-0.000163073
0.00689673
0.00068233
0.0065
0.00150185
0.00591004
0.00229479
0.00514256
0.00303324
0.00421503
0.00369342
0.00315514
0.00424602
0.00199419
0.00466982
0.000771598
0.00494039
-0.00046826
0.00504378
-0.00168546
0.0049666
-0.00282931
0.00470438
-0.00385923
0.00426165
-0.00473334
0.00364648
-0.00541268
0.00287384
-0.00586519
0.00197182
-0.00605981
0.000968293
-0.00599163
-0.000106776
-0.00566275
-0.00118511
-0.00507945
-0.00221991
-0.00426017
-0.00317221
-0.00324055
-0.00398951
-0.00207404
-0.00461974
-0.000807826
-0.00503629
0.000492597
-0.00519696
0.00175643
-0.00508363
0.00291461
-0.00469507
0.00390295
-0.00404034
0.00466227
-0.00314753
0.00514506
-0.00205823
0.00532175
-0.000836807
0.00517134
0.000488197
0.00470434
0.0017758
0.00394089
0.00297391
0.00292517
0.00400063
0.0017208
0.00477945
0.000409149
0.00524722
-0.000921018
0.0053624
-0.00217708
0.00509568
-0.00326604
0.00445961
-0.00410857
0.00349058
-0.00463967
0.00224483
-0.00480425
0.000807607
-0.00460065
-0.000732805
-0.0040313
-0.00221462
-0.00313859
-0.0035367
-0.00199741
-0.00458193
-0.000695511
-0.00526044
0.000651739
-0.00548939
0.00192248
-0.00522867
0.00300492
-0.00449966
0.00379919
-0.00335516
0.00422967
-0.00188778
0.0042429
-0.000227455
0.00385258
0.00148195
0.00308722
0.00303397
0.0020245
0.00429011
0.000774487
0.00511155
-0.000530326
0.0054026
-0.00174684
0.00510252
-0.00274201
0.00425366
-0.00340681
0.00294193
-0.00366547
0.00131188
-0.00349817
-0.000461789
-0.00292925
-0.0021396
-0.0020351
-0.00352807
-0.000933276
-0.0044536
0.000228275
-0.00479279
0.0012932
-0.00448059
0.00212015
-0.00358487
0.00260119
-0.00222843
0.0026791
-0.000606355
0.00235902
0.00105136
0.00169967
0.00247937
0.000814826
0.00347305
-0.000149842
0.00388358
-0.001032
0.00362311
-0.00169012
0.00277257
-0.00201873
0.00147196
-0.00197368
-5.87764e-05
-0.00157659
-0.00154294
-0.000905942
-0.00272652
-8.89888e-05
-0.00340992
0.000723011
-0.00347766
0.00138377
-0.00292198
0.0017831
-0.00187727
0.00186277
-0.000551396
0.00163017
0.000800282
0.00114881
0.001918
0.000527373
0.0026074
-0.000106736
0.00276249
-0.000630698
0.00238205
-0.000953248
0.00157721
-0.00102724
0.000529813
-0.000854774
-0.000542402
-0.000484108
-0.00142339
-0.00193338
0.00243946
-0.00493069
0.00491635
-0.00500438
0.00745898
-0.00504495
0.0101145
-0.00510544
0.0129339
-0.00517515
0.0159118
-0.00522275
0.0187364
-0.00483721
0.0209098
-0.00395264
0.0212341
-0.00160327
0.0204382
-9.18084e-06
0.0190108
0.0011587
0.0171829
0.00207795
0.0150867
0.00289667
0.0127724
0.00360889
0.0102929
0.00421332
0.00770065
0.00469874
0.00504604
0.00506449
0.00237162
0.00531069
-0.000277288
0.00543729
-0.00286405
0.00544299
-0.00535288
0.00533467
-0.00766309
0.00505644
-0.00974845
0.00466525
-0.0115163
0.00409019
-0.0129174
0.00342866
-0.0138323
0.00254143
-0.0142578
0.0016829
-0.0140509
0.00053739
-0.0136001
-4.23796e-05
-0.0128959
-0.000719446
-0.0120245
-0.0011797
-0.0110677
-0.00159372
-0.0100439
-0.00196275
-0.00896697
-0.00230101
-0.00785114
-0.00259753
-0.00671127
-0.00284926
-0.00555696
-0.00305944
-0.00439856
-0.00322722
-0.00324486
-0.00335347
-0.00210515
-0.00343755
-0.000990596
-0.00347851
9.39115e-05
-0.00348285
0.00113923
-0.0034463
0.00213662
-0.00337063
0.00307926
-0.00325815
0.00395941
-0.00310893
0.00477128
-0.00292604
0.00551049
-0.00270944
0.00617275
-0.00246241
0.0067568
-0.00218648
0.00725351
-0.0018822
0.00766039
-0.00155321
0.00797546
-0.00120038
0.00820004
-0.000827639
0.00831894
-0.000436066
0.00835335
-2.88157e-05
0.00829128
0.000386526
0.00812733
0.000808516
0.00786255
0.00123119
0.00749888
0.00165301
0.00704031
0.0020654
0.00649051
0.00246616
0.00585419
0.00284869
0.00513693
0.00320762
0.00434699
0.00353677
0.00349173
0.0038311
0.00258088
0.00408543
0.0016235
0.00429425
0.000632502
0.00445015
-0.000379184
0.00454893
-0.00139898
0.00459031
-0.00241048
0.0045643
-0.00339936
0.00446981
-0.0043517
0.0043097
-0.00525165
0.00407823
-0.00608155
0.00377383
-0.00683087
0.00340363
-0.00748041
0.00296468
-0.00801575
0.00246239
-0.00843467
0.00190829
-0.00870899
0.00129437
-0.00884764
0.000651173
-0.0088321
-5.24039e-05
-0.00866461
-0.000762881
-0.00834106
-0.00147717
-0.00786292
-0.00218471
-0.00723398
-0.00287408
-0.00646281
-0.0035273
-0.00556099
-0.0041321
-0.00454308
-0.00467039
-0.00342763
-0.00512749
-0.00223613
-0.00548977
-0.000991259
-0.00574361
0.000280944
-0.00587816
0.00154924
-0.00587955
0.00278485
-0.00574648
0.00395853
-0.00547565
0.00503888
-0.0050634
0.00599254
-0.0045139
0.00679705
-0.00383679
0.0074274
-0.00304759
0.00785893
-0.0021515
0.00807059
-0.00117921
0.00806554
-0.00015802
0.00783082
0.000917047
0.00736536
0.0019673
0.00667977
0.00298039
0.00578923
0.00392378
0.0047197
0.00476294
0.00350115
0.00546457
0.00217224
0.00599874
0.00077739
0.00633523
-0.000642775
0.00646394
-0.00202744
0.00635127
-0.00333351
0.00601045
-0.00450362
0.00543176
-0.00548945
0.00463231
-0.00624934
0.00363374
-0.00674623
0.0024687
-0.00696062
0.00118268
-0.00687088
-0.000196519
-0.00647895
-0.00157704
-0.0057935
-0.00290536
-0.00484022
-0.00412549
-0.00366456
-0.00516517
-0.00231044
-0.00597386
-0.00085449
-0.00649224
0.000634669
-0.00668611
0.00208071
-0.00652968
0.00340407
-0.00601843
0.00452856
-0.00516483
0.00538985
-0.00400882
0.005935
-0.00260337
0.00611439
-0.0010162
0.00593009
0.000672497
0.0053782
0.00232769
0.00449044
0.00386166
0.00331755
0.00517352
0.00193298
0.00616402
0.000425965
0.00675424
-0.00109819
0.00688655
-0.00253383
0.00653131
-0.00377625
0.00570203
-0.00472683
0.00444116
-0.00531888
0.00283688
-0.00549661
0.000985337
-0.00524669
-0.000982728
-0.00458416
-0.00287715
-0.00355406
-0.00456679
-0.00223826
-0.00589773
-0.000753306
-0.0067454
0.000784325
-0.00702702
0.00223281
-0.00667716
0.00345886
-0.00572572
0.00434805
-0.00424435
0.00481917
-0.00235889
0.0048234
-0.000231687
0.00436149
0.00194387
0.00347616
0.0039193
0.00225634
0.00550992
0.000829972
0.00653792
-0.000653885
0.00688646
-0.00202857
0.0064772
-0.00314391
0.005369
-0.00387869
0.00367671
-0.00414995
0.00158313
-0.00393478
-0.000676952
-0.00326477
-0.00280961
-0.00223086
-0.00456198
-0.00097083
-0.00571363
0.000349904
-0.00611352
0.00154994
-0.00568063
0.00247132
-0.00450625
0.00299416
-0.00275127
0.0030554
-0.000667595
0.00266395
0.00144281
0.00189217
0.00325115
0.00087098
0.00449423
-0.000230466
0.00498503
-0.00122873
0.00462138
-0.0019639
0.00350774
-0.00232331
0.00183137
-0.00225615
-0.000125937
-0.00179064
-0.00200845
-0.00102176
-0.0034954
-9.599e-05
-0.00433569
0.000814601
-0.00438825
0.00154603
-0.00365341
0.00197646
-0.00230771
0.00204495
-0.000619885
0.00176386
0.00108137
0.00121002
0.00247184
0.000508863
0.00330856
-0.000196771
0.00346813
-0.000770356
0.00295563
-0.00111368
0.00192053
-0.00117865
0.000594786
-0.00097154
-0.000749512
-0.000547565
-0.00184737
-0.00248095
0.00150922
-0.00643991
0.00298611
-0.00648127
0.00468886
-0.00674769
0.00696553
-0.00738212
0.0102962
-0.00850582
0.0150826
-0.0100091
0.0210854
-0.01084
0.0274299
-0.0102972
0.0297818
-0.00395515
0.0297583
1.43514e-05
0.0285611
0.00235587
0.0266487
0.00399037
0.0241932
0.00535219
0.0213492
0.00645286
0.0182237
0.00733881
0.0148992
0.00802327
0.011439
0.00852467
0.00790221
0.00884748
0.00435326
0.00898624
0.000849259
0.00894699
-0.00252561
0.00870954
-0.0056637
0.00819453
-0.00852181
0.00752337
-0.0109656
0.00653393
-0.012956
0.00541911
-0.0142293
0.00381477
-0.0147497
0.00220325
-0.0132577
-0.000954611
-0.0124439
-0.000856136
-0.0115381
-0.00162531
-0.0107357
-0.00198201
-0.00979334
-0.00253612
-0.00876764
-0.00298846
-0.0076567
-0.00341195
-0.00648039
-0.00377385
-0.00526618
-0.00406348
-0.00403436
-0.00429125
-0.00281195
-0.00444962
-0.00160872
-0.0045567
-0.000441583
-0.00460469
0.00069122
-0.00461131
0.00177366
-0.0045653
0.00280348
-0.00447611
0.00378107
-0.00434822
0.00469983
-0.00417691
0.00555549
-0.00396458
0.00634418
-0.00371473
0.00706206
-0.00342732
0.00769743
-0.00309779
0.00825824
-0.00274729
0.00872661
-0.00235058
0.00911082
-0.00193741
0.00940118
-0.00149074
0.0095891
-0.00101556
0.00967752
-0.000524488
0.00966117
-1.24644e-05
0.00954082
0.000506872
0.00931593
0.00103341
0.00898554
0.00156157
0.00855105
0.0020875
0.00801392
0.00260253
0.00737822
0.00310186
0.00664907
0.00357784
0.00583357
0.00402312
0.00493789
0.00443245
0.00397176
0.00479723
0.00294549
0.0051117
0.00187112
0.00536863
0.000760823
0.00556045
-0.000371477
0.00568123
-0.0015105
0.00572933
-0.00263979
0.00569359
-0.00374346
0.00557348
-0.00480447
0.00537071
-0.00580819
0.00508195
-0.00673256
0.0046982
-0.00756226
0.00423333
-0.0082842
0.00368662
-0.00887987
0.00305807
-0.00933729
0.00236571
-0.00964326
0.00160033
-0.00978991
0.000797825
-0.00976991
-7.24068e-05
-0.00957986
-0.000952931
-0.00921689
-0.00184014
-0.00868107
-0.00272053
-0.00797904
-0.00357611
-0.00711885
-0.00438749
-0.00611444
-0.00513651
-0.00498059
-0.00580423
-0.00374091
-0.00636717
-0.00241716
-0.00681353
-0.00103598
-0.00712478
0.000373507
-0.00728765
0.00177965
-0.00728569
0.00314862
-0.00711546
0.00444576
-0.00677279
0.00563321
-0.00625085
0.00668546
-0.00556615
0.00757284
-0.00472417
0.00825545
-0.00373021
0.00872894
-0.002625
0.00895711
-0.00140738
0.00892849
-0.000129404
0.00865641
0.00118913
0.00812952
0.00249419
0.00735783
0.00375209
0.00636062
0.00492098
0.00516412
0.00595945
0.00380556
0.00682312
0.0023238
0.00748051
0.0007661
0.00789293
-0.000809116
0.00803916
-0.0023504
0.00789255
-0.00379251
0.00745256
-0.00508783
0.00672708
-0.00617872
0.0057232
-0.00701355
0.00446856
-0.0075585
0.00301365
-0.00777911
0.00140329
-0.00766277
-0.000312854
-0.0072098
-0.00203001
-0.0064294
-0.00368577
-0.00535704
-0.00519784
-0.00403475
-0.00648745
-0.00252335
-0.00748527
-0.000890808
-0.00812478
0.000774094
-0.00835102
0.00238545
-0.00814103
0.00385721
-0.00749019
0.00510421
-0.00641183
0.0060555
-0.00496012
0.00664384
-0.00319171
0.00683367
-0.00120603
0.0066138
0.000892359
0.00598364
0.00295786
0.00497997
0.00486533
0.00366271
0.00649078
0.0021118
0.00771494
0.00043038
0.00843566
-0.00127056
0.0085875
-0.00286692
0.00812767
-0.00424225
0.00707736
-0.00529314
0.00549205
-0.00593392
0.00347766
-0.0061216
0.00117301
-0.00582883
-0.00127549
-0.00507419
-0.0036318
-0.00391723
-0.00572374
-0.00244653
-0.00736844
-0.000788452
-0.00840347
0.000919502
-0.00873497
0.00251925
-0.0082769
0.00387197
-0.00707844
0.0048493
-0.00522168
0.00535259
-0.00286219
0.00534161
-0.000220708
0.00481115
0.00247432
0.00381214
0.00491832
0.00244884
0.00687323
0.00086269
0.00812406
-0.000776903
0.00852605
-0.00229002
0.00799032
-0.00351199
0.00659097
-0.00430353
0.00446825
-0.00458058
0.00186018
-0.00431883
-0.000938699
-0.00355551
-0.00357293
-0.00239448
-0.00572301
-0.000990657
-0.00711745
0.000470507
-0.00757468
0.00178976
-0.00699988
0.00279257
-0.00550906
0.00334776
-0.00330646
0.00338992
-0.000709763
0.00293081
0.00190192
0.00205528
0.00412669
0.000912165
0.00563734
-0.00031188
0.00620908
-0.00141268
0.00572218
-0.00221563
0.00431069
-0.00259535
0.00221109
-0.00250475
-0.000216532
-0.00197511
-0.0025381
-0.00111636
-0.00435415
-9.34814e-05
-0.00535857
0.000902859
-0.00538459
0.00169367
-0.00444422
0.00214785
-0.00276189
0.00220222
-0.000674252
0.0018747
0.0014089
0.0012548
0.00309173
0.000483207
0.00408016
-0.000282465
0.0042338
-0.000896171
0.00356934
-0.0012543
0.00227866
-0.00130879
0.000649282
-0.00107042
-0.000987885
-0.000600738
-0.00231705
-0.00308169
0.00247566
-0.00891557
0.00504447
-0.00905008
0.00842606
-0.0101293
0.0136786
-0.0126347
0.0218125
-0.0166397
0.0330084
-0.021205
0.0454684
-0.0232999
0.0562099
-0.0210387
0.0582028
-0.00594805
0.0557228
0.00249433
0.049572
0.00850672
0.0422839
0.0112784
0.0348267
0.0128094
0.0276764
0.0136031
0.0209375
0.0140778
0.0146107
0.01435
0.008643
0.0144924
0.00295792
0.0145326
-0.0025281
0.0144723
-0.00789781
0.0143167
-0.0131556
0.0139673
-0.0182569
0.0132959
-0.0231406
0.0124071
-0.0275465
0.0109398
-0.0311562
0.00902878
-0.0330951
0.00575362
-0.0324907
0.00159887
-0.0272195
-0.00622584
-0.0223436
-0.00573195
-0.0190135
-0.00495545
-0.0166242
-0.00437128
-0.0146499
-0.00451044
-0.0127285
-0.0049099
-0.0108717
-0.00526867
-0.00905307
-0.00559252
-0.00732188
-0.00579466
-0.00566085
-0.00595229
-0.00407322
-0.00603725
-0.00254692
-0.006083
-0.00108646
-0.00606514
0.000296043
-0.00599382
0.0015968
-0.00586606
0.00282662
-0.00570593
0.00397456
-0.00549616
0.00503691
-0.00523927
0.00601639
-0.00494406
0.006914
-0.00461234
0.00772362
-0.00423694
0.00844605
-0.00382022
0.00906649
-0.00336772
0.00959001
-0.00287411
0.0100062
-0.00235359
0.0103164
-0.00180091
0.0105211
-0.00122029
0.0106125
-0.000615944
0.0105925
7.60793e-06
0.0104569
0.000642435
0.0102046
0.00128574
0.00983653
0.00192962
0.00935482
0.00256921
0.00876261
0.00319474
0.00806389
0.00380059
0.00726413
0.00437759
0.00637056
0.00491669
0.00539148
0.00541153
0.00433591
0.00585279
0.00321617
0.00623144
0.00204571
0.00653909
0.000836822
0.00676933
-0.00039404
0.00691209
-0.0016311
0.00696639
-0.00285923
0.00692172
-0.00405832
0.00677258
-0.00520941
0.0065218
-0.00629201
0.00616455
-0.0072931
0.0056993
-0.00819313
0.00513335
-0.00897024
0.00446373
-0.00961679
0.00370463
-0.0101042
0.00285308
-0.0104329
0.0019291
-0.0105861
0.00095095
-0.0105604
-9.81118e-05
-0.0103496
-0.00116365
-0.00995106
-0.00223871
-0.00936485
-0.00330673
-0.00859888
-0.00434208
-0.00766324
-0.00532313
-0.00657109
-0.00622866
-0.00533998
-0.00703534
-0.00399313
-0.00771403
-0.0025581
-0.00824855
-0.00106297
-0.00861992
0.00046322
-0.00881384
0.0019839
-0.00880637
0.00346148
-0.00859303
0.00485892
-0.00817023
0.00614275
-0.00753468
0.00727726
-0.00670066
0.00822564
-0.00567255
0.00896173
-0.0044663
0.00945385
-0.00311711
0.00969442
-0.00164795
0.00965713
-9.21163e-05
0.00934666
0.0014996
0.00876346
0.0030774
0.00791602
0.00459953
0.00682518
0.00601182
0.00552315
0.00726147
0.00404255
0.00830372
0.00242793
0.00909513
0.000743193
0.00957767
-0.000966393
0.00974874
-0.00263658
0.00956274
-0.00420048
0.00901647
-0.0055964
0.00812301
-0.00676849
0.00689529
-0.00766637
0.00536645
-0.00824235
0.00358962
-0.00846685
0.0016278
-0.00833069
-0.00044902
-0.00782401
-0.00253669
-0.00696281
-0.00454696
-0.00578476
-0.0063759
-0.00433166
-0.00794055
-0.00268488
-0.00913205
-0.000909381
-0.00990028
0.000904823
-0.0101652
0.00265788
-0.00989409
0.00425357
-0.00908588
0.00560401
-0.00776227
0.00662143
-0.00597753
0.00725141
-0.00382169
0.00744683
-0.00140145
0.00719184
0.00114735
0.00649175
0.00365795
0.0053852
0.00597189
0.00393842
0.00793756
0.00224546
0.0094079
0.000413752
0.0102674
-0.00143091
0.0104322
-0.00315733
0.00985409
-0.00464424
0.00856427
-0.00577616
0.00662397
-0.00646218
0.00416368
-0.00664597
0.00135681
-0.00631517
-0.00160629
-0.00548153
-0.00446544
-0.00421314
-0.00699212
-0.00261268
-0.00896891
-0.000806066
-0.0102101
0.00104062
-0.0105817
0.00277061
-0.0100069
0.00422435
-0.00853218
0.00526987
-0.0062672
0.00580406
-0.00339638
0.0057692
-0.00018584
0.00517992
0.0030636
0.00408701
0.00601122
0.00260109
0.00835915
0.000880628
0.00984452
-0.000891179
0.0102979
-0.0025191
0.00961824
-0.00382508
0.00789696
-0.00466309
0.00530625
-0.00494063
0.00213772
-0.00463458
-0.00124474
-0.00378805
-0.00441947
-0.00251728
-0.00699378
-0.000992765
-0.00864196
0.000585471
-0.00915292
0.00200187
-0.00841628
0.00306884
-0.00657603
0.00364703
-0.00388465
0.00366837
-0.000731102
0.00314765
0.00242264
0.00218132
0.00509302
0.000934269
0.0068844
-0.000390666
0.00753401
-0.00157469
0.0069062
-0.00242984
0.00516584
-0.00282471
0.00260596
-0.00270919
-0.000332056
-0.00212209
-0.00312519
-0.00118612
-0.00529012
-8.26304e-05
-0.00646206
0.000981892
-0.00644911
0.00181853
-0.00528086
0.00228818
-0.00323154
0.00232652
-0.000712598
0.00195719
0.00177823
0.00128111
0.00376781
0.000452298
0.00490897
-0.000360515
0.00504661
-0.00100339
0.00421221
-0.00136964
0.0026449
-0.00141277
0.000692416
-0.00114793
-0.00125272
-0.000641945
-0.00282303
-0.00372363
0.00124477
-0.0101603
0.00213953
-0.00994484
0.00281252
-0.0108023
0.00375524
-0.0135774
0.00617879
-0.0190633
0.0121269
-0.0271532
0.026892
-0.038065
0.0528121
-0.0469588
0.0418377
0.00502633
0.0336479
0.0106842
0.0280711
0.0140835
0.0236566
0.015693
0.0198927
0.0165732
0.0164246
0.0170712
0.0130427
0.0174596
0.00960728
0.0177855
0.00603655
0.0180631
0.00229144
0.0182777
-0.00164104
0.0184047
-0.00575683
0.0184325
-0.0100963
0.0183067
-0.014788
0.0179876
-0.0199103
0.0175294
-0.0257325
0.016762
-0.0324259
0.0157222
-0.040596
0.0139237
-0.0500679
0.0110708
-0.0303318
-0.0259619
-0.0200439
-0.0160199
-0.0161393
-0.00886004
-0.0140047
-0.00650593
-0.0127298
-0.00578533
-0.0111839
-0.00645575
-0.00956638
-0.00688623
-0.00773835
-0.00742055
-0.00595572
-0.00757729
-0.0042159
-0.00769211
-0.00259702
-0.00765613
-0.0010986
-0.00758143
0.000303299
-0.00746704
0.00162003
-0.00731055
0.00286236
-0.00710838
0.00403607
-0.00687964
0.00512776
-0.00658785
0.00614849
-0.00625999
0.00709297
-0.00588854
0.00795445
-0.00547383
0.00873911
-0.0050216
0.00942819
-0.0045093
0.0100308
-0.0039703
0.0105341
-0.00337745
0.0109329
-0.00275237
0.011224
-0.00209203
0.0114041
-0.00140035
0.0114703
-0.000682183
0.0114196
5.83408e-05
0.0112491
0.000812906
0.0109583
0.00157658
0.0105478
0.00234005
0.0100188
0.00309824
0.00937444
0.0038391
0.00861901
0.00455602
0.007758
0.0052386
0.00679886
0.00587583
0.00575073
0.00645966
0.00462457
0.00697895
0.0034302
0.00742582
0.0021815
0.00778779
0.0008952
0.00805563
-0.000414185
0.00822148
-0.00172988
0.00828209
-0.00303144
0.00822327
-0.00430156
0.0080427
-0.00552222
0.00774246
-0.00667539
0.00731772
-0.00773446
0.00675837
-0.00868339
0.00608228
-0.00950705
0.00528739
-0.0101841
0.00438168
-0.0107013
0.00337031
-0.0110475
0.0022753
-0.0112017
0.0011051
-0.0111707
-0.000129068
-0.0109418
-0.00139255
-0.0105132
-0.0026673
-0.00988749
-0.00393248
-0.00907144
-0.00515813
-0.0080753
-0.00631928
-0.00691398
-0.00738998
-0.00560752
-0.0083418
-0.00417773
-0.00914382
-0.00265235
-0.00977392
-0.00106641
-0.0102059
0.000546126
-0.0104264
0.00215155
-0.0104118
0.00371293
-0.0101544
0.00519017
-0.00964747
0.00654342
-0.00888793
0.00773806
-0.00789529
0.00873439
-0.00666889
0.0095061
-0.00523801
0.0100211
-0.00363214
0.0102621
-0.00188892
0.0102173
-4.73223e-05
0.00987815
0.00183876
0.00924829
0.00370726
0.00834055
0.00550727
0.00717551
0.00717685
0.00578537
0.00865162
0.00420415
0.00988494
0.00249865
0.0108006
0.000699519
0.0113768
-0.00110768
0.0115559
-0.00287074
0.0113258
-0.00452772
0.0106734
-0.00600302
0.00959831
-0.00723939
0.00813166
-0.00818058
0.00630763
-0.00878126
0.00419031
-0.00900979
0.00185633
-0.00885059
-0.000608227
-0.00829698
-0.00309029
-0.00737397
-0.00546998
-0.00610737
-0.0076425
-0.00455895
-0.00948897
-0.00279058
-0.0109004
-0.000902305
-0.0117886
0.00102356
-0.0120911
0.00288343
-0.011754
0.00457325
-0.0107757
0.00599943
-0.00918845
0.00707299
-0.00705109
0.00773031
-0.00447901
0.00792829
-0.00159942
0.00764228
0.00143336
0.00688432
0.00441591
0.00569507
0.00716113
0.00414737
0.00948525
0.00233914
0.0112161
0.000387256
0.0122192
-0.00156873
0.0123881
-0.003398
0.0116834
-0.00496723
0.0101335
-0.00615841
0.00781516
-0.00687539
0.00488065
-0.0070559
0.00153733
-0.00669018
-0.00197202
-0.0057933
-0.00536233
-0.00443413
-0.00835128
-0.00272861
-0.0106744
-0.000811614
-0.0121271
0.00114641
-0.0125397
0.0029746
-0.0118351
0.00450674
-0.0100643
0.00559918
-0.00735964
0.00615057
-0.00394777
0.00610116
-0.000136435
0.00545906
0.00370571
0.00428491
0.00718538
0.00270329
0.00994076
0.00088244
0.0116654
-0.000991915
0.0121722
-0.00270566
0.011332
-0.00407327
0.00926458
-0.00494156
0.00617454
-0.00521505
0.00241122
-0.00486934
-0.00159045
-0.00395526
-0.00533355
-0.00259699
-0.00835205
-0.000977266
-0.0102617
0.000688847
-0.010819
0.00217669
-0.00990412
0.00328977
-0.00768912
0.00388092
-0.0044758
0.00387956
-0.000729741
0.00330716
0.00299503
0.00226711
0.00613307
0.000938286
0.00821322
-0.000462572
0.00893487
-0.00170762
0.00815125
-0.00260025
0.00605847
-0.00300142
0.00300713
-0.00286258
-0.000470894
-0.00222817
-0.0037596
-0.00123097
-0.00628732
-6.27788e-05
-0.00763025
0.00104775
-0.00755964
0.00191538
-0.00614848
0.00239217
-0.00370834
0.00241353
-0.000733953
0.00200875
0.00218301
0.00128839
0.00448817
0.000416822
0.00578053
-0.000428018
0.00589145
-0.00108856
0.00487275
-0.00145647
0.00301281
-0.00148794
0.000723887
-0.00120216
-0.0015385
-0.000670129
-0.00335507
-0.00439376
0.00268553
-0.0128459
0.0054994
-0.0127587
0.00850105
-0.0138039
0.0116157
-0.016692
0.0155339
-0.0229815
0.0220915
-0.0337107
0.0356922
-0.0516658
0.061938
-0.0732046
0.046386
0.0362508
0.029274
0.0236627
0.0186818
0.0139492
0.00935068
0.00482088
0.000310125
-0.00424914
-0.00894731
-0.0138866
-0.0192236
-0.0251544
-0.0318227
-0.039539
-0.0485816
-0.0597094
-0.0739824
-0.0517331
-0.0482112
-0.0378865
-0.0298664
-0.028315
-0.0184315
-0.0213516
-0.0134694
-0.0162741
-0.0108629
-0.012411
-0.0103188
-0.00950959
-0.00978765
-0.00721684
-0.0097133
-0.00531466
-0.00947947
-0.00363617
-0.00937059
-0.00208055
-0.00921176
-0.000600363
-0.00906161
0.000803519
-0.00887093
0.00213258
-0.00863962
0.00339119
-0.00836699
0.00456964
-0.00805808
0.00568137
-0.00769958
0.0067229
-0.00730153
0.00768568
-0.00685132
0.00856463
-0.00635278
0.00935007
-0.00580705
0.0100507
-0.0052099
0.0106493
-0.00456893
0.0111515
-0.00387965
0.0115467
-0.00314757
0.0118309
-0.00237624
0.0120002
-0.00156959
0.0120503
-0.000732342
0.0119804
0.000128301
0.0117874
0.0010059
0.0114706
0.00189336
0.0110305
0.00278013
0.0104684
0.00366034
0.00978742
0.00452008
0.00899172
0.00535173
0.00808859
0.00614173
0.00708469
0.00687973
0.00598856
0.00755579
0.00481146
0.00815605
0.00356503
0.00867225
0.00226372
0.0090891
0.00092269
0.00939666
-0.000440197
0.00958437
-0.00180881
0.0096507
-0.00316364
0.0095781
-0.00448471
0.00936378
-0.00575226
0.00901001
-0.00694346
0.00850891
-0.00804181
0.00785671
-0.00902671
0.00706718
-0.0098809
0.00614158
-0.0105792
0.00508002
-0.0111126
0.00390362
-0.0114667
0.00262942
-0.0116255
0.00126397
-0.0115877
-0.000166874
-0.0113441
-0.00163621
-0.0108932
-0.00311823
-0.0102387
-0.00458693
-0.00938633
-0.0060105
-0.00834769
-0.00735792
-0.00713764
-0.00860003
-0.00577903
-0.0097004
-0.0042937
-0.0106292
-0.00271136
-0.0113563
-0.00106455
-0.0118527
0.000612217
-0.0121031
0.00227897
-0.0120785
0.00389733
-0.0117728
0.00542686
-0.011177
0.0068288
-0.0102899
0.00806167
-0.00912815
0.00908978
-0.007697
0.00988239
-0.00603062
0.010409
-0.00415876
0.0106483
-0.00212819
0.0105897
1.12286e-05
0.0102317
0.00219682
0.00956815
0.00437077
0.00861626
0.00645916
0.00739808
0.00839503
0.00594333
0.0101064
0.00430718
0.0115211
0.00252739
0.0125804
0.000663345
0.0132408
-0.00122094
0.0134402
-0.00305383
0.0131587
-0.00476763
0.0123872
-0.00629734
0.011128
-0.0075756
0.00940992
-0.00854586
0.00727789
-0.00916188
0.00480633
-0.00939024
0.00208469
-0.0092097
-0.000788769
-0.00862642
-0.00367357
-0.00765229
-0.00644411
-0.00632137
-0.00897342
-0.00470409
-0.0111062
-0.00285882
-0.0127457
-0.000879569
-0.0137678
0.00112259
-0.0140932
0.0030553
-0.0136867
0.00481048
-0.0125309
0.00628823
-0.0106662
0.00739981
-0.00816267
0.00807261
-0.00515181
0.00826183
-0.00178865
0.00795357
0.00174162
0.00715185
0.00521764
0.00590335
0.00840963
0.0042833
0.0111053
0.00239385
0.0131056
0.000361624
0.0142515
-0.00167464
0.0144244
-0.00357531
0.013584
-0.00520026
0.0117584
-0.00643024
0.00904513
-0.00716395
0.00561436
-0.0073423
0.00171568
-0.00694415
-0.00237017
-0.00600043
-0.00630604
-0.00457614
-0.00977558
-0.00279295
-0.0124576
-0.000806191
-0.0141138
0.00123142
-0.0145773
0.00312389
-0.0137276
0.0047075
-0.0116479
0.00583114
-0.00848328
0.00638691
-0.00450355
0.0063214
-7.09258e-05
0.00563976
0.00438735
0.00441051
0.00841462
0.00275838
0.0115929
0.000861836
0.0135619
-0.00107452
0.0141086
-0.00284359
0.0131011
-0.00424946
0.0106704
-0.00513405
0.00705913
-0.00539889
0.00267605
-0.00502044
-0.0019689
-0.00405468
-0.00629931
-0.00263296
-0.00977378
-0.000947595
-0.011947
0.000775946
-0.0125426
0.0023097
-0.0114379
0.00344897
-0.00882839
0.00404317
-0.00506999
0.0040214
-0.000707974
0.00340796
0.00360848
0.00231409
0.00722693
0.000927375
0.00959994
-0.000524021
0.0103863
-0.00180851
0.00943573
-0.00272215
0.0069721
-0.00312327
0.00340826
-0.00296337
-0.000630794
-0.002293
-0.00442997
-0.00125279
-0.00732754
-4.36303e-05
-0.00883941
0.00109686
-0.00870013
0.00198111
-0.00703273
0.00245731
-0.00418453
0.00246191
-0.000738551
0.00202934
0.00261557
0.00127767
0.00523984
0.000379016
0.00667919
-0.000483266
0.00675373
-0.00115025
0.00553974
-0.00151403
0.00337659
-0.001534
0.000743857
-0.00123324
-0.00183927
-0.000685533
-0.00390277
-0.00507929
0.00552115
-0.018367
0.0111797
-0.0184173
0.0168598
-0.019484
0.0220984
-0.0219306
0.0255442
-0.0264273
0.0255063
-0.0336728
0.0169651
-0.0431246
-0.0562395
-0.0147257
-0.0334856
-0.0208063
-0.0237858
-0.0199672
-0.0192705
-0.0175929
-0.0158437
-0.0143643
-0.0140915
-0.0115082
-0.0131749
-0.00887556
-0.0124203
-0.00662887
-0.01196
-0.00459465
-0.0115137
-0.00277908
-0.0111862
-0.00114471
-0.0108461
0.00033652
-0.0105428
0.00170284
-0.0102372
0.002975
-0.00991178
0.00416755
-0.00955955
0.00528872
-0.00917926
0.00635192
-0.00876277
0.00733994
-0.00828955
0.00825245
-0.00776383
0.00909111
-0.00719144
0.00984912
-0.00656506
0.0105223
-0.00588304
0.011101
-0.00514763
0.0115819
-0.00436061
0.0119584
-0.00352407
0.0122251
-0.00264288
0.012377
-0.00172155
0.0124107
-0.000766014
0.0123223
0.000216655
0.0121103
0.00121794
0.0117731
0.00223057
0.0113114
0.00324183
0.0107265
0.00424523
0.0100217
0.00522486
0.00920141
0.00617205
0.00827114
0.00707199
0.00723923
0.00791164
0.00611438
0.00868064
0.0049075
0.00936293
0.00363158
0.00994817
0.00230024
0.0104204
0.00092893
0.010768
-0.000463941
0.0109772
-0.00186212
0.0110489
-0.00324504
0.010961
-0.00459245
0.0107112
-0.00588472
0.0103023
-0.00710051
0.00972471
-0.00821931
0.00897551
-0.00922351
0.00807138
-0.0100862
0.00700426
-0.0107973
0.00579111
-0.0113375
0.00444382
-0.0116952
0.0029871
-0.0118541
0.00142288
-0.0118093
-0.000211655
-0.0115567
-0.00188877
-0.0110923
-0.00358262
-0.0104193
-0.00525996
-0.00954451
-0.0068853
-0.00847923
-0.0084232
-0.00724413
-0.00983513
-0.00585523
-0.0110893
-0.00433844
-0.0121459
-0.00272396
-0.0129707
-0.00104374
-0.0135329
0.00066523
-0.0138121
0.00236388
-0.0137772
0.00401148
-0.0134204
0.00556918
-0.0127347
0.00699351
-0.0117142
0.0082448
-0.0103794
0.00928694
-0.00873914
0.0100869
-0.00683057
0.0106162
-0.00468803
0.0108566
-0.00236863
0.0107891
7.87264e-05
0.0104088
0.00257712
0.00972317
0.00505641
0.00874409
0.00743824
0.00749593
0.00964318
0.00601468
0.0115876
0.00433621
0.0131995
0.00250904
0.0144076
0.000613879
0.015136
-0.00130917
0.0153633
-0.00317723
0.0150268
-0.00492286
0.0141329
-0.0064787
0.0126839
-0.00777856
0.0107098
-0.00876236
0.00826169
-0.00938292
0.00542689
-0.0096038
0.00230557
-0.0094126
-0.000979974
-0.00880618
-0.00427999
-0.00779927
-0.00745102
-0.00643168
-0.010341
-0.00476953
-0.0127684
-0.00288129
-0.0146339
-0.000858833
-0.0157903
0.00119548
-0.0161476
0.00316941
-0.0156606
0.00496302
-0.0143245
0.00646489
-0.0121681
0.00759536
-0.00929314
0.00827249
-0.00582894
0.00845491
-0.00197108
0.00812619
0.00207035
0.00729601
0.00604781
0.00601025
0.00969539
0.00434653
0.012769
0.00241186
0.0150403
0.000335103
0.0163282
-0.0017511
0.0165106
-0.0036907
0.0155236
-0.00534505
0.0134128
-0.0065903
0.0102904
-0.00732992
0.00635398
-0.00750043
0.00188619
-0.00708137
-0.00278923
-0.00610425
-0.00728317
-0.00464383
-0.011236
-0.00281364
-0.0142878
-0.000781178
-0.0161463
0.00129352
-0.016652
0.00321948
-0.0156535
0.00482609
-0.0132545
0.005962
-0.00961919
0.00651688
-0.00505842
0.00643661
9.34591e-06
0.00572737
0.00509659
0.00446084
0.00968116
0.00277062
0.0132831
0.000833916
0.0154986
-0.00113651
0.016079
-0.00293178
0.0148963
-0.00435285
0.0120915
-0.00523918
0.00794546
-0.00549214
0.00292901
-0.00508971
-0.00237133
-0.00409031
-0.00729871
-0.00263015
-0.0112339
-0.00090891
-0.0136683
0.000844443
-0.0142959
0.00239879
-0.0129922
0.00354653
-0.00997613
0.00413502
-0.00565849
0.00409445
-0.000667401
0.00345135
0.00425158
0.00232259
0.00835569
0.000903126
0.0110194
-0.000573267
0.0118627
-0.00187554
0.010738
-0.0027954
0.00789197
-0.00319021
0.00380307
-0.00301294
-0.000808061
-0.00231855
-0.00512437
-0.00125309
-0.008393
-2.32146e-05
-0.0100693
0.00112808
-0.00985143
0.00201552
-0.00792017
0.00248439
-0.0046534
0.00247331
-0.000727471
0.00202104
0.00306784
0.00125093
0.00600995
0.000340285
0.00758983
-0.000525401
0.00761942
-0.00118872
0.00620306
-0.00154334
0.00373121
-0.00155257
0.000753082
-0.00124266
-0.00214918
-0.000689037
-0.00445639
-0.00576833
0.00316208
-0.0215291
0.00647333
-0.0217285
0.00964937
-0.0226601
0.0123814
-0.0246626
0.0137091
-0.0277551
0.0129537
-0.0329173
0.00869397
-0.0388649
-0.0475456
-0.0068745
-0.0266111
-0.00971665
-0.0209437
-0.0099328
-0.0190544
-0.0091381
-0.0166384
-0.00780741
-0.0154222
-0.00653742
-0.0144448
-0.0051941
-0.0137636
-0.00389186
-0.0132622
-0.00257996
-0.0128256
-0.00129208
-0.0124741
-1.63882e-05
-0.0121218
0.00122393
-0.0117832
0.00241903
-0.0114323
0.00357486
-0.0110676
0.00468615
-0.0106708
0.00574593
-0.010239
0.00674528
-0.00976212
0.00768669
-0.00923096
0.00856885
-0.008646
0.0093793
-0.00800188
0.0101103
-0.00729608
0.0107591
-0.00653181
0.0113172
-0.0057057
0.0117785
-0.00482199
0.0121372
-0.00388274
0.0123876
-0.00289323
0.0125244
-0.00185839
0.0125438
-0.000785389
0.0124422
0.000318225
0.0122176
0.00144252
0.011868
0.00258023
0.0113946
0.00371517
0.0107984
0.00484144
0.0100826
0.00594063
0.00925165
0.00700306
0.00831137
0.00801226
0.00726979
0.00895322
0.00613564
0.00981479
0.00491983
0.0105787
0.00363484
0.0112332
0.00229495
0.0117603
0.000916423
0.0121465
-0.000484303
0.012378
-0.00188922
0.0124538
-0.00327847
0.0123503
-0.00463106
0.0120638
-0.00592778
0.011599
-0.00714747
0.0109444
-0.00826931
0.0100973
-0.00927077
0.00907284
-0.0101369
0.00787042
-0.0108479
0.00650203
-0.0113879
0.00498391
-0.011739
0.00333817
-0.011895
0.00157889
-0.011848
-0.000258628
-0.0115897
-0.00214711
-0.0111185
-0.00405385
-0.0104391
-0.00593938
-0.00955659
-0.00776777
-0.00848644
-0.00949336
-0.00724151
-0.0110801
-0.00584382
-0.012487
-0.00431877
-0.013671
-0.00269687
-0.0145926
-0.00101073
-0.015219
0.000703909
-0.0155267
0.00240762
-0.0154809
0.00406002
-0.0150728
0.0056197
-0.0142944
0.00704523
-0.0131397
0.00829619
-0.0116304
0.00933873
-0.00978167
0.0101348
-0.00762664
0.0106603
-0.00521358
0.010892
-0.00260032
0.0108182
0.000152612
0.010431
0.00296424
0.00973612
0.00575133
0.00874741
0.00842695
0.00748859
0.010902
0.00599169
0.0130845
0.00430232
0.0148889
0.00247138
0.0162386
0.000561953
0.0170454
-0.00137043
0.0172957
-0.00324403
0.0169004
-0.00499452
0.0158834
-0.00655175
0.0142411
-0.00785113
0.0120092
-0.00883316
0.00924371
-0.00944951
0.00604325
-0.00966594
0.00252199
-0.00946653
-0.00117938
-0.00884529
-0.00490123
-0.00782195
-0.00847436
-0.00644271
-0.0117202
-0.00475655
-0.0144546
-0.00285836
-0.0165321
-0.000822643
-0.017826
0.00124481
-0.018215
0.00322992
-0.0176457
0.00503065
-0.0161252
0.00653577
-0.0136732
0.00766529
-0.0104227
0.00833827
-0.00650192
0.00851092
-0.00214373
0.00816848
0.00241279
0.00732291
0.00689338
0.00602022
0.0109981
0.00433925
0.01445
0.00238851
0.016991
0.000298604
0.0184181
-0.00179767
0.0186069
-0.00374287
0.0174688
-0.0054014
0.0150713
-0.00664537
0.0115344
-0.00737917
0.00708778
-0.00753786
0.00204487
-0.00710797
-0.00321912
-0.00611261
-0.00827853
-0.00463719
-0.0127114
-0.00279246
-0.0161325
-0.000742227
-0.0181965
0.00133203
-0.0187262
0.00326135
-0.0175828
0.00486659
-0.0148598
0.00599713
-0.0107497
0.00654279
-0.00560408
0.00645074
0.00010139
0.00572685
0.00582049
0.00444429
0.0109637
0.00273903
0.0149884
0.000798952
0.0174387
-0.00117643
0.0180544
-0.00297057
0.0166905
-0.00438622
0.0135072
-0.00526228
0.00882151
-0.00550122
0.00316795
-0.00508143
-0.00279112
-0.00406511
-0.00831502
-0.00259024
-0.0127088
-0.000858595
-0.0153999
0.000893438
-0.016048
0.00244491
-0.0145437
0.00358451
-0.0111157
0.00415977
-0.00623374
0.00410284
-0.000610471
0.00344231
0.0049121
0.00229832
0.00949969
0.000867704
0.01245
-0.000609237
0.0133396
-0.00190938
0.0120381
-0.00282205
0.00880464
-0.00320541
0.00418643
-0.00301477
-0.000998702
-0.00230815
-0.00583099
-0.00123428
-0.00946686
-1.10266e-05
-0.0112925
0.00114136
-0.0110038
0.00201994
-0.00879874
0.0024757
-0.00510916
0.00245066
-0.000702429
0.00198677
0.00353173
0.00121075
0.00678597
0.000301491
0.00849909
-0.000554478
0.00847539
-0.0012052
0.00685379
-0.00154667
0.00407268
-0.00154616
0.000752569
-0.00123268
-0.00246265
-0.000681975
-0.0050071
-0.0064503
0.00268934
-0.0242184
0.00542346
-0.0244627
0.00796166
-0.0251983
0.0100494
-0.0267504
0.0109944
-0.0287
0.0102398
-0.0321627
0.00669557
-0.0353207
-0.04085
-0.00460574
-0.0220053
-0.00663735
-0.0189121
-0.00708974
-0.018602
-0.00675275
-0.0169754
-0.0058151
-0.0163599
-0.00479191
-0.015468
-0.00363066
-0.0149249
-0.00250651
-0.0143864
-0.00136057
-0.0139715
-0.000257341
-0.0135773
0.000844674
-0.0132238
0.001935
-0.0128735
0.00300758
-0.0125049
0.00405567
-0.0121157
0.00507271
-0.0116879
0.00605454
-0.0112209
0.00699207
-0.0106996
0.00788179
-0.0101207
0.00871421
-0.00947842
0.00948274
-0.00877041
0.0101809
-0.0079942
0.0107998
-0.00715072
0.0113319
-0.00623782
0.0117713
-0.00526145
0.0121111
-0.00422253
0.0123451
-0.00312718
0.0124683
-0.00198165
0.0124763
-0.000793316
0.0123649
0.000429587
0.0121318
0.00167561
0.0117789
0.00293317
0.0113024
0.00419159
0.010705
0.00543884
0.0099902
0.00665547
0.00916197
0.00783129
0.00822637
0.00894785
0.00719092
0.00998868
0.00606485
0.0109409
0.00485797
0.0117856
0.0035835
0.0125076
0.00225501
0.0130888
0.0008883
0.0135132
-0.000499448
0.0137657
-0.00189059
0.0138449
-0.00326556
0.0137252
-0.00460431
0.0134025
-0.00588708
0.0128818
-0.00709247
0.0121498
-0.00820002
0.0112049
-0.00919013
0.010063
-0.0100443
0.00872461
-0.0107447
0.00720245
-0.0112753
0.0055145
-0.0116212
0.00368401
-0.0117723
0.00173006
-0.0117203
-0.000310694
-0.0114605
-0.00240685
-0.0109899
-0.0045245
-0.0103137
-0.00661554
-0.00943735
-0.00864416
-0.00837369
-0.010557
-0.00713639
-0.0123174
-0.00575361
-0.0138698
-0.00424351
-0.0151811
-0.00263708
-0.0161991
-0.000968248
-0.0168879
0.000728326
-0.0172233
0.00241308
-0.0171657
0.0040456
-0.0167053
0.00558632
-0.0158351
0.0069927
-0.0145461
0.00822699
-0.0128647
0.0092535
-0.0108082
0.0100356
-0.00840876
0.0105507
-0.00572867
0.010771
-0.00282062
0.0106939
0.000229696
0.0103045
0.00335361
0.00961116
0.00644471
0.0086268
0.00941131
0.00737518
0.0121536
0.00588909
0.0145706
0.00420854
0.0165695
0.00239853
0.0180486
0.000499212
0.0189447
-0.00140486
0.0191997
-0.00325574
0.0187512
-0.00498758
0.0176152
-0.00652547
0.015779
-0.00780824
0.0132919
-0.00877524
0.0102107
-0.00937934
0.00664735
-0.00958901
0.00273166
-0.00938218
-0.00138622
-0.00875824
-0.00552516
-0.00773548
-0.00949712
-0.00636239
-0.0130933
-0.00468429
-0.0161326
-0.00279694
-0.0184195
-0.000777635
-0.0198453
0.00127114
-0.0202638
0.00323908
-0.0196137
0.00501977
-0.0179059
0.00650811
-0.0151615
0.00762054
-0.0115351
0.00828124
-0.00716263
0.00844356
-0.00230605
0.0080936
0.00276275
0.0072441
0.00774289
0.00594445
0.0122977
0.00427107
0.0161234
0.00233206
0.01893
0.000256146
0.0204941
-0.00181522
0.0206783
-0.00373768
0.0193913
-0.00537643
0.0167101
-0.0066024
0.0127603
-0.00732025
0.00780563
-0.00746802
0.00219264
-0.00703272
-0.00365441
-0.00603688
-0.00927437
-0.00456552
-0.0141828
-0.00273756
-0.0179605
-0.000703235
-0.0202309
0.0013475
-0.020777
0.00325279
-0.0194881
0.00483587
-0.0164429
0.00594615
-0.01186
0.00647671
-0.00613464
0.00637367
0.00020443
0.00564642
0.00654773
0.00436952
0.0122406
0.00267401
0.0166839
0.000747126
0.0193656
-0.00119567
0.0199972
-0.00296414
0.0184589
-0.00435566
0.0148987
-0.00521037
0.00967621
-0.00543356
0.00339115
-0.00500571
-0.00321897
-0.00398884
-0.00933189
-0.00252119
-0.0141765
-0.000806002
-0.0171151
0.000922981
-0.0177769
0.00245092
-0.0160716
0.00356791
-0.0122327
0.00412388
-0.00678971
0.00405319
-0.000539788
0.0033865
0.0055788
0.00224471
0.0106415
0.000824279
0.0138704
-0.000631835
0.0147957
-0.00191243
0.0133187
-0.00280629
0.00969849
-0.00317427
0.00455441
-0.00297423
-0.00119874
-0.00226634
-0.00653888
-0.00120042
-0.0105328
4.95627e-06
-0.0124979
0.0011383
-0.0121372
0.00199694
-0.00965738
0.00243509
-0.0055473
0.00239807
-0.000665415
0.00193043
0.00399937
0.00115978
0.00755662
0.000264442
0.00939443
-0.000571075
0.0093109
-0.00120194
0.00748465
-0.00152723
0.00439797
-0.00151831
0.00074365
-0.00120613
-0.00277482
-0.000665897
-0.00554734
-0.0071162
0.00159444
-0.0258129
0.00319855
-0.0260668
0.00468313
-0.0266828
0.00578892
-0.0278562
0.00622
-0.0291311
0.00563306
-0.0315758
0.00365456
-0.0333422
-0.0371954
-0.0020832
-0.0199221
-0.00302999
-0.0179653
-0.00353192
-0.0181001
-0.00353878
-0.0169685
-0.00322925
-0.0166694
-0.00272165
-0.0159756
-0.00201634
-0.0156302
-0.00122777
-0.0151749
-0.000354905
-0.0148444
0.000547161
-0.0144793
0.00148533
-0.014162
0.00243098
-0.0138191
0.0033887
-0.0134626
0.00433831
-0.0130653
0.00527561
-0.0126252
0.00618604
-0.0121313
0.00706356
-0.0115772
0.00790008
-0.0109572
0.00868679
-0.0102651
0.00941468
-0.0094983
0.0100767
-0.00865625
0.0106635
-0.00773752
0.0111708
-0.00674508
0.011588
-0.00567861
0.0119082
-0.0045428
0.0121268
-0.00334576
0.0122378
-0.00209267
0.0122372
-0.000792651
0.0121203
0.000546481
0.0118865
0.00190939
0.0115323
0.0032874
0.0110612
0.00466261
0.0104718
0.00602831
0.00976799
0.00735925
0.00895383
0.00864544
0.00803536
0.00986633
0.00701984
0.0110042
0.00591491
0.0120458
0.00473439
0.0129661
0.00348676
0.0137553
0.00218681
0.0143888
0.000849587
0.0148504
-0.000507702
0.015123
-0.00186802
0.0152053
-0.00321228
0.0150695
-0.0045204
0.0147106
-0.00577292
0.0141343
-0.00694959
0.0133265
-0.00803009
0.0122854
-0.00899547
0.0110283
-0.00982781
0.00955695
-0.0105098
0.00788443
-0.011025
0.00602969
-0.0113606
0.00401959
-0.0115049
0.00187435
-0.0114504
-0.000365144
-0.011191
-0.00266629
-0.0107292
-0.00498624
-0.0100629
-0.00728181
-0.00920597
-0.00950114
-0.00816321
-0.0115998
-0.00695342
-0.0135271
-0.00559853
-0.0152247
-0.0041208
-0.0166588
-0.0025501
-0.0177698
-0.000919192
-0.0185188
0.000738154
-0.0188807
0.00238284
-0.0188103
0.00397671
-0.0182992
0.00548003
-0.0173384
0.00684968
-0.0159158
0.00805518
-0.0140702
0.00905335
-0.0118064
0.00981293
-0.00916834
0.0103115
-0.00622728
0.010524
-0.00303303
0.010438
0.000315663
0.010054
0.00373764
0.00937089
0.00712779
0.00840399
0.0103782
0.00717645
0.0133812
0.00571857
0.0160285
0.00408075
0.0182073
0.00230612
0.0198232
0.000453848
0.020797
-0.001411
0.0210646
-0.00322106
0.0205613
-0.00491184
0.019306
-0.00641385
0.017281
-0.00766283
0.0145409
-0.00860416
0.011152
-0.00919116
0.00723436
-0.0093903
0.0029308
-0.00918047
-0.00159604
-0.00856309
-0.00614254
-0.00755575
-0.0105045
-0.00620612
-0.014443
-0.00456071
-0.0177781
-0.00270048
-0.0202797
-0.000726675
-0.0218191
0.00127696
-0.0222674
0.00320164
-0.0215383
0.00494079
-0.0196451
0.00639575
-0.0166165
0.00747589
-0.0126152
0.00811765
-0.00780439
0.00826961
-0.00245801
0.00791752
0.00311485
0.0070783
0.0085821
0.00579607
0.0135799
0.00415061
0.0177688
0.00224671
0.0208339
0.000210988
0.0225298
-0.00180487
0.0226941
-0.00368252
0.0212689
-0.00528047
0.018308
-0.00647431
0.0139542
-0.0071682
0.00849951
-0.00730569
0.00233013
-0.00687066
-0.00408943
-0.00588917
-0.0102559
-0.0044415
-0.0156304
-0.00265013
-0.0197518
-0.0006587
-0.0222223
0.00134172
-0.0227774
0.00320049
-0.0213469
0.00474293
-0.0179853
0.0058211
-0.0129382
0.00633048
-0.00664402
0.00622064
0.000314272
0.00550088
0.00726749
0.00424555
0.0134959
0.00258242
0.018347
0.000697185
0.0212508
-0.00119509
0.0218895
-0.00291787
0.0201817
-0.00426989
0.0162507
-0.00509475
0.0105011
-0.00530164
0.00359803
-0.00487157
-0.00364904
-0.00386805
-0.0103354
-0.00242648
-0.015618
-0.000745205
-0.0187964
0.000934564
-0.0194567
0.00242174
-0.0175588
0.00350428
-0.0133153
0.00403612
-0.00732155
0.00395483
-0.000458499
0.00329233
0.00624129
0.00216793
0.0117659
0.000775939
0.0152624
-0.000641917
0.0162136
-0.00188834
0.0145652
-0.00275384
0.010564
-0.0031035
0.00490408
-0.0028981
-0.00140415
-0.00219917
-0.0072378
-0.00115399
-0.011578
2.02095e-05
-0.0136721
0.00112064
-0.0132376
0.00195053
-0.0104873
0.00236754
-0.00596432
0.00232075
-0.000618623
0.00185651
0.0044636
0.00110094
0.0083122
0.000229283
0.0102661
-0.000576476
0.0101167
-0.00118172
0.0080899
-0.00148866
0.00470491
-0.00147267
0.000727657
-0.00116626
-0.00308123
-0.000642687
-0.00607091
-0.00775889
0.0010334
-0.0268463
0.00207618
-0.0271095
0.00302882
-0.0276355
0.00373137
-0.0285587
0.00401109
-0.0294108
0.00358575
-0.0311504
0.00236632
-0.0321227
-0.0348291
-0.00131586
-0.0186063
-0.00187488
-0.0174063
-0.0022457
-0.0177292
-0.00223638
-0.0169779
-0.00201756
-0.0168882
-0.0016183
-0.0163749
-0.00108374
-0.0161647
-0.000454778
-0.0158039
0.000266919
-0.0155661
0.00105313
-0.0152656
0.00187146
-0.0149803
0.00272431
-0.014672
0.00358983
-0.0143282
0.00446019
-0.0139357
0.00532459
-0.0134896
0.00617228
-0.012979
0.00699041
-0.0123953
0.00777424
-0.011741
0.00851395
-0.0110048
0.00920314
-0.0101875
0.00982981
-0.00928291
0.0103869
-0.00829465
0.010865
-0.00722313
0.0112565
-0.0060701
0.0115595
-0.00484586
0.011764
-0.00355022
0.0118637
-0.00219241
0.0118557
-0.000784587
0.0117379
0.000664225
0.0115059
0.00214141
0.0111592
0.00363412
0.0106985
0.00512325
0.0101239
0.00660289
0.00943978
0.00804341
0.00864958
0.00943564
0.00775893
0.010757
0.00677538
0.0119877
0.00570655
0.0131146
0.00456221
0.0141105
0.00335497
0.0149625
0.00209708
0.0156467
0.000803526
0.016144
-0.000508692
0.0164352
-0.00182367
0.0165202
-0.00312311
0.0163689
-0.00438714
0.0159747
-0.00559643
0.0153436
-0.00673251
0.0144625
-0.0077751
0.013328
-0.00870581
0.0119591
-0.00950787
0.010359
-0.0101655
0.00854208
-0.0106595
0.0065237
-0.0109793
0.00433937
-0.0111186
0.00201368
-0.011063
-0.000420767
-0.0108101
-0.00291922
-0.0103604
-0.00543597
-0.00971546
-0.00792671
-0.00888257
-0.010334
-0.00787254
-0.0126098
-0.00670129
-0.0146984
-0.00538693
-0.016539
-0.00395985
-0.0180859
-0.00244141
-0.0192882
-0.000865378
-0.0200948
0.000735551
-0.0204816
0.00232381
-0.0203986
0.00386243
-0.0198378
0.00531293
-0.0187889
0.00663594
-0.0172388
0.00779627
-0.0152305
0.00875768
-0.0127678
0.00948881
-0.00989947
0.00996538
-0.00670385
0.0101659
-0.00323358
0.0100779
0.000403686
0.0097007
0.00411484
0.00903698
0.00779151
0.00809835
0.0113168
0.0069079
0.0145716
0.00549497
0.0174414
0.00391147
0.0197908
0.00219585
0.0215388
0.000407882
0.022585
-0.00139484
0.0228673
-0.00314544
0.0223119
-0.00477795
0.0209385
-0.00622843
0.0187315
-0.0074336
0.0157461
-0.00833999
0.0120584
-0.00890272
0.00779709
-0.00909046
0.00311854
-0.00888157
-0.00180493
-0.00827743
-0.00674668
-0.00730152
-0.0114804
-0.00598729
-0.0157572
-0.00439282
-0.0193725
-0.00258646
-0.0220861
-0.00066688
-0.0237387
0.00126408
-0.0241984
0.0031241
-0.0233984
0.00480387
-0.0213248
0.00621033
-0.018023
0.00724997
-0.0136549
0.00786524
-0.00841966
0.00800632
-0.00259909
0.00765888
0.00346228
0.00683898
0.009402
0.00559187
0.0148271
0.00399321
0.0193675
0.00214665
0.0226805
0.000177522
0.0244989
-0.00176928
0.0246409
-0.00358455
0.0230842
-0.00512585
0.0198493
-0.00627492
0.0151032
-0.00694055
0.00916514
-0.00706703
0.00245661
-0.00663685
-0.00451962
-0.00568347
-0.0112092
-0.00427576
-0.0170382
-0.00253804
-0.0214896
-0.000615083
-0.0241453
0.00131681
-0.0247093
0.00311174
-0.0231418
0.00459742
-0.019471
0.00563361
-0.0139744
0.00611802
-0.00712843
0.006005
0.000427292
0.00530193
0.00797057
0.00407933
0.0147185
0.00247075
0.0199556
0.000645086
0.0230765
-0.00117688
0.0237114
-0.00283753
0.0218423
-0.00413759
0.0175508
-0.00492615
0.0112896
-0.00511632
0.0037882
-0.00469125
-0.00407411
-0.00371342
-0.0113132
-0.00231443
-0.017017
-0.000687385
-0.0204234
0.000929936
-0.021074
0.00236255
-0.0189914
0.00340112
-0.0143538
0.00390525
-0.00782568
0.00381631
-0.000369561
0.0031667
0.00689091
0.00207321
0.0128594
0.00072232
0.0166133
-0.000640649
0.0175765
-0.00184114
0.0157657
-0.00267074
0.0113936
-0.00300008
0.00523342
-0.00279311
-0.00161111
-0.00211139
-0.00791952
-0.00109791
-0.0125914
3.35168e-05
-0.0148035
0.0010903
-0.0142944
0.00188447
-0.0112814
0.00227806
-0.00635791
0.00222381
-0.000564374
0.00176874
0.00491868
0.00103688
0.00904406
0.000197011
0.011106
-0.000572077
0.0108857
-0.00114743
0.00866525
-0.00143473
0.00499221
-0.00141316
0.000706079
-0.00111588
-0.00337851
-0.000613884
-0.0065729
-0.00837277
0.000677832
-0.0275241
0.00135638
-0.0277881
0.00196882
-0.0282479
0.00238638
-0.0289763
0.00255668
-0.0295811
0.002233
-0.0308268
0.00152847
-0.0314182
-0.0333006
-0.000783193
-0.0178231
-0.00108984
-0.0170996
-0.00137118
-0.0174479
-0.00135788
-0.0169912
-0.00122786
-0.0170182
-0.000905999
-0.0166967
-0.000475672
-0.0165951
6.35871e-05
-0.0163432
0.000671978
-0.0161745
0.00135482
-0.0159484
0.00208799
-0.0157135
0.00285746
-0.0154415
0.0036504
-0.0151211
0.00445226
-0.0147375
0.00525254
-0.0142899
0.00604004
-0.0137665
0.00680619
-0.0131614
0.00754139
-0.0124762
0.00823679
-0.0117002
0.00888406
-0.0108348
0.00947391
-0.00987276
0.00999886
-0.0088196
0.0104489
-0.00767317
0.0108188
-0.00644003
0.0111004
-0.00512741
0.0112889
-0.00373873
0.0113807
-0.00228424
0.0113699
-0.000773743
0.0112514
0.000782668
0.0110243
0.00236857
0.0106881
0.00397035
0.0102418
0.0055695
0.00968959
0.00715511
0.00903184
0.00870116
0.00827316
0.0101943
0.00741842
0.0116117
0.00647557
0.0129306
0.0054516
0.0141386
0.00435472
0.0152074
0.00319881
0.0161184
0.00199355
0.0168519
0.000755431
0.0173821
-0.00050102
0.0176917
-0.00175931
0.0177785
-0.0030034
0.017613
-0.00421248
0.0171838
-0.00536876
0.0164999
-0.00645492
0.0155487
-0.00745113
0.0143242
-0.00833979
0.0128477
-0.00910459
0.0111238
-0.00973291
0.00917041
-0.0102033
0.00699405
-0.0105078
0.00464395
-0.0106383
0.00214414
-0.0105822
-0.000476917
-0.0103375
-0.00316387
-0.00990457
-0.0058689
-0.00928503
-0.00854624
-0.00848615
-0.0111329
-0.00751757
-0.0135784
-0.00639411
-0.0158219
-0.00513447
-0.0177987
-0.00376835
-0.019452
-0.00231514
-0.0207414
-0.00080747
-0.0216025
0.000723482
-0.0220125
0.00224215
-0.0219173
0.00371254
-0.0213082
0.00509729
-0.0201737
0.00636323
-0.0185047
0.00747045
-0.0163377
0.00838649
-0.0136838
0.00908404
-0.010597
0.00953526
-0.00715506
0.00972402
-0.00342235
0.00963737
0.000490331
0.00926795
0.00448427
0.00862994
0.00842952
0.00772848
0.0122183
0.00658481
0.0157153
0.00523856
0.0187877
0.00371557
0.0213138
0.00207
0.0231844
0.000362348
0.0242926
-0.00136079
0.0245904
-0.00303593
0.023987
-0.00459721
0.0224998
-0.00598413
0.0201184
-0.00713527
0.0168972
-0.00799996
0.0129231
-0.00853473
0.00833186
-0.00871119
0.003295
-0.00850596
-0.00201017
-0.00792216
-0.00733048
-0.00698354
-0.012419
-0.00571898
-0.0170217
-0.00418973
-0.0209018
-0.00245481
-0.023821
-0.00061501
-0.0255785
0.00123346
-0.0260468
0.00301435
-0.0251793
0.00462197
-0.0229324
0.00596705
-0.019368
0.00695853
-0.0146463
0.00754271
-0.00900384
0.00767312
-0.00272951
0.00733448
0.00380093
0.00654252
0.010194
0.00534235
0.0160272
0.00380639
0.0209035
0.00203408
0.0244528
0.000145799
0.0263872
-0.0017141
0.0265008
-0.0034512
0.0248213
-0.00492429
0.0213224
-0.00602022
0.0161992
-0.00665227
0.00979719
-0.00676754
0.00257188
-0.00634852
-0.00493864
-0.00543049
-0.0121273
-0.00407728
-0.0183914
-0.00240564
-0.0231612
-0.000569295
-0.0259816
0.00127623
-0.0265548
0.00299355
-0.0248591
0.00441136
-0.0208888
0.00539713
-0.0149601
0.00585492
-0.00758622
0.00573953
0.000542685
0.0050603
0.00864979
0.00388535
0.0158935
0.00234135
0.0214996
0.000593344
0.0248245
-0.00114401
0.0254488
-0.00273025
0.0234286
-0.00396864
0.0187892
-0.00471569
0.0120367
-0.00488959
0.00396211
-0.00447517
-0.00448853
-0.00353251
-0.0122559
-0.00218891
-0.0183606
-0.000630893
-0.0219815
0.000911646
-0.0226166
0.00227905
-0.0203588
0.0032665
-0.0153413
0.00374065
-0.00829984
0.00364684
-0.000275748
0.00301721
0.00752053
0.00196534
0.0139113
0.000669662
0.017909
-0.000629729
0.0188759
-0.0017753
0.0169112
-0.00256333
0.0121816
-0.00287118
0.00554128
-0.00266595
-0.00181635
-0.00200832
-0.00857715
-0.00103548
-0.0135643
4.43725e-05
-0.0158834
0.00104967
-0.0152997
0.00180311
-0.0120349
0.00217167
-0.00672647
0.00211208
-0.000504785
0.00167144
0.00535931
0.000969473
0.00974603
0.000168787
0.0119066
-0.000559534
0.0116141
-0.00110206
0.00920777
-0.00136909
0.00525924
-0.00134323
0.000680221
-0.00105799
-0.00366375
-0.000581102
-0.00704979
-0.00895387
0.000456548
-0.0279807
0.000925102
-0.0282566
0.00133846
-0.0286613
0.00159657
-0.0292344
0.00171696
-0.0297015
0.00146791
-0.0305777
0.00105215
-0.0310025
-0.0322485
-0.000522307
-0.0173008
-0.000707602
-0.0169143
-0.000917933
-0.0172376
-0.000875703
-0.0170334
-0.000759368
-0.0171346
-0.000489915
-0.0169662
-0.000102873
-0.0169821
0.000355038
-0.0168011
0.000901224
-0.0167207
0.00151366
-0.0165608
0.00217921
-0.0163791
0.00288177
-0.016144
0.00361138
-0.0158507
0.00435544
-0.0154816
0.00509933
-0.0150338
0.00583353
-0.0145007
0.00654635
-0.0138743
0.00723239
-0.0131623
0.00788293
-0.0123508
0.00849027
-0.0114421
0.00904466
-0.0104272
0.00953757
-0.00931251
0.00995817
-0.00809377
0.0103032
-0.00678503
0.010567
-0.00539125
0.0107427
-0.00391447
0.0108256
-0.00236713
0.0108109
-0.000759033
0.0106939
0.000899654
0.0104759
0.00258664
0.0101532
0.004293
0.00972635
0.00599636
0.00919996
0.0076815
0.00857303
0.00932809
0.00785101
0.0109163
0.00703988
0.0124229
0.00614364
0.0138268
0.00517024
0.015112
0.00413026
0.0162473
0.00303154
0.0172171
0.00188862
0.0179948
0.000711395
0.0185593
-0.000479688
0.0188827
-0.00167275
0.0189716
-0.00285242
0.0187927
-0.00400019
0.0183315
-0.00509623
0.0175959
-0.00612447
0.0165769
-0.00706821
0.0152679
-0.00790919
0.0136887
-0.00863499
0.0118496
-0.00922605
0.00976146
-0.00966961
0.00743761
-0.00995867
0.00493301
-0.0100806
0.00226604
-0.0100252
-0.000532279
-0.00979152
-0.00339756
-0.00937888
-0.00628153
-0.00878917
-0.00913596
-0.00802919
-0.0118929
-0.00711021
-0.0144974
-0.00604308
-0.016889
-0.00485049
-0.0189913
-0.0035472
-0.0207553
-0.00217101
-0.0221176
-0.000740715
-0.0230328
0.000708367
-0.0234616
0.00214753
-0.0233564
0.00354069
-0.0227013
0.00485348
-0.0214865
0.00605059
-0.0197018
0.00709966
-0.0173868
0.00796372
-0.0145479
0.00862431
-0.0112576
0.0090463
-0.00757705
0.00922525
-0.00360129
0.00913844
0.000577141
0.00878659
0.00483612
0.00817429
0.00904182
0.00731652
0.0130761
0.00623287
0.0167989
0.00495271
0.0200678
0.0035056
0.0227609
0.00194117
0.0247488
0.000323093
0.0259107
-0.00130857
0.0262221
-0.0028981
0.0255766
-0.00437796
0.0239796
-0.00569245
0.0214329
-0.00678297
0.0179877
-0.00760109
0.0137412
-0.0081052
0.00883597
-0.00827032
0.00346012
-0.00807096
-0.00220953
-0.00751372
-0.00788771
-0.00661856
-0.0133142
-0.0054123
-0.018228
-0.00396041
-0.0223537
-0.00231493
-0.0254665
-0.000560515
-0.0273329
0.00119064
-0.027798
0.00288089
-0.0268695
0.00440553
-0.0244571
0.0056822
-0.0206447
0.0066191
-0.0155832
0.00716782
-0.00955255
0.00728979
-0.00285148
0.00696184
0.00412887
0.00620693
0.0109489
0.00506113
0.017173
0.00359862
0.022366
0.00191289
0.0261385
0.000123481
0.0281766
-0.00164214
0.0282664
-0.00329078
0.0264699
-0.00468629
0.0227179
-0.00572276
0.0172356
-0.0063184
0.0103928
-0.00642227
0.00267575
-0.00601978
-0.00534113
-0.00514324
-0.0130038
-0.00385536
-0.0196792
-0.00226571
-0.0247508
-0.00052074
-0.0277266
0.00122455
-0.0283001
0.00285282
-0.0264874
0.00419484
-0.0222308
0.00512521
-0.0158905
0.0055545
-0.00801551
0.00543828
0.000658903
0.00478831
0.00929976
0.00367032
0.0170115
0.0021993
0.0229706
0.000543949
0.0264799
-0.00109955
0.0270923
-0.0026023
0.0249313
-0.00377246
0.0199593
-0.00447489
0.0127391
-0.00463267
0.00411989
-0.00423239
-0.00488881
-0.00333288
-0.0131554
-0.00205422
-0.0196393
-0.000570274
-0.0234654
0.000882367
-0.0240692
0.00217692
-0.0216534
0.00310835
-0.0162727
0.00355095
-0.00874244
0.00345448
-0.000179278
0.00285085
0.00812416
0.0018481
0.014914
0.000616672
0.0191404
-0.000610881
0.0201035
-0.00169506
0.0179954
-0.00243776
0.0129243
-0.0027235
0.00582702
-0.00252284
-0.00201702
-0.0018943
-0.00920568
-0.000969719
-0.0144889
5.27648e-05
-0.0169059
0.00100108
-0.016248
0.00171039
-0.0127442
0.0020533
-0.00706938
0.00199035
-0.000441839
0.00156779
0.00578187
0.000900951
0.0104129
0.000142871
0.0126647
-0.000540493
0.0122974
-0.00104848
0.00971576
-0.00129513
0.00550589
-0.00126626
0.00065135
-0.000995016
-0.00393499
-0.000545805
-0.00749901
-0.00949968
0.000320817
-0.0283015
0.000665937
-0.0286018
0.000968326
-0.0289637
0.00113919
-0.0294053
0.0012334
-0.0297957
0.00103118
-0.0303755
0.000770585
-0.0307419
-0.0314779
-0.00038288
-0.0169179
-0.000497837
-0.0167994
-0.000647179
-0.0170882
-0.000600435
-0.0170801
-0.000483046
-0.017252
-0.000235883
-0.0172134
9.15218e-05
-0.0173095
0.000531212
-0.0172408
0.00102529
-0.0172147
0.00158324
-0.0171188
0.00219681
-0.0169926
0.00284927
-0.0167965
0.00352498
-0.0165264
0.0042126
-0.0161692
0.00490737
-0.0157285
0.00558468
-0.015178
0.00624931
-0.0145389
0.0068916
-0.0138046
0.00749953
-0.0129587
0.00806398
-0.0120066
0.00857902
-0.0109422
0.00903829
-0.00977177
0.00943271
-0.00848818
0.00975594
-0.00710826
0.00999971
-0.00563502
0.0101606
-0.00407537
0.0102356
-0.00244211
0.0102175
-0.000740938
0.0101063
0.00101086
0.0098965
0.00279643
0.00958964
0.00459987
0.00918863
0.00639737
0.0086906
0.00817952
0.00810041
0.00991829
0.0074193
0.0115975
0.00665214
0.01319
0.00580647
0.0146725
0.00488978
0.0160287
0.00391107
0.0172261
0.00287756
0.0182507
0.0017995
0.0190729
0.000694571
0.0196643
-0.000429228
0.0200065
-0.00155522
0.0200976
-0.00266232
0.0198998
-0.00373882
0.019408
-0.004771
0.0186281
-0.00573913
0.0175451
-0.00662596
0.0161547
-0.00741874
0.0144815
-0.00809693
0.0125278
-0.00864769
0.0103122
-0.00906782
0.00785774
-0.0093379
0.00520308
-0.00944928
0.00237742
-0.00939531
-0.000586251
-0.00917597
-0.00361689
-0.00878782
-0.00666968
-0.00823251
-0.00969127
-0.00751609
-0.0126093
-0.00664918
-0.0153643
-0.00564751
-0.0178907
-0.00452505
-0.0201137
-0.00330113
-0.0219792
-0.00200196
-0.0234168
-0.000656263
-0.0243785
0.00070481
-0.0248227
0.00205604
-0.0247077
0.00336527
-0.0240106
0.00459995
-0.0227211
0.00572715
-0.020829
0.00670825
-0.0183679
0.00752149
-0.0153611
0.00813923
-0.0118753
0.00853387
-0.00797169
0.00869605
-0.00376347
0.00861218
0.000661014
0.00827988
0.00516842
0.0077011
0.00962059
0.0068906
0.0138866
0.00586846
0.0178211
0.00466273
0.0212736
0.00330043
0.0241232
0.00182411
0.0262251
0.000301194
0.0274336
-0.00123155
0.0277548
-0.00272695
0.027072
-0.00412215
0.0253748
-0.00535551
0.0226662
-0.00638182
0.019014
-0.00715105
0.0145105
-0.0076257
0.00931062
-0.00777198
0.0036064
-0.00758331
-0.0023982
-0.00706082
-0.0084102
-0.00621269
-0.0141623
-0.00507431
-0.0193664
-0.0037043
-0.0237237
-0.00215605
-0.0270147
-0.000507048
-0.0289819
0.00114538
-0.0294504
0.00273891
-0.028463
0.00417229
-0.0258905
0.00537129
-0.0218437
0.00625171
-0.0164637
0.00676591
-0.0100668
0.00687282
-0.00295839
0.0065614
0.00444028
0.00584777
0.0116625
0.00476505
0.0182557
0.00338306
0.023748
0.00179142
0.0277301
0.000108173
0.0298598
-0.00155307
0.0299277
-0.00310658
0.0280234
-0.0044179
0.0240292
-0.00539153
0.0182093
-0.00594923
0.0109505
-0.00604092
0.00276744
-0.00565967
-0.00572238
-0.00482939
-0.0138341
-0.00361681
-0.0208918
-0.00211561
-0.026252
-0.000469029
-0.0293732
0.00116595
-0.0299351
0.00269835
-0.0280198
0.00395879
-0.0234913
0.00483011
-0.0167618
0.00522944
-0.00841484
0.00511521
0.000773124
0.00449956
0.00991542
0.00344395
0.0180671
0.00205576
0.0243588
0.000493567
0.028042
-0.00104478
0.0286306
-0.00245872
0.0263453
-0.00355552
0.0210561
-0.00421231
0.0133959
-0.00435428
0.00426186
-0.00397269
-0.0052704
-0.00312196
-0.0140061
-0.00191578
-0.0208455
-0.00051642
-0.0248648
0.00084483
-0.0254305
0.00206148
-0.02287
0.00293426
-0.0171455
0.00334415
-0.00915233
0.0032474
-8.25346e-05
0.00267423
0.00869733
0.00172679
0.0158614
0.000566029
0.0203012
-0.000585632
0.0212551
-0.00160455
0.0190143
-0.00229944
0.0136192
-0.00256284
0.00609042
-0.00236921
-0.00221065
-0.00177408
-0.00980081
-0.000901959
-0.015361
5.87168e-05
-0.0178666
0.000946656
-0.0171359
0.00161
-0.0134075
0.00192711
-0.00738649
0.00186237
-0.0003771
0.00146123
0.00618302
0.000832475
0.0110416
0.00012111
0.0133761
-0.000516536
0.0129351
-0.000989101
0.0101883
-0.00121579
0.00573258
-0.0011848
0.000620357
-0.000929192
-0.0041906
-0.000509048
-0.00791915
-0.0100087
0.000241219
0.000514019
0.000753379
0.000882928
0.000950934
0.000780567
0.000581142
-0.000284675
-0.000371656
-0.000486005
-0.000428507
-0.000298852
-7.95687e-05
0.000229958
0.000624589
0.001081
0.00159852
0.00215938
0.00276339
0.00339742
0.00404623
0.00468713
0.005324
0.00594397
0.00653642
0.0071024
0.0076329
0.00811887
0.00854778
0.00891826
0.00921901
0.00944715
0.00959815
0.00966687
0.00964955
0.00954251
0.00934415
0.00905725
0.00868082
0.00821411
0.00766076
0.00702354
0.00630787
0.00551798
0.00466212
0.00374644
0.00277982
0.00177431
0.000739193
-0.000309448
-0.00135963
-0.00239546
-0.00340185
-0.00436531
-0.005269
-0.00609759
-0.00683597
-0.00746927
-0.00798512
-0.00837514
-0.00862734
-0.00872912
-0.00868185
-0.00847575
-0.00811411
-0.00759704
-0.00693068
-0.00612232
-0.00518866
-0.00414328
-0.00300366
-0.00179449
-0.000540691
0.000730371
0.00199198
0.00321475
0.00436909
0.00542008
0.00633847
0.00710104
0.0076761
0.00804591
0.00819513
0.00811123
0.00780124
0.00726133
0.006503
0.00554422
0.00440911
0.0031393
0.0017655
0.000333964
-0.00109691
-0.00249379
-0.00379561
-0.00494918
-0.00590844
-0.00662687
-0.00706859
-0.00720402
-0.00702933
-0.006543
-0.00574608
-0.00469163
-0.00340208
-0.00196174
-0.000423603
0.00111786
0.0026089
0.00394781
0.00507139
0.00589312
0.00637462
0.00647088
0.00617463
0.00550374
0.00448919
0.00319416
0.00170352
0.000116239
-0.00142162
-0.00287498
-0.00410144
-0.00501099
-0.00553054
-0.00561336
-0.00525828
-0.00447938
-0.00334908
-0.00194589
-0.00039894
0.00111395
0.00254676
0.0037238
0.00453598
0.0049065
0.00479582
0.00421661
0.00322679
0.00192708
0.000464546
-0.000968579
-0.00228997
-0.00331285
-0.00392297
-0.00405149
-0.00369257
-0.00289673
-0.00177038
-0.000461145
0.000804669
0.00194127
0.00275469
0.00313427
0.00303935
0.00249943
0.00161076
0.00052207
-0.000550826
-0.00150263
-0.00214954
-0.00239175
-0.00220655
-0.0016481
-0.000832948
6.3405e-05
0.000888847
0.0015055
0.00179802
0.00173382
0.00135634
0.000767971
0.000102802
-0.000488531
-0.000926683
-0.00113403
-0.00110163
-0.000861924
-0.000471474
)
;

boundaryField
{
    freeSurface
    {
        type            calculated;
        value           nonuniform List<scalar> 
181
(
-0.0285427
-0.0288746
-0.029203
-0.0295348
-0.0298637
-0.0302051
-0.0305424
-0.0308968
-0.0166332
-0.0167124
-0.0169739
-0.0171376
-0.0173816
-0.0174326
-0.017619
-0.0176354
-0.0176712
-0.0176363
-0.0175535
-0.0174005
-0.0171604
-0.016818
-0.0163694
-0.0158149
-0.0151589
-0.014397
-0.0135247
-0.0125371
-0.0114282
-0.0102007
-0.00885867
-0.00740901
-0.00586316
-0.00422638
-0.00251083
-0.000723616
0.0011179
0.0029948
0.00488676
0.0067738
0.00864622
0.0104716
0.0122347
0.0139057
0.0154624
0.0168845
0.0181417
0.0192173
0.0200784
0.0206994
0.0210552
0.0211477
0.0209356
0.0204144
0.0195916
0.0184488
0.0169833
0.0152199
0.0131611
0.0108281
0.00824777
0.00545529
0.00247919
-0.000633526
-0.00382299
-0.00703132
-0.0102083
-0.0132757
-0.0161726
-0.0188243
-0.0211591
-0.0231188
-0.024626
-0.0256323
-0.0260938
-0.0259693
-0.0252333
-0.0238755
-0.02188
-0.0192863
-0.0161237
-0.0124504
-0.0083415
-0.00391269
0.000744914
0.00547841
0.0101605
0.0146449
0.0187799
0.0224087
0.025393
0.0275989
0.0288652
0.0291857
0.0284688
0.0266767
0.0238198
0.0199733
0.0152289
0.00975235
0.00374183
-0.0025729
-0.00889653
-0.0149592
-0.0204208
-0.0250132
-0.0284551
-0.03052
-0.0309919
-0.0299541
-0.0272294
-0.0229673
-0.0172854
-0.0105482
-0.00305465
0.00473653
0.0123334
0.0192703
0.025043
0.0292208
0.0314471
0.0314655
0.0294768
0.0252557
0.0191188
0.0114701
0.00285026
-0.00607746
-0.014613
-0.0220221
-0.0276552
-0.0309201
-0.031448
-0.0294526
-0.0246683
-0.017574
-0.00878536
0.00088381
0.0104946
0.0190569
0.0256585
0.0295046
0.0300637
0.0276667
0.022079
0.014006
0.00439038
-0.00562932
-0.014802
-0.0219718
-0.026174
-0.0266963
-0.0240066
-0.0179589
-0.00953191
1.23808e-05
0.00923726
0.0167501
0.0213899
0.022328
0.0199661
0.0142661
0.00633263
-0.00239586
-0.0103593
-0.0161761
-0.0187629
-0.0179614
-0.0140242
-0.00767902
-0.0003129
0.0065605
0.01163
0.0140413
0.0135264
0.0106265
0.00593992
0.000587963
-0.00443031
-0.0083096
-0.0104802
)
;
    }
    walls
    {
        type            calculated;
        value           uniform 0;
    }
    floatingObject
    {
        type            calculated;
        value           nonuniform List<scalar> 
37
(
0.0205784
0.0208194
0.0210603
0.0213043
0.0215541
0.0218039
0.0220581
0.0223153
0.0225739
0.0228369
0.0231029
0.0233718
0.0236437
0.0239185
0.0241976
0.0244783
0.0247649
0.0250514
0.0253438
0
0
0
0
0
0
0
0
0
0
0
0
0
0
0
0
-2.11758e-22
0
)
;
    }
    frontAndBack
    {
        type            empty;
    }
}


// ************************************************************************* //
