/*--------------------------------*- C++ -*----------------------------------*\
  =========                 |
  \\      /  F ield         | OpenFOAM: The Open Source CFD Toolbox
   \\    /   O peration     | Website:  https://openfoam.org
    \\  /    A nd           | Version:  12
     \\/     M anipulation  |
\*---------------------------------------------------------------------------*/
FoamFile
{
    format      ascii;
    class       surfaceScalarField;
    location    "9.22";
    object      phi;
}
// * * * * * * * * * * * * * * * * * * * * * * * * * * * * * * * * * * * * * //

dimensions      [1 0 -1 0 0 0 0];

internalField   nonuniform List<scalar> 
7429
(
-0.000124117
0.000124117
-0.000249862
0.000125746
-0.000378849
0.000128987
-0.000512041
0.000133192
-0.000650403
0.000138362
-0.000794861
0.000144458
-0.0009463
0.000151439
-0.00110551
0.000159207
-0.00127319
0.00016768
-0.0014499
0.000176708
-0.00163601
0.000186112
-0.0018317
0.00019569
-0.00203699
0.000205296
-0.00225162
0.000214625
-0.00247506
0.000223436
-0.00270656
0.000231508
-0.0029451
0.000238531
-0.00318939
0.000244297
-0.00343792
0.000248531
-0.00368893
0.00025101
-0.00394045
0.000251512
-0.0041903
0.000249855
-0.00443619
0.000245888
-0.00467566
0.000239468
-0.0049062
0.000230546
-0.00512526
0.000219052
-0.00533029
0.000205031
-0.00551879
0.000188501
-0.0056884
0.000169615
-0.00583687
0.000148467
-0.00596217
0.000125299
-0.00606243
0.00010026
-0.0061362
7.37728e-05
-0.00618232
4.61177e-05
-0.00620022
1.79003e-05
-0.0061859
-1.43249e-05
-0.0061389
-4.69922e-05
-0.00606063
-7.82763e-05
-0.00595265
-0.000107974
-0.00581661
-0.000136045
-0.00565364
-0.000162971
-0.00546455
-0.000189087
-0.00525062
-0.000213928
-0.00501358
-0.000237044
-0.00475542
-0.000258155
-0.00447849
-0.000276935
-0.00418533
-0.000293156
-0.00387878
-0.000306549
-0.00356173
-0.000317047
-0.00323735
-0.000324383
-0.00290881
-0.000328537
-0.00257956
-0.000329257
-0.00225286
-0.0003267
-0.00193208
-0.000320782
-0.00162067
-0.000311406
-0.00132188
-0.000298786
-0.00103888
-0.000283004
-0.000774827
-0.000264053
-0.000533079
-0.000241748
-0.000315478
-0.000217601
-0.000125059
-0.000190418
3.65742e-05
-0.000161633
0.000167366
-0.000130792
0.000265506
-9.81394e-05
0.000330566
-6.50601e-05
0.000361587
-3.10217e-05
0.000355675
5.91284e-06
0.000315161
4.05138e-05
0.00024183
7.33308e-05
0.000136944
0.000104886
2.38557e-06
0.000134559
-0.000159504
0.00016189
-0.000346274
0.00018677
-0.000554575
0.000208301
-0.000780418
0.000225843
-0.00101945
0.00023903
-0.00126718
0.00024773
-0.00151856
0.000251379
-0.00176847
0.000249909
-0.00201145
0.000242984
-0.00224235
0.000230898
-0.00245568
0.000213332
-0.00264628
0.000190602
-0.00280921
0.000162928
-0.00293994
0.000130727
-0.00303452
9.45864e-05
-0.00308965
5.51299e-05
-0.00310268
1.30278e-05
-0.0030653
-3.73766e-05
-0.00297969
-8.5611e-05
-0.00284732
-0.000132377
-0.00267016
-0.000177155
-0.00245085
-0.000219307
-0.00219253
-0.000258328
-0.00189939
-0.000293135
-0.00157666
-0.000322726
-0.00123062
-0.000346045
-0.00086862
-0.000362
-0.000498502
-0.000370118
-0.000128867
-0.000369635
0.000231302
-0.000360169
0.00057315
-0.000341848
0.000887675
-0.000314525
0.00116659
-0.000278913
0.00140202
-0.000235436
0.00158754
-0.000185512
0.00171749
-0.000129957
0.00178851
-7.10203e-05
0.00179882
-1.031e-05
0.00174087
5.7955e-05
0.00162245
0.000118422
0.00144829
0.000174151
0.00122401
0.000224283
0.000957168
0.000266843
0.000657079
0.000300089
0.000334596
0.000322483
2.08197e-06
0.000332514
-0.000327602
0.000329684
-0.000641405
0.000313803
-0.000926764
0.000285359
-0.00117178
0.00024502
-0.00136618
0.000194398
-0.00150147
0.00013529
-0.00157228
7.08077e-05
-0.00157389
1.60696e-06
-0.00150262
-7.12622e-05
-0.00136639
-0.000136235
-0.0011717
-0.000194694
-0.0009276
-0.000244096
-0.000645553
-0.000282047
-0.000339649
-0.000305905
-2.50702e-05
-0.000314578
0.000282026
-0.000307096
0.000566198
-0.000284171
0.000813163
-0.000246966
0.00101067
-0.000197507
0.0011494
-0.000138729
0.00122391
-7.45139e-05
0.00123297
-9.06005e-06
0.00117424
5.8736e-05
0.00105905
0.000115187
0.000897444
0.000161605
0.000702491
0.000194953
0.000489594
0.000212897
0.000275322
0.000214272
7.56953e-05
0.000199626
-9.45649e-05
0.00017026
-0.000223721
0.000129156
-0.000303821
8.00993e-05
-0.000331436
2.76157e-05
-0.000304979
-2.64571e-05
-0.000233136
-7.18436e-05
-0.000125999
-0.000107137
3.06146e-06
-0.00012906
0.000140358
-0.000137296
0.000268812
-0.000128454
0.000374295
-0.000105483
0.000445311
-7.10161e-05
0.000474243
-2.8932e-05
0.000455662
1.85807e-05
0.000392845
6.28173e-05
0.000293171
9.96739e-05
0.000166743
0.000126428
2.66676e-05
0.000140075
-0.000112609
0.000139277
-0.000236968
0.000124359
-0.000334366
9.73977e-05
-0.000396092
6.1726e-05
-0.000417657
2.15647e-05
-0.000397355
-2.03022e-05
-0.000340822
-5.65329e-05
-0.000255946
-8.48758e-05
-0.000153307
-0.000102639
-4.48478e-05
-0.000108459
5.7379e-05
-0.000102227
0.000142681
-8.53025e-05
0.000203038
-6.03565e-05
0.000233771
-3.07328e-05
0.000233133
6.38247e-07
0.000204073
2.90598e-05
0.00015248
5.15932e-05
8.63683e-05
6.61113e-05
1.48538e-05
7.15145e-05
-5.21564e-05
6.70102e-05
-0.000106363
5.42062e-05
-0.000141145
3.47819e-05
-0.000152708
1.15633e-05
-0.000138831
-1.38765e-05
-0.000102549
-3.62823e-05
-4.86295e-05
-5.39196e-05
1.61076e-05
-6.47371e-05
8.33868e-05
-6.72792e-05
0.000144384
-6.0997e-05
0.000191032
-4.66486e-05
0.000217059
-2.60262e-05
0.000218383
-1.32416e-06
0.000193512
2.48712e-05
0.000144896
4.86151e-05
7.77634e-05
6.7133e-05
7.77634e-05
-4.23112e-05
0.000166428
-8.49029e-05
0.000168337
-0.000131763
0.000175846
-0.000184929
0.000186358
-0.000246441
0.000199873
-0.000318312
0.000216329
-0.000402515
0.000235641
-0.000500914
0.000257607
-0.000615194
0.00028196
-0.000746717
0.000308232
-0.000896558
0.000335953
-0.00106535
0.000364481
-0.00125331
0.000393259
-0.00146021
0.000421518
-0.00168535
0.000448581
-0.0019276
0.000473755
-0.00218531
0.000496242
-0.00245657
0.000515562
-0.00273888
0.000530839
-0.00302948
0.000541611
-0.00332525
0.000547281
-0.00362277
0.00054737
-0.00391843
0.000541551
-0.00420846
0.000529499
-0.0044893
0.000511388
-0.00475689
0.000486643
-0.00500779
0.000455924
-0.0052385
0.000419214
-0.00544577
0.000376884
-0.00562638
0.000329078
-0.00577742
0.000276342
-0.0058964
0.000219236
-0.0059812
0.000158577
-0.00602974
9.46549e-05
-0.00604005
2.82131e-05
-0.00602052
-3.38605e-05
-0.00596978
-9.77311e-05
-0.00588568
-0.00016237
-0.00576737
-0.000226286
-0.00561485
-0.000288567
-0.00542949
-0.000348333
-0.00521359
-0.00040499
-0.00496971
-0.0004578
-0.00470049
-0.000506273
-0.00440877
-0.000549866
-0.00409766
-0.000588051
-0.00377028
-0.000620537
-0.00343003
-0.000646797
-0.00308042
-0.00066666
-0.00272506
-0.000679739
-0.00236768
-0.000685921
-0.0020118
-0.000685132
-0.00166131
-0.000677187
-0.00131975
-0.000662345
-0.000990981
-0.000640175
-0.000678165
-0.000611602
-0.000384987
-0.000576183
-0.000114344
-0.000534696
0.000131129
-0.000487221
0.00034813
-0.000434602
0.000534412
-0.0003767
0.000686796
-0.000314018
0.000803907
-0.000247903
0.00088511
-0.000179342
0.000930032
-0.000109982
0.000936792
-3.77811e-05
0.000903353
3.93514e-05
0.000833512
0.000110355
0.000728063
0.00017878
0.00058855
0.000244399
0.000416934
0.000306175
0.000216062
0.000362761
-1.04412e-05
0.000413273
-0.000259324
0.000457184
-0.000526671
0.00049319
-0.000807108
0.000519467
-0.00109565
0.000536273
-0.0013869
0.000542628
-0.00167503
0.000538039
-0.00195416
0.000522118
-0.0022186
0.000495332
-0.00246231
0.000457042
-0.0026798
0.000408091
-0.00286544
0.000348567
-0.00301473
0.000280023
-0.00312322
0.000203079
-0.00318743
0.000119333
-0.00320476
3.03617e-05
-0.00316744
-7.46952e-05
-0.00307844
-0.000174613
-0.00293883
-0.000271986
-0.00275032
-0.000365669
-0.00251538
-0.000454245
-0.00223752
-0.000536187
-0.00192169
-0.000608966
-0.00157389
-0.000670523
-0.00120118
-0.000718757
-0.000811799
-0.000751383
-0.000414229
-0.000767688
-1.80864e-05
-0.000765777
0.00036682
-0.000745075
0.000730692
-0.000705721
0.00106373
-0.000647565
0.00135719
-0.000572371
0.0016029
-0.000481147
0.00179311
-0.000375722
0.00192322
-0.000260061
0.00198868
-0.000136482
0.00198333
-4.9634e-06
0.00191045
0.000130835
0.0017728
0.000256069
0.00157481
0.000372148
0.0013228
0.000476293
0.00102568
0.000563958
0.000693789
0.000631983
0.000339741
0.000676532
-2.35935e-05
0.000695848
-0.000381932
0.000688022
-0.000721152
0.000653023
-0.0010275
0.000591707
-0.00128854
0.000506063
-0.00149286
0.000398718
-0.00163238
0.00027481
-0.00170046
0.000138881
-0.0016913
-7.54784e-06
-0.00160748
-0.00015508
-0.00145358
-0.000290134
-0.00123708
-0.000411197
-0.000968249
-0.000512928
-0.0006602
-0.000590096
-0.00032872
-0.000637385
9.83384e-06
-0.000653132
0.000337871
-0.000635133
0.000638318
-0.000584619
0.00089618
-0.000504828
0.00109809
-0.000399417
0.00123508
-0.000275717
0.00130148
-0.00014091
0.00129288
-4.62274e-07
0.00121654
0.00013507
0.00107955
0.000252185
0.000893649
0.000347502
0.000673878
0.000414725
0.000437596
0.000449179
0.000203019
0.000448849
-1.21922e-05
0.000414837
-0.000192318
0.000350386
-0.000324818
0.000261656
-0.000401678
0.000156959
-0.000420015
4.59531e-05
-0.000379595
-6.68776e-05
-0.000290084
-0.000161354
-0.000162781
-0.00023444
-1.25541e-05
-0.000279288
0.000142503
-0.000292354
0.000286097
-0.000272047
0.000402646
-0.000222033
0.000479763
-0.000148133
0.00050974
-5.89082e-05
0.000487731
4.05889e-05
0.000418352
0.000132197
0.000309284
0.000208742
0.000172252
0.00026346
2.19298e-05
0.000290398
-0.000125552
0.000286758
-0.000255483
0.00025429
-0.000355383
0.000197298
-0.000416331
0.000122674
-0.000434143
3.93763e-05
-0.000408409
-4.6036e-05
-0.00034516
-0.000119782
-0.000253218
-0.000176818
-0.000144145
-0.000211713
-3.0664e-05
-0.00022194
7.42321e-05
-0.000207123
0.000160215
-0.000171286
0.000219179
-0.00011932
0.000246731
-5.82855e-05
0.000242061
5.3081e-06
0.000208738
6.23833e-05
0.000152894
0.000107437
8.28162e-05
0.000136189
8.11873e-06
0.000146212
-6.05091e-05
0.000135638
-0.000115452
0.00010915
-0.000150034
6.93639e-05
-0.0001606
2.21294e-05
-0.000145759
-2.87175e-05
-0.000108382
-7.36592e-05
-5.34333e-05
-0.000108869
1.20689e-05
-0.000130239
7.98223e-05
-0.000135033
0.00014098
-0.000122155
0.000187687
-9.33558e-05
0.000213661
-5.20001e-05
0.00021502
-2.68369e-06
0.000190614
4.9278e-05
0.000142745
9.64842e-05
7.66239e-05
0.000133254
0.000154387
7.34848e-05
9.29428e-05
0.000143133
9.86886e-05
0.000204403
0.000114576
0.00025224
0.000138521
0.000281511
0.000170602
0.000287164
0.000210676
0.000264285
0.00025852
0.000208588
0.000313304
0.000116535
0.000374012
-1.4412e-05
0.000439179
-0.000185989
0.00050753
-0.000399129
0.00057762
-0.000653914
0.000648045
-0.000949317
0.000716921
-0.00128354
0.000782804
-0.0016536
0.000843819
-0.00205577
0.000898412
-0.00248529
0.000945077
-0.00293681
0.000982355
-0.00340401
0.00100882
-0.00388017
0.00102344
-0.00435812
0.00102532
-0.00483051
0.00101394
-0.00528984
0.000988833
-0.00572856
0.000950103
-0.00613977
0.000897859
-0.00651707
0.000833218
-0.00685444
0.000756583
-0.00714719
0.000669635
-0.00739137
0.000573259
-0.00758441
0.000469387
-0.00772462
0.000359443
-0.00781129
0.000245245
-0.00784555
0.000128913
-0.00783144
1.41108e-05
-0.00774457
-0.000120731
-0.00760029
-0.000242011
-0.0074072
-0.000355458
-0.00717111
-0.000462376
-0.00689471
-0.000564973
-0.00658027
-0.000662769
-0.00623092
-0.000754345
-0.00585038
-0.000838334
-0.00544252
-0.000914135
-0.00501161
-0.000980777
-0.004562
-0.00103766
-0.00409846
-0.00108407
-0.00362547
-0.00111979
-0.00314743
-0.00114469
-0.00266885
-0.00115832
-0.00219411
-0.00116067
-0.00172813
-0.00115111
-0.00127523
-0.00113008
-0.000840683
-0.0010969
-0.000427337
-0.00105352
-3.83891e-05
-0.00100055
0.000320206
-0.000934778
0.000647247
-0.000861736
0.000936832
-0.000776806
0.00118806
-0.000685831
0.00139835
-0.00058699
0.00156577
-0.000481438
0.00168815
-0.000370281
0.00176264
-0.000253829
0.00179075
-0.000138096
0.00176888
-1.59087e-05
0.00170403
0.000104204
0.00159391
0.000220474
0.00143953
0.000333155
0.00124342
0.000440515
0.00100863
0.000540961
0.000738852
0.000632539
0.000438486
0.00071364
0.000112831
0.000782839
-0.000232332
0.000838353
-0.000592228
0.000879363
-0.000960209
0.000904253
-0.00132968
0.000912101
-0.00169342
0.000901774
-0.00204463
0.000873335
-0.00237607
0.000826774
-0.00268068
0.000761649
-0.0029516
0.000679011
-0.00318314
0.000580106
-0.00336898
0.000465866
-0.00350421
0.000338307
-0.0035845
0.000199618
-0.0036071
5.29671e-05
-0.00356492
-0.00011688
-0.00346135
-0.000278185
-0.00329738
-0.000435948
-0.0030747
-0.000588348
-0.00279622
-0.000732729
-0.00246645
-0.000865955
-0.00209177
-0.000983647
-0.00167964
-0.00108265
-0.00123881
-0.00115959
-0.000779303
-0.00121089
-0.000311695
-0.0012353
0.000152456
-0.00122993
0.000601478
-0.0011941
0.00102417
-0.00112841
0.00140892
-0.00103232
0.0017445
-0.000907953
0.00202154
-0.000758185
0.00223193
-0.000586113
0.00236903
-0.000397163
0.00242768
-0.000195132
0.0024024
2.03171e-05
0.00229942
0.000233821
0.00212041
0.000435077
0.00187021
0.000622344
0.00155717
0.000789336
0.00119235
0.00092878
0.000788749
0.00103558
0.000361011
0.00110427
-7.46664e-05
0.00113153
-0.000501315
0.00111467
-0.000902219
0.00105393
-0.00126091
0.000950402
-0.00156297
0.000808124
-0.00179539
0.000631131
-0.00194865
0.000428071
-0.00201522
0.000205453
-0.00198994
-3.28302e-05
-0.00187809
-0.000266923
-0.00168402
-0.000484211
-0.00141698
-0.000678233
-0.00108992
-0.000839986
-0.000719837
-0.000960182
-0.000324821
-0.0010324
7.36093e-05
-0.00105156
0.000455594
-0.00101712
0.000800793
-0.000929818
0.00109126
-0.00079529
0.00131277
-0.000620935
0.00145406
-0.000416998
0.00150945
-0.000196307
0.00147668
3.23073e-05
0.00136499
0.000246764
0.00118287
0.000434302
0.000945672
0.000584701
0.0006721
0.000688297
0.000383873
0.000737406
0.00010242
0.000730302
-0.000150579
0.000667837
-0.000356955
0.000556762
-0.000502438
0.000407139
-0.000578107
0.000232628
-0.000581826
4.96726e-05
-0.000516293
-0.000132411
-0.000392414
-0.000285233
-0.000225269
-0.000401584
-3.35251e-05
-0.000471032
0.000160858
-0.000486736
0.000337643
-0.000448833
0.000478506
-0.000362896
0.000569317
-0.000238944
0.000601314
-9.09053e-05
0.000571414
7.04883e-05
0.0004855
0.000218111
0.000353403
0.000340839
0.000190135
0.000426728
1.34243e-05
0.000467108
-0.000156383
0.000456565
-0.000303392
0.000401299
-0.000413118
0.000307024
-0.000476226
0.000185783
-0.000488905
5.20544e-05
-0.000452303
-8.26378e-05
-0.000374054
-0.000198031
-0.000264945
-0.000285926
-0.00013898
-0.000337678
-1.05128e-05
-0.000350407
0.000105238
-0.000322874
0.00019746
-0.000263507
0.000258069
-0.000179929
0.000282555
-8.27715e-05
0.000271292
1.65706e-05
0.000228763
0.000104912
0.00016244
0.000173761
8.20378e-05
0.000216591
-1.02736e-06
0.000229277
-7.72126e-05
0.000211823
-0.00013676
0.000168697
-0.000173097
0.000105701
-0.000182635
3.16675e-05
-0.000165125
-4.6228e-05
-0.000123479
-0.000115305
-6.32817e-05
-0.000169066
7.65757e-06
-0.000201179
8.04536e-05
-0.000207829
0.000145784
-0.000187485
0.000195466
-0.000143038
0.000222998
-7.95324e-05
0.000224482
-4.1671e-06
0.000199047
7.47129e-05
0.000149031
0.0001465
7.99516e-05
0.000202333
0.000234339
0.000353765
-0.000260823
0.000706129
-0.000253675
0.00104689
-0.000226183
0.00136823
-0.000182825
0.00166248
-0.000123644
0.00192396
-5.08095e-05
0.00214312
3.93673e-05
0.00229142
0.000164998
0.00236432
0.000301115
0.00235774
0.00044576
0.00226689
0.000598376
0.00209022
0.000754293
0.00182737
0.000910888
0.00148051
0.00106378
0.00105349
0.00120983
0.000552175
0.00134513
-1.57305e-05
0.00146632
-0.000640706
0.00157005
-0.00131237
0.00165401
-0.00201803
0.00171448
-0.00274472
0.00175013
-0.00347866
0.00175927
-0.00420623
0.0017415
-0.00491285
0.00169546
-0.00558586
0.00162311
-0.00621175
0.00152374
-0.0067806
0.00140207
-0.00728111
0.00125709
-0.0077079
0.00109643
-0.00805337
0.000918729
-0.00831552
0.000731533
-0.00849179
0.000535716
-0.00858156
0.000335018
-0.00858354
0.000130891
-0.00850963
-5.98025e-05
-0.00838532
-0.000245039
-0.008199
-0.000428336
-0.0079489
-0.000605556
-0.00763717
-0.000774108
-0.00726982
-0.000932325
-0.00685401
-0.00107858
-0.00639628
-0.00121207
-0.00590308
-0.00133154
-0.00538072
-0.0014365
-0.00483509
-0.0015264
-0.00427246
-0.0016003
-0.00369824
-0.00165829
-0.00311789
-0.00170015
-0.00253752
-0.00172506
-0.00196242
-0.00173342
-0.00139816
-0.00172492
-0.000850323
-0.00169895
-0.000322611
-0.00165779
0.000181605
-0.00160111
0.000654925
-0.00152684
0.00109371
-0.00143933
0.00149361
-0.00133468
0.00185137
-0.0012195
0.00216465
-0.00109008
0.0024275
-0.000948682
0.00263828
-0.000797769
0.00279643
-0.000639585
0.00289838
-0.000472232
0.00294493
-0.000300387
0.00293234
-0.000125501
0.00286272
5.37158e-05
0.00273908
0.000227838
0.00256116
0.000398391
0.00233121
0.000563113
0.00205234
0.000719377
0.0017281
0.000865203
0.00136336
0.000997284
0.000963735
0.00111326
0.000534778
0.0012118
8.29442e-05
0.00129019
-0.000382906
0.00134521
-0.000856225
0.00137757
-0.00132858
0.00138445
-0.00179146
0.00136465
-0.00223618
0.00131806
-0.00265457
0.00124516
-0.0030378
0.00114488
-0.00337772
0.00101893
-0.00366628
0.000868664
-0.00389695
0.000696537
-0.00406364
0.000505002
-0.00416173
0.000297703
-0.00418852
7.97595e-05
-0.00413767
-0.000167727
-0.00401206
-0.0004038
-0.00381239
-0.000635616
-0.00354063
-0.000860111
-0.00320106
-0.0010723
-0.00279941
-0.0012676
-0.00234396
-0.0014391
-0.00184404
-0.00158257
-0.00131049
-0.00169314
-0.000755783
-0.0017656
-0.000192701
-0.00179838
0.000364617
-0.00178725
0.000901551
-0.00173103
0.00140333
-0.00163019
0.00185623
-0.00148521
0.00224881
-0.00130054
0.00256764
-0.00107701
0.00280491
-0.000823377
0.00295111
-0.000543364
0.0030015
-0.00024552
0.00295241
6.94031e-05
0.0028093
0.000376936
0.00257389
0.000670487
0.00225369
0.00094254
0.00185911
0.00118392
0.00140408
0.00138381
0.000904959
0.00153471
0.000379748
0.00162948
-0.000151757
0.00166303
-0.000668739
0.00163165
-0.00115079
0.00153598
-0.00157848
0.00137809
-0.00193404
0.00116369
-0.00220305
0.000900136
-0.00237243
0.00059745
-0.00243736
0.00027038
-0.00239091
-7.92746e-05
-0.00224008
-0.000417755
-0.00199096
-0.000733334
-0.00165505
-0.00101414
-0.00124972
-0.00124531
-0.000795758
-0.00141414
-0.000316966
-0.00151119
0.000162716
-0.00153124
0.000616797
-0.0014712
0.0010219
-0.00133492
0.00135682
-0.00113021
0.00160356
-0.000867671
0.0017512
-0.000564637
0.00179419
-0.000239296
0.00173023
9.62605e-05
0.00157086
0.000406134
0.00132882
0.000676347
0.00102346
0.000890061
0.00067887
0.00103288
0.000321591
0.00109468
-2.15437e-05
0.00107344
-0.000324636
0.00097093
-0.000565702
0.000797827
-0.000728262
0.0005697
-0.000802647
0.000307013
-0.000785832
3.28582e-05
-0.000686265
-0.000231978
-0.000516598
-0.0004549
-0.000296691
-0.000621491
-5.1135e-05
-0.000716588
0.000194577
-0.000732449
0.000414323
-0.000668578
0.000585924
-0.000534497
0.000693051
-0.00034607
0.000726225
-0.000124079
0.000684359
0.000112354
0.000574761
0.000327709
0.000410939
0.00050466
0.000212307
0.000625361
1.11319e-06
0.000678302
-0.000199519
0.000657198
-0.000369365
0.000571145
-0.000492378
0.000430037
-0.000558133
0.000251537
-0.000563337
5.72591e-05
-0.000512247
-0.000133728
-0.0004136
-0.000296678
-0.000281931
-0.000417594
-0.000133358
-0.000486251
1.38473e-05
-0.000497613
0.000144831
-0.000453857
0.000246046
-0.000364723
0.000308567
-0.00024245
0.000329321
-0.000103525
0.000309672
3.62191e-05
0.000255297
0.000159287
0.000175485
0.000253573
8.20018e-05
0.000310074
-1.34185e-05
0.000324697
-9.87763e-05
0.000297181
-0.000164242
0.000234162
-0.00020299
0.000144449
-0.00021118
3.98582e-05
-0.000189933
-6.74754e-05
-0.000142238
-0.000163001
-7.4804e-05
-0.0002365
3.69873e-06
-0.000279681
8.35088e-05
-0.000287639
0.000154675
-0.000258651
0.000208486
-0.000196848
0.000238183
-0.00010923
0.000239699
-5.68314e-06
0.000212456
0.000101956
0.000159012
0.000199944
8.53085e-05
0.000276037
0.000319647
0.00094188
-0.0012027
0.00187393
-0.00118572
0.00276975
-0.001122
0.00360262
-0.0010157
0.00434306
-0.000864076
0.00496157
-0.000669327
0.00542788
-0.00042694
0.00573834
-0.00014546
0.00587267
0.000166783
0.00584283
0.000475602
0.00563768
0.000803518
0.0052582
0.00113377
0.00470934
0.00145975
0.00400162
0.0017715
0.00314891
0.00206253
0.00216804
0.00232601
0.00107883
0.00255553
-9.73127e-05
0.00274619
-0.00133549
0.00289219
-0.0026124
0.00299139
-0.00390194
0.00303967
-0.00517638
0.00303371
-0.006409
0.00297413
-0.00757278
0.00285923
-0.00864382
0.00269416
-0.00959819
0.00247811
-0.0104196
0.00222343
-0.0110937
0.00193127
-0.0116192
0.00162186
-0.0119945
0.00129408
-0.0122245
0.000961511
-0.0123172
0.000628421
-0.0122853
0.00030308
-0.0121367
-1.77131e-05
-0.0118541
-0.000342337
-0.011471
-0.000628164
-0.0110086
-0.000890781
-0.0104763
-0.00113781
-0.00988312
-0.00136729
-0.00923827
-0.00157717
-0.00855026
-0.00176659
-0.00782752
-0.00193481
-0.00707797
-0.00208108
-0.00630926
-0.00220521
-0.00552768
-0.00230799
-0.00474064
-0.00238734
-0.003956
-0.00244292
-0.00317964
-0.00247651
-0.00241672
-0.00248798
-0.00167185
-0.00247829
-0.000950944
-0.00244583
-0.000260202
-0.00238969
0.000396944
-0.00231494
0.00101252
-0.00221669
0.00158586
-0.00210017
0.00210839
-0.00196186
0.0025798
-0.00180609
0.0029956
-0.00163531
0.00335135
-0.00144583
0.00364441
-0.00124174
0.00387135
-0.00102471
0.00402988
-0.000798111
0.00412063
-0.000562989
0.00414326
-0.000323017
0.0040953
-7.75387e-05
0.0039806
0.000168414
0.00379815
0.000410288
0.00355006
0.000646479
0.00323978
0.000873393
0.00287152
0.00108764
0.00245007
0.00128666
0.00198145
0.0014659
0.0014725
0.00162222
0.000930519
0.00175378
0.000363939
0.00185677
-0.000218597
0.00192775
-0.000807527
0.0019665
-0.00139272
0.00196965
-0.00196412
0.00193605
-0.00251093
0.00186487
-0.00302313
0.00175736
-0.00349051
0.00161226
-0.00390403
0.00143245
-0.00425467
0.0012193
-0.00453419
0.000976057
-0.00473394
0.000704756
-0.00484826
0.000412019
-0.00487483
0.000106335
-0.00481033
-0.00023223
-0.00465563
-0.000558503
-0.00441134
-0.000879906
-0.00408031
-0.00119114
-0.0036679
-0.00148471
-0.00318194
-0.00175356
-0.00263247
-0.00198857
-0.00203117
-0.00218387
-0.00139147
-0.00233284
-0.000728443
-0.00242863
-5.78608e-05
-0.00246896
0.000602916
-0.00244802
0.0012368
-0.00236491
0.00182849
-0.00222189
0.00235997
-0.00201669
0.00281432
-0.00175488
0.00318134
-0.00144404
0.00344643
-0.00108847
0.00360108
-0.000698016
0.00364165
-0.000286085
0.00356456
0.000146486
0.00337387
0.000567627
0.00307342
0.000970935
0.00267266
0.0013433
0.00218493
0.00167164
0.00162736
0.00194138
0.00102035
0.00214172
0.000385558
0.00226427
-0.000253328
0.00230192
-0.000870993
0.00224932
-0.00144305
0.00210804
-0.00194654
0.00188158
-0.00235998
0.00157713
-0.002667
0.00120716
-0.00285306
0.000783504
-0.00291276
0.000330082
-0.00284012
-0.000151915
-0.00264315
-0.000614725
-0.0023287
-0.00104778
-0.00191362
-0.00142923
-0.0014188
-0.00174013
-0.000869638
-0.00196331
-0.000293708
-0.00208712
0.000275621
-0.00210057
0.000810471
-0.00200605
0.00128211
-0.00180656
0.00166429
-0.00151239
0.001939
-0.00114238
0.00209065
-0.000716292
0.00211399
-0.000262636
0.00201395
0.000196307
0.00179948
0.000620597
0.00148807
0.000987762
0.00110484
0.00127328
0.0006797
0.00145803
0.000245042
0.00152934
-0.000165994
0.00148447
-0.000523456
0.00132839
-0.000801361
0.00107573
-0.00098059
0.000748929
-0.00105102
0.000377442
-0.00100929
-8.86778e-06
-0.000869989
-0.000371282
-0.000647245
-0.000677645
-0.000366703
-0.000902032
-5.9343e-05
-0.00102395
0.000243256
-0.00103505
0.00050945
-0.000934772
0.000713639
-0.000738686
0.000836834
-0.000469265
0.000869321
-0.000156567
0.000811314
0.000170361
0.000672888
0.000466135
0.000471873
0.000705676
0.000232523
0.000864711
-1.77947e-05
0.000928619
-0.000252189
0.000891592
-0.000446387
0.000765343
-0.000582353
0.000566004
-0.000649619
0.000318802
-0.000646121
5.3761e-05
-0.000577379
-0.000202469
-0.000455391
-0.000418666
-0.000298243
-0.000574743
-0.000125235
-0.000659258
4.3361e-05
-0.000666209
0.000189824
-0.00060032
0.000299322
-0.000474221
0.000363667
-0.000306794
0.000379724
-0.000119582
0.000350325
6.56184e-05
0.000282782
0.000226829
0.00018809
0.000348266
7.97802e-05
0.000418384
-2.77945e-05
0.000432272
-0.000122542
0.000391928
-0.000193876
0.000305496
-0.000234575
0.000185149
-0.000241428
4.67113e-05
-0.000215625
-9.3279e-05
-0.000161256
-0.000217369
-8.5967e-05
-0.000311789
6.02896e-07
-0.000366251
8.78069e-05
-0.000374843
0.00016506
-0.000335904
0.000223083
-0.000254872
0.000254915
-0.000141062
0.000256356
-7.12328e-06
0.000227066
0.000131245
0.000169805
0.000257206
9.10403e-05
0.000354801
0.000410688
0.00158575
-0.00278846
0.00316129
-0.00276127
0.00469614
-0.00265685
0.00616065
-0.00248022
0.00752043
-0.00222386
0.0087507
-0.00189959
0.00979973
-0.00147597
0.0106707
-0.00101641
0.0112566
-0.000419107
0.0115531
0.000179116
0.0115144
0.000842209
0.0111618
0.00148633
0.0105072
0.00211433
0.00957202
0.00270671
0.00837895
0.00325559
0.00695652
0.00374845
0.0053381
0.00417394
0.00356181
0.00452249
0.00166804
0.00478596
-0.000296931
0.00495636
-0.00228634
0.00502907
-0.00425093
0.0049983
-0.00614543
0.00486863
-0.00791665
0.00463044
-0.00953024
0.00430775
-0.0109257
0.00387358
-0.012099
0.00339673
-0.0129749
0.00280721
-0.0136259
0.00227284
-0.0140149
0.00168311
-0.0141904
0.00113694
-0.0141561
0.000594132
-0.0139302
7.72361e-05
-0.0135918
-0.000356168
-0.0131577
-0.000776465
-0.0126172
-0.00116865
-0.011979
-0.00152893
-0.0112611
-0.00185578
-0.0104799
-0.00214843
-0.00964914
-0.00240795
-0.00878162
-0.00263411
-0.00788762
-0.00282881
-0.00697728
-0.00299142
-0.00605759
-0.0031249
-0.00513806
-0.00322752
-0.0042239
-0.0033015
-0.00331944
-0.00334739
-0.00243168
-0.00336427
-0.00156622
-0.00335345
-0.000730683
-0.00331382
7.07724e-05
-0.00324729
0.000837334
-0.00315625
0.00155728
-0.00303488
0.0022323
-0.00289171
0.00285243
-0.00272031
0.00341556
-0.00252499
0.00391664
-0.00230717
0.00435009
-0.00206875
0.0047141
-0.00180984
0.00500734
-0.00153498
0.00522534
-0.00124271
0.00536575
-0.000938523
0.00542657
-0.000623811
0.00540651
-0.000302956
0.00530686
2.21128e-05
0.00512952
0.000345756
0.00487464
0.000665168
0.00454523
0.000975885
0.00414506
0.00127357
0.00367905
0.00155364
0.00315288
0.00181283
0.00257391
0.00204487
0.00195024
0.00224588
0.00129013
0.00241389
0.000603447
0.00254345
-9.89158e-05
0.00263011
-0.000805597
0.00267318
-0.00150533
0.00266938
-0.00218629
0.00261701
-0.00283641
0.002515
-0.00344376
0.00236471
-0.00399535
0.00216384
-0.00448007
0.00191718
-0.00488795
0.00162718
-0.0052118
0.0012999
-0.00544443
0.000937385
-0.00557415
0.000541742
-0.00559534
0.000127529
-0.0055143
-0.000313268
-0.00532638
-0.000746432
-0.005033
-0.00117328
-0.00463803
-0.0015861
-0.00414855
-0.00197419
-0.00357377
-0.00232834
-0.00292563
-0.00263671
-0.0022186
-0.0028909
-0.00146848
-0.00308295
-0.000693186
-0.00320393
8.89735e-05
-0.00325112
0.000858657
-0.00321771
0.00159486
-0.00310112
0.0022752
-0.00290223
0.00288287
-0.00262436
0.00340082
-0.00227283
0.00381202
-0.00185524
0.0041025
-0.00137894
0.00426519
-0.000860708
0.00429412
-0.000315018
0.00418497
0.000255637
0.00394231
0.000810291
0.00357267
0.00134058
0.00308744
0.00182853
0.00250287
0.00225622
0.00183962
0.00260462
0.00112102
0.00286032
0.000373424
0.00301187
-0.000374895
0.00305024
-0.00109461
0.00296903
-0.00175701
0.00277044
-0.00233576
0.00246033
-0.00280647
0.00204784
-0.00314945
0.00155014
-0.00335045
0.000984503
-0.00339905
0.000378681
-0.00329715
-0.000253809
-0.0030487
-0.000863183
-0.00266502
-0.00143145
-0.00216622
-0.00192803
-0.00157753
-0.00232881
-0.000929249
-0.00261159
-0.000256694
-0.00275968
0.000405691
-0.00276296
0.00102238
-0.00262274
0.00155903
-0.0023432
0.00198837
-0.00194174
0.00228713
-0.00144114
0.0024416
-0.000870765
0.00244466
-0.000265697
0.0023027
0.000338274
0.0020285
0.000894795
0.00164407
0.00137219
0.0011799
0.00173746
0.000671436
0.0019665
0.000157801
0.00204298
-0.000323375
0.00196565
-0.000735201
0.00174022
-0.00104851
0.00138904
-0.00124194
0.000942361
-0.00130429
0.000439786
-0.00123699
-7.6166e-05
-0.00105267
-0.000555599
-0.000772567
-0.000957749
-0.000428613
-0.00124599
-5.62758e-05
-0.00139629
0.000303193
-0.00139452
0.000616045
-0.00124762
0.000851516
-0.000974157
0.000988654
-0.000606404
0.00101749
-0.000185399
0.000940358
0.000247491
0.000769959
0.000636534
0.000529119
0.000946515
0.000247577
0.00114625
-4.28275e-05
0.00121902
-0.000310276
0.00115904
-0.000527866
0.000982933
-0.000675684
0.000713822
-0.000742736
0.000385855
-0.000727512
3.85371e-05
-0.000639831
-0.00029015
-0.00049391
-0.000564587
-0.000310439
-0.000758214
-0.000113064
-0.000856634
7.58457e-05
-0.000855119
0.000236159
-0.000760633
0.000353173
-0.000591235
0.000418034
-0.000371655
0.000428299
-0.000129848
0.000388363
0.000105554
0.000307375
0.000307817
0.000198341
0.0004573
7.67681e-05
0.000539957
-4.30607e-05
0.000552101
-0.000146527
0.000495395
-0.00022284
0.00038181
-0.000264878
0.000227187
-0.000269926
5.17593e-05
-0.000239342
-0.000123863
-0.000178426
-0.000278285
-9.55762e-05
-0.000394639
-1.42814e-06
-0.000460399
9.24701e-05
-0.000468741
0.00017514
-0.000418574
0.000236879
-0.00031661
0.000270441
-0.000174625
0.000271724
-8.40543e-06
0.000240392
0.000162577
0.000179637
0.000317961
9.62646e-05
0.000438173
0.000506952
0.00330366
-0.00609211
0.00659119
-0.0060488
0.00979936
-0.00586502
0.0128602
-0.00554106
0.0156952
-0.0050588
0.0182329
-0.00443737
0.020325
-0.00356807
0.0219196
-0.00261103
0.0226875
-0.00118696
0.0227804
8.62069e-05
0.0220797
0.00154292
0.0207369
0.00282915
0.0188616
0.00398961
0.0165603
0.00500807
0.0139172
0.00589861
0.0110045
0.00666117
0.00788802
0.00729044
0.00463151
0.007779
0.00129675
0.00812071
-0.0020543
0.00830742
-0.00536308
0.00833785
-0.00855161
0.00818683
-0.0115503
0.00786733
-0.0142655
0.00734562
-0.0166202
0.00666251
-0.0185103
0.00576359
-0.0198837
0.00477017
-0.0206563
0.00357981
-0.0210011
0.00261768
-0.020952
0.00163401
-0.0205857
0.000770642
-0.019968
-2.35896e-05
-0.0191511
-0.00073966
-0.0181764
-0.00133092
-0.0171003
-0.00185256
-0.0159575
-0.00231144
-0.0147731
-0.00271334
-0.0135642
-0.00306464
-0.0123441
-0.00336856
-0.0111216
-0.00363039
-0.00990493
-0.00385083
-0.00870007
-0.00403367
-0.00751297
-0.00417852
-0.00634752
-0.00429035
-0.00520746
-0.00436757
-0.00409643
-0.00441254
-0.00302025
-0.00442356
-0.00197775
-0.00440676
-0.000978323
-0.00435288
-2.13043e-05
-0.00427084
0.000891234
-0.00415983
0.00174828
-0.0040133
0.00255193
-0.00383853
0.00329392
-0.00363369
0.00397239
-0.00339878
0.00458365
-0.00313625
0.00512176
-0.00284528
0.00558336
-0.00253036
0.00596454
-0.00219101
0.0062615
-0.00183194
0.00647234
-0.00145355
0.00659456
-0.00106074
0.00662697
-0.00065622
0.00656852
-0.00024451
0.00642037
0.000170261
0.00618301
0.000583115
0.00585867
0.000989511
0.00545086
0.0013837
0.00496414
0.00176029
0.00440446
0.00211332
0.00377841
0.00243888
0.00309394
0.00272934
0.00236003
0.00297979
0.00158747
0.00318645
0.000787168
0.00334375
-2.82726e-05
0.00344555
-0.000847841
0.00349275
-0.00165606
0.0034776
-0.00243986
0.00340081
-0.00318616
0.0032613
-0.00387943
0.00305797
-0.00450851
0.00279292
-0.0050626
0.00247127
-0.00552594
0.00209052
-0.00588663
0.00166059
-0.00614142
0.00119217
-0.00628335
0.000683681
-0.00630064
0.00014481
-0.00619887
-0.00041503
-0.00597448
-0.000970829
-0.00562942
-0.00151834
-0.00516969
-0.00204584
-0.00460338
-0.00254049
-0.00394125
-0.00299048
-0.00319682
-0.00338113
-0.00238653
-0.00370119
-0.00152873
-0.00394076
-0.000644272
-0.00408838
0.000245158
-0.00414055
0.00111527
-0.00408781
0.00194384
-0.00392969
0.00271177
-0.00367016
0.00339242
-0.00330501
0.00396848
-0.00284889
0.00441952
-0.00230628
0.00473433
-0.00169375
0.00490252
-0.0010289
0.00491336
-0.000325859
0.00477131
0.000397687
0.00447669
0.00110491
0.00403692
0.00178034
0.0034688
0.00239665
0.00278904
0.00293597
0.00202355
0.00337012
0.00119727
0.0036866
0.00034143
0.00386771
-0.000509825
0.00390149
-0.00132478
0.00378398
-0.00207115
0.00351681
-0.00272018
0.00310935
-0.00324282
0.00257049
-0.00361595
0.00192326
-0.00382832
0.00119688
-0.00386347
0.000413822
-0.00372957
-0.00038771
-0.00342812
-0.00116463
-0.00297518
-0.00188439
-0.00239343
-0.00250978
-0.00171336
-0.00300888
-0.000970306
-0.00335465
-0.000203288
-0.0035267
0.000546787
-0.00351303
0.00123962
-0.00331557
0.00183709
-0.00294068
0.00230819
-0.00241283
0.00262635
-0.0017593
0.00277888
-0.00102329
0.00275881
-0.000245632
0.00257358
0.000523503
0.00223875
0.00122963
0.00178199
0.00182894
0.00123854
0.00228091
0.000649224
0.00255581
5.74479e-05
0.00263475
-0.000486673
0.00250977
-0.000948228
0.00220177
-0.00129299
0.0017338
-0.00149699
0.00114636
-0.00154942
0.000492221
-0.0014528
-0.000172792
-0.00122249
-0.000785907
-0.000884946
-0.00129529
-0.000478654
-0.00165228
-4.42657e-05
-0.00183067
0.000370624
-0.00180941
0.000726688
-0.00160369
0.000990353
-0.00123782
0.00113834
-0.000754392
0.00116003
-0.000207084
0.00106174
0.00034578
0.000858738
0.000839532
0.000578213
0.00122704
0.000255058
0.00146941
-7.28674e-05
0.00154695
-0.000370842
0.00145702
-0.000608557
0.00122065
-0.000764792
0.000870056
-0.000829408
0.000450471
-0.00080237
1.14988e-05
-0.000694785
-0.000397736
-0.000525217
-0.000734155
-0.000317455
-0.000965975
-9.71101e-05
-0.00107698
0.000109162
-0.00106139
0.000281454
-0.000932925
0.000403744
-0.000713524
0.000467477
-0.000435389
0.000471299
-0.000133669
0.000421048
0.000155805
0.000327221
0.000401643
0.000204972
0.000579549
7.05879e-05
0.000674341
-5.86347e-05
0.000681324
-0.00016907
0.00060583
-0.000249085
0.000461825
-0.000291713
0.000269814
-0.000294272
5.43185e-05
-0.000259261
-0.000158874
-0.000192419
-0.000345128
-0.000103132
-0.000483926
-2.55311e-06
-0.000560978
9.68285e-05
-0.000568123
0.000183795
-0.00050554
0.000248368
-0.000381184
0.000283115
-0.000209372
0.0002841
-9.39036e-06
0.000251018
0.000195659
0.000187401
0.000381578
0.000100371
0.000525202
0.000607324
0.0045222
-0.0106143
0.0090449
-0.0105715
0.013544
-0.0103642
0.0179824
-0.00997939
0.0223294
-0.00940587
0.0266385
-0.00874644
0.0307529
-0.00768249
0.0347685
-0.00662661
0.0356773
-0.00209578
0.0350612
0.000702268
0.0336983
0.00290587
0.0316267
0.0049007
0.0289282
0.00668811
0.0257122
0.0082241
0.0220771
0.0095337
0.01811
0.0106283
0.013882
0.0115184
0.00945461
0.0122064
0.00488961
0.0126857
0.000255413
0.0129416
-0.00437242
0.0129657
-0.00889827
0.0127127
-0.0132351
0.0122041
-0.0172328
0.0113434
-0.0207737
0.0102033
-0.0235953
0.00858522
-0.0255431
0.00671799
-0.0254412
0.00347788
-0.0252129
0.00238935
-0.0242904
0.000711535
-0.0232295
-0.000290285
-0.0220029
-0.00125019
-0.0207295
-0.00201306
-0.0193651
-0.00269525
-0.0179477
-0.00326997
-0.0165003
-0.00375882
-0.0150444
-0.00416924
-0.0135991
-0.00451
-0.0121762
-0.00479148
-0.0107865
-0.00502001
-0.00943044
-0.00520693
-0.00811139
-0.00535273
-0.00683043
-0.00545948
-0.00559052
-0.00553026
-0.00438766
-0.00557043
-0.00322457
-0.00557563
-0.0020991
-0.00554902
-0.00101935
-0.00548652
2.20803e-05
-0.00539431
0.00101569
-0.00526445
0.00195642
-0.00510055
0.00284417
-0.00490105
0.00367347
-0.00466784
0.00443908
-0.0043993
0.00513556
-0.00409526
0.00575951
-0.00376019
0.00630461
-0.00339039
0.00676756
-0.00299331
0.00714336
-0.00256681
0.00742873
-0.00211731
0.00762015
-0.00164496
0.00771535
-0.00115595
0.00771271
-0.000653574
0.00761128
-0.000143086
0.00741163
0.000369917
0.00711486
0.000879882
0.00672358
0.00138079
0.00624138
0.0018659
0.0056736
0.00232806
0.00502668
0.00276025
0.00430786
0.0031577
0.0035267
0.00351051
0.00269383
0.00381266
0.00181944
0.00406084
0.000916396
0.00424679
-9.25321e-07
0.00436287
-0.000919414
0.00441124
-0.00182364
0.00438182
-0.0027
0.00427717
-0.00352916
0.00409047
-0.00430067
0.00382947
-0.00499857
0.00349083
-0.00560504
0.00307774
-0.00611536
0.00260085
-0.00651241
0.00205764
-0.00678292
0.00146267
-0.00692885
0.000829611
-0.00694037
0.000156335
-0.00681671
-0.000538694
-0.00655668
-0.00123086
-0.00616208
-0.00191294
-0.00564064
-0.00256727
-0.00500165
-0.00317949
-0.00425775
-0.00373438
-0.00342493
-0.00421394
-0.0025211
-0.00460502
-0.00156715
-0.00489472
-0.000586403
-0.00506912
0.000398163
-0.00512511
0.00136072
-0.00505037
0.0022768
-0.00484577
0.00311656
-0.00450992
0.00386095
-0.00404939
0.0044848
-0.00347275
0.00497378
-0.00279527
0.00530644
-0.00202641
0.00547176
-0.00119421
0.00546544
-0.000319541
0.00529004
0.000573085
0.00494576
0.00144919
0.00444256
0.00228354
0.0037968
0.00304241
0.00303115
0.00370162
0.00217104
0.00423022
0.00124844
0.0046092
0.000297251
0.0048189
-0.000647894
0.00484664
-0.00154868
0.00468477
-0.00236977
0.00433791
-0.0030766
0.00381618
-0.00364313
0.00313702
-0.00404297
0.0023231
-0.00425672
0.00141063
-0.00427979
0.000436901
-0.0041119
-0.000555602
-0.00375922
-0.00151731
-0.00324093
-0.00240269
-0.00258305
-0.00316766
-0.00181906
-0.00377288
-0.000989512
-0.0041842
-0.000138108
-0.0043781
0.000689638
-0.00434078
0.00144831
-0.00407425
0.00209843
-0.0035908
0.00260334
-0.00291774
0.00293742
-0.00209339
0.00308343
-0.0011693
0.0030378
-0.0002
0.00280933
0.00075197
0.00241709
0.00162187
0.00189219
0.00235385
0.00127549
0.0028976
0.000615056
0.00321625
-4.17786e-05
0.00329159
-0.00064595
0.00311394
-0.00115119
0.00270701
-0.00152137
0.00210398
-0.001732
0.00135699
-0.00177179
0.000532015
-0.00164512
-0.000299466
-0.00137001
-0.00106101
-0.000979522
-0.00168578
-0.000513782
-0.00211802
-2.36273e-05
-0.00232083
0.000440451
-0.00227348
0.00083443
-0.00199767
0.00112115
-0.00152454
0.0012759
-0.000909143
0.0012889
-0.000220088
0.00116839
0.000466291
0.000933504
0.00107442
0.000616375
0.00154417
0.000255873
0.00182991
-0.00010568
0.0019085
-0.000429449
0.00178078
-0.000683251
0.00147445
-0.000845062
0.00103187
-0.000904889
0.000510299
-0.000864913
-2.84775e-05
-0.000738549
-0.0005241
-0.000547382
-0.000925321
-0.000318198
-0.00119516
-7.96072e-05
-0.00131557
0.000141691
-0.00128269
0.000322819
-0.00111405
0.000448097
-0.000838802
0.000509358
-0.00049665
0.000506425
-0.000130737
0.000446192
0.000216039
0.000341203
0.000506632
0.000208031
0.000712722
6.4044e-05
0.000818328
-7.34042e-05
0.000818772
-0.000188868
0.000721293
-0.000271137
0.000544094
-0.000313329
0.000312006
-0.000313467
5.44567e-05
-0.000274356
-0.000197985
-0.000202615
-0.000416868
-0.000108179
-0.000578362
-2.88295e-06
-0.000666274
0.000100399
-0.000671404
0.000190287
-0.000595428
0.000256605
-0.000447501
0.000291974
-0.000244741
0.000292544
-9.96072e-06
0.000258137
0.000230066
0.000192537
0.000447179
0.000103051
0.000614688
0.000710375
0.00721222
-0.0178265
0.0144576
-0.0178168
0.0217428
-0.0176494
0.0290754
-0.017312
0.0367074
-0.0170379
0.0450475
-0.0170865
0.054357
-0.0169919
0.0638462
-0.0161159
0.0653115
-0.00356104
0.0630691
0.00294465
0.0583257
0.00764928
0.0524291
0.0107973
0.0459138
0.0132034
0.0390454
0.0150925
0.0319602
0.0166189
0.0247511
0.0178375
0.017492
0.0187774
0.0102367
0.0194618
0.00302833
0.019894
-0.00410313
0.0200731
-0.0111048
0.0199673
-0.0178955
0.0195034
-0.0243719
0.0186805
-0.0303093
0.0172808
-0.0354336
0.0153276
-0.0392541
0.0124057
-0.0413091
0.00877302
-0.0387653
0.000934144
-0.0361113
-0.000264708
-0.0334383
-0.00196147
-0.0305406
-0.00318794
-0.0276525
-0.00413831
-0.0248685
-0.00479704
-0.0223085
-0.0052553
-0.0199529
-0.0056255
-0.0178064
-0.00590531
-0.0158297
-0.00614601
-0.0139994
-0.00634029
-0.0122878
-0.00650309
-0.0106765
-0.00663123
-0.00915394
-0.00672952
-0.00770667
-0.0068
-0.0063249
-0.00684124
-0.00499895
-0.00685621
-0.00372757
-0.00684181
-0.00250634
-0.00679686
-0.00133375
-0.00672161
-0.000206355
-0.00661391
0.000870587
-0.00647125
0.00189582
-0.00628968
0.00286667
-0.00607141
0.00377995
-0.00581433
0.00463005
-0.00551793
0.00541211
-0.00518136
0.00612239
-0.00480555
0.00675474
-0.00439254
0.00730436
-0.00394001
0.00776571
-0.00345466
0.00813497
-0.00293607
0.00840754
-0.00238988
0.00857878
-0.0018162
0.00864869
-0.00122586
0.00861381
-0.000618702
0.00847359
-2.8644e-06
0.00822818
0.000615334
0.0078791
0.00122896
0.0074291
0.00183078
0.00688242
0.00241259
0.00624464
0.00296583
0.00552292
0.00348197
0.00472527
0.00395535
0.00386192
0.00437386
0.00294406
0.00473051
0.00198344
0.00502146
0.000994474
0.00523576
-8.54647e-06
0.00536589
-0.00100963
0.00541232
-0.00199426
0.00536645
-0.00294353
0.00522644
-0.00384388
0.00499082
-0.00467787
0.00466347
-0.00542835
0.00424131
-0.00608402
0.00373341
-0.00662443
0.00314126
-0.00704754
0.00248075
-0.00733516
0.00175029
-0.00747722
0.000971667
-0.00748118
0.000160298
-0.00733503
-0.00068484
-0.00704125
-0.00152464
-0.00660314
-0.00235105
-0.00602727
-0.00314314
-0.00532568
-0.00388108
-0.00451182
-0.00454824
-0.0036025
-0.00512327
-0.00261805
-0.00558947
-0.00158125
-0.00593151
-0.000517255
-0.00613312
0.000547598
-0.00618997
0.00158623
-0.006089
0.00256897
-0.00582852
0.00347195
-0.00541289
0.00426653
-0.00484398
0.00493158
-0.0041378
0.00544257
-0.00330625
0.00578703
-0.00237087
0.00595114
-0.00135833
0.0059292
-0.000297597
0.00572044
0.000781846
0.00532951
0.00184012
0.00476997
0.00284308
0.00405701
0.00375538
0.00321618
0.00454245
0.00227626
0.00517015
0.00127268
0.00561278
0.000238799
0.00585278
-0.000782512
0.00586795
-0.00175349
0.00565574
-0.00263429
0.00521871
-0.00338997
0.00457186
-0.00398729
0.00373434
-0.00440359
0.0027394
-0.00461991
0.00162695
-0.00462706
0.000444046
-0.00442715
-0.000755508
-0.00402818
-0.00191628
-0.00345227
-0.0029786
-0.0027275
-0.00389242
-0.00189168
-0.00460869
-0.00098736
-0.00508852
-6.59121e-05
-0.00529955
0.000825813
-0.0052325
0.00163877
-0.0048872
0.00232983
-0.00428186
0.00286005
-0.00344795
0.00320292
-0.00243626
0.00334016
-0.00130653
0.00326927
-0.000129114
0.00300077
0.00102047
0.00255681
0.00206583
0.00197287
0.00293779
0.00129356
0.00357692
0.000570187
0.00393962
-0.000144482
0.00400626
-0.000795165
0.00376462
-0.0013346
0.00324644
-0.00172358
0.00249297
-0.0019364
0.00156981
-0.00196189
0.0005575
-0.0018062
-0.00045515
-0.00149009
-0.00137713
-0.00105151
-0.00212435
-0.000535905
-0.00263363
1.70728e-06
-0.00285844
0.00050836
-0.00278014
0.000932999
-0.00242231
0.00123686
-0.0018284
0.00139447
-0.00106675
0.00139766
-0.000223279
0.00125544
0.00060851
0.000991083
0.00133878
0.000641341
0.00189391
0.000249523
0.00222173
-0.000139393
0.00229742
-0.000483264
0.00212466
-0.000748238
0.00173942
-0.000912154
0.00119578
-0.000965642
0.000563787
-0.000912889
-8.12307e-05
-0.00076959
-0.000667399
-0.00055972
-0.00113519
-0.000312639
-0.00144224
-5.96023e-05
-0.00156861
0.000171905
-0.0015142
0.000358396
-0.00130054
0.000484271
-0.000964677
0.000541952
-0.000554331
0.000532192
-0.000120977
0.000463184
0.000285046
0.000348849
0.000620967
0.000206791
0.000854779
5.55499e-05
0.000969569
-8.68143e-05
0.000961136
-0.000205138
0.000839617
-0.000288103
0.00062706
-0.000329147
0.00035305
-0.000326781
5.20904e-05
-0.000284276
-0.000240491
-0.000208846
-0.000492298
-0.000110874
-0.000676335
-2.65949e-06
-0.000774488
0.00010288
-0.000776944
0.000194239
-0.000686787
0.000261253
-0.000514515
0.000296659
-0.000280147
0.000296735
-1.00369e-05
0.000261497
0.000265304
0.000194875
0.0005138
0.000104244
0.000705319
0.000814619
0.00767049
-0.025497
0.0153535
-0.0254999
0.0231992
-0.025495
0.031416
-0.0255288
0.0410072
-0.0266292
0.0538933
-0.0299726
0.0750887
-0.0381874
0.108227
-0.0492546
0.0937697
0.0108967
0.0798622
0.0168521
0.0680493
0.0194622
0.0577437
0.0211029
0.0485901
0.022357
0.0402824
0.0234002
0.0325806
0.0243207
0.0252861
0.025132
0.0182355
0.025828
0.0112911
0.0264062
0.00433534
0.0268498
-0.00275165
0.0271601
-0.0100932
0.0273089
-0.0178497
0.0272599
-0.0261912
0.027022
-0.0354141
0.0265037
-0.0458095
0.0257231
-0.0579106
0.0245067
-0.0709622
0.0218246
-0.0504623
-0.0195658
-0.0391731
-0.0115539
-0.0336536
-0.00748102
-0.0295716
-0.0072699
-0.0264818
-0.00722816
-0.0236151
-0.00766377
-0.0211002
-0.00777019
-0.0187083
-0.00801741
-0.0165005
-0.00811312
-0.014468
-0.00817849
-0.0126198
-0.00818849
-0.0109317
-0.0081912
-0.00937575
-0.00818715
-0.00792177
-0.0081835
-0.00653804
-0.00818372
-0.00522316
-0.00815613
-0.00395952
-0.00811985
-0.00273842
-0.00806292
-0.00155825
-0.00797702
-0.000417371
-0.00786249
0.000682584
-0.00771387
0.0017395
-0.00752817
0.00275144
-0.00730161
0.00371372
-0.00703369
0.00462059
-0.00672121
0.00546622
-0.00636356
0.00624537
-0.0059605
0.00695151
-0.00551169
0.00757856
-0.00501959
0.00812087
-0.00448232
0.00857299
-0.00390678
0.00892891
-0.00329199
0.00918304
-0.00264401
0.00933594
-0.0019691
0.0093801
-0.00127002
0.00931491
-0.000553522
0.00913976
0.000172286
0.00885471
0.000900391
0.00846142
0.00162224
0.00796282
0.00232938
0.00736313
0.00301227
0.00666858
0.00366039
0.00588662
0.00426392
0.0050259
0.00481608
0.00409722
0.00530254
0.00311272
0.00571501
0.00208535
0.00604882
0.00102924
0.00629187
-3.94067e-05
0.00643454
-0.00110441
0.00647733
-0.0021506
0.00641264
-0.00315763
0.00623347
-0.00410965
0.00594284
-0.00498948
0.0055433
-0.00578087
0.00503269
-0.00646704
0.00441958
-0.00703587
0.00371009
-0.00747016
0.00291504
-0.00776673
0.00204686
-0.0079119
0.00111684
-0.00789832
0.000146716
-0.00773274
-0.000850413
-0.00740995
-0.00184744
-0.00693436
-0.00282663
-0.00631442
-0.00376308
-0.00556044
-0.00463506
-0.0046887
-0.00541998
-0.00371928
-0.00609269
-0.00267243
-0.00663632
-0.00157161
-0.00703233
-0.00044382
-0.00726091
0.000683455
-0.00731724
0.00177934
-0.00718489
0.00281517
-0.00686434
0.00376259
-0.00636031
0.00459448
-0.00567587
0.00528512
-0.00482844
0.00581471
-0.00383584
0.00616428
-0.00272045
0.00632284
-0.00151689
0.00628316
-0.000257917
0.00604672
0.00101829
0.00561796
0.00226887
0.005009
0.00345205
0.00424273
0.00452165
0.00334117
0.005444
0.00233896
0.00617237
0.00126805
0.00668369
0.000173944
0.00694689
-0.000906237
0.00694813
-0.00192907
0.00667858
-0.00285388
0.00614351
-0.00364317
0.00536116
-0.00426374
0.00435491
-0.00468931
0.00316496
-0.00490116
0.0018388
-0.00489271
0.000435594
-0.00466257
-0.000985644
-0.00422624
-0.00235262
-0.00360152
-0.00360332
-0.00282308
-0.00467087
-0.00193029
-0.00550148
-0.000970111
-0.0060487
7.0882e-06
-0.00627675
0.000948136
-0.00617355
0.00180138
-0.00574044
0.00252088
-0.00500136
0.00306736
-0.00399443
0.00341254
-0.00278144
0.00353886
-0.00143286
0.00344423
-3.44862e-05
0.00314039
0.00132431
0.00265308
0.00255314
0.00201996
0.00357091
0.00128919
0.00430769
0.000514879
0.00471393
-0.000241732
0.00476287
-0.000927272
0.00445016
-0.00149087
0.00381004
-0.00189141
0.00289351
-0.00210225
0.00178065
-0.002113
0.00056825
-0.00193083
-0.000637323
-0.0015799
-0.00172806
-0.00109988
-0.00260437
-0.000544151
-0.00318936
3.25465e-05
-0.00343514
0.000570645
-0.00331824
0.0010176
-0.00286926
0.00133242
-0.00214322
0.00148949
-0.00122382
0.00148152
-0.00021531
0.00131947
0.000770557
0.00103021
0.00162804
0.000653838
0.00227029
0.000237212
0.00263835
-0.000171971
0.0027066
-0.000529519
0.0024822
-0.000800702
0.00201061
-0.00096351
0.00135859
-0.00100953
0.000609808
-0.000944944
-0.000145818
-0.000787145
-0.000825198
-0.000562578
-0.00135976
-0.000302243
-0.00170258
-3.83148e-05
-0.00183253
0.00019836
-0.00175087
0.000386902
-0.00148909
0.00051118
-0.00108896
0.000564384
-0.000607535
0.000548197
-0.00010479
0.000471923
0.00036132
0.000350602
0.000742288
0.000202192
0.00100319
4.62886e-05
0.00112547
-9.82207e-05
0.00110565
-0.000217335
0.000958731
-0.000299638
0.000709362
-0.000338923
0.000392335
-0.000334145
4.73126e-05
-0.00028904
-0.000285596
-0.000211266
-0.000570072
-0.000111387
-0.000776213
-2.03358e-06
-0.000883842
0.000104151
-0.000883129
0.000195556
-0.000778192
0.000262219
-0.000581178
0.000297135
-0.000315063
0.000296712
-9.61345e-06
0.000261144
0.000300872
0.000194435
0.000580509
0.000103955
0.000795799
0.000918574
0.00834876
-0.0338458
0.0172798
-0.0344309
0.0273862
-0.0356014
0.0392095
-0.0373521
0.0534942
-0.0409139
0.0712422
-0.0477207
0.0947239
-0.0616691
0.128157
-0.0826875
0.107346
0.0921193
0.0791314
0.0674084
0.0565545
0.0463589
0.0366922
0.0274404
0.0184862
0.00970487
0.000957342
-0.00789424
-0.0170159
-0.0266099
-0.036872
-0.0480849
-0.0605199
-0.0746128
-0.0918384
-0.0687304
-0.0426737
-0.0525706
-0.0277137
-0.0411397
-0.0189119
-0.0328694
-0.0155402
-0.026834
-0.0132636
-0.0223281
-0.0121697
-0.0189082
-0.0111901
-0.0162756
-0.01065
-0.0141844
-0.0102043
-0.0124269
-0.00993595
-0.0108663
-0.00974907
-0.00941537
-0.00964218
-0.00804279
-0.00955972
-0.00672419
-0.0095021
-0.00546833
-0.00943958
-0.00424043
-0.00938403
-0.00304774
-0.00931253
-0.00188608
-0.00922459
-0.000754726
-0.00910837
0.000348375
-0.00896559
0.0014178
-0.00878329
0.00244985
-0.00856023
0.00344169
-0.00829345
0.00438653
-0.00797853
0.00527877
-0.00761345
0.0061121
-0.00719689
0.00688
-0.00672841
0.0075753
-0.00620698
0.00819185
-0.00563614
0.00872228
-0.00501275
0.00916126
-0.00434576
0.00950105
-0.00363178
0.00974121
-0.00288417
0.0098731
-0.00210099
0.00989495
-0.00129186
0.0098048
-0.00046338
0.00960149
0.000375597
0.00928528
0.00121661
0.00885771
0.00204981
0.00832177
0.00286533
0.00768235
0.0036517
0.00694564
0.0043971
0.00611969
0.00508987
0.00521324
0.00572253
0.00423783
0.00627795
0.003206
0.00674684
0.00213108
0.00712375
0.00102822
0.00739473
-8.6659e-05
0.00754942
-0.00119591
0.00758658
-0.00228117
0.00749791
-0.00332676
0.00727905
-0.00431294
0.00692902
-0.00522289
0.00645325
-0.00603892
0.00584872
-0.006745
0.00512567
-0.0073271
0.00429218
-0.00777115
0.00335909
-0.00806695
0.00234266
-0.00820735
0.00125723
-0.00818504
0.000124406
-0.00800047
-0.00103498
-0.00765277
-0.00219513
-0.00714834
-0.00333107
-0.00649427
-0.00441715
-0.00570389
-0.00542544
-0.00479204
-0.00633183
-0.00377815
-0.00710658
-0.00268579
-0.00772867
-0.00153854
-0.00817959
-0.000366084
-0.00843337
0.000800968
-0.00848429
0.00193522
-0.00831914
0.00300532
-0.00793444
0.00398161
-0.0073366
0.00483554
-0.0065298
0.00554202
-0.00553492
0.00607852
-0.00437234
0.00642868
-0.0030706
0.00657914
-0.00166735
0.00652368
-0.000202459
0.00626284
0.00127912
0.00580388
0.00272784
0.00516051
0.00409542
0.00435209
0.00533007
0.00340802
0.00638807
0.00235936
0.00722103
0.00124796
0.00779508
0.000107848
0.008087
-0.00101177
0.00806774
-0.00206841
0.00773522
-0.00302103
0.00709614
-0.00383007
0.0061702
-0.00446244
0.00498728
-0.00489057
0.00359309
-0.00509623
0.00204446
-0.00507088
0.000410243
-0.00481785
-0.00123868
-0.00434931
-0.00282115
-0.00368783
-0.0042648
-0.00286886
-0.00548983
-0.00193524
-0.0064351
-0.000935935
-0.007048
7.94352e-05
-0.00729212
0.00105161
-0.00714573
0.00193026
-0.00661909
0.00266551
-0.00573662
0.00321966
-0.00454858
0.00356122
-0.003123
0.00367501
-0.00154665
0.00355835
8.218e-05
0.00322557
0.00165709
0.00270374
0.00307497
0.00203441
0.00424024
0.00126645
0.00507564
0.000456944
0.00552344
-0.000329142
0.00554895
-0.00103728
0.0051583
-0.00161512
0.00438788
-0.00202014
0.00329853
-0.00222583
0.00198633
-0.00222186
0.000564282
-0.00201682
-0.000842358
-0.00163797
-0.00210691
-0.00112703
-0.00311531
-0.000538443
-0.00377795
6.44873e-05
-0.00403807
0.000624056
-0.0038778
0.0010848
-0.00333
0.00140453
-0.00246295
0.00155802
-0.00137731
0.00153871
-0.000196004
0.00135966
0.000949611
0.00105092
0.00193678
0.000654383
0.00266682
0.000220657
0.00307208
-0.000201616
0.00312887
-0.000566431
0.00284702
-0.000839124
0.0022833
-0.00099799
0.00151746
-0.00103609
0.000647905
-0.00096071
-0.000221195
-0.000791518
-0.00099439
-0.000556641
-0.00159463
-0.000287902
-0.00197132
-1.82332e-05
-0.0021022
0.000219958
-0.00198906
0.00040756
-0.00167669
0.000528513
-0.00120991
0.000576704
-0.000655726
0.000554809
-8.28951e-05
0.000472866
0.000443264
0.000346918
0.000868236
0.0001955
0.00115461
3.82836e-05
0.00128269
-0.000107232
0.00125116
-0.000225335
0.00107683
-0.000305778
0.000789805
-0.000342817
0.000429375
-0.000335885
4.038e-05
-0.000289061
-0.000332419
-0.000210178
-0.000648954
-0.000109996
-0.000876395
-1.11461e-06
-0.000992723
0.000104128
-0.000988372
0.000194305
-0.000868369
0.000259749
-0.000646623
0.000293702
-0.000349016
0.000292801
-8.71278e-06
0.000257404
0.000336269
0.000191481
0.000646432
0.000102323
0.000884957
0.0010209
0.00495472
-0.0388005
0.00995013
-0.0394263
0.0148087
-0.0404599
0.019372
-0.0419154
0.0226761
-0.0442179
0.0234381
-0.0484827
0.0164448
-0.0546757
-0.0662427
-0.013138
-0.0295357
-0.0189244
-0.0219273
-0.019162
-0.0186744
-0.018711
-0.0159912
-0.0174794
-0.0144952
-0.0162142
-0.0134348
-0.0146935
-0.0127108
-0.0132305
-0.012113
-0.0117757
-0.0116591
-0.0103948
-0.0113168
-0.00907906
-0.0110648
-0.00784755
-0.0108737
-0.00666445
-0.0107428
-0.00551385
-0.0106527
-0.00438764
-0.0105658
-0.00328243
-0.0104893
-0.00218988
-0.0104051
-0.00111187
-0.0103026
-4.75096e-05
-0.0101727
0.000996748
-0.0100099
0.0020181
-0.00980465
0.00301201
-0.00955414
0.00397067
-0.00925211
0.00488833
-0.00889619
0.00575736
-0.00848248
0.00657045
-0.00800999
0.00732018
-0.00747813
0.00799926
-0.00688607
0.0085996
-0.00623649
0.00911456
-0.00552771
0.00953777
-0.00476896
0.0098637
-0.00395772
0.0100851
-0.00310561
0.0101991
-0.00221498
0.0102018
-0.00129449
0.0100912
-0.000352821
0.00986618
0.000600618
0.0095273
0.00155548
0.00907558
0.00250153
0.00851442
0.00342649
0.00784868
0.00431744
0.00708484
0.00516094
0.0062309
0.00594381
0.00529621
0.00665722
0.00429233
0.00728183
0.00323229
0.00780687
0.00212964
0.0082264
0.000999922
0.00852445
-0.000139372
0.00868871
-0.0012724
0.00871961
-0.00238056
0.00860606
-0.00344517
0.00834366
-0.00444813
0.00793198
-0.00537235
0.00737747
-0.006199
0.00667536
-0.00691285
0.00583952
-0.00749802
0.00487735
-0.00794296
0.00380404
-0.00823552
0.00263521
-0.00836906
0.00139077
-0.00833631
9.16593e-05
-0.00813756
-0.00123374
-0.007773
-0.0025597
-0.00724763
-0.00385644
-0.00657075
-0.00509402
-0.00575603
-0.00624017
-0.00481848
-0.00726938
-0.0037786
-0.00814645
-0.00265905
-0.00884822
-0.00148903
-0.00934961
-0.000294415
-0.00962799
0.000896869
-0.00967558
0.00205087
-0.00947315
0.00313715
-0.00902072
0.00412593
-0.00832538
0.00498851
-0.00739238
0.00569897
-0.00624538
0.00623513
-0.0049085
0.00657952
-0.00341499
0.00672014
-0.00180797
0.0066511
-0.000133415
0.00637247
0.00155775
0.00589208
0.00320823
0.00522327
0.00476422
0.00439039
0.00616295
0.00341863
0.00735983
0.00234464
0.00829502
0.00120275
0.00893698
4.39197e-05
0.00924583
-0.00109661
0.00920827
-0.00217003
0.00880864
-0.0031344
0.0080605
-0.00395019
0.00698599
-0.00458351
0.00562061
-0.00500634
0.00401592
-0.00520339
0.00224151
-0.00516343
0.000370275
-0.00489141
-0.00151069
-0.00439881
-0.00331376
-0.00371419
-0.00494942
-0.00287027
-0.00633375
-0.00191065
-0.00739472
-0.00088542
-0.00807323
0.000146031
-0.00832357
0.0011336
-0.0081333
0.00202216
-0.00750765
0.0027625
-0.00647696
0.0033147
-0.00510077
0.00364828
-0.00345659
0.00374844
-0.00164681
0.00361437
0.000216253
0.00325959
0.00201187
0.00271279
0.00362176
0.00201796
0.00493508
0.0012284
0.0058652
0.000399293
0.00635255
-0.000403692
0.00635194
-0.00112264
0.00587725
-0.00170534
0.00497058
-0.00210857
0.00370176
-0.00230649
0.00218425
-0.00228898
0.000546769
-0.00206559
-0.00106574
-0.00166522
-0.00250729
-0.00113322
-0.0036473
-0.000525914
-0.00438526
9.51091e-05
-0.00465909
0.000666274
-0.00444897
0.00113282
-0.00379655
0.00145228
-0.00278241
0.00159945
-0.00152448
0.00156946
-0.00016601
0.00137697
0.0011421
0.00105407
0.00225967
0.000644444
0.00307645
0.000200925
0.0035156
-0.000226946
0.00355674
-0.000593094
0.00321317
-0.000863022
0.00255323
-0.00101587
0.0016703
-0.00104569
0.000677725
-0.000961711
-0.000305171
-0.000784189
-0.00117191
-0.000543084
-0.00183574
-0.000271062
-0.00224334
-2.4013e-06
-0.00237086
0.000236257
-0.00222772
0.000420419
-0.00186085
0.00053655
-0.00132604
0.000579513
-0.000698688
0.000552739
-5.6121e-05
0.000466964
0.000529038
0.000338374
0.000996826
0.000185761
0.00130722
2.87487e-05
0.0014397
-0.000113802
0.00139371
-0.000229256
0.00119229
-0.000306884
0.000867433
-0.000341409
0.0004639
-0.000332613
3.15839e-05
-0.000284888
-0.000380144
-0.000206157
-0.000727685
-0.000107024
-0.000975529
-8.19431e-08
-0.00109966
0.000102903
-0.00109136
0.000190761
-0.000956227
0.000254216
-0.000710077
0.000286843
-0.000381643
0.000285527
-7.39674e-06
0.000250729
0.000371068
0.000186365
0.000710796
9.95449e-05
0.000971777
0.00112044
0.00249988
-0.0413004
0.00502849
-0.0419549
0.00743561
-0.042867
0.00977103
-0.0442509
0.0113876
-0.0458344
0.0115709
-0.0486661
0.00837084
-0.0514757
-0.0578718
-0.00698366
-0.022552
-0.0103774
-0.0185336
-0.0114077
-0.0176441
-0.0115869
-0.0158119
-0.0112607
-0.0148214
-0.010828
-0.0138676
-0.0102825
-0.0132563
-0.00964489
-0.0127506
-0.00891652
-0.0123875
-0.00811177
-0.0121216
-0.0072503
-0.0119263
-0.00634081
-0.0117832
-0.00540303
-0.0116806
-0.00444807
-0.0116077
-0.00347439
-0.0115395
-0.00248817
-0.0114755
-0.00149401
-0.0113992
-0.000496178
-0.0113004
0.000499151
-0.0111681
0.00148612
-0.0109968
0.00245874
-0.0107773
0.00341013
-0.0105055
0.00433263
-0.0101746
0.00521842
-0.00978198
0.00605972
-0.00932378
0.00684697
-0.00879724
0.00757474
-0.0082059
0.00823253
-0.00754386
0.00881388
-0.00681783
0.0093106
-0.00602444
0.00971623
-0.00517459
0.0100253
-0.00426678
0.0102299
-0.00331018
0.0103288
-0.00231393
0.0103157
-0.00128133
0.0101904
-0.000227601
0.00995094
0.000840111
0.0095969
0.00190953
0.00913087
0.00296755
0.00855568
0.00400168
0.00787632
0.0049968
0.00709934
0.00593792
0.00623307
0.00681008
0.00528659
0.00760371
0.0042719
0.00829652
0.00320187
0.00887691
0.00209023
0.00933804
0.000952712
0.00966197
-0.000193422
0.00983485
-0.00133149
0.00985768
-0.00244316
0.00971773
-0.00351013
0.00941064
-0.00451447
0.00893632
-0.00543706
0.00830006
-0.00626181
0.00750011
-0.00697191
0.00654961
-0.00755256
0.00545801
-0.00799104
0.00424251
-0.00827672
0.00292089
-0.00840074
0.0015148
-0.00835937
5.02876e-05
-0.00814996
-0.00144315
-0.00777472
-0.00293494
-0.00723856
-0.0043926
-0.006551
-0.00578158
-0.00572531
-0.00706587
-0.00477778
-0.0082169
-0.00372927
-0.00919497
-0.00260323
-0.00997426
-0.0014248
-0.010528
-0.000223681
-0.0108291
0.00097013
-0.0108694
0.00212551
-0.0106285
0.00321143
-0.0101066
0.0041978
-0.00931175
0.00505517
-0.00824975
0.00576015
-0.00695035
0.00628861
-0.00543696
0.00662369
-0.00375007
0.00675369
-0.00193797
0.00667251
-5.22409e-05
0.00638104
0.00184922
0.00588615
0.00370312
0.00520762
0.00544275
0.00436247
0.00700811
0.00338002
0.00834227
0.00229732
0.00937773
0.00115227
0.010082
-1.55555e-05
0.0104137
-0.00115802
0.0103507
-0.00223084
0.00988147
-0.00319235
0.00902201
-0.00400283
0.00779647
-0.00462892
0.0062467
-0.00504304
0.00443004
-0.00522745
0.00242592
-0.00517517
0.000317995
-0.00488903
-0.00179684
-0.00438529
-0.00381749
-0.00368704
-0.00564767
-0.0028319
-0.00718889
-0.00186419
-0.00836243
-0.000835241
-0.00910218
0.000203261
-0.00936207
0.00119173
-0.00912177
0.00207703
-0.00839295
0.00281148
-0.00721142
0.00335401
-0.0056433
0.00367668
-0.00377925
0.00376389
-0.00173402
0.00361505
0.000365097
0.00324557
0.00238135
0.00268556
0.00418177
0.00197776
0.00564288
0.00117595
0.00666701
0.000343606
0.00718489
-0.00046392
0.00715946
-0.00118267
0.006596
-0.00176107
0.00554897
-0.00215768
0.00409838
-0.00234546
0.00237203
-0.00231598
0.000517291
-0.00207965
-0.00130208
-0.00166608
-0.00292086
-0.00112037
-0.00419301
-0.000502856
-0.00500277
0.000122717
-0.00528466
0.000696221
-0.00502247
0.00116114
-0.00426147
0.0014755
-0.00309677
0.00161474
-0.00166372
0.00157541
-0.000126686
0.00137318
0.00134433
0.00104139
0.00259146
0.000625825
0.00349202
0.000178738
0.00396269
-0.000247183
0.00398267
-0.000609245
0.00357523
-0.000872691
0.00281667
-0.00101778
0.00181539
-0.00103996
0.000699907
-0.000948971
-0.00039616
-0.000767068
-0.00135382
-0.000523242
-0.00207956
-0.000252501
-0.00251408
1.3632e-05
-0.002637
0.000247351
-0.00246144
0.000425804
-0.0020393
0.000536012
-0.00143625
0.000573746
-0.000736422
0.000543098
-2.54726e-05
0.000455168
0.000616968
0.000326079
0.00112591
0.000175234
0.00145807
2.19494e-05
0.00159299
-0.000117851
0.00153351
-0.000229418
0.00130386
-0.000303498
0.000941513
-0.000335321
0.000495723
-0.000325038
2.13003e-05
-0.000277205
-0.000427978
-0.000199646
-0.000805244
-0.00010289
-0.00107228
9.69135e-07
-0.00120352
0.00010056
-0.00119095
0.000185223
-0.00104089
0.000246078
-0.000770933
0.000277111
-0.000412676
0.000275448
-5.73385e-06
0.000241631
0.000404885
0.000179464
0.000772963
9.58179e-05
0.00105542
0.00121626
0.00162487
-0.0429253
0.00324083
-0.0435709
0.00470363
-0.0443298
0.00594349
-0.0454907
0.00662481
-0.0465158
0.00642643
-0.0484677
0.00462753
-0.0496768
-0.0532443
-0.00420333
-0.0183487
-0.00640028
-0.0163366
-0.00772779
-0.0163166
-0.00838179
-0.0151579
-0.00852087
-0.0146824
-0.00841611
-0.0139723
-0.00810868
-0.0135637
-0.00769619
-0.0131631
-0.00718066
-0.012903
-0.00658501
-0.0127172
-0.00592325
-0.012588
-0.00520111
-0.0125053
-0.00442657
-0.0124551
-0.00361013
-0.0124241
-0.00275004
-0.0123996
-0.00186398
-0.0123615
-0.00095627
-0.0123069
-3.35362e-05
-0.0122232
0.000897281
-0.0120989
0.00182826
-0.0119278
0.00275167
-0.0117007
0.00365929
-0.0114131
0.00454302
-0.0110583
0.00539381
-0.0106328
0.00620192
-0.0101319
0.00696256
-0.00955787
0.00766329
-0.00890664
0.00829606
-0.00817663
0.00885518
-0.00737695
0.00933152
-0.00650078
0.00971818
-0.00556125
0.010009
-0.00455759
0.0102003
-0.00350151
0.0102844
-0.00239804
0.0102605
-0.00125742
0.0101243
-9.13953e-05
0.00987546
0.00108898
0.00951448
0.0022705
0.00904314
0.0034389
0.00846466
0.00458015
0.00778365
0.00567781
0.00700665
0.00671491
0.00614198
0.00767475
0.00519873
0.00854695
0.00418859
0.00930667
0.00312493
0.00994056
0.00202123
0.0104417
0.000892974
0.0107902
-0.000242786
0.0109706
-0.00136953
0.0109844
-0.00246898
0.0108172
-0.00352309
0.0104647
-0.00451326
0.00992649
-0.00542273
0.00920953
-0.00623385
0.00831124
-0.00693068
0.00724645
-0.00749899
0.00602632
-0.00792565
0.00466917
-0.00820072
0.00319596
-0.00831573
0.0016298
-0.00826634
9.0125e-07
-0.0080506
-0.00165889
-0.00767044
-0.00331509
-0.00713213
-0.00493091
-0.00644459
-0.00646912
-0.00562079
-0.00788966
-0.00467769
-0.00916
-0.00363509
-0.0102376
-0.00251734
-0.011092
-0.00134893
-0.0116965
-0.000160138
-0.0120179
0.00102007
-0.0120496
0.00216103
-0.0117695
0.00323155
-0.0111772
0.00420242
-0.0102826
0.00504501
-0.00909235
0.00573374
-0.00763908
0.00624736
-0.00595059
0.00657003
-0.00407274
0.00668881
-0.00205675
0.00659799
3.85783e-05
0.00630003
0.00214718
0.00580329
0.00419986
0.00512111
0.00612493
0.00427494
0.00785428
0.00329966
0.00931755
0.00222169
0.0104557
0.00108772
0.011216
-6.79317e-05
0.0115693
-0.00119664
0.0114794
-0.002255
0.0109398
-0.00320057
0.00996757
-0.00399526
0.00859116
-0.0046054
0.00685684
-0.00500471
0.00482935
-0.00517703
0.00259824
-0.00511411
0.000255082
-0.00482084
-0.00209011
-0.0043099
-0.00432843
-0.00361153
-0.00634604
-0.00275832
-0.0080421
-0.00179505
-0.00932571
-0.000771334
-0.0101259
0.000251508
-0.0103849
0.00122595
-0.0100962
0.00209686
-0.00926385
0.00281524
-0.0079298
0.00334302
-0.00617109
0.00365134
-0.00408757
0.00372488
-0.00180756
0.00356495
0.000525033
0.00318733
0.00275896
0.0026234
0.0047457
0.00191583
0.00635045
0.00111682
0.00746603
0.000288495
0.00801322
-0.000509482
0.00795744
-0.00121791
0.00730444
-0.00178487
0.00611593
-0.00216951
0.00448302
-0.00234579
0.00254832
-0.00230633
0.000477832
-0.00206141
-0.001547
-0.00164162
-0.00334064
-0.00109439
-0.00474024
-0.000477356
-0.00561981
0.000145911
-0.00590793
0.000713477
-0.00559004
0.00117062
-0.00471861
0.00147604
-0.0034022
0.00160612
-0.00179379
0.00155871
-7.92793e-05
0.00135059
0.00155245
0.00101566
0.0029264
0.000601092
0.00390658
0.000157696
0.00440608
-0.000261691
0.00440205
-0.000615098
0.00392864
-0.000869444
0.00307102
-0.00100562
0.00195157
-0.00102051
0.000714797
-0.000925007
-0.000491663
-0.000741068
-0.00153776
-0.000499371
-0.00232126
-0.000232436
-0.00278101
2.73465e-05
-0.00289678
0.000253448
-0.00268754
0.000424389
-0.00221025
0.000527974
-0.00153983
0.000560656
-0.000769104
0.000527055
8.12839e-06
0.000438528
0.000705496
0.000311142
0.0012533
0.000163942
0.00160527
1.37847e-05
0.00174314
-0.000119615
0.00166691
-0.000226271
0.00141051
-0.000296286
0.00101153
-0.000325363
0.000524801
-0.000313962
9.89935e-06
-0.000266686
-0.000475254
-0.000191278
-0.000880651
-9.77912e-05
-0.00116577
1.94311e-06
-0.00130326
9.72737e-05
-0.00128628
0.000178042
-0.00112166
0.000235878
-0.000828768
0.000265124
-0.000441922
0.000263182
-3.79233e-06
0.000230636
0.000437432
0.000171191
0.000832407
9.13641e-05
0.00113525
0.00130762
0.000837601
-0.0437629
0.00165122
-0.0443845
0.00234135
-0.04502
0.00286974
-0.0460191
0.00310635
-0.0467524
0.00285788
-0.0482192
0.00208262
-0.0489015
-0.0511617
-0.00220135
-0.0161473
-0.00357909
-0.0149589
-0.00478149
-0.0151142
-0.00554284
-0.0143966
-0.00602429
-0.0142009
-0.00624994
-0.0137467
-0.00625714
-0.0135565
-0.00610307
-0.0133171
-0.00580767
-0.0131984
-0.00541056
-0.0131143
-0.00491266
-0.0130859
-0.00433015
-0.0130878
-0.00367701
-0.0131083
-0.00296565
-0.0131355
-0.00220525
-0.01316
-0.00140172
-0.0131651
-0.000566087
-0.0131426
0.000291856
-0.0130811
0.00116423
-0.0129713
0.0020421
-0.0128057
0.00291758
-0.0125762
0.00378092
-0.0122765
0.00462319
-0.0119006
0.00543642
-0.011446
0.00621187
-0.0109073
0.00693921
-0.0102852
0.0076098
-0.00957723
0.00821718
-0.00878401
0.0087507
-0.00791047
0.00920427
-0.00695435
0.00957139
-0.00592837
0.00984553
-0.00483173
0.0100211
-0.00367705
0.0100942
-0.00247117
0.0100605
-0.00122371
0.00991845
5.06382e-05
0.00966675
0.00134068
0.0093054
0.00263185
0.00883664
0.00390766
0.00826356
0.00515323
0.00759077
0.0063506
0.00682497
0.00748071
0.00597394
0.00852579
0.00504692
0.00947397
0.00405526
0.0102983
0.00301211
0.0109837
0.00193053
0.0115233
0.000825925
0.0118948
-0.000285055
0.0120816
-0.00138603
0.0120854
-0.00245948
0.0118906
-0.00348767
0.0114929
-0.00445277
0.0108916
-0.00533769
0.0100944
-0.00612574
0.00909929
-0.00680179
0.0079225
-0.0073513
0.00657583
-0.00776184
0.0050797
-0.00802404
0.00345816
-0.00812956
0.00173533
-0.00807382
-5.4841e-05
-0.00785556
-0.00187715
-0.00747663
-0.00369403
-0.00694285
-0.00546469
-0.00626472
-0.00714726
-0.00545433
-0.00870005
-0.00452763
-0.0100867
-0.00350476
-0.0112604
-0.00240848
-0.0121883
-0.00126664
-0.0128383
-0.000104567
-0.01318
0.00104832
-0.0132025
0.00216081
-0.012882
0.00320379
-0.0122201
0.00414677
-0.0112256
0.00496547
-0.00991105
0.0056319
-0.0083055
0.00612689
-0.00644558
0.00643334
-0.0043792
0.0065412
-0.00216461
0.00644434
0.000135444
0.00614437
0.00244715
0.00564996
0.00469428
0.004974
0.00680089
0.00414562
0.00868265
0.00318385
0.0102793
0.0021294
0.0115101
0.00101335
0.012332
-0.000112102
0.0126948
-0.0012125
0.0125798
-0.00224393
0.0119713
-0.00316297
0.0108866
-0.00393297
0.00936115
-0.00452088
0.00744475
-0.00490373
0.00521221
-0.00506237
0.00275688
-0.00499101
0.000183717
-0.00469532
-0.0023858
-0.00418913
-0.00483461
-0.00349788
-0.0070373
-0.00265782
-0.00888215
-0.00171343
-0.0102701
-0.000714505
-0.0111248
0.000288236
-0.0113877
0.0012385
-0.0110465
0.00208454
-0.0101099
0.0027803
-0.00862556
0.00328688
-0.00667766
0.00357894
-0.00437963
0.00364113
-0.00186975
0.00347467
0.000691498
0.00309585
0.00313778
0.00253506
0.00530648
0.00183408
0.00705143
0.00105095
0.00824916
0.000236887
0.00882728
-0.000540776
0.0087351
-0.00123015
0.0079938
-0.00177955
0.00666533
-0.00214895
0.00485242
-0.00231337
0.00271274
-0.00226604
0.000430495
-0.00201742
-0.00179562
-0.00159847
-0.0037596
-0.00105484
-0.00528387
-0.000445146
-0.0062295
0.00016448
-0.00651756
0.000719057
-0.00614461
0.00116297
-0.00516252
0.00145603
-0.00369526
0.00157675
-0.00191451
0.00152263
-2.5164e-05
0.00131214
0.00176294
0.000979838
0.0032587
0.000570528
0.00431589
0.000137332
0.00483928
-0.00027072
0.0048101
-0.000611882
0.0042698
-0.000854563
0.0033137
-0.000981389
0.00207839
-0.000989931
0.000723339
-0.000891477
-0.000590117
-0.000709089
-0.00172014
-0.000471448
-0.0025589
-0.000211617
-0.00304085
3.84922e-05
-0.00314689
0.000254966
-0.00290401
0.000417099
-0.00237238
0.000513639
-0.00163637
0.000541671
-0.000797136
0.000506108
4.36914e-05
0.000418221
0.000793383
0.000294281
0.00137724
0.00015143
0.00174812
8.6319e-06
0.00188594
-0.000119294
0.00179484
-0.000220355
0.00151157
-0.000285974
0.00107715
-0.000312353
0.000551179
-0.000300182
-2.27141e-06
-0.000254083
-0.000521353
-0.00018155
-0.000953184
-9.20323e-05
-0.00125529
2.79284e-06
-0.00139808
9.32344e-05
-0.00137672
0.000169625
-0.00119805
0.000224104
-0.000883247
0.000251456
-0.000469274
0.000249319
-1.65517e-06
0.000218298
0.000468453
0.000161929
0.000888776
8.63883e-05
0.00121079
0.00139401
0.000473688
-0.0442366
0.000921709
-0.0448325
0.00131225
-0.0454105
0.00156448
-0.0462713
0.00169085
-0.0468787
0.0014929
-0.0480213
0.00110052
-0.0485091
-0.0500611
-0.00158096
-0.0145664
-0.00263456
-0.0139053
-0.00360259
-0.0141462
-0.00426536
-0.0137338
-0.00474189
-0.0137244
-0.00500854
-0.01348
-0.0051154
-0.0134497
-0.00506478
-0.0133678
-0.00488255
-0.0133807
-0.0045827
-0.0134142
-0.00417855
-0.0134901
-0.00369046
-0.0135759
-0.00312611
-0.0136726
-0.00249152
-0.01377
-0.00180302
-0.0138485
-0.00106618
-0.0139019
-0.000293118
-0.0139156
0.000506648
-0.0138809
0.00132476
-0.0137894
0.00215252
-0.0136334
0.00297954
-0.0134032
0.00379899
-0.0130959
0.00459983
-0.0127015
0.00537365
-0.0122198
0.00611152
-0.0116452
0.00680372
-0.0109774
0.00744251
-0.010216
0.00801941
-0.00936091
0.00852668
-0.00841774
0.00895664
-0.00738431
0.00930232
-0.00627405
0.00955876
-0.00508816
0.00972138
-0.00383967
0.00978421
-0.002534
0.00974493
-0.00118443
0.00959964
0.000195931
0.00934916
0.00159116
0.00899304
0.00298797
0.00853356
0.00436714
0.0079738
0.005713
0.00731792
0.00700647
0.0065727
0.00822593
0.00574573
0.00935276
0.00484562
0.0103741
0.00388322
0.0112607
0.00287201
0.0119949
0.00182484
0.0125705
0.000755946
0.0129637
-0.000318378
0.0131559
-0.00138223
0.0131493
-0.00241847
0.0129269
-0.00341022
0.0124847
-0.0043404
0.0118218
-0.00519218
0.0109462
-0.00594971
0.00985682
-0.00659885
0.00857165
-0.00712427
0.00710124
-0.00751594
0.00547138
-0.00776292
0.00370514
-0.00785956
0.00183198
-0.0077988
-0.000115606
-0.00758169
-0.00209426
-0.0072092
-0.00406651
-0.00668788
-0.00598601
-0.00602601
-0.00780913
-0.00523638
-0.00948967
-0.00433658
-0.0109865
-0.00334641
-0.0122506
-0.00228631
-0.0132484
-0.00118074
-0.0139439
-5.67934e-05
-0.0143039
0.00105636
-0.0143156
0.00212969
-0.0139553
0.00313463
-0.0132251
0.00404258
-0.0121336
0.00482688
-0.0106953
0.00546633
-0.00894495
0.00593819
-0.00691744
0.00622725
-0.00466826
0.00632462
-0.00226198
0.00622345
0.000236617
0.00592611
0.00274449
0.00544056
0.00517982
0.00478419
0.00745726
0.00397589
0.00949094
0.00304195
0.0112133
0.00202037
0.0125317
0.000944347
0.0134081
-0.000147094
0.0137862
-0.00120977
0.0136425
-0.00220289
0.0129644
-0.00308664
0.0117704
-0.00382522
0.0100997
-0.00438764
0.00800716
-0.00474928
0.00557385
-0.0048936
0.0029012
-0.00481816
0.000108286
-0.00452261
-0.00268136
-0.00402719
-0.00533004
-0.00335318
-0.0077113
-0.00253672
-0.00969862
-0.0016203
-0.0111865
-0.000652092
-0.012093
0.000315527
-0.0123553
0.00123107
-0.011962
0.00204466
-0.0109235
0.00271111
-0.00929201
0.00319412
-0.00716067
0.00346769
-0.00465321
0.00351844
-0.0019205
0.00334836
0.000861575
0.00297356
0.00351258
0.00242481
0.00585523
0.00174367
0.00773257
0.000979771
0.00901306
0.000194458
0.0096126
-0.000558353
0.00948791
-0.00122248
0.00865793
-0.00174923
0.00719208
-0.00210057
0.00520375
-0.00225222
0.0028644
-0.00219904
0.000377313
-0.00195055
-0.00204411
-0.00153784
-0.0041723
-0.00100628
-0.00581542
-0.000414599
-0.00682119
0.000177814
-0.00710997
0.00071371
-0.00668051
0.0011403
-0.00558911
0.00141909
-0.00397404
0.00152958
-0.002025
0.00147093
3.34835e-05
0.00126136
0.00197251
0.000934988
0.00358507
0.00053632
0.00471456
0.0001161
0.0052595
-0.000274573
0.00520078
-0.000600584
0.00459581
-0.00083008
0.0035432
-0.000947092
0.0021954
-0.00095011
0.000726356
-0.000851045
-0.000689182
-0.000671873
-0.00189932
-0.000442098
-0.00278868
-0.000192555
-0.00329039
4.70186e-05
-0.00338646
0.000252431
-0.00310943
0.000404934
-0.00252488
0.000494245
-0.00172568
0.000518048
-0.000820939
0.00048143
8.03093e-05
0.000395471
0.000879342
0.000275867
0.00149684
0.000139406
0.00188458
4.23511e-06
0.00202111
-0.000117224
0.0019163
-0.000212209
0.00160656
-0.000273263
0.0011382
-0.000297054
0.000574971
-0.000284444
-1.48815e-05
-0.000239986
-0.000565811
-0.000170835
-0.00102233
-8.59103e-05
-0.00134021
3.49095e-06
-0.00148748
8.85925e-05
-0.00146182
0.000160289
-0.00126975
0.000211261
-0.000934219
0.000236664
-0.000494678
0.000234384
6.25206e-07
0.000205056
0.000497781
0.000152021
0.000941812
8.10734e-05
0.00128174
0.00147509
0.000279877
-0.0445164
0.000536681
-0.0450893
0.000765622
-0.0456394
0.00088107
-0.0463868
0.000945611
-0.0469433
0.000788007
-0.0478637
0.000600035
-0.0483212
-0.0494611
-0.00115756
-0.0134088
-0.00199986
-0.013063
-0.0028206
-0.0133254
-0.00341328
-0.0131411
-0.00389139
-0.0132463
-0.00418169
-0.0131897
-0.00433198
-0.0132994
-0.0043327
-0.013367
-0.00421269
-0.0135007
-0.00397677
-0.0136501
-0.00364405
-0.0138228
-0.00322002
-0.014
-0.00271099
-0.0141817
-0.0021416
-0.0143394
-0.00151033
-0.0144797
-0.000830138
-0.0145821
-0.000111185
-0.0146346
0.00063628
-0.0146283
0.00140417
-0.0145573
0.00218291
-0.0144122
0.0029638
-0.0141841
0.00373748
-0.0138696
0.00449418
-0.0134582
0.00522681
-0.0129524
0.00592487
-0.0123433
0.00658057
-0.0116331
0.00718518
-0.0108206
0.00773084
-0.00990657
0.00820956
-0.00889646
0.00861477
-0.00778952
0.0089388
-0.00659809
0.00917828
-0.00532764
0.00932735
-0.00398874
0.00938172
-0.00258837
0.00933814
-0.00114086
0.00919335
0.000340722
0.00894811
0.00183641
0.00860202
0.00333406
0.00815682
0.00481234
0.00761658
0.00625323
0.00698441
0.00763864
0.00626727
0.00894307
0.0054721
0.0101479
0.00460764
0.0112385
0.00368345
0.0121849
0.00271381
0.0129646
0.00170991
0.0135744
0.000686094
0.0139875
-0.00034237
0.0141844
-0.0013601
0.014167
-0.00235033
0.0139171
-0.00329761
0.013432
-0.00418569
0.0127098
-0.00499756
0.0117581
-0.00571868
0.0105779
-0.00633634
0.0091893
-0.00683336
0.00759826
-0.00720499
0.00584301
-0.00743524
0.00393539
-0.00752398
0.00192071
-0.00746
-0.000179585
-0.00724638
-0.00230788
-0.00688451
-0.00442838
-0.00638084
-0.00648969
-0.00574329
-0.00844668
-0.00498499
-0.010248
-0.0041206
-0.0118509
-0.00316902
-0.0132022
-0.00215221
-0.0142652
-0.00109302
-0.015003
-1.70372e-05
-0.0153799
0.00104642
-0.0153791
0.00207264
-0.0149815
0.00303097
-0.0141834
0.0038969
-0.0129995
0.00464413
-0.0114426
0.00524889
-0.00954971
0.00569609
-0.00736464
0.00596652
-0.00493869
0.00605412
-0.00234958
0.00595075
0.000339994
0.00565935
0.00303589
0.00519031
0.00564886
0.00455662
0.00809096
0.00377792
0.0102696
0.00288224
0.0121089
0.00189915
0.0135148
0.000870498
0.0144367
-0.000173637
0.0148303
-0.0011893
0.0146582
-0.0021371
0.0139122
-0.00297912
0.0126124
-0.00368084
0.0108014
-0.00421342
0.00853975
-0.00455228
0.00591271
-0.0046856
0.00303452
-0.00460507
2.77569e-05
-0.00431728
-0.00296915
-0.00383431
-0.005813
-0.00318329
-0.00836232
-0.00239871
-0.0104832
-0.00151658
-0.0120687
-0.000588563
-0.013021
0.000332841
-0.0132767
0.00120651
-0.0128357
0.001982
-0.011699
0.00261445
-0.00992447
0.0030707
-0.00761692
0.00332588
-0.00490839
0.00336762
-0.00196224
0.0031974
0.00103179
0.00283186
0.00387812
0.0023001
0.00638699
0.00164127
0.00839139
0.000908832
0.0097455
0.000154097
0.0103673
-0.000564283
0.0102063
-0.00119764
0.00929129
-0.0016981
0.00769254
-0.00202973
0.00553537
-0.0021691
0.00300376
-0.00211182
0.000320038
-0.00186721
-0.00228872
-0.00146647
-0.00457305
-0.000952693
-0.0063292
-0.000379666
-0.00739422
0.000186485
-0.00767612
0.000699213
-0.00719324
0.00110518
-0.00599507
0.0013679
-0.00423677
0.00146872
-0.00212582
0.00140689
9.53058e-05
0.00120121
0.0021782
0.000884988
0.00390129
0.000501344
0.0050982
9.93942e-05
0.00566145
-0.000273739
0.00557391
-0.000582551
0.00490462
-0.000797893
0.00375854
-0.000905159
0.00230267
-0.000903626
0.000724824
-0.000805143
-0.000787665
-0.000631987
-0.00207247
-0.000411042
-0.00300962
-0.000172877
-0.00352855
5.31938e-05
-0.00361253
0.000246541
-0.00330277
0.000388924
-0.00266726
0.000471004
-0.00180776
0.000491031
-0.000840966
0.000454153
0.000117187
0.000371127
0.000962369
0.000256708
0.00161126
0.000127922
0.00201337
2.35632e-07
0.0021488
-0.000113744
0.00203028
-0.000202373
0.00169519
-0.00025882
0.00119465
-0.000280166
0.000596317
-0.000267404
-2.76433e-05
-0.000224933
-0.000608283
-0.000159628
-0.00108764
-7.97133e-05
-0.00142013
4.02388e-06
-0.00157122
8.35359e-05
-0.00154133
0.000150391
-0.0013366
0.000197754
-0.000981582
0.000221202
-0.000518126
0.000218856
2.97184e-06
0.000191329
0.000525307
0.000141773
0.000991367
7.55864e-05
0.00134792
0.00155067
0.000176532
-0.044693
0.000335204
-0.045248
0.00048021
-0.0457844
0.000535266
-0.0464418
0.000576412
-0.0469844
0.000455471
-0.0477428
0.000360706
-0.0482264
-0.0491004
-0.00093848
-0.0124703
-0.00164933
-0.0123522
-0.00235876
-0.012616
-0.0028989
-0.012601
-0.00333952
-0.0128057
-0.00362193
-0.0129073
-0.00378656
-0.0131347
-0.00381673
-0.0133369
-0.00372547
-0.0135919
-0.0035274
-0.0138482
-0.00323735
-0.0141129
-0.00285504
-0.0143823
-0.00240253
-0.0146342
-0.00187648
-0.0148655
-0.00129318
-0.015063
-0.000660301
-0.015215
7.98776e-06
-0.0153029
0.000705597
-0.0153259
0.00142417
-0.0152758
0.00215594
-0.0151439
0.00288853
-0.0149167
0.0036176
-0.0145987
0.00432985
-0.0141704
0.00501893
-0.0136415
0.00567585
-0.0130002
0.0062942
-0.0122515
0.00686152
-0.0113879
0.00737508
-0.0104201
0.00782449
-0.00934587
0.00820283
-0.00816787
0.00850602
-0.00690127
0.00872718
-0.00554881
0.00886473
-0.00412629
0.00891318
-0.00263681
0.00886807
-0.00109576
0.00872444
0.000484356
0.0084869
0.00207395
0.00815323
0.00366772
0.00772857
0.005237
0.00721152
0.00677028
0.00660892
0.00824124
0.00592472
0.00962726
0.00516779
0.0109049
0.0043445
0.0120618
0.00346546
0.0130639
0.00254406
0.013886
0.00159078
0.0145277
0.000619033
0.0149593
-0.000356847
0.0151603
-0.00132189
0.015132
-0.00226016
0.0148553
-0.00315837
0.0143302
-0.00399634
0.0135478
-0.0047647
0.0125265
-0.00544616
0.0112594
-0.0060285
0.00977164
-0.00649632
0.00806608
-0.00684505
0.00619174
-0.00705821
0.00414855
-0.00713933
0.00200184
-0.00707313
-0.000245792
-0.00686468
-0.00251633
-0.00651836
-0.0047747
-0.00603646
-0.00697159
-0.00542783
-0.0090553
-0.00470529
-0.0109705
-0.00388233
-0.0126738
-0.00297745
-0.0141071
-0.00201109
-0.0152316
-0.00100554
-0.0160086
1.5011e-05
-0.0164005
0.00102399
-0.0163881
0.00199493
-0.0159525
0.00290224
-0.0150907
0.00371971
-0.0138169
0.00442542
-0.0121483
0.00499589
-0.0101202
0.00541277
-0.00778152
0.00566534
-0.00519126
0.00574406
-0.0024283
0.0056392
0.000444852
0.00535958
0.00331551
0.00490943
0.00609901
0.00430382
0.00869657
0.00356091
0.0110126
0.00270879
0.0129611
0.00177545
0.0144482
0.000796997
0.0154152
-0.00019193
0.0158193
-0.0011545
0.0156207
-0.00205131
0.014809
-0.00284686
0.013408
-0.00350829
0.0114629
-0.0040084
0.00903986
-0.00432563
0.00622993
-0.0044458
0.00315469
-0.00436263
-5.54124e-05
-0.00408512
-0.00324666
-0.00362317
-0.00627495
-0.00300131
-0.00898418
-0.00225201
-0.0112325
-0.00141541
-0.0129053
-0.000535566
-0.0139009
0.000340838
-0.0141531
0.00116885
-0.0136637
0.00190097
-0.0124311
0.00249724
-0.0105207
0.00292419
-0.00804388
0.00316047
-0.00514467
0.00319432
-0.00199608
0.00302648
0.00119964
0.00267361
0.00423099
0.00216283
0.00689777
0.00153576
0.00901846
0.000838122
0.0104431
0.000117363
0.0110881
-0.000559787
0.0108834
-0.00115891
0.00989041
-0.00163094
0.00816457
-0.00194124
0.00584568
-0.00206855
0.00313107
-0.00200942
0.000260913
-0.0017718
-0.00252634
-0.00138603
-0.00495881
-0.000892687
-0.00682254
-0.000346688
-0.00794021
0.000190573
-0.00821338
0.00067692
-0.00767958
0.00106016
-0.00637831
0.00130611
-0.00448272
0.00139717
-0.00221688
0.00133378
0.000158692
0.00113417
0.00237781
0.000830561
0.0042049
0.000464551
0.00546421
8.25233e-05
0.00604348
-0.000268891
0.00592532
-0.000559224
0.00519495
-0.00075986
0.00395917
-0.000857587
0.0024004
-0.000852505
0.000719742
-0.000756137
-0.000884034
-0.00058982
-0.00223879
-0.000380477
-0.00321896
-0.00015575
-0.00375328
5.72132e-05
-0.0038255
0.000237927
-0.00348349
0.00037002
-0.00279936
0.000445054
-0.0018828
0.000461752
-0.000857663
0.000425248
0.000153691
0.000345908
0.00104171
0.000237599
0.00171957
0.000116348
0.00213462
-2.97263e-06
0.00226812
-0.000109156
0.00213646
-0.000191337
0.00177737
-0.00024324
0.00124655
-0.000262317
0.000615395
-0.000249641
-4.03201e-05
-0.000209454
-0.00064847
-0.000148238
-0.00114885
-7.35245e-05
-0.00149484
4.39906e-06
-0.00164915
7.82376e-05
-0.00161517
0.000140195
-0.00139856
0.000183954
-0.00102534
0.000205504
-0.000539676
0.000203131
5.34446e-06
0.000177462
0.000550976
0.000131438
0.00103739
7.0057e-05
0.00140931
0.00162073
0.000121533
-0.0448145
0.000229584
-0.0453561
0.000329231
-0.0458841
0.000359556
-0.0464722
0.000386766
-0.0470116
0.000294521
-0.0476505
0.000238586
-0.0481705
-0.0488618
-0.000809779
-0.0116605
-0.00142296
-0.011739
-0.00204789
-0.0119911
-0.00253927
-0.0121096
-0.00295912
-0.0123858
-0.00321906
-0.0126474
-0.0033843
-0.0129695
-0.00341774
-0.0133034
-0.00334935
-0.0136603
-0.00317684
-0.0140207
-0.0029109
-0.0143788
-0.00257115
-0.014722
-0.0021495
-0.0150558
-0.00166449
-0.0153505
-0.00112544
-0.0156021
-0.000538002
-0.0158024
8.6118e-05
-0.015927
0.000739753
-0.0159796
0.00141224
-0.0159483
0.00209324
-0.0158249
0.00277921
-0.0156026
0.00345864
-0.0152781
0.00412685
-0.0148386
0.00477296
-0.0142876
0.00538954
-0.0136168
0.00596491
-0.0128268
0.00649791
-0.0119209
0.0069765
-0.0108987
0.00739571
-0.00976508
0.00775011
-0.00852226
0.00803259
-0.00718375
0.00823718
-0.0057534
0.00836012
-0.00424923
0.00839873
-0.00267542
0.00835022
-0.00104724
0.00821462
0.000619955
0.00798801
0.00230056
0.00767372
0.00398201
0.0072687
0.00564202
0.00677938
0.0072596
0.00620873
0.00881189
0.00556347
0.0102725
0.00484746
0.0116209
0.00407033
0.012839
0.00324294
0.0138913
0.00237365
0.0147552
0.00147504
0.0154263
0.000559309
0.015875
-0.000359285
0.0160789
-0.00126769
0.0160404
-0.00215067
0.0157383
-0.00299129
0.0151708
-0.00377949
0.014336
-0.00450156
0.0132485
-0.00514191
0.0118998
-0.00568315
0.0103129
-0.00612452
0.00850745
-0.00644528
0.0065125
-0.00664652
0.00434979
-0.00671359
0.00206891
-0.00665037
-0.000309012
-0.00645151
-0.00271519
-0.006122
-0.00510421
-0.0056655
-0.00742809
-0.0050895
-0.0096313
-0.00440678
-0.0116532
-0.00362995
-0.0134507
-0.00277629
-0.0149607
-0.00186562
-0.0161422
-0.000915672
-0.0169585
4.08016e-05
-0.0173569
0.000989486
-0.0173368
0.0019035
-0.0168665
0.00275433
-0.0159416
0.00352253
-0.0145852
0.0041814
-0.0128072
0.00471602
-0.0106548
0.00510617
-0.00817167
0.00533942
-0.0054245
0.00540551
-0.0024944
0.00530561
0.000544759
0.00503732
0.0035838
0.00460955
0.00652677
0.0040358
0.00927032
0.00333499
0.0117134
0.0025292
0.0137668
0.0016497
0.0153277
0.000723731
0.0163411
-0.000202959
0.0167459
-0.00110744
0.0165252
-0.00194999
0.0156515
-0.00269625
0.0141542
-0.00331585
0.0120825
-0.00378184
0.00950585
-0.00407625
0.00652435
-0.0041837
0.00326214
-0.00410254
-0.000136572
-0.00383477
-0.00351444
-0.00339701
-0.00671271
-0.00280872
-0.00957247
-0.00210152
-0.0119397
-0.00131172
-0.0136951
-0.000481457
-0.0147311
0.000342717
-0.0149773
0.00111978
-0.0144408
0.00180656
-0.0131179
0.00236463
-0.0110788
0.00276329
-0.00844253
0.00297941
-0.0053608
0.0030048
-0.00202147
0.00284236
0.00136209
0.00250541
0.00456794
0.00202224
0.00738094
0.00142826
0.00961243
0.000766283
0.0111051
9.33741e-05
0.011761
-0.000547021
0.0115238
-0.00110981
0.0104532
-0.00155132
0.00860608
-0.00184034
0.0061347
-0.00195621
0.00324694
-0.00189457
0.000199272
-0.00166719
-0.00275372
-0.00129943
-0.00532657
-0.000832011
-0.00728997
-0.000316671
-0.00845555
0.00019068
-0.00872073
0.00064865
-0.00813755
0.00100783
-0.00673749
0.00123631
-0.00471119
0.00131827
-0.00229885
0.00125456
0.000222406
0.00106306
0.00256931
0.000774862
0.0044931
0.000428019
0.00581106
6.75377e-05
0.00640396
-0.000260748
0.00625361
-0.000531891
0.0054661
-0.000717711
0.00414499
-0.000806228
0.00248891
-0.000798184
0.000711698
-0.000705338
-0.00097688
-0.000547443
-0.00239668
-0.000349579
-0.00341683
-0.00013849
-0.00396437
5.93733e-05
-0.00402336
0.000227268
-0.00365138
0.000349097
-0.00292119
0.000417407
-0.00195111
0.000431195
-0.000871451
0.000395568
0.000189318
0.000320431
0.00111685
0.000218909
0.00182109
0.000105147
0.00224838
-5.40268e-06
0.00237867
-0.000103756
0.00223481
-0.000179561
0.00185317
-0.000227015
0.001294
-0.000244012
0.000632392
-0.000231633
-5.26994e-05
-0.000193876
-0.000686226
-0.000136839
-0.00120589
-6.75066e-05
-0.00156418
4.62705e-06
-0.00172128
7.28212e-05
-0.00168337
0.000129941
-0.00145568
0.000170184
-0.00106558
0.000189882
-0.000559375
0.00018753
7.69695e-06
0.000163737
0.000574769
0.000121225
0.0010799
6.46023e-05
0.00146593
0.00168533
9.74754e-05
0.000178278
0.000255136
0.000277043
0.000296536
0.000221578
0.000179643
-0.000718926
-0.00126545
-0.00183162
-0.00227519
-0.00267799
-0.00290801
-0.00307019
-0.00309282
-0.00303042
-0.00287349
-0.00263321
-0.00231166
-0.00192667
-0.00147815
-0.00097074
-0.00042712
0.000152719
0.0007598
0.00138332
0.00201821
0.00265674
0.00329108
0.00391449
0.00451752
0.00509227
0.00563007
0.0061264
0.00657209
0.00696443
0.00729313
0.00755489
0.007744
0.00785733
0.0078919
0.00784489
0.00771438
0.00749966
0.0072023
0.0068227
0.00636227
0.00582732
0.00522175
0.00455164
0.00382416
0.00304831
0.00223426
0.0013942
0.000538193
-0.000320557
-0.00116948
-0.00199446
-0.00277932
-0.0035141
-0.00418768
-0.00478473
-0.00528904
-0.00569902
-0.00599628
-0.0061823
-0.00624386
-0.00618178
-0.00599451
-0.00568488
-0.00525598
-0.00471787
-0.0040799
-0.00335452
-0.00255746
-0.00170551
-0.000823784
7.14564e-05
0.000957096
0.00180923
0.00260362
0.00331878
0.00393396
0.00443172
0.00479362
0.0050087
0.00506836
0.00497099
0.00471677
0.00431342
0.00377419
0.00311707
0.00236141
0.00153836
0.000671279
-0.000194398
-0.00103967
-0.00182577
-0.00252148
-0.00309877
-0.00353135
-0.00380339
-0.00389999
-0.00382146
-0.00356909
-0.00315644
-0.00260525
-0.00194334
-0.00120447
-0.000426389
0.000339591
0.00106492
0.00170527
0.00222403
0.00259382
0.00279277
0.00281316
0.00265697
0.00233842
0.00188286
0.00132405
0.000704345
7.26577e-05
-0.000524018
-0.00104931
-0.00146023
-0.00172826
-0.00183369
-0.00177289
-0.0015568
-0.0012101
-0.000771429
-0.000286262
0.000187726
0.000615971
0.000950532
0.00116203
0.00123576
0.0011731
0.000991157
0.000718868
0.00039433
5.76749e-05
-0.000249195
-0.000501123
-0.00067241
-0.000752457
-0.000742514
-0.000653728
-0.000505256
-0.000320372
-0.000123872
5.99923e-05
0.00021511
0.00032702
0.000388972
0.000400472
0.000366135
0.00029543
0.00020084
9.51988e-05
-6.99754e-06
-9.76204e-05
-0.000167215
-0.000210494
-0.000225625
-0.000213708
-0.000178525
-0.000125724
-6.1735e-05
4.71581e-06
6.73895e-05
0.000119823
0.000156681
0.000174622
0.000172338
0.00015039
0.000111304
5.9302e-05
)
;

boundaryField
{
    freeSurface
    {
        type            calculated;
        value           nonuniform List<scalar> 
181
(
-0.044912
-0.0454369
-0.045961
-0.0464941
-0.0470311
-0.0475756
-0.0481285
-0.0486822
-0.0109416
-0.0111925
-0.0114249
-0.011666
-0.011983
-0.0124173
-0.0128073
-0.0132808
-0.0137227
-0.0141776
-0.0146191
-0.0150436
-0.0154408
-0.015799
-0.0161095
-0.016346
-0.0165068
-0.0165867
-0.0165718
-0.0164598
-0.0162412
-0.0159124
-0.015462
-0.0148907
-0.0141915
-0.0133646
-0.0124173
-0.0113444
-0.0101574
-0.00885096
-0.00744551
-0.0059425
-0.00436257
-0.00270999
-0.00100024
0.000750465
0.00251528
0.00427937
0.00602162
0.00772003
0.00934684
0.0108781
0.012291
0.0135664
0.0146672
0.0155693
0.0162664
0.016731
0.0169376
0.0168894
0.0165633
0.0159557
0.0150708
0.0139221
0.0124968
0.0108172
0.00891744
0.00680976
0.0045358
0.00213048
-0.000371095
-0.00290246
-0.00541384
-0.00785699
-0.0101694
-0.0122912
-0.0141761
-0.0157578
-0.0169942
-0.0178403
-0.0182522
-0.0182224
-0.0177186
-0.0167359
-0.0153003
-0.0134223
-0.0111526
-0.00853357
-0.00563959
-0.00255406
0.00064213
0.00383802
0.00693011
0.00980955
0.0123705
0.0145225
0.0161507
0.0172082
0.0176116
0.0173705
0.0164376
0.0148499
0.0126598
0.00993843
0.00679639
0.00335874
-0.0002151
-0.00376681
-0.00712536
-0.0101237
-0.0126016
-0.0144339
-0.0155092
-0.0157432
-0.0151661
-0.0137582
-0.0115976
-0.00881232
-0.00555975
-0.00204186
0.00151828
0.00488649
0.0078365
0.0101712
0.0117248
0.0123927
0.0121205
0.0109785
0.00901701
0.00640272
0.00335238
0.000138471
-0.00296981
-0.00567328
-0.00772864
-0.00894072
-0.00919472
-0.0085658
-0.00707205
-0.00492269
-0.00237258
0.00028507
0.00275125
0.00476539
0.0061356
0.00674061
0.00656048
0.00571803
0.00431628
0.00256896
0.000701755
-0.00106567
-0.00254516
-0.00360171
-0.00416087
-0.00420722
-0.0038065
-0.0030331
-0.00201306
-0.000882951
0.000223656
0.00118755
0.00191568
0.00235402
0.00248087
0.00232544
0.00192277
0.00133728
0.000647523
-6.4617e-05
-0.000721409
-0.00125869
-0.00162817
-0.00178773
-0.00174604
-0.00150811
-0.00110244
-0.000577316
9.98138e-06
0.000596716
0.00111899
0.00151793
0.00174463
)
;
    }
    walls
    {
        type            calculated;
        value           uniform 0;
    }
    floatingObject
    {
        type            calculated;
        value           nonuniform List<scalar> 
37
(
0.0317075
0.0320788
0.0324501
0.032826
0.0332109
0.0335958
0.0339875
0.0343837
0.0347822
0.0351875
0.0355973
0.0360117
0.0364305
0.0368539
0.0372841
0.0377166
0.0381581
0.0385996
0.0390502
2.71051e-20
0
0
0
0
-1.35525e-20
0
0
0
0
0
0
0
0
0
0
0
0
)
;
    }
    frontAndBack
    {
        type            empty;
    }
}


// ************************************************************************* //
