/*--------------------------------*- C++ -*----------------------------------*\
  =========                 |
  \\      /  F ield         | OpenFOAM: The Open Source CFD Toolbox
   \\    /   O peration     | Website:  https://openfoam.org
    \\  /    A nd           | Version:  12
     \\/     M anipulation  |
\*---------------------------------------------------------------------------*/
FoamFile
{
    format      ascii;
    class       surfaceScalarField;
    location    "9.66";
    object      phi;
}
// * * * * * * * * * * * * * * * * * * * * * * * * * * * * * * * * * * * * * //

dimensions      [1 0 -1 0 0 0 0];

internalField   nonuniform List<scalar> 
7429
(
8.90015e-05
-8.90012e-05
0.000179676
-9.06742e-05
0.00027266
-9.29834e-05
0.000368649
-9.59892e-05
0.000468303
-9.9653e-05
0.000572232
-0.000103929
0.000680987
-0.000108754
0.000795157
-0.00011417
0.000915111
-0.000119953
0.00104113
-0.000126016
0.00117344
-0.000132312
0.00131201
-0.000138574
0.00145666
-0.000144645
0.00160715
-0.000150488
0.00176293
-0.000155785
0.00192325
-0.000160319
0.00208721
-0.000163955
0.00225371
-0.000166502
0.00242152
-0.00016781
0.00258923
-0.000167704
0.00275527
-0.000166046
0.00291792
-0.000162644
0.00307514
-0.000157223
0.00322539
-0.000150248
0.00336643
-0.000141042
0.00349627
-0.000129842
0.00361291
-0.000116634
0.00371434
-0.000101437
0.00379843
-8.40881e-05
0.00386336
-6.49276e-05
0.00390718
-4.38149e-05
0.00392826
-2.10888e-05
0.00392686
1.40124e-06
0.00390369
2.31711e-05
0.00385716
4.65364e-05
0.00378652
7.06402e-05
0.00369161
9.49027e-05
0.00357271
0.000118907
0.00343058
0.000142128
0.00326632
0.000164264
0.00308136
0.000184957
0.00287737
0.000203986
0.00265635
0.00022102
0.00242049
0.000235869
0.00217222
0.000248267
0.00191421
0.000258013
0.00164925
0.000264958
0.00138029
0.000268956
0.00111036
0.000269928
0.000842597
0.000267766
0.000580194
0.000262403
0.000326176
0.000254019
8.37758e-05
0.0002424
-0.00014401
0.000227786
-0.000354197
0.000210187
-0.000544112
0.000189915
-0.00071132
0.000167208
-0.000853519
0.000142198
-0.000968241
0.000114722
-0.00105468
8.6435e-05
-0.00111043
5.57528e-05
-0.00113598
2.55521e-05
-0.00112508
-1.08982e-05
-0.00108057
-4.45125e-05
-0.00100434
-7.62273e-05
-0.000897842
-0.000106501
-0.000762211
-0.000135631
-0.000599007
-0.000163204
-0.000410253
-0.000188754
-0.000198638
-0.000211614
3.26658e-05
-0.000231304
0.000280217
-0.000247551
0.000539852
-0.000259635
0.000807286
-0.000267434
0.0010778
-0.000270512
0.00134639
-0.000268588
0.00160796
-0.000261577
0.00185731
-0.00024935
0.00208924
-0.000231928
0.00229883
-0.000209588
0.00248108
-0.00018225
0.00263157
-0.000150495
0.00274637
-0.000114793
0.00282206
-7.56949e-05
0.00285614
-3.4074e-05
0.00284216
1.39792e-05
0.00277851
6.36506e-05
0.00266689
0.00011162
0.00250903
0.000157855
0.00230739
0.000201647
0.00206483
0.000242557
0.00178509
0.00027974
0.00147284
0.000312248
0.00113372
0.000339117
0.000774628
0.000359095
0.000403082
0.000371546
2.72122e-05
0.00037587
-0.000344009
0.000371221
-0.000701856
0.000357848
-0.00103706
0.000335207
-0.00134084
0.00030378
-0.001605
0.000264159
-0.00182197
0.000216971
-0.00198521
0.000163239
-0.00209007
0.000104855
-0.00213309
4.30214e-05
-0.00210656
-2.65297e-05
-0.00201319
-9.33654e-05
-0.00185727
-0.000155926
-0.00164356
-0.000213703
-0.00137791
-0.000265655
-0.0010682
-0.000309706
-0.000724105
-0.000344097
-0.000357207
-0.000366898
1.9827e-05
-0.000377034
0.000393878
-0.000374051
0.000751391
-0.000357513
0.001079
-0.000327605
0.0013641
-0.000285105
0.00159584
-0.000231737
0.00176516
-0.000169324
0.00186528
-0.000100117
0.00189358
-2.83042e-05
0.00184162
5.19674e-05
0.00171747
0.000124144
0.00152853
0.000188939
0.00128326
0.00024527
0.000993719
0.000289543
0.000673891
0.000319828
0.000339973
0.000333919
9.02209e-06
0.000330951
-0.000301709
0.000310731
-0.000576116
0.000274407
-0.000799808
0.000223693
-0.0009614
0.000161591
-0.00105279
9.13906e-05
-0.00107146
1.86722e-05
-0.001011
-6.04597e-05
-0.000882703
-0.0001283
-0.000696236
-0.000186467
-0.000464896
-0.000231339
-0.000205064
-0.000259832
6.52635e-05
-0.000270328
0.000326388
-0.000261124
0.000560072
-0.000233684
0.000750109
-0.000190037
0.000883779
-0.000133671
0.000952931
-6.91518e-05
0.000953535
-6.04117e-07
0.000886126
6.74088e-05
0.00076182
0.000124306
0.000592632
0.000169188
0.000394588
0.000198044
0.000185931
0.000208656
-1.47945e-05
0.000200726
-0.000189844
0.000175049
-0.000325073
0.000135229
-0.00041075
8.56768e-05
-0.000442857
3.21074e-05
-0.000420453
-2.24043e-05
-0.000352659
-6.77941e-05
-0.000250827
-0.000101832
-0.000129476
-0.00012135
-4.51409e-06
-0.000124962
0.000107535
-0.000112049
0.00019452
-8.69848e-05
0.000247405
-5.28858e-05
0.000262213
-1.48073e-05
0.000238262
2.39507e-05
0.000183802
5.446e-05
0.000109052
7.47501e-05
2.6907e-05
8.21451e-05
-4.87994e-05
7.57064e-05
-0.000105312
5.65128e-05
-0.000132958
2.76454e-05
-0.000124261
-8.69704e-06
-7.82861e-05
-4.59745e-05
-1.3775e-07
-7.81483e-05
0.000102834
-0.000102972
0.000219189
-0.000116355
0.000335125
-0.000115936
0.00043663
-0.000101505
0.000511006
-7.43766e-05
0.000548414
-3.7408e-05
0.000542016
6.39823e-06
0.000489986
5.20294e-05
0.000395874
9.41123e-05
0.000266775
0.000129099
0.000113437
0.000153338
-5.08084e-05
0.000164245
-0.000211231
0.000160423
-0.000353419
0.000142187
-0.000464379
0.00011096
-0.000533776
6.93971e-05
-0.00055494
2.1164e-05
-0.000525118
-2.98223e-05
-0.000446372
-7.87454e-05
-0.000325088
-0.000121285
-0.00017169
-0.000153398
-0.00017169
6.95461e-05
-0.000158547
0.000142612
-0.000163739
0.000219299
-0.000169671
0.000301036
-0.000177725
0.000389077
-0.000187693
0.000484929
-0.000199781
0.000589867
-0.000213691
0.000705002
-0.000229304
0.000831389
-0.000246339
0.000969845
-0.000264471
0.00112077
-0.000283241
0.00128447
-0.000302272
0.00146105
-0.00032122
0.0016499
-0.000339338
0.00185031
-0.000356199
0.00206128
-0.000371286
0.00228133
-0.000384006
0.00250865
-0.000393821
0.00274104
-0.000400195
0.00297593
-0.0004026
0.0032105
-0.00040061
0.00344168
-0.000393826
0.00366649
-0.000382028
0.00388111
-0.000364873
0.00408252
-0.000342449
0.00426737
-0.000314697
0.00443241
-0.000281666
0.00457485
-0.000243877
0.00469233
-0.000201572
0.00478264
-0.000155236
0.0048445
-0.000105673
0.00487746
-5.40509e-05
0.00487595
2.91085e-06
0.00483077
6.83553e-05
0.00474745
0.000129851
0.00462902
0.000189069
0.00447885
0.000245073
0.00430027
0.000297495
0.00409603
0.000346363
0.00386752
0.000392774
0.00361588
0.000436596
0.00334309
0.000476773
0.00305173
0.000512384
0.00274483
0.00054277
0.00242548
0.000567618
0.00209707
0.000586424
0.00176303
0.000598999
0.00142712
0.000604868
0.00109335
0.000603697
0.000765292
0.000595821
0.000446223
0.000581472
0.00013992
0.000560322
-0.000150214
0.000532534
-0.000420097
0.000497669
-0.000666861
0.000456951
-0.00088867
0.000411725
-0.00108164
0.000360177
-0.00124271
0.000303269
-0.00137205
0.000244057
-0.00146558
0.000179965
-0.00152286
0.00011304
-0.00154329
4.59836e-05
-0.00152549
-2.86986e-05
-0.00147153
-9.84718e-05
-0.0013815
-0.00016626
-0.00125602
-0.000231984
-0.00109662
-0.000295032
-0.000905589
-0.000354233
-0.000685848
-0.000408495
-0.000440766
-0.000456697
-0.000173881
-0.00049819
0.000110143
-0.000531575
0.000407061
-0.000556552
0.000711923
-0.000572296
0.00101939
-0.000577984
0.00132376
-0.000572958
0.00161956
-0.000557372
0.00190108
-0.000530866
0.00216247
-0.000493327
0.00239817
-0.000445284
0.00260296
-0.000387037
0.00277202
-0.000319554
0.00290072
-0.000243498
0.00298575
-0.000160725
0.00302335
-7.16706e-05
0.00300863
2.86948e-05
0.00294081
0.000131479
0.00282133
0.000231098
0.00265161
0.000327572
0.00243378
0.000419474
0.00217087
0.000505473
0.00186704
0.000583572
0.00152784
0.000651442
0.00115962
0.000707339
0.000770108
0.000748607
0.00036764
0.000774014
-3.8624e-05
0.000782134
-0.000439036
0.000771633
-0.000823976
0.000742787
-0.0011835
0.000694735
-0.00150804
0.000628313
-0.0017887
0.00054482
-0.00201688
0.00044515
-0.00218673
0.00033309
-0.00229133
0.000209454
-0.00232869
8.0384e-05
-0.00229127
-6.3953e-05
-0.00218345
-0.000201183
-0.00200837
-0.000331009
-0.0017707
-0.000451368
-0.0014771
-0.000559258
-0.00113679
-0.000650017
-0.000760535
-0.00072035
-0.000361148
-0.000766286
4.76872e-05
-0.000785868
0.000451463
-0.000777826
0.00083531
-0.000741361
0.00118471
-0.000677004
0.00148623
-0.000586627
0.00172854
-0.000474046
0.00190168
-0.000342462
0.00199913
-0.000197566
0.00201623
-4.54111e-05
0.00194909
0.000119115
0.00180534
0.000267895
0.00159147
0.000402802
0.00131783
0.000518911
0.000997669
0.000609706
0.000647032
0.000670465
0.00028324
0.000697711
-7.44631e-05
0.000688653
-0.000407746
0.000644014
-0.00069909
0.000565751
-0.00093338
0.000457983
-0.00109832
0.000326528
-0.00118592
0.000178991
-0.00119156
2.43119e-05
-0.00111525
-0.000136765
-0.000965846
-0.000277706
-0.000754502
-0.000397811
-0.000496146
-0.000489695
-0.000209
-0.000546978
8.59917e-05
-0.000565319
0.000368272
-0.000543405
0.000617839
-0.000483251
0.000817652
-0.000389849
0.000954013
-0.000270032
0.00101918
-0.000134321
0.00100775
1.08268e-05
0.000925956
0.000149205
0.000782892
0.00026737
0.000592837
0.000359242
0.000373913
0.000416969
0.000146627
0.000435942
-6.86696e-05
0.000416023
-0.000252974
0.000359354
-0.000391317
0.000273572
-0.000473915
0.000168275
-0.000497147
5.53394e-05
-0.000461876
-5.76755e-05
-0.00037821
-0.000151461
-0.000259473
-0.000220568
-0.000122218
-0.000258605
1.55639e-05
-0.000262745
0.000137466
-0.000233951
0.00022918
-0.000178699
0.000281736
-0.000105442
0.000291359
-2.44298e-05
0.000259491
5.58186e-05
0.000194686
0.000119265
0.000108423
0.000161013
1.4735e-05
0.000175833
-7.00203e-05
0.000160462
-0.000133468
0.00011996
-0.000165073
5.92511e-05
-0.000157907
-1.58637e-05
-0.000111804
-9.20769e-05
-3.13631e-05
-0.00015859
7.46037e-05
-0.000208939
0.000195003
-0.000236754
0.000314506
-0.00023544
0.000418897
-0.000205895
0.000495467
-0.000150947
0.000534408
-7.63495e-05
0.000529277
1.15293e-05
0.000478937
0.000102369
0.000386751
0.000186298
0.000260237
0.000255614
0.0001103
0.000303276
-4.98731e-05
0.000324418
-0.000205776
0.000316326
-0.000343418
0.000279829
-0.000450316
0.000217859
-0.000516729
0.000135811
-0.000536311
4.07461e-05
-0.000506912
-5.92222e-05
-0.000430412
-0.000155245
-0.000313217
-0.00023848
-0.000165283
-0.000301332
-0.000336973
-7.36912e-05
-8.48549e-05
-0.00014417
-9.32593e-05
-0.000208392
-0.000105448
-0.000262222
-0.000123894
-0.000301508
-0.000148406
-0.000322969
-0.00017832
-0.00032297
-0.000213689
-0.000298483
-0.000253791
-0.000247101
-0.00029772
-0.000166934
-0.000344638
-5.70157e-05
-0.000393158
8.30429e-05
-0.00044233
0.000252639
-0.000490815
0.000451128
-0.000537826
0.000678089
-0.000583158
0.000930032
-0.000623229
0.00120617
-0.000660143
0.00150217
-0.000689826
0.00181368
-0.000711704
0.0021366
-0.000725516
0.00246621
-0.000730215
0.00279782
-0.000725443
0.00312447
-0.000708676
0.00344128
-0.000681682
0.00374336
-0.00064452
0.00402415
-0.000595486
0.00427658
-0.0005341
0.00449633
-0.00046363
0.00467818
-0.00038342
0.00481695
-0.000294008
0.0049087
-0.000197422
0.00494894
-9.42916e-05
0.00494412
7.73291e-06
0.00490633
0.000106151
0.00482786
0.000208315
0.00470673
0.000310201
0.00454223
0.00040957
0.00433501
0.000504724
0.00408687
0.000594502
0.00380192
0.000677718
0.00348529
0.000753231
0.00314173
0.000820336
0.00277595
0.000878159
0.00239254
0.00092618
0.0019964
0.000963764
0.00159231
0.00099051
0.00118519
0.00100612
0.000779536
0.00101052
0.000379751
0.00100348
-9.28984e-06
0.000984862
-0.000382768
0.00095495
-0.000736724
0.000914278
-0.00106741
0.000863217
-0.00137139
0.000801648
-0.00164408
0.000729642
-0.00188294
0.000650587
-0.00208376
0.000561001
-0.0022476
0.000467102
-0.00236724
0.000363698
-0.00244453
0.000257261
-0.00248012
0.000148626
-0.00247026
3.61253e-05
-0.00241072
-8.8237e-05
-0.00230813
-0.000201067
-0.00216307
-0.000311313
-0.00197665
-0.000418412
-0.00175094
-0.00052074
-0.00148868
-0.00061649
-0.00119341
-0.000703765
-0.000869263
-0.000780845
-0.000520499
-0.000846954
-0.000152566
-0.000899507
0.000228416
-0.000937534
0.000617004
-0.000960885
0.00100654
-0.000967521
0.00139018
-0.000956596
0.00176143
-0.000928626
0.00211312
-0.000882552
0.00243853
-0.000818734
0.00273085
-0.000737609
0.0029843
-0.000640489
0.00319287
-0.000528126
0.00335177
-0.000402392
0.0034553
-0.000264255
0.00350102
-0.000117391
0.00348339
4.63215e-05
0.00340312
0.000211754
0.00326118
0.000373034
0.0030588
0.00052995
0.00279845
0.000679832
0.00248389
0.000820024
0.00212045
0.000947015
0.00171505
0.00105685
0.00127558
0.0011468
0.000811716
0.00121248
0.000333505
0.00125223
-0.000148212
0.00126385
-0.000621535
0.00124496
-0.00107496
0.00119621
-0.00149651
0.00111629
-0.0018744
0.0010062
-0.00219807
0.000868492
-0.00245921
0.00070629
-0.00264762
0.000521506
-0.00275998
0.000321808
-0.0027897
0.000110105
-0.00273207
-0.000121585
-0.00259211
-0.000341144
-0.00237306
-0.00055005
-0.00208017
-0.00074426
-0.00172196
-0.000917474
-0.00131043
-0.00106154
-0.00085797
-0.00117281
-0.000380766
-0.00124349
0.000104922
-0.00127156
0.000581594
-0.0012545
0.0010316
-0.00119137
0.00143768
-0.00108308
0.00178431
-0.000933262
0.00205765
-0.000747389
0.00224726
-0.000532069
0.00234509
-0.000295394
0.00234541
-4.57369e-05
0.00224921
0.000215314
0.00206285
0.000454259
0.00179434
0.000671316
0.00145694
0.000856312
0.00106692
0.000999726
0.000644015
0.00109337
0.000210085
0.00113164
-0.000213274
0.00111201
-0.000603395
0.00103413
-0.000939591
0.000901946
-0.00120437
0.000722764
-0.00138443
0.000506586
-0.00147069
0.000265255
-0.00145574
9.35328e-06
-0.0013485
-0.000243999
-0.00115518
-0.000471026
-0.00088972
-0.000663272
-0.000571159
-0.000808256
-0.000222663
-0.000895475
0.000131022
-0.000919004
0.000464931
-0.000877314
0.000755419
-0.00077374
0.00098257
-0.000617
0.00113147
-0.000418934
0.00119257
-0.000195417
0.00116269
4.07006e-05
0.00105048
0.000261422
0.000866971
0.000450875
0.000630541
0.000595672
0.000364013
0.000683497
9.22427e-05
0.000707713
-0.00015973
0.000667995
-0.000369888
0.000569512
-0.000521383
0.000425067
-0.000603484
0.000250376
-0.000613373
6.52278e-05
-0.000554671
-0.000116377
-0.000440027
-0.000266105
-0.000286443
-0.000374152
-0.000114991
-0.000430057
5.27059e-05
-0.000430441
0.000196554
-0.0003778
0.00030067
-0.000282815
0.00035503
-0.000159802
0.0003568
-2.61999e-05
0.000309279
0.000103339
0.000223212
0.000205332
0.000113412
0.000270812
-2.58164e-06
0.000291827
-0.000107441
0.000265321
-0.000185163
0.000197682
-0.00022443
9.85182e-05
-0.00021847
-2.18237e-05
-0.000167785
-0.000142762
-7.79239e-05
-0.00024845
4.018e-05
-0.000327043
0.00017479
-0.000371364
0.000307393
-0.000368043
0.000422689
-0.000321191
0.000507132
-0.00023539
0.00055046
-0.000119678
0.000546486
1.55034e-05
0.00049464
0.000154216
0.000398851
0.000282087
0.000267508
0.000386956
0.000112458
0.000458326
-5.2285e-05
0.00048916
-0.000211751
0.000475792
-0.000351665
0.000419742
-0.000459537
0.000325731
-0.000525747
0.00020202
-0.000544267
5.92664e-05
-0.000513319
-9.01705e-05
-0.000435126
-0.000233438
-0.000316282
-0.000357323
-0.000166843
-0.000450771
-0.000503816
-0.000242091
0.000157237
-0.000477392
0.000142042
-0.000700134
0.000117295
-0.000903187
7.91582e-05
-0.00108084
2.92473e-05
-0.0012234
-3.576e-05
-0.00131003
-0.000127057
-0.00133641
-0.000227414
-0.00130083
-0.000333291
-0.00120006
-0.000445415
-0.00103386
-0.00055935
-0.00080193
-0.000674263
-0.00050573
-0.000787015
-0.000148207
-0.000895348
0.000266919
-0.000998285
0.00073709
-0.0010934
0.00125506
-0.00117812
0.00181439
-0.00124915
0.00240606
-0.00130338
0.00301956
-0.00133902
0.00364242
-0.00135307
0.00426237
-0.00134539
0.00486759
-0.0013139
0.0054456
-0.0012597
0.00598218
-0.0011811
0.00646742
-0.00108073
0.00689153
-0.000958202
0.00724619
-0.000818292
0.00752322
-0.000660447
0.00772147
-0.000492265
0.00783778
-0.000313733
0.00787721
-0.000133713
0.00782101
6.39274e-05
0.0076692
0.000257967
0.00744095
0.000436565
0.00714947
0.000601675
0.00679872
0.000760327
0.00639306
0.000910385
0.00593888
0.00104868
0.0054429
0.0011737
0.00491227
0.00128386
0.00435397
0.00137863
0.003775
0.00145714
0.00318245
0.00151872
0.00258297
0.00156325
0.00198346
0.00159002
0.00138908
0.00160051
0.000808123
0.00159147
0.000245069
0.00156653
-0.000295947
0.00152588
-0.000807716
0.00146672
-0.00128555
0.00139211
-0.00172695
0.00130461
-0.00212422
0.00119892
-0.00247906
0.00108448
-0.0027815
0.000953033
-0.00303414
0.000813634
-0.00323291
0.000665872
-0.00337584
0.000506628
-0.00346063
0.000342053
-0.00348582
0.000173821
-0.00344865
-1.05351e-06
-0.00336336
-0.000173521
-0.00322107
-0.000343361
-0.00302285
-0.000509533
-0.0027718
-0.00066946
-0.00247139
-0.000821149
-0.00212605
-0.000961832
-0.00174044
-0.00108938
-0.00132017
-0.00120111
-0.000871193
-0.00129593
-0.00040012
-0.00137058
8.58907e-05
-0.00142354
0.000579167
-0.00145416
0.00107185
-0.0014602
0.00155542
-0.00144017
0.0020216
-0.00139481
0.00246193
-0.00132288
0.00286794
-0.00122475
0.0032312
-0.00110086
0.00354468
-0.000953974
0.00380108
-0.00078452
0.00399461
-0.000595925
0.00412114
-0.000390788
0.00417558
-0.000171834
0.00415083
7.108e-05
0.0040503
0.000312283
0.00387441
0.000548924
0.00362428
0.000780076
0.00330319
0.00100092
0.00291611
0.00120711
0.00247021
0.00139291
0.00197397
0.00155309
0.00143774
0.00168303
0.000873012
0.0017772
0.000292293
0.00183294
-0.00029065
0.00184679
-0.000861426
0.00181573
-0.00140584
0.00174063
-0.00190921
0.00161965
-0.00235862
0.00145561
-0.00274192
0.0012518
-0.00304473
0.0010091
-0.00326192
0.000738692
-0.00338127
0.00044116
-0.00339988
0.000128713
-0.0033165
-0.000204963
-0.00313336
-0.000524281
-0.00285427
-0.000829139
-0.0024868
-0.00111173
-0.00204186
-0.00136241
-0.00153397
-0.00156944
-0.000979856
-0.00172692
-0.00039864
-0.00182471
0.000189716
-0.00185991
0.000763585
-0.00182837
0.00130169
-0.00172947
0.00178319
-0.00156457
0.00218971
-0.00133978
0.00250465
-0.00106233
0.00271571
-0.000743134
0.00281429
-0.00039397
0.00279246
-2.39035e-05
0.00265728
0.000350486
0.0024131
0.000698448
0.00207114
0.00101327
0.00164806
0.0012794
0.00116501
0.00148277
0.000645941
0.00161243
0.00011629
0.00166129
-0.000393119
0.00162142
-0.000858407
0.00149942
-0.00125406
0.0012976
-0.00155922
0.00102792
-0.00175874
0.000706111
-0.00184149
0.000348003
-0.00180208
-3.00557e-05
-0.00165119
-0.000394895
-0.00139776
-0.000724449
-0.00105964
-0.00100139
-0.00066151
-0.00120639
-0.00023144
-0.00132554
0.000200158
-0.0013506
0.000602216
-0.00127937
0.000946267
-0.00111779
0.00120882
-0.000879552
0.00137268
-0.000582791
0.00142844
-0.00025118
0.00137394
9.52047e-05
0.00122005
0.000415303
0.000981958
0.000688971
0.000683402
0.000894229
0.000353381
0.00101352
2.18425e-05
0.00103925
-0.000278006
0.000967844
-0.000522463
0.00081397
-0.000691313
0.000593917
-0.000772359
0.000331423
-0.000764176
5.70447e-05
-0.000673924
-0.000206629
-0.000517784
-0.000422245
-0.000318255
-0.000573681
-0.00010189
-0.000646423
0.00010416
-0.000636492
0.000276377
-0.000550016
0.000395984
-0.000402421
0.000452247
-0.000216065
0.000442611
-1.65641e-05
0.000374429
0.000171521
0.000260496
0.000319266
0.00011992
0.000411389
-2.57468e-05
0.000437494
-0.000155285
0.000394859
-0.000250654
0.000293051
-0.000298761
0.000146625
-0.000292808
-2.77761e-05
-0.00023445
-0.00020112
-0.000130526
-0.000352374
5.74597e-06
-0.000463315
0.000158473
-0.000524091
0.000308344
-0.000517914
0.000438147
-0.000450994
0.000532767
-0.00033001
0.00058121
-0.00016812
0.000577839
1.88744e-05
0.000522522
0.000209532
0.000420132
0.000384477
0.000280383
0.000526706
0.000116378
0.000622331
-5.67658e-05
0.000662304
-0.000223222
0.000642249
-0.000368216
0.000564736
-0.000479014
0.000436529
-0.000545982
0.000268988
-0.000563568
7.68519e-05
-0.000530124
-0.000123614
-0.000448522
-0.000315039
-0.000325481
-0.000480365
-0.000171489
-0.000604763
-0.000675305
-0.000659846
0.000817083
-0.00130803
0.000790228
-0.00193012
0.000739381
-0.00250796
0.000656999
-0.00302365
0.000544943
-0.00346412
0.00040471
-0.00383637
0.000245188
-0.00410737
4.35889e-05
-0.0042652
-0.000175459
-0.00430781
-0.000402802
-0.00422828
-0.000638877
-0.00401972
-0.000882831
-0.00368111
-0.00112562
-0.00321462
-0.00136185
-0.00262819
-0.00158471
-0.00193308
-0.00178851
-0.00114356
-0.00196764
-0.000275673
-0.00211703
0.000653083
-0.00223213
0.00162198
-0.00230791
0.00260998
-0.00234108
0.00359505
-0.00233045
0.00455365
-0.0022725
0.00546339
-0.00216943
0.00630087
-0.00201858
0.00704772
-0.00182758
0.00768359
-0.00159407
0.00819989
-0.00133459
0.00858158
-0.00104213
0.00883268
-0.000743367
0.00894586
-0.00042692
0.00891629
-0.00010414
0.00879105
0.000189165
0.00857112
0.000477901
0.0082541
0.00075358
0.00784452
0.00101126
0.00735589
0.00124895
0.00680138
0.00146489
0.00619257
0.00165748
0.00553984
0.00182644
0.00485332
0.00197037
0.00414269
0.00208926
0.00341711
0.00218272
0.00268472
0.00225111
0.00195369
0.00229428
0.00123146
0.00231224
0.000525481
0.00230649
-0.000159084
0.00227603
-0.00081571
0.00222316
-0.00143579
0.00214596
-0.00201899
0.00204992
-0.00255699
0.00193011
-0.00304564
0.00179327
-0.00348149
0.00163477
-0.00386007
0.00146306
-0.00417941
0.00127238
-0.00443339
0.00106761
-0.00461997
0.000852447
-0.00474041
0.000627074
-0.004793
0.000394644
-0.0047785
0.000159317
-0.00469297
-8.65798e-05
-0.00454073
-0.000325765
-0.00432245
-0.000561643
-0.00404033
-0.000791648
-0.00369756
-0.00101223
-0.00329791
-0.0012208
-0.00284653
-0.00141321
-0.00234918
-0.00158672
-0.0018126
-0.0017377
-0.00124367
-0.00186486
-0.000650872
-0.00196338
-4.29064e-05
-0.00203151
0.000571091
-0.00206816
0.00118164
-0.00207075
0.00177831
-0.00203684
0.00235085
-0.00196735
0.00288952
-0.00186155
0.00338423
-0.00171945
0.00382591
-0.00154255
0.00420511
-0.00133317
0.00451359
-0.001093
0.00474462
-0.000826959
0.00489203
-0.000538201
0.00495205
-0.000231854
0.00491728
0.000105854
0.00479141
0.000438154
0.00457403
0.0007663
0.00426742
0.00108669
0.00387536
0.00139298
0.00340452
0.00167794
0.00286374
0.0019337
0.00226363
0.0021532
0.00161635
0.00233031
0.000936421
0.00245713
0.000239873
0.00252949
-0.00045732
0.00254399
-0.00113791
0.00249632
-0.00178529
0.00238801
-0.0023827
0.00221706
-0.00291253
0.00198544
-0.00335747
0.00169673
-0.0037093
0.00136094
-0.00395027
0.000979656
-0.00407774
0.000568636
-0.00408655
0.00013752
-0.00397011
-0.000321401
-0.00373518
-0.000759212
-0.00338604
-0.00117828
-0.00293242
-0.00156536
-0.00238869
-0.00190613
-0.00177192
-0.00218621
-0.00110243
-0.00239641
-0.000403996
-0.00252314
0.00029964
-0.00256355
0.000982563
-0.00251129
0.00161868
-0.00236559
0.00218391
-0.0021298
0.00265599
-0.00181187
0.00301574
-0.00142208
0.00324783
-0.000975226
0.00334484
-0.000490977
0.00329629
2.46449e-05
0.00311482
0.000531953
0.00280294
0.00101033
0.00237676
0.00143945
0.00185603
0.00180013
0.00126724
0.00207155
0.000639042
0.00224064
5.84824e-06
0.00229449
-0.000601342
0.00222861
-0.00115025
0.00204833
-0.0016108
0.00175815
-0.00195926
0.00137638
-0.00217731
0.000924163
-0.00225407
0.000424766
-0.00218664
-9.74929e-05
-0.00198464
-0.000596894
-0.00166096
-0.00104813
-0.00124002
-0.00142233
-0.000750602
-0.00169581
-0.000228092
-0.00184805
0.000290115
-0.00186881
0.000767213
-0.00175647
0.00116992
-0.0015205
0.001471
-0.00118063
0.00164875
-0.000760537
0.00169625
-0.000298677
0.00161192
0.000179529
0.00140839
0.000618839
0.00110719
0.00099017
0.000738038
0.00126338
0.000336181
0.00141537
-5.97481e-05
0.00143518
-0.000415159
0.00132325
-0.000697321
0.00109613
-0.000883519
0.000780114
-0.000961622
0.000409526
-0.000930912
2.63352e-05
-0.000803377
-0.000334164
-0.00059948
-0.000626142
-0.000347826
-0.000825335
-8.08302e-05
-0.000913418
0.000168175
-0.000885497
0.000370662
-0.000752503
0.000505952
-0.000537712
0.000562851
-0.000272963
0.000538447
7.84001e-06
0.000445583
0.000264384
0.000299799
0.00046505
0.000125151
0.000586037
-5.32205e-05
0.000615865
-0.000209495
0.000551134
-0.000323071
0.000406627
-0.000379188
0.000202742
-0.00037221
-3.47543e-05
-0.000304142
-0.000269188
-0.000183845
-0.000472672
-2.65588e-05
-0.000620601
0.000145398
-0.000696048
0.000313897
-0.000686413
0.000458856
-0.000595953
0.000563708
-0.000434862
0.000617169
-0.000221581
0.000613566
2.24775e-05
0.000553603
0.000269495
0.000443427
0.000494653
0.000294056
0.000676077
0.000120026
0.000796361
-6.24056e-05
0.000844735
-0.000236544
0.000816387
-0.000387036
0.000715229
-0.000500834
0.000550327
-0.000568654
0.000336808
-0.000585044
9.32416e-05
-0.00054888
-0.000159779
-0.000463381
-0.000400538
-0.000335763
-0.000607983
-0.000176775
-0.000763751
-0.00085208
-0.00141941
0.00223649
-0.00281692
0.00218774
-0.00415793
0.00208039
-0.00540206
0.00190112
-0.00651193
0.00165482
-0.00743552
0.0013283
-0.00815237
0.000962034
-0.00860089
0.000492114
-0.00884688
7.05302e-05
-0.00882629
-0.000423391
-0.00856443
-0.000900737
-0.00806413
-0.00138313
-0.0073429
-0.00184685
-0.00641427
-0.00229047
-0.00529721
-0.00270177
-0.00401044
-0.00307527
-0.00257912
-0.00339896
-0.00102841
-0.00366774
0.000610997
-0.00387154
0.00230654
-0.00400346
0.00401939
-0.00405392
0.00571279
-0.00402386
0.00734425
-0.00390395
0.0088757
-0.00370089
0.0102568
-0.00339964
0.0114695
-0.00304029
0.012443
-0.00256764
0.0132167
-0.00210823
0.013689
-0.0015145
0.0139141
-0.000968377
0.0138795
-0.000392322
0.0136558
0.000119548
0.0132441
0.00060083
0.0126728
0.00104925
0.0119679
0.00145841
0.0111544
0.00182479
0.0102566
0.00214679
0.0092962
0.00242526
0.00829223
0.00266146
0.00726177
0.00285689
0.00621865
0.00301349
0.00517407
0.00313384
0.00414011
0.00321669
0.0031237
0.00326752
0.00213494
0.00328304
0.0011809
0.00326629
0.0002657
0.00322169
-0.000608287
0.00315002
-0.00142865
0.00304352
-0.00219584
0.00291316
-0.00290212
0.0027562
-0.00354607
0.00257406
-0.00412098
0.00236818
-0.00462843
0.00214221
-0.00506076
0.00189539
-0.00541691
0.00162852
-0.00569517
0.00134587
-0.00589346
0.00105075
-0.00601012
0.00074373
-0.00604364
0.000428159
-0.00599229
0.000107975
-0.00586434
-0.000214537
-0.00565542
-0.000534685
-0.00536801
-0.000849048
-0.00500572
-0.00115394
-0.00457281
-0.00144515
-0.00407469
-0.00171892
-0.00351713
-0.00197077
-0.00290752
-0.00219634
-0.00225373
-0.00239149
-0.00156451
-0.00255409
-0.00084946
-0.00267843
-0.000118878
-0.00276209
0.000616195
-0.00280323
0.00134456
-0.00279911
0.00205371
-0.00274599
0.00273369
-0.00264733
0.00337172
-0.00249958
0.00395505
-0.00230278
0.00447303
-0.00206052
0.00491713
-0.00177727
0.00527765
-0.00145353
0.00554291
-0.00109221
0.00570607
-0.000701359
0.00576539
-0.000291173
0.0057179
0.000153335
0.00556292
0.000593139
0.00529992
0.0010293
0.004931
0.00145561
0.00446229
0.00186168
0.00390236
0.00223788
0.00326155
0.0025745
0.00255264
0.00286211
0.00179045
0.00309251
0.000991827
0.00325575
0.000174675
0.00334664
-0.000641407
0.00336007
-0.00143591
0.00329083
-0.00218876
0.00314086
-0.00287772
0.00290601
-0.00348471
0.00259244
-0.00399707
0.00220908
-0.00439088
0.00175475
-0.00466267
0.00125145
-0.00479661
0.00070257
-0.00478376
0.000124676
-0.00463417
-0.00047099
-0.00434373
-0.00104966
-0.00392003
-0.00160198
-0.00337605
-0.00210934
-0.00272908
-0.0025531
-0.00199873
-0.00291656
-0.00121093
-0.0031842
-0.000391755
-0.00334232
0.000430433
-0.00338574
0.00122325
-0.00330411
0.00195838
-0.00310072
0.00260699
-0.00277841
0.00314351
-0.00234838
0.00354635
-0.00182491
0.00379802
-0.0012269
0.00388755
-0.000580508
0.00381291
9.92892e-05
0.00357938
0.000765482
0.00319577
0.00139394
0.0026796
0.00195562
0.00205668
0.00242305
0.00135888
0.00276936
0.000620367
0.00297914
-0.000121608
0.00303646
-0.000826885
0.00293389
-0.00145907
0.00268052
-0.00198487
0.00228394
-0.00237495
0.00176647
-0.00260821
0.00115742
-0.00267606
0.000492617
-0.00257603
-0.00019752
-0.00231772
-0.000855211
-0.00191938
-0.00144647
-0.0014102
-0.0019315
-0.000827553
-0.00227846
-0.000210151
-0.00246546
0.000396687
-0.00247565
0.000949746
-0.00230953
0.0014109
-0.00198166
0.00174718
-0.00151691
0.00193762
-0.000950976
0.00197159
-0.000332648
0.00185342
0.000297701
0.00159649
0.000875766
0.00122786
0.0013588
0.000784271
0.00170697
0.00030829
0.00189135
-0.000155458
0.00189893
-0.000564661
0.00173246
-0.000882694
0.00141416
-0.0010843
0.000981722
-0.0011568
0.000482021
-0.00109913
-3.13293e-05
-0.000930702
-0.000502594
-0.000675639
-0.000881205
-0.000369264
-0.00113171
-5.00916e-05
-0.00123259
0.000240802
-0.00117639
0.000472924
-0.000984625
0.000622019
-0.000686807
0.000676272
-0.000327216
0.000636674
4.74377e-05
0.000516357
0.000384701
0.000337026
0.000644381
0.000126476
0.000796587
-8.42621e-05
0.000826603
-0.000266383
0.000733254
-0.000396819
0.000537063
-0.000459788
0.000265711
-0.000450263
-4.42796e-05
-0.00037123
-0.000348221
-0.000234266
-0.000609635
-5.79829e-05
-0.000796884
0.000134849
-0.000888879
0.000321506
-0.00087307
0.000480642
-0.000755089
0.000594696
-0.000548916
0.000651762
-0.000278647
0.000647174
2.70651e-05
0.000582134
0.000334535
0.000464095
0.000612693
0.000305511
0.000834661
0.00012215
0.000979721
-6.85611e-05
0.00103545
-0.000249262
0.000997088
-0.000404218
0.000870186
-0.000520342
0.000666451
-0.000588367
0.000404833
-0.000603279
0.000108154
-0.000564502
-0.000198555
-0.00047554
-0.0004895
-0.00034406
-0.000739463
-0.000180946
-0.000926864
-0.00103303
-0.00255369
0.00479019
-0.00506507
0.00469911
-0.00747023
0.00448555
-0.00969255
0.00412344
-0.0116524
0.00361469
-0.0132496
0.00292549
-0.0144734
0.00218579
-0.0151953
0.00121411
-0.0157704
0.000645558
-0.0160864
-0.000107413
-0.0159364
-0.00105072
-0.0153205
-0.00199904
-0.0142645
-0.00290285
-0.0128095
-0.00374538
-0.0110332
-0.00447814
-0.0089859
-0.00512254
-0.00670323
-0.00568164
-0.00423415
-0.00613682
-0.00163382
-0.00647186
0.00103961
-0.00667689
0.0037229
-0.00673721
0.00635916
-0.00666012
0.00887203
-0.00641682
0.0111979
-0.00602671
0.0132449
-0.00544669
0.0149553
-0.00475066
0.016217
-0.00382937
0.0170655
-0.00295669
0.0173783
-0.00182737
0.0172728
-0.000862822
0.016834
4.64549e-05
0.0161421
0.000811446
0.0152517
0.0014912
0.0142236
0.00207735
0.0131009
0.0025811
0.0119154
0.00301033
0.0106916
0.00337058
0.00944692
0.00366995
0.00819626
0.00391212
0.00695123
0.00410193
0.00572283
0.00424189
0.00452033
0.00433635
0.00334809
0.00438893
0.00221491
0.00440069
0.00112304
0.00437491
7.92453e-05
0.00431008
-0.000910478
0.00421141
-0.0018418
0.00408134
-0.00271731
0.00391903
-0.00352462
0.00372047
-0.00426763
0.0034992
-0.00493655
0.00324299
-0.00553017
0.0029618
-0.00604374
0.00265578
-0.00647504
0.00232668
-0.0068229
0.00197639
-0.00708317
0.00160614
-0.00725412
0.0012217
-0.00733505
0.000824662
-0.00732449
0.000417594
-0.00722213
5.61713e-06
-0.00702969
-0.000406975
-0.00674839
-0.000815988
-0.00638086
-0.00121658
-0.00593074
-0.00160406
-0.00540281
-0.00197308
-0.00480285
-0.00231887
-0.00413788
-0.00263573
-0.00341615
-0.00291807
-0.00264673
-0.00316091
-0.00183906
-0.00336175
-0.00100488
-0.00351261
-0.000156327
-0.00361064
0.000695795
-0.00365535
0.0015371
-0.00364041
0.00235476
-0.00356365
0.00313441
-0.00342698
0.0038644
-0.00322957
0.00453013
-0.00296851
0.00512035
-0.00265075
0.00562233
-0.00227925
0.00602262
-0.00185381
0.00631936
-0.00138896
0.00650179
-0.000883785
0.00655736
-0.000346738
0.00649362
0.000217072
0.00630608
0.000780677
0.00599456
0.00134082
0.00556341
0.00188677
0.00501839
0.0024067
0.00437016
0.0028861
0.00363107
0.00331359
0.00281603
0.00367716
0.0019419
0.00396663
0.00102816
0.00416949
9.56747e-05
0.00427913
-0.000832539
0.00428828
-0.00173308
0.00419137
-0.00258311
0.00399088
-0.00336137
0.00368428
-0.00404752
0.00327859
-0.00461443
0.002776
-0.00505489
0.00219521
-0.00534429
0.00154084
-0.00547719
0.000835477
-0.00545244
9.9927e-05
-0.00526378
-0.000659653
-0.00491664
-0.0013968
-0.00441983
-0.00209879
-0.00378678
-0.00274239
-0.00303868
-0.0033012
-0.00219895
-0.00375629
-0.00129584
-0.00408732
-0.000358946
-0.00427922
0.000572919
-0.0043176
0.00146991
-0.0042011
0.00229805
-0.00392886
0.0030242
-0.00350457
0.00362031
-0.00294449
0.00406094
-0.00226554
0.00432821
-0.00149417
0.00440847
-0.000660763
0.0043036
0.000204156
0.00401642
0.00105266
0.0035602
0.00185016
0.00295578
0.00256005
0.00223393
0.0031449
0.00142933
0.00357396
0.00058394
0.00382453
-0.000260557
0.00388096
-0.00105877
0.0037321
-0.00176757
0.00338932
-0.00235103
0.00286741
-0.00277755
0.00219299
-0.00302354
0.00140341
-0.00307902
0.000548096
-0.00294339
-0.000333144
-0.00262786
-0.00117074
-0.00215565
-0.00191869
-0.00156009
-0.00252706
-0.000884915
-0.00295364
-0.000177912
-0.00317246
0.000513225
-0.00316678
0.00113722
-0.00293352
0.00165093
-0.00249537
0.00201865
-0.00188463
0.00221715
-0.00114947
0.00223591
-0.000351416
0.00208055
0.000453068
0.00176895
0.00118736
0.00133377
0.00179398
0.000817636
0.00222311
0.000269997
0.00243899
-0.000258221
0.00242715
-0.000717346
0.00219158
-0.00106749
0.0017643
-0.00128004
0.00119428
-0.00134272
0.000544694
-0.00125838
-0.000115663
-0.00104709
-0.000713882
-0.000741177
-0.00118712
-0.000380802
-0.00149209
-1.27501e-05
-0.00160064
0.000318258
-0.0015074
0.000576882
-0.00124325
0.000736916
-0.000846842
0.000786466
-0.000376765
0.000729193
0.00010471
0.000580843
0.000533051
0.000368007
0.000857218
0.000123811
0.00104078
-0.000116914
0.00106733
-0.000322417
0.000938757
-0.000467265
0.000681912
-0.000535309
0.000333756
-0.000521925
-5.76642e-05
-0.000431649
-0.000438497
-0.000278587
-0.000762696
-8.40833e-05
-0.000991388
0.000126981
-0.00109994
0.000329451
-0.00107554
0.000500366
-0.000926004
0.000621552
-0.000670103
0.000681115
-0.00033821
0.00067473
3.34506e-05
0.000604678
0.000404586
0.000479607
0.000737764
0.000313286
0.00100098
0.000122458
0.00117055
-7.4607e-05
0.00123251
-0.00026
0.00118248
-0.000417667
0.00102785
-0.000534718
0.000783501
-0.00060213
0.000472245
-0.000615383
0.000121407
-0.000574303
-0.000239635
-0.000482802
-0.000581001
-0.000348798
-0.000873466
-0.000183276
-0.00109239
-0.0012163
-0.00469592
0.00948611
-0.00937955
0.00938275
-0.013947
0.00905301
-0.0182752
0.00845169
-0.0221844
0.00752384
-0.0253362
0.00607728
-0.0276319
0.0044815
-0.0281208
0.00170304
-0.0285734
0.00109815
-0.0276988
-0.000982007
-0.0262401
-0.00250942
-0.0242679
-0.00397126
-0.0219157
-0.00525508
-0.0192387
-0.00642238
-0.0162506
-0.00746622
-0.0129916
-0.00838154
-0.00951654
-0.00915672
-0.00587072
-0.00978264
-0.00209614
-0.0102464
0.00176112
-0.0105341
0.0056459
-0.010622
0.0095085
-0.0105227
0.0132629
-0.0101713
0.0168447
-0.00960846
0.020075
-0.00867705
0.0229125
-0.00758808
0.0247272
-0.00564409
0.0260701
-0.00429964
0.0256612
-0.00141843
0.0248084
-1.00291e-05
0.0234747
0.00138019
0.02193
0.00235616
0.0201852
0.003236
0.018345
0.00391753
0.0164537
0.00447238
0.0145616
0.00490243
0.0127041
0.00522809
0.0109052
0.00546879
0.00917844
0.00563892
0.00753116
0.00574921
0.00596719
0.00580586
0.00448408
0.00581945
0.00308176
0.00579124
0.0017568
0.00572566
0.000509554
0.00562216
-0.000665105
0.00548474
-0.00176688
0.00531318
-0.00279084
0.0051053
-0.00373616
0.00486435
-0.00460669
0.004591
-0.00539353
0.00428605
-0.00609982
0.00394927
-0.00671993
0.00358192
-0.00725134
0.00318719
-0.00769108
0.00276642
-0.00803654
0.00232185
-0.00828587
0.00185547
-0.00843662
0.00137245
-0.008487
0.000875038
-0.00843762
0.000368216
-0.00828817
-0.00014383
-0.00803945
-0.000655699
-0.00769355
-0.00116189
-0.00725381
-0.00165632
-0.00672412
-0.00213375
-0.00611021
-0.00258699
-0.00541831
-0.00301077
-0.00465647
-0.00339757
-0.00383355
-0.00374099
-0.00296008
-0.00403438
-0.00204679
-0.00427504
-0.00110616
-0.00445324
-0.000150911
-0.00456589
0.00080424
-0.0046105
0.00174554
-0.00458172
0.00265811
-0.00447622
0.00352722
-0.00429609
0.00433676
-0.00403911
0.00507439
-0.00370615
0.00572526
-0.00330161
0.00627487
-0.00282886
0.00671842
-0.00229737
0.00703445
-0.00170498
0.00722345
-0.00107279
0.00727886
-0.000402148
0.00719734
0.000298594
0.00697623
0.00100179
0.00661786
0.00169919
0.00612684
0.00237778
0.00551111
0.00302243
0.00478027
0.00361694
0.00395004
0.00414383
0.00303815
0.00458904
0.00206222
0.00494256
0.00104496
0.00518676
9.64075e-06
0.00531445
-0.00101943
0.00531735
-0.00201612
0.00518806
-0.00295559
0.00493035
-0.00381291
0.00454161
-0.00455871
0.00402438
-0.00518073
0.00339802
-0.00564949
0.00266396
-0.00595965
0.001851
-0.00609481
0.000970638
-0.00604425
4.93703e-05
-0.00582084
-0.000883068
-0.00542066
-0.00179698
-0.0048551
-0.00266434
-0.00414067
-0.00345682
-0.00329878
-0.00414309
-0.00236034
-0.00469473
-0.00135188
-0.00509577
-0.000314582
-0.00531652
0.000719045
-0.00535123
0.00170894
-0.005191
0.00261952
-0.00483943
0.00341219
-0.00429724
0.00405601
-0.00358831
0.00452608
-0.00273561
0.00480455
-0.00177264
0.00487481
-0.000731026
0.00473881
0.000340152
0.00440035
0.00139113
0.00387595
0.00237456
0.00319032
0.00324567
0.00237682
0.0039584
0.00147527
0.00447551
0.000531856
0.00476795
-0.000402255
0.00481507
-0.00128167
0.00461152
-0.002058
0.00416564
-0.00269114
0.00350054
-0.00314647
0.00264832
-0.00340032
0.00165726
-0.00343837
0.000586147
-0.00326738
-0.000504139
-0.00289746
-0.00154065
-0.00235618
-0.00245997
-0.00168198
-0.00320125
-0.000921384
-0.00371423
-0.000132765
-0.00396108
0.00063247
-0.00393202
0.00131768
-0.00361873
0.00187619
-0.00305388
0.00226909
-0.00227754
0.00247144
-0.00135182
0.00247231
-0.000352284
0.00228022
0.000645161
0.00191658
0.001551
0.00141865
0.0022919
0.000835499
0.00280626
0.000222112
0.00305238
-0.000362468
0.00301173
-0.000864908
0.00269402
-0.00124101
0.0021404
-0.00146081
0.00141408
-0.00151107
0.000594954
-0.00139849
-0.000228247
-0.0011458
-0.000966569
-0.000791448
-0.00154147
-0.000382955
-0.00190058
2.91272e-05
-0.00201272
0.000396054
-0.00187432
0.000676184
-0.00152338
0.000843508
-0.00101417
0.000886401
-0.000419658
0.000810708
0.000180404
0.000635514
0.000708245
0.00039219
0.00110054
0.000117071
0.0013159
-0.000149765
0.00133416
-0.00037489
0.00116388
-0.000530764
0.000837785
-0.000601785
0.000404777
-0.000583519
-7.59307e-05
-0.000482378
-0.000539639
-0.000314942
-0.000930132
-0.000104625
-0.00120171
0.000121407
-0.00132598
0.000336275
-0.00129041
0.000516036
-0.00110576
0.000642
-0.000796066
0.000702563
-0.000398773
0.000693911
4.21029e-05
0.000619325
0.000479172
0.000488614
0.000868475
0.000316532
0.00117306
0.000120601
0.00136648
-8.0118e-05
0.00143323
-0.000267684
0.00137005
-0.000426041
0.00118621
-0.000542549
0.00090001
-0.000608573
0.000538269
-0.000619963
0.000132796
-0.000577102
-0.000282496
-0.000484244
-0.00067386
-0.00034928
-0.00100843
-0.000183394
-0.00125827
-0.0013997
-0.00726625
0.0167524
-0.0145941
0.0167106
-0.0218622
0.0163211
-0.0288325
0.0154219
-0.0348299
0.0135212
-0.0387781
0.0100255
-0.0390092
0.00471266
-0.0358297
-0.00147653
-0.035951
0.00121946
-0.037251
0.000318017
-0.0378974
-0.001863
-0.0369231
-0.00494559
-0.0345206
-0.00765761
-0.0309627
-0.00998018
-0.0265626
-0.0118664
-0.0215721
-0.0133721
-0.0161796
-0.0145492
-0.0105291
-0.0154331
-0.0047203
-0.0160553
0.00115615
-0.0164106
0.00703505
-0.0165009
0.0128497
-0.0163373
0.0184716
-0.0157932
0.023777
-0.0149139
0.0284565
-0.0133565
0.0323941
-0.0115257
0.0349018
-0.00815178
0.0356502
-0.00504804
0.0340689
0.000162874
0.0311202
0.00293864
0.0278076
0.00469277
0.0245079
0.00565581
0.021458
0.00628596
0.0186495
0.00672601
0.0161128
0.0070091
0.0137993
0.00721592
0.0116851
0.00734225
0.00973368
0.00742025
0.00792665
0.00744596
0.00623958
0.00743627
0.00466118
0.00738426
0.00318056
0.00730007
0.00178809
0.00718372
0.000477929
0.00703582
-0.000755735
0.00685582
-0.00191307
0.00664207
-0.00299624
0.00639635
-0.00400521
0.00611428
-0.00493874
0.00579787
-0.00579472
0.00544699
-0.0065728
0.00506413
-0.00726483
0.00464129
-0.00787011
0.0041872
-0.00838516
0.00370224
-0.00880537
0.00318663
-0.00912768
0.00264416
-0.00934921
0.002077
-0.00946756
0.0014908
-0.00948079
0.000888269
-0.00938818
0.000275599
-0.00919008
-0.000341929
-0.00888661
-0.000959166
-0.00848023
-0.00156827
-0.00797448
-0.00216207
-0.00737355
-0.00273468
-0.00668346
-0.00327709
-0.00591119
-0.00378303
-0.00506526
-0.0042435
-0.00415569
-0.00465056
-0.00319346
-0.00499661
-0.00218979
-0.00527871
-0.00115879
-0.00548424
-0.000115672
-0.00560901
0.000926081
-0.00565226
0.00195076
-0.0056064
0.00294138
-0.00546684
0.00388347
-0.00523819
0.00475948
-0.00491512
0.00555663
-0.0045033
0.00625511
-0.00400008
0.00684649
-0.00342025
0.00731158
-0.00276246
0.00764915
-0.00204255
0.00784112
-0.00126476
0.00789149
-0.000452518
0.00779021
0.00039988
0.00753875
0.00125324
0.00713699
0.00210095
0.00659226
0.00292252
0.00591427
0.00370042
0.00511426
0.00441695
0.004206
0.0050521
0.00321009
0.00558494
0.00214739
0.00600527
0.00104165
0.0062925
-8.15807e-05
0.00643767
-0.00119546
0.00643123
-0.00227295
0.00626554
-0.0032845
0.0059419
-0.00420195
0.00545906
-0.00500361
0.00482604
-0.00566121
0.00405562
-0.00616007
0.00316282
-0.00647799
0.00216893
-0.0066083
0.00110095
-0.00654347
-1.54622e-05
-0.00628415
-0.00114239
-0.00583445
-0.00224668
-0.00520657
-0.00329222
-0.00442159
-0.00424181
-0.0035016
-0.00506308
-0.00247609
-0.00572023
-0.00138308
-0.00618879
-0.000257302
-0.00644229
0.000859743
-0.00646827
0.00192653
-0.00625779
0.00290132
-0.00581422
0.00374824
-0.00514416
0.0044322
-0.00427227
0.00492556
-0.00322898
0.00520529
-0.00205236
0.00526342
-0.000789157
0.00509765
0.000505916
0.00471243
0.00177635
0.00412628
0.00296071
0.00337059
0.00400136
0.0024783
0.00485069
0.00149469
0.00545912
0.000472641
0.00579
-0.000538211
0.00582592
-0.00148455
0.00555786
-0.00231609
0.00499718
-0.00298785
0.0041723
-0.0034627
0.00312316
-0.00371888
0.00191344
-0.0037415
0.000608769
-0.00353502
-0.000710619
-0.00311481
-0.00196087
-0.00251226
-0.00306252
-0.00177052
-0.00394299
-0.000939672
-0.00454509
-7.59062e-05
-0.00482484
0.000746933
-0.00475486
0.00148175
-0.00435354
0.00207508
-0.00364721
0.00248601
-0.00268847
0.00268781
-0.00155362
0.00266953
-0.000333995
0.00244353
0.000871158
0.00203266
0.00196186
0.00147966
0.0028449
0.000836797
0.00344913
0.000169823
0.00371935
-0.000462491
0.00364404
-0.000999696
0.00323123
-0.00139512
0.00253583
-0.00161751
0.00163646
-0.001654
0.00063145
-0.00151337
-0.000368881
-0.00122289
-0.00125705
-0.000825117
-0.00193925
-0.000373625
-0.00235207
7.53021e-05
-0.00246165
0.000469684
-0.00226871
0.000766069
-0.00181976
0.000936799
-0.0011849
0.000971315
-0.000454174
0.000877332
0.000274387
0.000677876
0.000907701
0.000407356
0.00137106
0.000108178
0.00161508
-0.000180754
0.0016231
-0.000420855
0.00140398
-0.000584696
0.00100163
-0.000656495
0.000476576
-0.000632854
-9.95715e-05
-0.000521961
-0.000650531
-0.000342358
-0.00110973
-0.000119456
-0.00142461
0.000117454
-0.00156289
0.000340983
-0.00151394
0.000526322
-0.0012911
0.000654658
-0.000924401
0.000714843
-0.000458958
0.00070363
5.33158e-05
0.000625411
0.000557391
0.000490727
0.00100316
0.000315262
0.00134853
0.000117074
0.00156467
-8.47031e-05
0.00163501
-0.000271981
0.00155732
-0.000428992
0.00134322
-0.000543449
0.00101447
-0.000607298
0.000602117
-0.000616822
0.000142321
-0.000572762
-0.000326557
-0.000479725
-0.000766896
-0.000345533
-0.00114262
-0.00018128
-0.00142253
-0.00158098
-0.0102292
0.0269816
-0.0209406
0.027422
-0.0324314
0.0278119
-0.0451404
0.0281309
-0.0589078
0.0272887
-0.0733401
0.0244578
-0.0861869
0.0175595
-0.0953827
0.00771918
-0.0830557
-0.0111075
-0.0716413
-0.0110964
-0.0614179
-0.0120864
-0.0524421
-0.0139214
-0.044352
-0.0157477
-0.0369185
-0.0174136
-0.0299459
-0.0188389
-0.0232832
-0.0200348
-0.0168089
-0.0210235
-0.0104215
-0.0218205
-0.00403524
-0.0224415
0.00242966
-0.0228755
0.00906089
-0.0231321
0.0159404
-0.0232169
0.0232098
-0.0230626
0.0309932
-0.0226973
0.0396158
-0.021979
0.049215
-0.021125
0.0607164
-0.0196531
0.0548271
0.000841225
0.0473057
0.00768432
0.0389864
0.0112579
0.0326389
0.0110404
0.0272634
0.0110313
0.02307
0.0104793
0.0194172
0.0103788
0.0162624
0.0101639
0.0134686
0.0100098
0.0110311
0.00977974
0.00886718
0.00958416
0.00693376
0.00937938
0.00518167
0.00918836
0.00357822
0.00898771
0.00209899
0.0087793
0.000716816
0.00856589
-0.000577639
0.00833027
-0.0017919
0.00807008
-0.00293194
0.00778211
-0.0039986
0.00746301
-0.0049929
0.00710858
-0.0059136
0.00671858
-0.00675714
0.00629053
-0.00751789
0.00582488
-0.00819626
0.00531966
-0.00878658
0.00477752
-0.00928365
0.00419931
-0.00968392
0.0035869
-0.00998377
0.00294401
-0.0101793
0.00227257
-0.0102683
0.00157977
-0.0102485
0.000868505
-0.0101192
0.000146272
-0.00987912
-0.000582025
-0.00953003
-0.00130826
-0.00907393
-0.00202437
-0.00851449
-0.00272151
-0.00785588
-0.00339328
-0.00710459
-0.00402838
-0.00626802
-0.0046196
-0.0053553
-0.00515622
-0.00437685
-0.00562901
-0.00334458
-0.00602888
-0.00227113
-0.00635216
-0.00117091
-0.00658446
-5.86849e-05
-0.00672123
0.00105017
-0.00676111
0.00213877
-0.006695
0.00318979
-0.00651786
0.00418616
-0.00623456
0.00511213
-0.00584109
0.00594868
-0.00533985
0.00668429
-0.0047357
0.0073014
-0.00403735
0.00778898
-0.00325005
0.00813382
-0.00238739
0.00833072
-0.00146166
0.00836636
-0.000488155
0.00824858
0.000517662
0.00796923
0.00153258
0.00753319
0.00253699
0.00694464
0.00351107
0.00621429
0.00443077
0.0053562
0.00527505
0.00438744
0.00602086
0.00332532
0.00664705
0.00219417
0.00713642
0.00101932
0.00746735
-0.000172568
0.00762956
-0.00135198
0.00761064
-0.00248771
0.00740127
-0.0035532
0.0070074
-0.00451942
0.00642528
-0.00535777
0.00566439
-0.00604513
0.00474298
-0.00655854
0.00367623
-0.00688424
0.00249462
-0.00700722
0.00122394
-0.00692407
-9.86148e-05
-0.00663431
-0.00143216
-0.00614426
-0.00273672
-0.00546796
-0.00396853
-0.00462366
-0.00508611
-0.00363988
-0.00604686
-0.00254899
-0.00681111
-0.00138544
-0.00735234
-0.00019216
-0.00763557
0.000987584
-0.00764802
0.00211146
-0.00738166
0.00313595
-0.00683872
0.00402137
-0.00602958
0.0047319
-0.0049828
0.00523832
-0.00373539
0.00551902
-0.00233306
0.00556192
-0.000832052
0.00536655
0.000701283
0.00494259
0.00220031
0.00430734
0.00359596
0.00349283
0.00481587
0.00253625
0.00580727
0.00149236
0.006503
0.000406303
0.00687606
-0.000664103
0.00689633
-0.00166015
0.00655392
-0.00253072
0.00586775
-0.00322839
0.00486997
-0.0037172
0.00361198
-0.00396987
0.00216611
-0.0039758
0.000614701
-0.00373847
-0.000947949
-0.00327609
-0.00242324
-0.0026221
-0.00371651
-0.00182265
-0.00474243
-0.000938367
-0.00542937
-2.59292e-05
-0.00573728
0.000848333
-0.00562912
0.00162133
-0.00512654
0.00223873
-0.0042646
0.00265981
-0.00310956
0.00285684
-0.00175065
0.00282114
-0.000298293
0.00256327
0.00112902
0.00211241
0.00241273
0.00151373
0.00344358
0.000825703
0.00413715
0.000111594
0.00443346
-0.000553802
0.00430944
-0.00111576
0.00379319
-0.00152334
0.00294341
-0.00174406
0.00185719
-0.001766
0.000653383
-0.00159963
-0.000535243
-0.00127637
-0.00158031
-0.000842571
-0.00237304
-0.000356873
-0.00283777
0.000121056
-0.00293958
0.000535669
-0.00268332
0.000842339
-0.00212643
0.00101282
-0.00135537
0.00103782
-0.000479176
0.000926995
0.000385209
0.000706542
0.00112815
0.000414803
0.0016628
9.45533e-05
0.00193533
-0.000208909
0.00192656
-0.000458946
0.00165402
-0.000627138
0.00116982
-0.000697704
0.000547142
-0.000668744
-0.000128532
-0.000549691
-0.000769584
-0.000360956
-0.00129847
-0.000129655
-0.00165591
0.000114549
-0.00180709
0.000342873
-0.00174226
0.000530552
-0.00147878
0.000659015
-0.00105286
0.0007176
-0.000517543
0.000703877
6.70385e-05
0.000622954
0.000638314
0.000486271
0.00113984
0.000309804
0.001525
0.000111942
0.00176253
-8.81481e-05
0.0018351
-0.000272753
0.00174193
-0.000426483
0.00149695
-0.0005376
0.00112558
-0.000598578
0.000663096
-0.00060633
0.000150072
-0.000561719
-0.000371168
-0.000469669
-0.000858946
-0.000337865
-0.00127443
-0.000177118
-0.00158327
-0.00175809
-0.0111634
0.038145
-0.0230925
0.0393511
-0.0363937
0.0411131
-0.0519223
0.0436595
-0.0706065
0.0459729
-0.0937048
0.0475561
-0.122333
0.0461879
-0.155198
0.0405835
-0.13775
-0.119957
-0.10282
-0.0871792
-0.0730181
-0.0601763
-0.0484071
-0.0374769
-0.0271764
-0.017308
-0.00769154
0.00186409
0.0115403
0.0215131
0.0320276
0.0432968
0.0556819
0.0693187
0.0848331
0.0660712
0.0196031
0.0506171
0.0231384
0.0390559
0.022819
0.0304368
0.0196595
0.0238782
0.01759
0.0189515
0.015406
0.0152048
0.0141256
0.0123484
0.0130203
0.0100579
0.0123003
0.0081106
0.011727
0.00639376
0.011301
0.00482918
0.010944
0.00337038
0.0106472
0.00199957
0.0103585
0.000686824
0.010092
-0.000550204
0.00980292
-0.00172695
0.00950702
-0.00284778
0.00919091
-0.00391125
0.00884558
-0.00491433
0.0084661
-0.00585629
0.00805053
-0.00673294
0.00759523
-0.0075389
0.00709649
-0.00826927
0.00655524
-0.00891917
0.00596957
-0.00948308
0.00534143
-0.00995566
0.00467189
-0.0103317
0.00396294
-0.0106071
0.00321943
-0.0107763
0.00244178
-0.0108384
0.00164186
-0.0107897
0.000819818
-0.0106283
-1.51464e-05
-0.0103546
-0.00085575
-0.00996924
-0.0016936
-0.00947421
-0.00251939
-0.00887296
-0.00332276
-0.00817103
-0.00409522
-0.00737448
-0.00482493
-0.00649119
-0.00550289
-0.00553019
-0.00611722
-0.00450271
-0.00665649
-0.00342103
-0.00711057
-0.00229801
-0.00747517
-0.00114876
-0.00773372
1.08284e-05
-0.00788081
0.00116497
-0.00791526
0.00229641
-0.00782643
0.00338688
-0.00760833
0.00441973
-0.0072674
0.00537713
-0.00679849
0.00624223
-0.00620494
0.00699835
-0.00549181
0.0076318
-0.0046708
0.00812864
-0.00374688
0.00847722
-0.00273597
0.00867098
-0.00165543
0.00869985
-0.000517028
0.00856434
0.000653173
0.00826204
0.00183488
0.00779641
0.00300263
0.00717471
0.00413277
0.00640676
0.00519872
0.00550593
0.00617587
0.00449055
0.00703624
0.00338183
0.00775577
0.00220281
0.00831544
0.000980471
0.00868969
-0.000256751
0.00886679
-0.00147916
0.00883306
-0.00265622
0.00857833
-0.00375831
0.00810948
-0.00475378
0.00742075
-0.00561525
0.00652586
-0.0063186
0.00544633
-0.00684071
0.00419834
-0.0071648
0.00281872
-0.00727972
0.00133886
-0.00718032
-0.000198017
-0.00686566
-0.00174682
-0.0063435
-0.00325888
-0.00562841
-0.00468362
-0.00474366
-0.00597085
-0.00371451
-0.00707602
-0.00257398
-0.00795164
-0.00136559
-0.00856073
-0.000125451
-0.00887571
0.00109711
-0.00887057
0.00225825
-0.00854281
0.00331336
-0.00789382
0.00422136
-0.00693758
0.00494571
-0.00570715
0.00545643
-0.00424612
0.00573262
-0.00260925
0.00576245
-0.000861889
0.00554398
0.000919755
0.00508564
0.00265865
0.00441411
0.00426749
0.0035544
0.00567558
0.00255691
0.00680475
0.00146559
0.00759432
0.000336239
0.00800541
-0.00077351
0.00800608
-0.00180175
0.00758215
-0.00269606
0.00676207
-0.00340846
0.00558237
-0.00390093
0.00410445
-0.00414688
0.00241206
-0.00413552
0.000603333
-0.00387181
-0.00121166
-0.00337637
-0.00291868
-0.00268482
-0.00440806
-0.00184567
-0.00558159
-0.000916466
-0.00635857
3.05156e-05
-0.00668426
0.000935077
-0.00653368
0.00173119
-0.00592265
0.00236224
-0.00489566
0.00278608
-0.0035334
0.0029757
-0.00194027
0.00292258
-0.000245175
0.0026391
0.0014125
0.0021567
0.00289514
0.00152383
0.00407645
0.000802165
0.00485882
5.52248e-05
0.0051804
-0.00063185
0.00499651
-0.00120906
0.0043704
-0.00162183
0.00335618
-0.00183739
0.00207274
-0.00184476
0.000660756
-0.00165599
-0.000724011
-0.00130617
-0.00193014
-0.000844687
-0.00283452
-0.000333825
-0.00334863
0.000163885
-0.00343729
0.000590961
-0.0031104
0.000902181
-0.00243765
0.00106932
-0.00152251
0.00108441
-0.00049427
0.000959195
0.000510423
0.000722203
0.00136515
0.000413615
0.00197139
7.98144e-05
0.00226913
-0.000232744
0.00223912
-0.000487966
0.00190924
-0.000657142
0.001339
-0.0007252
0.0006152
-0.000691138
-0.000162594
-0.000565949
-0.000894773
-0.000371139
-0.00149328
-0.000134787
-0.00189226
0.000112202
-0.00205408
0.000341591
-0.00197165
0.000528603
-0.00166579
0.000655189
-0.00117945
0.000711243
-0.000573597
0.000695189
8.30926e-05
0.000612749
0.000720753
0.00047587
0.00127672
0.000300714
0.00170015
0.000105629
0.00195762
-9.03192e-05
0.00203105
-0.000270126
0.00192174
-0.000418983
0.00164581
-0.000525717
0.00123232
-0.000583344
0.000720722
-0.000589354
0.000156083
-0.000544883
-0.000415639
-0.000454812
-0.000949017
-0.000326808
-0.00140243
-0.000171201
-0.00173888
-0.00192929
-0.00256595
0.0407109
-0.00468646
0.0414716
-0.00595117
0.0423779
-0.00568417
0.0433925
-0.00418386
0.0444726
-0.00134298
0.0447152
0.000476286
0.0443686
0.0410598
0.00108251
0.0185206
0.0043055
0.0199155
0.00825132
0.0188732
0.00999135
0.0179194
0.0108254
0.016756
0.01035
0.0158814
0.0094634
0.0150121
0.00824267
0.014241
0.00694714
0.0135958
0.00561698
0.0130572
0.00432584
0.0125921
0.00306509
0.0122047
0.0018588
0.0118534
0.000683789
0.0115335
-0.000448524
0.0112244
-0.00155439
0.0109088
-0.00262539
0.010578
-0.00365756
0.0102231
-0.00464854
0.00983655
-0.00559207
0.00940963
-0.00648305
0.00894151
-0.00731574
0.00842792
-0.0080842
0.00786495
-0.00878201
0.00725305
-0.00940273
0.00659029
-0.00993977
0.00587847
-0.0103874
0.00511954
-0.0107399
0.00431537
-0.0109914
0.00347101
-0.0111396
0.00258995
-0.0111783
0.00168052
-0.0111044
0.000745942
-0.0109195
-0.000200059
-0.0106208
-0.00115438
-0.0102096
-0.00210485
-0.0096878
-0.00304119
-0.00905906
-0.0039515
-0.00832863
-0.00482564
-0.00750294
-0.00565062
-0.00658967
-0.00641617
-0.00559891
-0.00710797
-0.00454189
-0.00771351
-0.00343081
-0.00822165
-0.00227906
-0.00862692
-0.00110222
-0.00891056
8.38103e-05
-0.00906685
0.00126278
-0.00909423
0.00241711
-0.00898076
0.00352849
-0.00871971
0.00457933
-0.00831825
0.00555172
-0.00777087
0.00642846
-0.00708169
0.00719333
-0.00625669
0.00783211
-0.00530958
0.00833026
-0.00424504
0.00867751
-0.00308322
0.00886266
-0.00184057
0.00888319
-0.000537553
0.00873323
0.000803127
0.00841463
0.00215348
0.00792963
0.00348764
0.00728513
0.00477726
0.00649255
0.00599131
0.00556568
0.00710274
0.00452357
0.00807836
0.00338703
0.00889231
0.0021804
0.00952208
0.000930928
0.00993915
-0.000331918
0.0101296
-0.00157857
0.0100797
-0.00277621
0.00977597
-0.00389467
0.00922794
-0.00490342
0.0084295
-0.00577442
0.00739686
-0.00648129
0.0061532
-0.00700339
0.00472044
-0.00732346
0.00313879
-0.00742853
0.00144393
-0.00731455
-0.000312004
-0.00698162
-0.00207975
-0.00643787
-0.00380263
-0.00569883
-0.00542266
-0.00478582
-0.00688386
-0.0037272
-0.00813464
-0.00256204
-0.00911679
-0.00132178
-0.009801
-6.08879e-05
-0.0101366
0.00118287
-0.0101143
0.0023628
-0.00972274
0.00343182
-0.00896285
0.00434849
-0.00785424
0.00507556
-0.00643423
0.00558382
-0.00475437
0.00585119
-0.00287662
0.00586595
-0.000876651
0.00562679
0.00115891
0.00514873
0.00313671
0.0044472
0.00496903
0.00356535
0.00655743
0.00253641
0.00783369
0.00141523
0.00871551
0.000260901
0.00915975
-0.000862936
0.00912991
-0.0019063
0.00862552
-0.00280955
0.00766531
-0.00352517
0.00629798
-0.00401327
0.00459255
-0.00425012
0.00264891
-0.00422353
0.000576738
-0.0039395
-0.00149569
-0.00341945
-0.00343873
-0.00270032
-0.0051272
-0.00183644
-0.00644547
-0.000887612
-0.0073074
8.33497e-05
-0.00765523
0.0010034
-0.00745373
0.00180906
-0.00672831
0.0024432
-0.0055298
0.00286346
-0.00395366
0.00304331
-0.00212012
0.00297478
-0.000176649
0.00267137
0.00171591
0.00216685
0.00339966
0.00151122
0.00473208
0.000769459
0.00560058
1.11901e-05
0.00593867
-0.000693922
0.00570162
-0.00127765
0.00495413
-0.00168938
0.0037679
-0.00189667
0.00228003
-0.00189017
0.000654256
-0.0016838
-0.000930382
-0.0013136
-0.00230034
-0.000833287
-0.00331483
-0.000306601
-0.00387532
0.000201706
-0.0039456
0.000633975
-0.00354266
0.000944574
-0.00274825
0.00110587
-0.0016838
0.00111129
-0.000499694
0.000974057
0.000647657
0.000724938
0.00161426
0.000406736
0.00228959
6.64752e-05
0.00260939
-0.000251507
0.0025571
-0.000507569
0.0021653
-0.00067486
0.00150629
-0.000739278
0.000679617
-0.000700757
-0.000201114
-0.000571482
-0.00102405
-0.000373758
-0.001691
-0.000136155
-0.00212986
0.000109943
-0.00230018
0.000337061
-0.00219877
0.000520815
-0.00184955
0.000643812
-0.00130245
0.000696709
-0.000626494
0.000678632
0.000101169
0.000595811
0.000803574
0.000460475
0.00141206
0.00028867
0.00187196
9.87061e-05
0.00214758
-9.11667e-05
0.00222092
-0.000264492
0.00209506
-0.000407159
0.00178848
-0.000508626
0.00133378
-0.00056271
0.000774807
-0.000567028
0.000160401
-0.000523295
-0.000459371
-0.000436092
-0.00103622
-0.000313049
-0.00152547
-0.000163865
-0.00188806
-0.00209316
-0.000612492
0.0413234
-0.00103969
0.0418988
-0.00126109
0.0425993
-0.00105425
0.0431856
-0.000750725
0.044169
-4.33607e-05
0.0440079
0.000345404
0.0439798
0.0414052
0.00185526
0.0166654
0.00348016
0.0182906
0.00486371
0.0174897
0.00543451
0.0173486
0.00574919
0.0164413
0.0057296
0.015901
0.00547657
0.0152651
0.00496595
0.0147516
0.00428101
0.0142807
0.0034677
0.0138705
0.00256367
0.0134962
0.00161606
0.0131523
0.000634335
0.0128352
-0.000355601
0.0125235
-0.001348
0.0122168
-0.00233299
0.0118938
-0.00330213
0.0115472
-0.00424943
0.0111704
-0.00516696
0.0107541
-0.00605008
0.0102928
-0.00688953
0.00978096
-0.00767794
0.00921633
-0.00840774
0.00859475
-0.00907165
0.00791696
-0.00966191
0.00718055
-0.0101726
0.00638914
-0.0105953
0.00554226
-0.0109249
0.00464494
-0.0111562
0.00370232
-0.0112836
0.00271735
-0.0113033
0.00170026
-0.0112136
0.000656217
-0.0110112
-0.000402424
-0.0106955
-0.00147013
-0.0102683
-0.00253201
-0.00973071
-0.0035788
-0.00908684
-0.00459537
-0.0083416
-0.00557088
-0.00750287
-0.00648935
-0.00657675
-0.00734228
-0.00557413
-0.0081106
-0.00450557
-0.00878206
-0.00338436
-0.00934286
-0.00222344
-0.00978785
-0.00103872
-0.0100953
0.000154111
-0.0102597
0.0013385
-0.0102786
0.00249678
-0.010139
0.00361064
-0.00983357
0.00466274
-0.00937035
0.005635
-0.00874313
0.00651008
-0.00795677
0.00727177
-0.00701837
0.00790536
-0.00594318
0.00839777
-0.00473745
0.00873744
-0.00342289
0.0089154
-0.00201854
0.00892617
-0.000548317
0.00876649
0.000962808
0.00843628
0.00248369
0.00793956
0.00398435
0.00728336
0.00543347
0.00647832
0.00679634
0.00554173
0.00803933
0.00448939
0.0091307
0.00334326
0.0100384
0.00212843
0.0107369
0.000871894
0.0111957
-0.000396681
0.0113982
-0.00164625
0.0113293
-0.00284543
0.0109751
-0.00396365
0.0103462
-0.00497039
0.00943624
-0.00583671
0.00826318
-0.00653849
0.00685498
-0.00705292
0.00523488
-0.00736239
0.00344825
-0.00745869
0.00154024
-0.00733332
-0.000437373
-0.00698835
-0.00242472
-0.00643227
-0.00435871
-0.00568039
-0.00617453
-0.00475642
-0.00780783
-0.00368996
-0.0092011
-0.00251343
-0.0102933
-0.00127116
-0.0110433
-1.56548e-06
-0.0114062
0.00124565
-0.0113615
0.00242437
-0.0109015
0.00349066
-0.0100291
0.00440218
-0.00876576
0.00512156
-0.0071536
0.00561984
-0.00525266
0.00587488
-0.00313166
0.00587813
-0.000879902
0.00562673
0.00141031
0.00513149
0.00363196
0.00442045
0.00568007
0.00352082
0.00745705
0.00248496
0.00886956
0.00135952
0.00984094
0.000201347
0.0103179
-0.00093061
0.0102619
-0.00197256
0.00966747
-0.00287197
0.00856473
-0.00358
0.00700601
-0.00405893
0.00507148
-0.00428308
0.00287306
-0.00424248
0.000536133
-0.00394382
-0.00179435
-0.00340996
-0.00397259
-0.00267935
-0.00585781
-0.00180309
-0.00732172
-0.000841378
-0.00826911
0.00013042
-0.00862702
0.00105163
-0.00837495
0.00185443
-0.00753111
0.00248262
-0.00615799
0.00289374
-0.00436478
0.0030617
-0.00228808
0.0029807
-9.56459e-05
0.00266355
0.00203306
0.00214623
0.00391698
0.00147883
0.00539948
0.000727387
0.00635202
-3.43556e-05
0.00670042
-0.000740339
0.00640761
-0.00132121
0.005535
-0.0017262
0.00417288
-0.00192352
0.00247736
-0.0019041
0.000634834
-0.00168445
-0.00115004
-0.00130125
-0.00268353
-0.000810992
-0.00380509
-0.000276923
-0.00440939
0.000233294
-0.00445582
0.000663933
-0.0039733
0.000969367
-0.00305369
0.00112294
-0.00183737
0.00111932
-0.000496072
0.000973369
0.000793608
0.000716932
0.0018707
0.000393221
0.0026133
4.99798e-05
0.00295263
-0.000265056
0.00287213
-0.000517961
0.00241821
-0.000680998
0.00166932
-0.000741019
0.000739638
-0.000698866
-0.000243268
-0.000567693
-0.00115522
-0.000369759
-0.00188894
-0.000134395
-0.00236523
0.000107461
-0.00254203
0.000329461
-0.00242077
0.000507797
-0.00202788
0.000625822
-0.00142047
0.000675142
-0.000675814
0.000655456
0.000120855
0.000573345
0.000885686
0.00044108
0.00154432
0.00027446
0.00203858
9.13352e-05
0.0023307
-9.07776e-05
0.00240303
-0.000256248
0.00226053
-0.000391711
0.00192394
-0.000487425
0.0014295
-0.000537634
0.000825015
-0.000540612
0.000163379
-0.000497993
-0.00050199
-0.000414442
-0.00111977
-0.000297242
-0.00164267
-0.000155494
-0.00202981
-0.00224865
-5.88755e-05
0.0413823
-1.4456e-05
0.0418544
6.20868e-05
0.0425227
0.000371616
0.0428761
0.000823108
0.0437176
0.00134196
0.043489
0.00114788
0.0441739
0.0425531
0.000630684
0.0160347
0.00179208
0.0171292
0.00280061
0.0164811
0.00340143
0.0167478
0.00371966
0.0161231
0.0036994
0.0159212
0.00350616
0.0154584
0.00312826
0.0151295
0.00263256
0.0147764
0.00203059
0.0144725
0.00133673
0.01419
0.000571381
0.0139177
-0.000245598
0.0136522
-0.00109784
0.0133757
-0.00196953
0.0130884
-0.00285326
0.0127775
-0.0037396
0.0124335
-0.00461549
0.0120463
-0.00547129
0.0116099
-0.00629966
0.0111211
-0.00709124
0.0105725
-0.00783751
0.0099626
-0.00852969
0.00928693
-0.00916015
0.00854742
-0.00972159
0.00774199
-0.0102043
0.00687188
-0.0106035
0.00594142
-0.0109128
0.00495423
-0.0111249
0.0039144
-0.0112358
0.00282832
-0.0112416
0.00170604
-0.0111391
0.000553713
-0.0109253
-0.000616227
-0.0106013
-0.00179413
-0.0101666
-0.00296673
-0.00962424
-0.00412114
-0.0089776
-0.00524201
-0.00823145
-0.00631703
-0.00739184
-0.00732897
-0.00646815
-0.00826597
-0.005469
-0.00910975
-0.00440615
-0.00984491
-0.00329207
-0.0104569
-0.00213981
-0.0109401
-0.000964579
-0.0112705
0.00021717
-0.0114414
0.0013896
-0.011451
0.0025352
-0.0112846
0.00363572
-0.0109341
0.00467375
-0.0104084
0.00563223
-0.0097016
0.00649348
-0.00881802
0.00724191
-0.0077668
0.00786249
-0.00656376
0.00834249
-0.00521744
0.00867091
-0.00375131
0.00883901
-0.00218664
0.00884087
-0.000550179
0.00867442
0.00112926
0.00833895
0.00281916
0.00783917
0.00448413
0.00718216
0.00609048
0.00637944
0.00759906
0.0054442
0.00897458
0.00439569
0.0101792
0.00325779
0.0111763
0.00205142
0.0119433
0.000806897
0.0124402
-0.000447783
0.0126529
-0.00168312
0.0125646
-0.00286731
0.0121593
-0.00397012
0.011449
-0.0049606
0.0104267
-0.00581214
0.00911472
-0.00649791
0.00754075
-0.00699938
0.00573634
-0.00729805
0.00374693
-0.00738232
0.00162451
-0.00724703
-0.000572668
-0.00689603
-0.00277573
-0.00633716
-0.00491758
-0.00558702
-0.00692467
-0.00466613
-0.00872872
-0.00360426
-0.010263
-0.002437
-0.0114606
-0.00120482
-0.0122755
5.07319e-05
-0.0126617
0.00128316
-0.012594
0.0024458
-0.0120641
0.00349523
-0.0110786
0.0043891
-0.00965963
0.005092
-0.00785651
0.00557501
-0.00573566
0.00581772
-0.00337437
0.00580853
-0.000870715
0.00554716
0.00167168
0.00504896
0.00413016
0.00433362
0.00639541
0.00343911
0.00835155
0.00240406
0.00990462
0.00128354
0.0109615
0.000136171
0.0114653
-0.000976055
0.0113741
-0.00200331
0.0106947
-0.00288638
0.00944779
-0.00357851
0.00769815
-0.00404121
0.00553418
-0.00425236
0.00308421
-0.0042006
0.000484373
-0.00389347
-0.00210147
-0.00335403
-0.00451203
-0.0026203
-0.00659154
-0.00174554
-0.00819648
-0.000795845
-0.00921881
0.000170201
-0.00959307
0.00107957
-0.00928432
0.00186878
-0.00832032
0.0024833
-0.00677251
0.00288081
-0.00476228
0.00303649
-0.00244377
0.00294448
-3.63707e-06
0.00262073
0.00235682
0.00209936
0.00443834
0.00143182
0.00606702
0.000681757
0.00710209
-7.37854e-05
0.00745596
-0.000770608
0.00710443
-0.00134114
0.00610553
-0.00173439
0.00456614
-0.00191974
0.00266271
-0.00189004
0.000605125
-0.001661
-0.00137907
-0.00127271
-0.00307183
-0.000780159
-0.00429764
-0.000248594
-0.00494095
0.000257844
-0.00496225
0.00068103
-0.00439649
0.000977533
-0.00335019
0.00112219
-0.00198203
0.00111059
-0.000484469
0.000958893
0.000945306
0.000699661
0.00212993
0.000376277
0.00293668
3.79211e-05
0.00329099
-0.000273176
0.00318323
-0.000519765
0.0026648
-0.00067661
0.00182617
-0.000731843
0.000794872
-0.000687078
-0.000288033
-0.000555786
-0.00128651
-0.00036063
-0.00208409
-0.000130341
-0.00259552
0.000104569
-0.00277694
0.000319091
-0.00263529
0.00049023
-0.00219902
0.000602385
-0.00153263
0.000647903
-0.000721332
0.000626981
0.000141777
0.000546564
0.000966103
0.000418678
0.00167221
0.000258708
0.00219855
8.36451e-05
0.00250577
-8.92578e-05
0.00257593
-0.000245882
0.00241716
-0.000373478
0.00205153
-0.000463001
0.00151902
-0.000509391
0.000871406
-0.000511146
0.000165134
-0.000470053
-0.000543083
-0.000390748
-0.00119908
-0.00027998
-0.00175344
-0.000146376
-0.00216342
-0.00239503
3.17378e-05
0.0413506
0.000103143
0.041783
0.000243816
0.042382
0.00041423
0.0427057
0.00069474
0.043437
0.000830083
0.0433537
0.000784128
0.0442199
0.0433372
0.000447417
0.0155873
0.00114044
0.0164361
0.00168477
0.0159368
0.0021579
0.0162747
0.00238299
0.015898
0.00243875
0.0158654
0.00232668
0.0155705
0.00205474
0.0154015
0.00166076
0.0151704
0.00115596
0.0149773
0.000570074
0.0147759
-8.78328e-05
0.0145756
-0.000801288
0.0143656
-0.00156134
0.0141358
-0.0023529
0.01388
-0.00316198
0.0135866
-0.00397824
0.0132498
-0.00479319
0.0128612
-0.00559408
0.0124108
-0.00637299
0.0119
-0.00711953
0.0113191
-0.0078261
0.0106692
-0.00848219
0.00994303
-0.00908013
0.00914536
-0.009611
0.00827285
-0.0100681
0.00732899
-0.0104448
0.00631814
-0.010733
0.00524245
-0.0109289
0.00411024
-0.0110262
0.00292565
-0.011021
0.00170085
-0.0109102
0.000442907
-0.0106921
-0.000834304
-0.0103658
-0.00212041
-0.00993255
-0.00340004
-0.00939388
-0.00465981
-0.00875373
-0.00588216
-0.00801707
-0.00705369
-0.00719045
-0.00815558
-0.00628152
-0.0091749
-0.00530016
-0.0100911
-0.00425707
-0.010888
-0.00316484
-0.0115492
-0.00203589
-0.0120691
-0.000885631
-0.0124208
0.000270252
-0.0125973
0.00141596
-0.0125968
0.00253459
-0.0124033
0.00360836
-0.0120079
0.00462047
-0.0114205
0.00555342
-0.0106346
0.00639097
-0.00965557
0.0071171
-0.00849294
0.00771784
-0.00716449
0.00818036
-0.00567997
0.00849482
-0.00406577
0.00865197
-0.00234378
0.00864685
-0.000545059
0.00847606
0.00130006
0.0081407
0.00315451
0.00764456
0.00498027
0.00699629
0.00673876
0.00620541
0.00838994
0.00528669
0.00989329
0.00425835
0.0112075
0.00314157
0.0122931
0.00196085
0.013124
0.000742525
0.0136585
-0.000484746
0.0138802
-0.00169156
0.0137714
-0.00284654
0.0133143
-0.00392068
0.0125231
-0.00488429
0.0113903
-0.00571064
0.00994106
-0.00637507
0.00820518
-0.0068566
0.00621787
-0.00714118
0.00403151
-0.00721572
0.00169906
-0.00707673
-0.000711662
-0.00672557
-0.00312689
-0.00617133
-0.00547182
-0.00542982
-0.00766618
-0.00452343
-0.00963512
-0.00347863
-0.0113078
-0.0023372
-0.012602
-0.00112692
-0.0134857
9.59882e-05
-0.0138847
0.00129686
-0.0137948
0.0024302
-0.0131974
0.00345081
-0.0120992
0.00431773
-0.0105265
0.00499689
-0.00853567
0.00545971
-0.00619848
0.00568756
-0.00360222
0.00566762
-0.000850781
0.00540473
0.00193458
0.00490762
0.00462726
0.00420094
0.00710208
0.00331922
0.00923328
0.00230523
0.0109186
0.0012101
0.0120566
8.78431e-05
0.0125875
-0.00100135
0.0124633
-0.00200104
0.0116944
-0.00285813
0.0103049
-0.00352702
0.00836703
-0.00397099
0.00597815
-0.00416597
0.00327919
-0.0041051
0.000423502
-0.00379467
-0.00241191
-0.00325801
-0.00504868
-0.00253538
-0.00731417
-0.00167624
-0.00905562
-0.000739458
-0.0101556
0.000202132
-0.0105347
0.00108858
-0.0101708
0.00185582
-0.00908756
0.00244958
-0.00736627
0.00282974
-0.00514244
0.00297293
-0.00258695
0.0028734
9.58941e-05
0.00254779
0.00268243
0.00202905
0.00495707
0.00136969
0.00672638
0.000635379
0.0078364
-0.000106004
0.00819734
-0.000785651
0.00778408
-0.00133931
0.00665919
-0.00171713
0.00494396
-0.00189008
0.00283567
-0.00185121
0.000566253
-0.00161818
-0.00161211
-0.00122946
-0.00346054
-0.000741236
-0.00478587
-0.00021788
-0.00546431
0.000275478
-0.00545561
0.000686217
-0.00480723
0.000970929
-0.0036349
0.00110564
-0.00211675
0.00108745
-0.000466278
0.000932589
0.00110017
0.000674385
0.00238814
0.000356427
0.00325464
2.30284e-05
0.00362439
-0.000276365
0.00348262
-0.000513941
0.00290237
-0.000663306
0.00197553
-0.00071353
0.000845096
-0.000666996
-0.000334566
-0.000537568
-0.00141594
-0.00034741
-0.00227425
-0.000124586
-0.00281834
0.000101184
-0.00300271
0.000306363
-0.00284047
0.000469089
-0.00236175
0.000574642
-0.00163818
0.000616319
-0.000763009
0.000594685
0.000163411
0.000516704
0.00104408
0.000394254
0.00179466
0.000242026
0.00235077
7.61554e-05
0.00267164
-8.67649e-05
0.00273885
-0.000233902
0.00256429
-0.000353239
0.00217087
-0.000436446
0.00160223
-0.000478971
0.000913931
-0.000479739
0.000165902
-0.000440553
-0.000582268
-0.000365747
-0.00127388
-0.000261852
-0.00185734
-0.00013683
-0.00228844
-0.00253186
5.92842e-05
0.0412913
0.000131923
0.0417103
0.000247563
0.0422664
0.00034196
0.0426113
0.000504504
0.0432745
0.000490584
0.0433676
0.00050425
0.0442062
0.0438415
0.000272603
0.0153147
0.000767645
0.0159411
0.00109165
0.0156128
0.00140795
0.0159584
0.00157849
0.0157274
0.00163619
0.0158077
0.00155027
0.0156564
0.00134457
0.0156072
0.00102008
0.0154949
0.000595207
0.0154021
8.85052e-05
0.0152826
-0.000494128
0.0151582
-0.00113657
0.0150081
-0.00182509
0.0148243
-0.0025505
0.0146054
-0.00329829
0.0143344
-0.00405803
0.0140095
-0.00481857
0.0136218
-0.00557169
0.0131639
-0.00630486
0.0126332
-0.00700976
0.012024
-0.00767538
0.0113348
-0.00829657
0.0105642
-0.00886198
0.00971078
-0.00936365
0.00877452
-0.00979491
0.00776024
-0.0101493
0.00667253
-0.0104189
0.00551203
-0.010599
0.00429037
-0.0106848
0.00301145
-0.0106725
0.00168852
-0.0105576
0.000328073
-0.0103387
-0.00105322
-0.0100162
-0.0024429
-0.00959015
-0.00382614
-0.00906336
-0.0051866
-0.00843852
-0.006507
-0.00772092
-0.00777129
-0.00691666
-0.00895984
-0.00603371
-0.0100578
-0.00508101
-0.0110438
-0.00406958
-0.0118994
-0.00301141
-0.0126073
-0.00191808
-0.0131624
-0.000805507
-0.0135333
0.000311898
-0.0137147
0.00141897
-0.0137038
0.00249907
-0.0134834
0.00353508
-0.0130439
0.00451072
-0.0123961
0.00540925
-0.0115331
0.00621479
-0.0104611
0.00691228
-0.00919043
0.00748758
-0.0077398
0.00792913
-0.00612152
0.00822714
-0.00436378
0.00837276
-0.0024894
0.00836157
-0.000533867
0.0081899
0.00147173
0.00785938
0.00348503
0.00737423
0.00546542
0.00674128
0.00737171
0.0059717
0.00915952
0.00507905
0.0107859
0.00408139
0.0122052
0.00299944
0.0133751
0.00185599
0.0142675
0.000677173
0.0148373
-0.000509667
0.015067
-0.00167472
0.0149365
-0.00278892
0.0144285
-0.00382295
0.0135572
-0.0047509
0.0123183
-0.00554432
0.0107345
-0.00618088
0.00884174
-0.00664043
0.00667742
-0.00690828
0.00429936
-0.00697368
0.00176446
-0.0068322
-0.000853138
-0.00648582
-0.00347327
-0.00594352
-0.00601412
-0.00522087
-0.00838883
-0.00433747
-0.0105185
-0.00332918
-0.0123161
-0.00222089
-0.0137103
-0.00105412
-0.0146525
0.000131312
-0.0150701
0.00129125
-0.0149548
0.00238185
-0.0142881
0.00336409
-0.0130814
0.00419672
-0.0113592
0.00484613
-0.00918508
0.00528564
-0.006638
0.00549686
-0.00381345
0.00547193
-0.000825842
0.00520839
0.00219811
0.0047179
0.00511775
0.00403081
0.00778918
0.00317168
0.0100924
0.0021869
0.0119034
0.00112778
0.0131157
4.43058e-05
0.013671
-0.00100732
0.0135149
-0.00196992
0.012657
-0.00279392
0.0111289
-0.00343298
0.00900609
-0.00385495
0.00640012
-0.00403574
0.00345999
-0.00396837
0.000356131
-0.00365999
-0.00272029
-0.00313388
-0.00557479
-0.0024278
-0.00802026
-0.00159034
-0.00989308
-0.000684509
-0.0110614
0.00022576
-0.0114449
0.00108085
-0.0110259
0.00181815
-0.00982486
0.00238648
-0.00793461
0.00274685
-0.0055028
0.00287719
-0.0027173
0.00277332
0.000199761
0.00244987
0.00300588
0.00194292
0.00546403
0.00130016
0.00736914
0.000583619
0.00855294
-0.000131218
0.00891218
-0.000786825
0.00843969
-0.00131851
0.00719088
-0.0016783
0.00530376
-0.00183791
0.00299527
-0.00179261
0.000520954
-0.00155856
-0.00184616
-0.0011762
-0.0038429
-0.000699352
-0.00526271
-0.00018957
-0.00597409
0.000286232
-0.00593141
0.000680743
-0.00520174
0.000951421
-0.00390558
0.00107595
-0.00224127
0.00105221
-0.00044254
0.000897235
0.00125514
0.000643822
0.00264155
0.000333789
0.00356468
1.38287e-05
0.00394435
-0.000275011
0.00377146
-0.000501728
0.00312909
-0.000642579
0.00211638
-0.000687857
0.000890375
-0.000640521
-0.000381902
-0.00051439
-0.00154207
-0.000331043
-0.0024576
-0.000117467
-0.00303192
9.72554e-05
-0.00321744
0.000291787
-0.003035
0.000445188
-0.00251515
0.000543802
-0.00173679
0.000581641
-0.000800848
0.000559708
0.000185344
0.000484893
0.0011189
0.000368606
0.00191094
0.00022499
0.00249439
6.91665e-05
0.00282746
-8.34704e-05
0.00289149
-0.000220766
0.00270159
-0.000331668
0.00228177
-0.000408534
0.00167909
-0.000447382
0.000952779
-0.000447306
0.000165826
-0.000410181
-0.000619393
-0.000340236
-0.00134383
-0.000243408
-0.00195416
-0.000127134
-0.00240471
-0.00265899
5.28818e-05
0.0412384
0.000103909
0.0416593
0.000181881
0.0421884
0.000220615
0.0425726
0.000312035
0.0431831
0.000265193
0.0434144
0.000304975
0.0441664
0.0441464
0.000227506
0.0150872
0.000614229
0.0155544
0.000831788
0.0153952
0.00106883
0.0157214
0.00117154
0.0156247
0.00120109
0.0157782
0.0011131
0.0157444
0.000927053
0.0157932
0.000641238
0.0157807
0.000265035
0.0157783
-0.00019126
0.0157389
-0.000717836
0.0156848
-0.00130417
0.0155944
-0.00194161
0.0154617
-0.00261375
0.0152776
-0.00331048
0.0150311
-0.00402034
0.0147194
-0.00473554
0.014337
-0.00543999
0.0138683
-0.00612902
0.0133222
-0.00679255
0.0126875
-0.0074216
0.0119638
-0.0080057
0.0111483
-0.00853902
0.0102441
-0.00901124
0.00924673
-0.00941564
0.00816465
-0.00974896
0.00700585
-0.00999961
0.00576268
-0.0101656
0.00445634
-0.0102417
0.00308754
-0.0102247
0.00167156
-0.0101085
0.000211846
-0.00989322
-0.00126849
-0.00957902
-0.0027571
-0.00916593
-0.00423923
-0.00865668
-0.00569584
-0.00805377
-0.00710991
-0.0073622
-0.00846286
-0.00658881
-0.00973322
-0.00574014
-0.0109065
-0.00482523
-0.0119587
-0.00385471
-0.0128699
-0.00284064
-0.0136214
-0.00179262
-0.0142104
-0.000727034
-0.0145989
0.000342492
-0.0147842
0.00140125
-0.0147626
0.00243388
-0.014516
0.00342367
-0.0140337
0.00435508
-0.0133275
0.00521214
-0.0123902
0.00597969
-0.0112286
0.00664335
-0.00985409
0.00718918
-0.00828562
0.00760678
-0.00653913
0.00788752
-0.00464452
0.00802117
-0.00262305
0.00800538
-0.000518074
0.00783523
0.00164188
0.0075134
0.00380686
0.00704386
0.00593497
0.00643312
0.00798245
0.00569257
0.00990007
0.00483443
0.0116441
0.00387623
0.0131634
0.00283797
0.0144133
0.00174183
0.0153636
0.000613187
0.015966
-0.000522671
0.0162029
-0.00163635
0.0160502
-0.00270055
0.0154927
-0.00368862
0.0145452
-0.0045717
0.0132014
-0.00532782
0.0114906
-0.005931
0.00944492
-0.00636565
0.00711207
-0.00661642
0.00455013
-0.00667268
0.00182073
-0.00653142
-0.000994402
-0.00619407
-0.00381062
-0.0056694
-0.00653879
-0.00497079
-0.00908743
-0.0041264
-0.0113629
-0.00315537
-0.0132871
-0.00208908
-0.0147766
-0.000975182
-0.0157664
0.000158007
-0.0162033
0.00126712
-0.0160639
0.00230876
-0.0153297
0.00324408
-0.0140167
0.00403515
-0.0121502
0.00465074
-0.00980067
0.00506496
-0.00705221
0.00526243
-0.00401092
0.00523064
-0.000794048
0.00497055
0.0024582
0.0044972
0.00559111
0.00383153
0.00845484
0.00300694
0.010917
0.00205937
0.012851
0.00103956
0.0141355
7.57132e-06
0.014703
-0.000996827
0.0145193
-0.00191584
0.013576
-0.00269968
0.0119127
-0.00330629
0.0096127
-0.0037023
0.00679613
-0.00386864
0.00362633
-0.00379713
0.000284624
-0.00349484
-0.00302258
-0.00298458
-0.00608505
-0.00230152
-0.00870332
-0.00149717
-0.0106974
-0.000630599
-0.011928
0.000241777
-0.0123173
0.00105848
-0.0118426
0.00176106
-0.0105274
0.00229988
-0.00847343
0.00263863
-0.00584156
0.00275722
-0.00283588
0.00265022
0.000306762
0.00233499
0.0033211
0.00184278
0.00595624
0.00122274
0.00798918
0.000536759
0.00923892
-0.000149473
0.00959841
-0.00077603
0.00906624
-0.00128211
0.00769696
-0.00162149
0.00564313
-0.00176832
0.00314211
-0.00171773
0.000470365
-0.00148723
-0.00207665
-0.00111467
-0.00421547
-0.000653308
-0.00572407
-0.000164659
-0.00646274
0.000290815
-0.00638689
0.000666257
-0.00557718
0.000921349
-0.00416067
0.00103562
-0.00235554
0.00100778
-0.0004147
0.000854974
0.00140795
0.000609069
0.00288746
0.000311108
0.00386264
6.34625e-06
0.00424911
-0.000269824
0.00404763
-0.00048429
0.00334356
-0.000616017
0.00224811
-0.000656518
0.000930876
-0.000609159
-0.000429262
-0.000487577
-0.00166365
-0.000312384
-0.00263279
-0.000109405
-0.00323489
9.28392e-05
-0.00341968
0.000275866
-0.00321803
0.00041937
-0.00265865
0.000510867
-0.00182829
0.000545072
-0.000835053
0.000523161
0.000207255
0.000452035
0.00119003
0.000342431
0.00202055
0.00020789
0.00262893
6.21754e-05
0.00297318
-7.9567e-05
0.00303323
-0.00020691
0.00282893
-0.000309385
0.00238425
-0.000380029
0.00174974
-0.000415352
0.000988102
-0.000414643
0.000165118
-0.000379795
-0.000654241
-0.00031468
-0.00140894
-0.000224972
-0.00204387
-0.00011746
-0.00251222
-0.00277645
4.13094e-05
0.0411971
7.06723e-05
0.04163
0.000120671
0.0421384
0.000132666
0.0425606
0.000190476
0.0431253
0.000143596
0.0434613
0.000186697
0.0441233
0.0443331
0.00017943
0.0149077
0.000499641
0.0152342
0.000671709
0.0152232
0.000855918
0.0155371
0.000937649
0.015543
0.000953075
0.0157628
0.000864343
0.0158331
0.000687729
0.0159698
0.00043116
0.0160373
8.95537e-05
0.01612
-0.000331451
0.0161599
-0.000816249
0.0161696
-0.00136196
0.0161401
-0.00195252
0.0160523
-0.00258047
0.0159055
-0.00323035
0.015681
-0.00389502
0.015384
-0.00456316
0.0150051
-0.00522647
0.0145317
-0.00587371
0.0139695
-0.00649708
0.0133109
-0.00708723
0.012554
-0.00763489
0.011696
-0.00813782
0.010747
-0.00857941
0.00968832
-0.00895928
0.00854453
-0.00926738
0.00731394
-0.00950253
0.00599783
-0.00965498
0.00460879
-0.00972329
0.00315585
-0.00970416
0.00165244
-0.00958882
9.65097e-05
-0.00937971
-0.0014776
-0.0090768
-0.00306001
-0.00868103
-0.004635
-0.00819342
-0.00618345
-0.0076185
-0.00768483
-0.00695934
-0.00912202
-0.00622166
-0.0104709
-0.00541447
-0.0117137
-0.00454335
-0.0128298
-0.00362155
-0.0137917
-0.00265829
-0.0145847
-0.00166258
-0.0152061
-0.0006506
-0.0156109
0.000362671
-0.0157975
0.00136645
-0.0157664
0.00234513
-0.0154947
0.00328264
-0.0149712
0.00416432
-0.0142092
0.00497429
-0.0132001
0.00569884
-0.0119532
0.00632601
-0.0104813
0.00684042
-0.00880002
0.00723114
-0.00692986
0.0074949
-0.00490827
0.00761607
-0.00274423
0.00759764
-0.000499647
0.00743066
0.00180886
0.00712076
0.00411675
0.00667098
0.00638475
0.00608832
0.0085651
0.00537959
0.0106088
0.0045639
0.0124598
0.00365227
0.014075
0.00266533
0.0154003
0.00162389
0.016405
0.000552459
0.0170374
-0.000524792
0.0172801
-0.00157997
0.0171053
-0.00258842
0.0165012
-0.0035227
0.0154795
-0.00435768
0.0140363
-0.00507154
0.0122045
-0.00563937
0.0100128
-0.00604674
0.00751943
-0.00628088
0.00478427
-0.00632925
0.00186909
-0.00618788
-0.00113577
-0.00586281
-0.00413569
-0.00536059
-0.00704101
-0.00469785
-0.00975017
-0.00389136
-0.0121694
-0.00296751
-0.014211
-0.00195733
-0.0157868
-0.000896546
-0.0168272
0.00017784
-0.0172777
0.00122802
-0.0171141
0.00221412
-0.0163158
0.00309839
-0.014901
0.00384527
-0.0128971
0.00442437
-0.0103798
0.00481131
-0.00743915
0.00499273
-0.00419235
0.00495681
-0.000758127
0.00470278
0.00271223
0.00424963
0.00604426
0.00361124
0.00909323
0.00282723
0.011701
0.00192715
0.013751
0.00096051
0.0151022
-2.20049e-05
0.0156855
-0.000973677
0.015471
-0.00184257
0.0144449
-0.00258216
0.0126523
-0.00315317
0.0101837
-0.00352398
0.00716695
-0.00367455
0.0037769
-0.00360027
0.000210345
-0.00330723
-0.00331562
-0.00281758
-0.0065747
-0.00216636
-0.00935454
-0.00140219
-0.0114616
-0.000574383
-0.0127558
0.000250944
-0.0131426
0.00102424
-0.0126159
0.00168793
-0.0111911
0.00219511
-0.0089806
0.00251132
-0.00615777
0.00261806
-0.00294262
0.00251097
0.000413846
0.0022061
0.00362598
0.00173558
0.00642676
0.0011438
0.00858097
0.000487649
0.00989507
-0.000161673
0.0102477
-0.000755474
0.00966004
-0.00123302
0.00817451
-0.00155107
0.00596118
-0.00168504
0.00327607
-0.00163149
0.000416816
-0.00140641
-0.00230173
-0.00104867
-0.00457321
-0.000607616
-0.00616513
-0.000140841
-0.00692951
0.000289996
-0.00681773
0.000644354
-0.00593154
0.000883054
-0.00439937
0.000987218
-0.00245971
0.000956573
-0.000384055
0.00080747
0.00155705
0.000571281
0.00312364
0.000287612
0.00414631
-9.00955e-07
0.00453762
-0.000261558
0.00430829
-0.000462799
0.0035448
-0.000585159
0.00237047
-0.000621204
0.000966921
-0.000574555
-0.000475911
-0.000458528
-0.00177968
-0.000292623
-0.0027987
-0.000101161
-0.00342636
8.80277e-05
-0.00360887
0.00025903
-0.00338903
0.000392453
-0.00279208
0.000476835
-0.00191267
0.000507579
-0.000865797
0.000486083
0.00022875
0.00041891
0.0012572
0.000316423
0.00212304
0.000191034
0.00275432
5.60088e-05
0.0031082
-7.52204e-05
0.00316446
-0.000192718
0.00294643
-0.000286948
0.00247848
-0.000351599
0.00181439
-0.00038354
0.00102004
-0.000382345
0.000163924
-0.000349848
-0.000686739
-0.000289651
-0.00146914
-0.000206953
-0.00212657
-0.000108007
-0.00261117
-0.00288446
3.29749e-05
0.0411641
4.54152e-05
0.0416175
7.48271e-05
0.042109
7.46211e-05
0.0425608
0.000115024
0.0430849
7.51871e-05
0.0435012
0.000119221
0.0440793
0.0444524
0.000141957
0.0147658
0.000422279
0.0149538
0.000571434
0.015074
0.000722956
0.0153856
0.000797079
0.0154689
0.000799571
0.0157603
0.000723772
0.0159089
0.000567005
0.0161266
0.000324508
0.0162798
9.09582e-06
0.0164354
-0.000377193
0.0165462
-0.000830285
0.0166227
-0.0013378
0.0166476
-0.0018886
0.0166031
-0.00247551
0.0164924
-0.00308528
0.0162908
-0.00370827
0.016007
-0.00433043
0.0156273
-0.00494939
0.0151506
-0.00555564
0.0145757
-0.00613928
0.0138945
-0.00669242
0.0131071
-0.00720757
0.0122111
-0.00767125
0.0112107
-0.00808713
0.0101042
-0.0084399
0.0088973
-0.00872965
0.00760369
-0.00894475
0.00621293
-0.00908812
0.00475216
-0.00914802
0.00321576
-0.00911989
0.0016243
-0.00901045
-1.29283e-05
-0.00881348
-0.00167457
-0.00852773
-0.00334576
-0.00815242
-0.00501031
-0.00768971
-0.00664616
-0.00714425
-0.0082303
-0.00652123
-0.00974504
-0.00582589
-0.0111662
-0.00506267
-0.0124769
-0.0042428
-0.0136497
-0.00337288
-0.0146617
-0.00246381
-0.0154937
-0.00152946
-0.0161405
-0.000577072
-0.0165633
0.000377952
-0.0167525
0.00132214
-0.0167106
0.00224214
-0.0164147
0.00312317
-0.0158522
0.00395155
-0.0150376
0.00471315
-0.0139617
0.00539265
-0.0126327
0.00597616
-0.0110648
0.00645878
-0.00928264
0.00682595
-0.00729704
0.00706472
-0.00514704
0.00717757
-0.00285708
0.00715399
-0.000476062
0.0069942
0.00196866
0.00669987
0.00441108
0.00627292
0.0068117
0.00572003
0.009118
0.00505389
0.011275
0.00427959
0.0132341
0.00341978
0.0149348
0.00248897
0.0163311
0.00150721
0.0173868
0.000495323
0.0180493
-0.000515693
0.0182911
-0.00150865
0.0180983
-0.0024547
0.0174472
-0.00333266
0.0163575
-0.00411811
0.0148218
-0.00478364
0.01287
-0.00531716
0.0105463
-0.00569781
0.00790009
-0.00591135
0.00499781
-0.00595235
0.00191008
-0.00581755
-0.00127056
-0.00550875
-0.0044445
-0.0050336
-0.00751617
-0.00440465
-0.0103791
-0.00364204
-0.012932
-0.00276824
-0.0150848
-0.00181872
-0.0167363
-0.000818449
-0.0178275
0.000191387
-0.0182875
0.00117908
-0.0181018
0.00210421
-0.0172409
0.00293378
-0.0157306
0.00363368
-0.013597
0.00417472
-0.0109208
0.00453541
-0.00779984
0.00469905
-0.00435599
0.00465879
-0.000717869
0.00441903
0.00295199
0.00398629
0.006477
0.00338407
0.00969545
0.00263859
0.0124465
0.00179038
0.0145992
0.00087989
0.0160126
-4.43083e-05
0.0166097
-0.000938307
0.016365
-0.00175414
0.0152607
-0.0024487
0.0133469
-0.00298098
0.010716
-0.00332598
0.00751195
-0.00346258
0.00391349
-0.00338726
0.000135027
-0.00310718
-0.0035957
-0.00264246
-0.00703942
-0.00202676
-0.00997023
-0.00130277
-0.0121856
-0.000519067
-0.0135395
0.000253979
-0.0139157
0.000981017
-0.0133429
0.00160324
-0.0118134
0.00207711
-0.00945447
0.00237072
-0.00645138
0.00246547
-0.00303737
0.00236085
0.000518471
0.00206905
0.00391777
0.00162162
0.00687419
0.00106104
0.00914155
0.000441657
0.0105144
-0.000168577
0.010858
-0.000727141
0.0102186
-0.00117451
0.00862187
-0.00147085
0.00625752
-0.0015923
0.00339751
-0.00153639
0.000360906
-0.00132033
-0.00251779
-0.000978912
-0.00491462
-0.000560172
-0.00658387
-0.000119055
-0.00737063
0.000284662
-0.00722144
0.000616879
-0.00626376
0.000838475
-0.00462097
0.000933113
-0.00255434
0.000900347
-0.000351289
0.000757092
0.0017003
0.000532503
0.00334823
0.000263725
0.00441508
-6.76787e-06
0.00480812
-0.00025083
0.00455235
-0.000438478
0.00373245
-0.000551304
0.0024833
-0.000583144
0.00099876
-0.000537843
-0.000521211
-0.000428073
-0.00188945
-0.000272309
-0.00295446
-9.30185e-05
-0.00360565
8.29318e-05
-0.00378482
0.000241713
-0.00354781
0.000365072
-0.00291544
0.000442479
-0.00199008
0.000469985
-0.000893303
0.000449157
0.000249578
0.000386271
0.00132008
0.000290908
0.0022184
0.000174893
0.00287034
4.99518e-05
0.00323314
-7.05878e-05
0.003285
-0.000178501
0.00305434
-0.000264782
0.00256476
-0.000323693
0.0018733
-0.000352539
0.00104889
-0.000350995
0.000162379
-0.000320805
-0.000716929
-0.000265404
-0.00152454
-0.000189533
-0.00220244
-9.88709e-05
-0.00270183
-0.00298333
2.73877e-05
3.01723e-05
4.57888e-05
4.10362e-05
7.2435e-05
3.86393e-05
8.13915e-05
0.000145686
0.000428278
0.000557561
0.000712181
0.000775051
0.000788094
0.000707926
0.000551718
0.000321778
3.38136e-05
-0.00032414
-0.00074337
-0.00121651
-0.00173405
-0.00228197
-0.00285341
-0.00343226
-0.00401396
-0.00459083
-0.00515509
-0.00569899
-0.0062151
-0.0066935
-0.00712612
-0.00751061
-0.00784186
-0.00810771
-0.00831248
-0.00844203
-0.00849621
-0.00847217
-0.00836668
-0.00817967
-0.00791069
-0.00755914
-0.00712652
-0.00661726
-0.0060355
-0.00538547
-0.00467324
-0.0039073
-0.00309627
-0.00224903
-0.00137498
-0.000486667
0.000403813
0.00128492
0.00214399
0.00296674
0.00374039
0.00445147
0.00508454
0.00562962
0.00607968
0.00642088
0.00664233
0.00674529
0.00672016
0.00656746
0.00628954
0.00588728
0.00536775
0.00474148
0.00401775
0.00321128
0.00233993
0.00142116
0.000476128
-0.000470691
-0.00139949
-0.00228311
-0.00310189
-0.00383547
-0.00445547
-0.00495249
-0.00530357
-0.00550268
-0.00553895
-0.00541056
-0.00511986
-0.00467393
-0.00408521
-0.00337234
-0.0025584
-0.00166953
-0.000733352
0.000205989
0.00112734
0.00199043
0.00276423
0.00341632
0.00391952
0.00425343
0.00440339
0.004362
0.00413402
0.00372543
0.00315965
0.0024598
0.00166533
0.000812903
-5.06093e-05
-0.000885641
-0.00164737
-0.00229414
-0.00278888
-0.00310825
-0.00323328
-0.00315952
-0.00289471
-0.00245739
-0.00187917
-0.00119878
-0.000470609
0.000253029
0.000931867
0.00151203
0.0019526
0.00222397
0.00230926
0.00220704
0.00193155
0.00150985
0.000983131
0.000403594
-0.000168275
-0.000690403
-0.00110743
-0.00138177
-0.0014922
-0.00143619
-0.00123081
-0.000908614
-0.000515101
-0.00010255
0.000275623
0.000585187
0.000790147
0.000875854
0.000842405
0.000705949
0.000494282
0.000241885
-1.07348e-05
-0.000237776
-0.000411692
-0.000515432
-0.000543608
-0.000500111
-0.000397044
-0.000251873
-8.50564e-05
7.75882e-05
0.000224311
0.000337796
0.00040857
0.000433187
0.000413223
0.000354632
0.000266469
0.000159489
4.47433e-05
-6.57334e-05
-0.000164453
-0.000243165
-0.00029666
-0.000322633
-0.000320861
-0.000293022
-0.000242246
-0.000172902
-9.01803e-05
)
;

boundaryField
{
    freeSurface
    {
        type            calculated;
        value           nonuniform List<scalar> 
181
(
0.0411367
0.0416147
0.0420934
0.0425655
0.0430535
0.043535
0.0440365
0.0445338
0.0146201
0.0146712
0.0149447
0.015231
0.015406
0.0157472
0.0159891
0.0162828
0.0165097
0.0167233
0.0169042
0.0170419
0.0171208
0.0171206
0.0170403
0.0168622
0.0165859
0.016209
0.0157275
0.01514
0.0144384
0.0136232
0.0126895
0.0116433
0.0104887
0.00922855
0.00786954
0.0064177
0.00488172
0.00326993
0.00160026
-0.000118421
-0.00186158
-0.00361474
-0.00536186
-0.00707878
-0.00873955
-0.0103268
-0.0118163
-0.0131892
-0.0144157
-0.0154727
-0.016341
-0.0170145
-0.0174516
-0.017643
-0.0175917
-0.0172737
-0.0166749
-0.0158113
-0.0146728
-0.0132658
-0.0116099
-0.0097327
-0.00763823
-0.00536849
-0.00296004
-0.000450926
0.00212136
0.00468899
0.00721397
0.00963752
0.0119012
0.0139578
0.0157413
0.0172024
0.0183056
0.0189943
0.0192379
0.0190271
0.0183308
0.0171762
0.0155554
0.01349
0.0110433
0.00825117
0.00519693
0.00194635
-0.00139895
-0.0047352
-0.0079621
-0.0109678
-0.0136449
-0.0158987
-0.0176251
-0.0187636
-0.0192268
-0.0190231
-0.018104
-0.0165044
-0.0142491
-0.011424
-0.00813375
-0.00450594
-0.000676482
0.00317998
0.00688559
0.0102612
0.0131463
0.0153937
0.0168651
0.0174732
0.0172
0.0160225
0.0139936
0.0112107
0.00783131
0.00403852
6.12731e-05
-0.00386051
-0.00747674
-0.0105485
-0.012866
-0.0142677
-0.0146393
-0.0140217
-0.0123935
-0.00989504
-0.00672275
-0.00312267
0.000620698
0.00419326
0.00729589
0.00966827
0.011094
0.0114298
0.0107407
0.0090389
0.00653186
0.00350795
0.000304895
-0.00272317
-0.00523682
-0.00697738
-0.00778318
-0.00759962
-0.00657332
-0.00482593
-0.00264005
-0.00031784
0.00183676
0.0035599
0.00466748
0.00506074
0.00477939
0.00390636
0.00258704
0.00102694
-0.000564708
-0.00199252
-0.00309963
-0.00377246
-0.00394746
-0.00369453
-0.00302892
-0.00206085
-0.000917921
0.000269542
0.00137868
0.00230656
0.00297732
0.00334789
0.00339548
0.00315306
0.00264347
0.00192679
0.00107486
0.000160607
-0.000744768
-0.00157532
-0.00227178
-0.00278455
-0.00307351
)
;
    }
    walls
    {
        type            calculated;
        value           uniform 0;
    }
    floatingObject
    {
        type            calculated;
        value           nonuniform List<scalar> 
37
(
-0.0285549
-0.0288893
-0.0292237
-0.0295622
-0.0299088
-0.0302555
-0.0306082
-0.030965
-0.0313239
-0.0316889
-0.032058
-0.0324311
-0.0328083
-0.0331896
-0.0335771
-0.0339665
-0.0343641
-0.0347618
-0.0351675
0
0
0
0
0
-1.35525e-20
0
0
0
0
0
0
0
0
0
0
0
0
)
;
    }
    frontAndBack
    {
        type            empty;
    }
}


// ************************************************************************* //
