/*--------------------------------*- C++ -*----------------------------------*\
  =========                 |
  \\      /  F ield         | OpenFOAM: The Open Source CFD Toolbox
   \\    /   O peration     | Website:  https://openfoam.org
    \\  /    A nd           | Version:  12
     \\/     M anipulation  |
\*---------------------------------------------------------------------------*/
FoamFile
{
    format      ascii;
    class       volScalarField;
    location    "1.76";
    object      p;
}
// * * * * * * * * * * * * * * * * * * * * * * * * * * * * * * * * * * * * * //

dimensions      [1 -1 -2 0 0 0 0];

internalField   nonuniform List<scalar> 
3829
(
-613
-613
-613.002
-613.003
-613.006
-613.009
-613.013
-613.017
-613.022
-613.028
-613.035
-613.042
-613.05
-613.059
-613.069
-613.079
-613.09
-613.102
-613.115
-613.129
-613.143
-613.159
-613.175
-613.192
-613.209
-613.228
-613.247
-613.267
-613.288
-613.31
-613.332
-613.355
-613.378
-613.402
-613.427
-613.452
-613.478
-613.505
-613.531
-613.558
-613.586
-613.614
-613.642
-613.67
-613.698
-613.727
-613.755
-613.784
-613.812
-613.84
-613.868
-613.896
-613.924
-613.95
-613.977
-614.003
-614.028
-614.053
-614.077
-614.1
-614.122
-614.143
-614.163
-614.183
-614.201
-614.218
-614.234
-614.249
-614.262
-614.275
-614.286
-614.296
-614.305
-614.313
-614.319
-614.325
-614.329
-614.333
-614.335
-614.337
-614.337
-614.337
-614.336
-614.334
-614.332
-614.329
-614.325
-614.321
-614.317
-614.312
-614.308
-614.303
-614.298
-614.292
-614.287
-614.282
-614.277
-614.273
-614.268
-614.264
-614.26
-614.257
-614.253
-614.25
-614.248
-614.246
-614.244
-614.243
-614.242
-614.242
-614.242
-614.242
-614.243
-614.244
-614.246
-614.248
-614.25
-614.252
-614.255
-614.258
-614.261
-614.265
-614.268
-614.272
-614.276
-614.28
-614.284
-614.288
-614.293
-614.297
-614.301
-614.305
-614.309
-614.313
-614.317
-614.321
-614.325
-614.328
-614.332
-614.335
-614.338
-614.341
-614.344
-614.346
-614.348
-614.351
-614.353
-614.354
-614.356
-614.357
-614.359
-614.36
-614.361
-614.361
-614.362
-614.362
-614.363
-614.363
-614.363
-614.363
-614.363
-614.362
-614.362
-614.361
-614.361
-614.36
-614.359
-614.359
-614.358
-614.357
-614.356
-614.356
-614.355
-614.354
-614.353
-614.352
-614.351
-614.351
-614.35
-614.349
-614.348
-614.347
-614.347
-614.346
-614.345
-614.345
-614.344
-614.344
-614.343
-614.342
-614.342
-614.342
-614.341
-614.341
-614.341
-614.34
-614.34
-614.34
-614.34
-614.34
-1771.32
-1771.32
-1771.32
-1771.32
-1771.32
-1771.33
-1771.33
-1771.34
-1771.34
-1771.35
-1771.36
-1771.37
-1771.37
-1771.38
-1771.39
-1771.41
-1771.42
-1771.43
-1771.45
-1771.46
-1771.48
-1771.49
-1771.51
-1771.53
-1771.55
-1771.57
-1771.59
-1771.61
-1771.64
-1771.66
-1771.68
-1771.71
-1771.73
-1771.76
-1771.79
-1771.81
-1771.84
-1771.87
-1771.9
-1771.93
-1771.96
-1771.99
-1772.02
-1772.05
-1772.08
-1772.11
-1772.14
-1772.17
-1772.2
-1772.23
-1772.25
-1772.28
-1772.31
-1772.34
-1772.37
-1772.4
-1772.42
-1772.45
-1772.47
-1772.49
-1772.52
-1772.54
-1772.56
-1772.58
-1772.6
-1772.61
-1772.63
-1772.64
-1772.66
-1772.67
-1772.68
-1772.69
-1772.7
-1772.7
-1772.71
-1772.71
-1772.72
-1772.72
-1772.72
-1772.72
-1772.72
-1772.72
-1772.72
-1772.71
-1772.71
-1772.7
-1772.7
-1772.7
-1772.69
-1772.68
-1772.68
-1772.67
-1772.67
-1772.66
-1772.66
-1772.65
-1772.64
-1772.64
-1772.64
-1772.63
-1772.63
-1772.62
-1772.62
-1772.62
-1772.61
-1772.61
-1772.61
-1772.61
-1772.61
-1772.61
-1772.61
-1772.61
-1772.61
-1772.61
-1772.61
-1772.62
-1772.62
-1772.62
-1772.62
-1772.63
-1772.63
-1772.63
-1772.64
-1772.64
-1772.65
-1772.65
-1772.65
-1772.66
-1772.66
-1772.67
-1772.67
-1772.68
-1772.68
-1772.68
-1772.69
-1772.69
-1772.69
-1772.7
-1772.7
-1772.71
-1772.71
-1772.71
-1772.71
-1772.72
-1772.72
-1772.72
-1772.72
-1772.72
-1772.73
-1772.73
-1772.73
-1772.73
-1772.73
-1772.73
-1772.73
-1772.73
-1772.73
-1772.73
-1772.73
-1772.73
-1772.73
-1772.73
-1772.73
-1772.73
-1772.73
-1772.73
-1772.73
-1772.73
-1772.73
-1772.73
-1772.73
-1772.73
-1772.72
-1772.72
-1772.72
-1772.72
-1772.72
-1772.72
-1772.72
-1772.72
-1772.72
-1772.72
-1772.72
-1772.72
-1772.72
-1772.71
-1772.71
-1772.71
-1772.71
-1772.71
-1772.71
-1772.71
-1772.71
-1772.71
-1772.71
-1772.71
-1772.71
-1772.71
-1772.71
-1772.71
-2797.39
-2797.39
-2797.39
-2797.39
-2797.4
-2797.4
-2797.4
-2797.41
-2797.42
-2797.42
-2797.43
-2797.44
-2797.45
-2797.47
-2797.48
-2797.49
-2797.51
-2797.52
-2797.54
-2797.56
-2797.58
-2797.59
-2797.62
-2797.64
-2797.66
-2797.68
-2797.71
-2797.73
-2797.76
-2797.78
-2797.81
-2797.84
-2797.87
-2797.9
-2797.93
-2797.96
-2797.99
-2798.02
-2798.05
-2798.08
-2798.12
-2798.15
-2798.18
-2798.22
-2798.25
-2798.28
-2798.32
-2798.35
-2798.38
-2798.41
-2798.45
-2798.48
-2798.51
-2798.54
-2798.57
-2798.6
-2798.62
-2798.65
-2798.68
-2798.7
-2798.72
-2798.75
-2798.77
-2798.79
-2798.8
-2798.82
-2798.84
-2798.85
-2798.86
-2798.87
-2798.88
-2798.89
-2798.89
-2798.9
-2798.9
-2798.9
-2798.91
-2798.91
-2798.9
-2798.9
-2798.9
-2798.9
-2798.89
-2798.89
-2798.88
-2798.87
-2798.87
-2798.86
-2798.85
-2798.85
-2798.84
-2798.83
-2798.83
-2798.82
-2798.81
-2798.81
-2798.8
-2798.8
-2798.79
-2798.79
-2798.78
-2798.78
-2798.77
-2798.77
-2798.77
-2798.77
-2798.77
-2798.76
-2798.76
-2798.76
-2798.76
-2798.76
-2798.77
-2798.77
-2798.77
-2798.77
-2798.78
-2798.78
-2798.78
-2798.79
-2798.79
-2798.79
-2798.8
-2798.8
-2798.81
-2798.81
-2798.81
-2798.82
-2798.82
-2798.83
-2798.83
-2798.84
-2798.84
-2798.84
-2798.85
-2798.85
-2798.86
-2798.86
-2798.86
-2798.87
-2798.87
-2798.87
-2798.88
-2798.88
-2798.88
-2798.88
-2798.88
-2798.89
-2798.89
-2798.89
-2798.89
-2798.89
-2798.89
-2798.89
-2798.89
-2798.89
-2798.89
-2798.89
-2798.89
-2798.89
-2798.89
-2798.89
-2798.89
-2798.89
-2798.89
-2798.89
-2798.89
-2798.89
-2798.89
-2798.89
-2798.89
-2798.89
-2798.88
-2798.88
-2798.88
-2798.88
-2798.88
-2798.88
-2798.88
-2798.88
-2798.88
-2798.88
-2798.88
-2798.88
-2798.88
-2798.87
-2798.87
-2798.87
-2798.87
-2798.87
-2798.87
-2798.87
-2798.87
-2798.87
-2798.87
-2798.87
-2798.87
-2798.87
-2798.87
-2798.87
-3706.3
-3706.3
-3706.31
-3706.31
-3706.31
-3706.32
-3706.32
-3706.33
-3706.34
-3706.35
-3706.36
-3706.37
-3706.39
-3706.4
-3706.42
-3706.43
-3706.45
-3706.47
-3706.49
-3706.51
-3706.53
-3706.56
-3706.58
-3706.61
-3706.63
-3706.66
-3706.69
-3706.72
-3706.75
-3706.78
-3706.81
-3706.84
-3706.88
-3706.91
-3706.94
-3706.98
-3707.01
-3707.05
-3707.09
-3707.12
-3707.16
-3707.2
-3707.23
-3707.27
-3707.31
-3707.34
-3707.38
-3707.42
-3707.45
-3707.49
-3707.53
-3707.56
-3707.59
-3707.63
-3707.66
-3707.69
-3707.72
-3707.75
-3707.78
-3707.8
-3707.83
-3707.85
-3707.87
-3707.89
-3707.9
-3707.92
-3707.93
-3707.95
-3707.96
-3707.97
-3707.97
-3707.98
-3707.98
-3707.98
-3707.98
-3707.98
-3707.98
-3707.98
-3707.97
-3707.97
-3707.96
-3707.96
-3707.95
-3707.94
-3707.93
-3707.92
-3707.92
-3707.91
-3707.9
-3707.89
-3707.88
-3707.87
-3707.86
-3707.85
-3707.85
-3707.84
-3707.83
-3707.83
-3707.82
-3707.82
-3707.81
-3707.81
-3707.8
-3707.8
-3707.8
-3707.8
-3707.8
-3707.8
-3707.8
-3707.8
-3707.8
-3707.8
-3707.8
-3707.8
-3707.8
-3707.81
-3707.81
-3707.81
-3707.82
-3707.82
-3707.83
-3707.83
-3707.83
-3707.84
-3707.84
-3707.85
-3707.85
-3707.86
-3707.86
-3707.87
-3707.87
-3707.88
-3707.88
-3707.88
-3707.89
-3707.89
-3707.9
-3707.9
-3707.9
-3707.91
-3707.91
-3707.91
-3707.92
-3707.92
-3707.92
-3707.92
-3707.92
-3707.93
-3707.93
-3707.93
-3707.93
-3707.93
-3707.93
-3707.93
-3707.93
-3707.93
-3707.93
-3707.93
-3707.93
-3707.93
-3707.93
-3707.93
-3707.93
-3707.93
-3707.93
-3707.93
-3707.93
-3707.93
-3707.93
-3707.93
-3707.93
-3707.92
-3707.92
-3707.92
-3707.92
-3707.92
-3707.92
-3707.92
-3707.92
-3707.92
-3707.92
-3707.92
-3707.92
-3707.91
-3707.91
-3707.91
-3707.91
-3707.91
-3707.91
-3707.91
-3707.91
-3707.91
-3707.91
-3707.91
-3707.91
-3707.91
-3707.91
-3707.91
-3707.91
-3707.91
-4511.44
-4511.44
-4511.44
-4511.45
-4511.45
-4511.46
-4511.47
-4511.48
-4511.49
-4511.5
-4511.51
-4511.53
-4511.54
-4511.56
-4511.58
-4511.6
-4511.63
-4511.65
-4511.67
-4511.7
-4511.73
-4511.76
-4511.79
-4511.82
-4511.85
-4511.88
-4511.91
-4511.95
-4511.98
-4512.02
-4512.06
-4512.09
-4512.13
-4512.17
-4512.21
-4512.25
-4512.29
-4512.33
-4512.37
-4512.41
-4512.45
-4512.5
-4512.54
-4512.58
-4512.62
-4512.66
-4512.7
-4512.75
-4512.79
-4512.83
-4512.87
-4512.9
-4512.94
-4512.98
-4513.01
-4513.05
-4513.08
-4513.11
-4513.14
-4513.16
-4513.19
-4513.21
-4513.23
-4513.25
-4513.27
-4513.28
-4513.29
-4513.3
-4513.31
-4513.32
-4513.32
-4513.32
-4513.32
-4513.32
-4513.32
-4513.32
-4513.31
-4513.3
-4513.3
-4513.29
-4513.28
-4513.27
-4513.26
-4513.25
-4513.23
-4513.22
-4513.21
-4513.2
-4513.19
-4513.18
-4513.17
-4513.16
-4513.15
-4513.14
-4513.13
-4513.12
-4513.11
-4513.11
-4513.1
-4513.09
-4513.09
-4513.09
-4513.08
-4513.08
-4513.08
-4513.08
-4513.08
-4513.08
-4513.08
-4513.08
-4513.08
-4513.08
-4513.08
-4513.08
-4513.09
-4513.09
-4513.09
-4513.1
-4513.1
-4513.11
-4513.11
-4513.12
-4513.12
-4513.13
-4513.13
-4513.14
-4513.14
-4513.15
-4513.15
-4513.16
-4513.16
-4513.17
-4513.17
-4513.17
-4513.18
-4513.18
-4513.19
-4513.19
-4513.19
-4513.2
-4513.2
-4513.2
-4513.21
-4513.21
-4513.21
-4513.21
-4513.21
-4513.22
-4513.22
-4513.22
-4513.22
-4513.22
-4513.22
-4513.22
-4513.22
-4513.22
-4513.22
-4513.22
-4513.22
-4513.22
-4513.22
-4513.22
-4513.22
-4513.22
-4513.22
-4513.22
-4513.22
-4513.22
-4513.22
-4513.21
-4513.21
-4513.21
-4513.21
-4513.21
-4513.21
-4513.21
-4513.21
-4513.21
-4513.21
-4513.21
-4513.2
-4513.2
-4513.2
-4513.2
-4513.2
-4513.2
-4513.2
-4513.2
-4513.2
-4513.2
-4513.2
-4513.2
-4513.2
-4513.2
-4513.2
-4513.2
-4513.2
-4513.2
-4513.2
-4513.2
-5224.64
-5224.64
-5224.64
-5224.65
-5224.65
-5224.66
-5224.67
-5224.69
-5224.7
-5224.72
-5224.74
-5224.76
-5224.78
-5224.8
-5224.83
-5224.85
-5224.88
-5224.91
-5224.94
-5224.98
-5225.01
-5225.04
-5225.08
-5225.11
-5225.15
-5225.19
-5225.23
-5225.27
-5225.31
-5225.35
-5225.39
-5225.44
-5225.48
-5225.52
-5225.57
-5225.61
-5225.66
-5225.7
-5225.75
-5225.8
-5225.84
-5225.89
-5225.94
-5225.98
-5226.03
-5226.08
-5226.12
-5226.17
-5226.22
-5226.26
-5226.3
-5226.35
-5226.39
-5226.43
-5226.47
-5226.5
-5226.54
-5226.57
-5226.6
-5226.63
-5226.65
-5226.68
-5226.7
-5226.72
-5226.73
-5226.74
-5226.75
-5226.76
-5226.77
-5226.77
-5226.77
-5226.77
-5226.76
-5226.76
-5226.75
-5226.74
-5226.73
-5226.72
-5226.71
-5226.7
-5226.68
-5226.67
-5226.65
-5226.64
-5226.62
-5226.61
-5226.6
-5226.58
-5226.57
-5226.55
-5226.54
-5226.53
-5226.52
-5226.51
-5226.5
-5226.49
-5226.48
-5226.47
-5226.47
-5226.46
-5226.46
-5226.45
-5226.45
-5226.45
-5226.45
-5226.44
-5226.44
-5226.44
-5226.45
-5226.45
-5226.45
-5226.45
-5226.45
-5226.46
-5226.46
-5226.46
-5226.47
-5226.47
-5226.48
-5226.48
-5226.49
-5226.49
-5226.5
-5226.5
-5226.51
-5226.51
-5226.52
-5226.53
-5226.53
-5226.54
-5226.54
-5226.55
-5226.55
-5226.55
-5226.56
-5226.56
-5226.57
-5226.57
-5226.57
-5226.58
-5226.58
-5226.58
-5226.59
-5226.59
-5226.59
-5226.59
-5226.59
-5226.6
-5226.6
-5226.6
-5226.6
-5226.6
-5226.6
-5226.6
-5226.6
-5226.6
-5226.6
-5226.6
-5226.6
-5226.6
-5226.6
-5226.6
-5226.6
-5226.6
-5226.6
-5226.6
-5226.6
-5226.59
-5226.59
-5226.59
-5226.59
-5226.59
-5226.59
-5226.59
-5226.59
-5226.59
-5226.59
-5226.59
-5226.58
-5226.58
-5226.58
-5226.58
-5226.58
-5226.58
-5226.58
-5226.58
-5226.58
-5226.58
-5226.58
-5226.58
-5226.58
-5226.58
-5226.58
-5226.58
-5226.58
-5226.58
-5226.58
-5226.58
-5226.57
-5226.57
-5856.39
-5856.39
-5856.4
-5856.4
-5856.41
-5856.43
-5856.44
-5856.46
-5856.48
-5856.5
-5856.53
-5856.56
-5856.58
-5856.61
-5856.65
-5856.68
-5856.72
-5856.75
-5856.79
-5856.83
-5856.87
-5856.91
-5856.95
-5856.99
-5857.04
-5857.08
-5857.13
-5857.17
-5857.22
-5857.27
-5857.31
-5857.36
-5857.41
-5857.46
-5857.51
-5857.56
-5857.61
-5857.66
-5857.71
-5857.76
-5857.81
-5857.87
-5857.92
-5857.97
-5858.02
-5858.08
-5858.13
-5858.18
-5858.23
-5858.28
-5858.33
-5858.38
-5858.43
-5858.47
-5858.51
-5858.55
-5858.59
-5858.62
-5858.65
-5858.68
-5858.71
-5858.73
-5858.75
-5858.77
-5858.78
-5858.79
-5858.8
-5858.8
-5858.81
-5858.8
-5858.8
-5858.8
-5858.79
-5858.78
-5858.76
-5858.75
-5858.74
-5858.72
-5858.7
-5858.69
-5858.67
-5858.65
-5858.63
-5858.61
-5858.59
-5858.58
-5858.56
-5858.54
-5858.53
-5858.51
-5858.5
-5858.48
-5858.47
-5858.46
-5858.45
-5858.44
-5858.43
-5858.42
-5858.42
-5858.41
-5858.41
-5858.4
-5858.4
-5858.4
-5858.4
-5858.39
-5858.39
-5858.4
-5858.4
-5858.4
-5858.4
-5858.4
-5858.41
-5858.41
-5858.42
-5858.42
-5858.43
-5858.43
-5858.44
-5858.44
-5858.45
-5858.45
-5858.46
-5858.46
-5858.47
-5858.48
-5858.48
-5858.49
-5858.49
-5858.5
-5858.5
-5858.51
-5858.51
-5858.52
-5858.52
-5858.53
-5858.53
-5858.53
-5858.54
-5858.54
-5858.54
-5858.55
-5858.55
-5858.55
-5858.55
-5858.55
-5858.56
-5858.56
-5858.56
-5858.56
-5858.56
-5858.56
-5858.56
-5858.56
-5858.56
-5858.56
-5858.56
-5858.56
-5858.56
-5858.56
-5858.56
-5858.56
-5858.56
-5858.56
-5858.56
-5858.56
-5858.56
-5858.55
-5858.55
-5858.55
-5858.55
-5858.55
-5858.55
-5858.55
-5858.55
-5858.55
-5858.55
-5858.55
-5858.54
-5858.54
-5858.54
-5858.54
-5858.54
-5858.54
-5858.54
-5858.54
-5858.54
-5858.54
-5858.54
-5858.54
-5858.54
-5858.54
-5858.54
-5858.54
-5858.54
-5858.54
-5858.54
-5858.54
-5858.54
-5858.54
-6415.97
-6415.98
-6415.99
-6416
-6416.01
-6416.03
-6416.05
-6416.07
-6416.1
-6416.13
-6416.17
-6416.2
-6416.24
-6416.28
-6416.33
-6416.37
-6416.42
-6416.46
-6416.51
-6416.56
-6416.6
-6416.65
-6416.7
-6416.75
-6416.8
-6416.85
-6416.9
-6416.96
-6417.01
-6417.06
-6417.11
-6417.17
-6417.22
-6417.27
-6417.32
-6417.38
-6417.43
-6417.49
-6417.54
-6417.6
-6417.66
-6417.72
-6417.78
-6417.83
-6417.89
-6417.95
-6418.01
-6418.07
-6418.13
-6418.18
-6418.24
-6418.29
-6418.34
-6418.39
-6418.43
-6418.48
-6418.52
-6418.55
-6418.59
-6418.62
-6418.64
-6418.67
-6418.69
-6418.7
-6418.71
-6418.72
-6418.72
-6418.72
-6418.72
-6418.71
-6418.71
-6418.7
-6418.68
-6418.67
-6418.65
-6418.63
-6418.61
-6418.59
-6418.57
-6418.54
-6418.52
-6418.5
-6418.48
-6418.45
-6418.43
-6418.41
-6418.39
-6418.37
-6418.35
-6418.34
-6418.32
-6418.31
-6418.29
-6418.28
-6418.27
-6418.26
-6418.25
-6418.24
-6418.23
-6418.23
-6418.22
-6418.22
-6418.22
-6418.22
-6418.22
-6418.22
-6418.22
-6418.22
-6418.22
-6418.22
-6418.23
-6418.23
-6418.23
-6418.24
-6418.24
-6418.25
-6418.25
-6418.26
-6418.27
-6418.27
-6418.28
-6418.28
-6418.29
-6418.3
-6418.3
-6418.31
-6418.31
-6418.32
-6418.32
-6418.33
-6418.34
-6418.34
-6418.35
-6418.35
-6418.35
-6418.36
-6418.36
-6418.37
-6418.37
-6418.37
-6418.38
-6418.38
-6418.38
-6418.38
-6418.39
-6418.39
-6418.39
-6418.39
-6418.39
-6418.39
-6418.39
-6418.39
-6418.4
-6418.4
-6418.4
-6418.4
-6418.4
-6418.39
-6418.39
-6418.39
-6418.39
-6418.39
-6418.39
-6418.39
-6418.39
-6418.39
-6418.39
-6418.39
-6418.39
-6418.39
-6418.38
-6418.38
-6418.38
-6418.38
-6418.38
-6418.38
-6418.38
-6418.38
-6418.38
-6418.38
-6418.38
-6418.37
-6418.37
-6418.37
-6418.37
-6418.37
-6418.37
-6418.37
-6418.37
-6418.37
-6418.37
-6418.37
-6418.37
-6418.37
-6418.37
-6418.37
-6418.37
-6418.37
-6418.37
-6418.37
-6911.64
-6911.65
-6911.66
-6911.68
-6911.7
-6911.73
-6911.77
-6911.81
-6911.85
-6911.91
-6911.96
-6912.02
-6912.07
-6912.13
-6912.18
-6912.24
-6912.29
-6912.34
-6912.39
-6912.45
-6912.5
-6912.55
-6912.6
-6912.66
-6912.71
-6912.76
-6912.81
-6912.86
-6912.91
-6912.97
-6913.02
-6913.08
-6913.13
-6913.19
-6913.24
-6913.3
-6913.36
-6913.42
-6913.48
-6913.54
-6913.6
-6913.67
-6913.73
-6913.8
-6913.87
-6913.93
-6914
-6914.06
-6914.13
-6914.19
-6914.25
-6914.31
-6914.36
-6914.42
-6914.47
-6914.51
-6914.56
-6914.6
-6914.63
-6914.66
-6914.69
-6914.71
-6914.73
-6914.74
-6914.75
-6914.75
-6914.75
-6914.75
-6914.74
-6914.73
-6914.72
-6914.7
-6914.68
-6914.66
-6914.63
-6914.61
-6914.58
-6914.56
-6914.53
-6914.5
-6914.47
-6914.45
-6914.42
-6914.4
-6914.37
-6914.35
-6914.32
-6914.3
-6914.28
-6914.26
-6914.25
-6914.23
-6914.21
-6914.2
-6914.19
-6914.18
-6914.17
-6914.16
-6914.16
-6914.15
-6914.15
-6914.14
-6914.14
-6914.14
-6914.14
-6914.14
-6914.14
-6914.14
-6914.15
-6914.15
-6914.15
-6914.16
-6914.16
-6914.17
-6914.17
-6914.18
-6914.19
-6914.19
-6914.2
-6914.2
-6914.21
-6914.22
-6914.22
-6914.23
-6914.24
-6914.24
-6914.25
-6914.25
-6914.26
-6914.27
-6914.27
-6914.28
-6914.28
-6914.29
-6914.29
-6914.3
-6914.3
-6914.3
-6914.31
-6914.31
-6914.31
-6914.32
-6914.32
-6914.32
-6914.32
-6914.32
-6914.33
-6914.33
-6914.33
-6914.33
-6914.33
-6914.33
-6914.33
-6914.33
-6914.33
-6914.33
-6914.33
-6914.33
-6914.33
-6914.33
-6914.33
-6914.33
-6914.33
-6914.33
-6914.32
-6914.32
-6914.32
-6914.32
-6914.32
-6914.32
-6914.32
-6914.32
-6914.32
-6914.32
-6914.31
-6914.31
-6914.31
-6914.31
-6914.31
-6914.31
-6914.31
-6914.31
-6914.31
-6914.31
-6914.31
-6914.31
-6914.31
-6914.3
-6914.3
-6914.3
-6914.3
-6914.3
-6914.3
-6914.3
-6914.3
-6914.3
-6914.3
-6914.3
-6914.3
-6914.3
-7350.66
-7350.67
-7350.68
-7350.71
-7350.74
-7350.77
-7350.82
-7350.87
-7350.9
-7350.98
-7351.04
-7351.1
-7351.17
-7351.23
-7351.3
-7351.36
-7351.43
-7351.49
-7351.55
-7351.61
-7351.67
-7351.73
-7351.78
-7351.84
-7351.9
-7351.97
-7352.04
-7352.16
-7352.22
-7352.28
-7352.34
-7352.39
-7352.45
-7352.5
-7352.56
-7352.62
-7352.68
-7352.75
-7352.81
-7352.88
-7352.95
-7353.02
-7353.09
-7353.17
-7353.24
-7353.31
-7353.38
-7353.46
-7353.53
-7353.6
-7353.66
-7353.73
-7353.79
-7353.85
-7353.9
-7353.95
-7354
-7354.04
-7354.08
-7354.11
-7354.13
-7354.16
-7354.17
-7354.18
-7354.19
-7354.19
-7354.18
-7354.17
-7354.16
-7354.14
-7354.12
-7354.1
-7354.07
-7354.05
-7354.02
-7353.99
-7353.95
-7353.92
-7353.89
-7353.86
-7353.83
-7353.79
-7353.76
-7353.74
-7353.71
-7353.68
-7353.66
-7353.63
-7353.61
-7353.59
-7353.57
-7353.55
-7353.54
-7353.52
-7353.51
-7353.5
-7353.49
-7353.48
-7353.48
-7353.47
-7353.47
-7353.47
-7353.46
-7353.46
-7353.46
-7353.47
-7353.47
-7353.47
-7353.47
-7353.48
-7353.48
-7353.49
-7353.49
-7353.5
-7353.51
-7353.51
-7353.52
-7353.52
-7353.53
-7353.54
-7353.55
-7353.55
-7353.56
-7353.57
-7353.57
-7353.58
-7353.59
-7353.59
-7353.6
-7353.6
-7353.61
-7353.61
-7353.62
-7353.62
-7353.63
-7353.63
-7353.64
-7353.64
-7353.65
-7353.65
-7353.65
-7353.65
-7353.66
-7353.66
-7353.66
-7353.66
-7353.66
-7353.67
-7353.67
-7353.67
-7353.67
-7353.67
-7353.67
-7353.67
-7353.67
-7353.67
-7353.67
-7353.67
-7353.67
-7353.67
-7353.66
-7353.66
-7353.66
-7353.66
-7353.66
-7353.66
-7353.66
-7353.66
-7353.66
-7353.66
-7353.65
-7353.65
-7353.65
-7353.65
-7353.65
-7353.65
-7353.65
-7353.65
-7353.65
-7353.65
-7353.65
-7353.65
-7353.64
-7353.64
-7353.64
-7353.64
-7353.64
-7353.64
-7353.64
-7353.64
-7353.64
-7353.64
-7353.64
-7353.64
-7353.64
-7353.64
-7353.64
-7353.64
-7353.64
-7353.64
-7739.48
-7739.49
-7739.5
-7739.52
-7739.55
-7739.6
-7739.68
-7739.81
-7739.94
-7740.09
-7740.21
-7740.32
-7740.41
-7740.49
-7740.57
-7740.65
-7740.72
-7740.78
-7740.85
-7740.91
-7740.97
-7741.03
-7741.09
-7741.15
-7741.2
-7741.25
-7741.28
-7741.35
-7741.37
-7741.42
-7741.48
-7741.54
-7741.6
-7741.66
-7741.73
-7741.79
-7741.86
-7741.93
-7742
-7742.07
-7742.14
-7742.22
-7742.3
-7742.38
-7742.46
-7742.54
-7742.62
-7742.7
-7742.78
-7742.86
-7742.93
-7743
-7743.07
-7743.13
-7743.19
-7743.25
-7743.3
-7743.34
-7743.38
-7743.41
-7743.43
-7743.45
-7743.47
-7743.47
-7743.47
-7743.47
-7743.46
-7743.45
-7743.43
-7743.41
-7743.38
-7743.35
-7743.32
-7743.28
-7743.25
-7743.21
-7743.17
-7743.14
-7743.1
-7743.06
-7743.03
-7742.99
-7742.96
-7742.92
-7742.89
-7742.86
-7742.84
-7742.81
-7742.79
-7742.76
-7742.75
-7742.73
-7742.71
-7742.7
-7742.68
-7742.67
-7742.67
-7742.66
-7742.65
-7742.65
-7742.64
-7742.64
-7742.64
-7742.64
-7742.64
-7742.64
-7742.65
-7742.65
-7742.65
-7742.66
-7742.66
-7742.67
-7742.68
-7742.68
-7742.69
-7742.7
-7742.7
-7742.71
-7742.72
-7742.72
-7742.73
-7742.74
-7742.75
-7742.75
-7742.76
-7742.77
-7742.77
-7742.78
-7742.79
-7742.79
-7742.8
-7742.8
-7742.81
-7742.81
-7742.82
-7742.82
-7742.83
-7742.83
-7742.83
-7742.84
-7742.84
-7742.84
-7742.85
-7742.85
-7742.85
-7742.85
-7742.85
-7742.85
-7742.85
-7742.86
-7742.86
-7742.86
-7742.86
-7742.86
-7742.86
-7742.86
-7742.86
-7742.85
-7742.85
-7742.85
-7742.85
-7742.85
-7742.85
-7742.85
-7742.85
-7742.85
-7742.85
-7742.85
-7742.84
-7742.84
-7742.84
-7742.84
-7742.84
-7742.84
-7742.84
-7742.84
-7742.84
-7742.84
-7742.83
-7742.83
-7742.83
-7742.83
-7742.83
-7742.83
-7742.83
-7742.83
-7742.83
-7742.83
-7742.83
-7742.83
-7742.83
-7742.83
-7742.83
-7742.83
-7742.83
-7742.83
-7742.82
-7742.82
-7742.82
-7742.82
-8083.94
-8083.95
-8083.96
-8083.99
-8084.02
-8084.06
-8084.11
-8084.15
-8086.31
-8086.32
-8086.31
-8086.32
-8086.35
-8086.38
-8086.43
-8086.48
-8086.54
-8086.61
-8086.68
-8086.75
-8086.83
-8086.91
-8087
-8087.09
-8087.17
-8087.26
-8087.35
-8087.44
-8087.53
-8087.62
-8087.7
-8087.78
-8087.86
-8087.93
-8088
-8088.06
-8088.12
-8088.17
-8088.22
-8088.26
-8088.29
-8088.31
-8088.33
-8088.34
-8088.35
-8088.34
-8088.33
-8088.32
-8088.3
-8088.27
-8088.25
-8088.21
-8088.18
-8088.14
-8088.1
-8088.06
-8088.01
-8087.97
-8087.93
-8087.88
-8087.84
-8087.8
-8087.76
-8087.72
-8087.69
-8087.66
-8087.62
-8087.59
-8087.57
-8087.54
-8087.52
-8087.5
-8087.48
-8087.46
-8087.45
-8087.44
-8087.43
-8087.42
-8087.41
-8087.41
-8087.4
-8087.4
-8087.4
-8087.4
-8087.4
-8087.4
-8087.4
-8087.41
-8087.41
-8087.41
-8087.42
-8087.43
-8087.43
-8087.44
-8087.45
-8087.45
-8087.46
-8087.47
-8087.48
-8087.48
-8087.49
-8087.5
-8087.51
-8087.51
-8087.52
-8087.53
-8087.54
-8087.54
-8087.55
-8087.55
-8087.56
-8087.57
-8087.57
-8087.58
-8087.58
-8087.59
-8087.59
-8087.6
-8087.6
-8087.6
-8087.61
-8087.61
-8087.61
-8087.61
-8087.62
-8087.62
-8087.62
-8087.62
-8087.62
-8087.62
-8087.62
-8087.62
-8087.62
-8087.62
-8087.62
-8087.62
-8087.62
-8087.62
-8087.62
-8087.62
-8087.62
-8087.62
-8087.62
-8087.62
-8087.62
-8087.62
-8087.62
-8087.61
-8087.61
-8087.61
-8087.61
-8087.61
-8087.61
-8087.61
-8087.61
-8087.61
-8087.6
-8087.6
-8087.6
-8087.6
-8087.6
-8087.6
-8087.6
-8087.6
-8087.6
-8087.6
-8087.6
-8087.6
-8087.6
-8087.59
-8087.59
-8087.59
-8087.59
-8087.59
-8087.59
-8087.59
-8087.59
-8087.59
-8087.59
-8087.59
-8087.59
-8389.01
-8389.01
-8389.02
-8389.02
-8389.03
-8389.03
-8389.04
-8389.04
-8391.59
-8391.63
-8391.64
-8391.68
-8391.72
-8391.76
-8391.82
-8391.87
-8391.94
-8392.01
-8392.08
-8392.16
-8392.25
-8392.34
-8392.43
-8392.52
-8392.62
-8392.72
-8392.82
-8392.91
-8393.01
-8393.11
-8393.2
-8393.29
-8393.37
-8393.45
-8393.52
-8393.59
-8393.65
-8393.71
-8393.76
-8393.8
-8393.83
-8393.85
-8393.87
-8393.87
-8393.87
-8393.87
-8393.85
-8393.83
-8393.8
-8393.77
-8393.74
-8393.7
-8393.66
-8393.61
-8393.56
-8393.52
-8393.47
-8393.42
-8393.37
-8393.32
-8393.28
-8393.23
-8393.19
-8393.15
-8393.11
-8393.07
-8393.04
-8393.01
-8392.98
-8392.96
-8392.93
-8392.91
-8392.89
-8392.88
-8392.86
-8392.85
-8392.84
-8392.83
-8392.82
-8392.82
-8392.81
-8392.81
-8392.81
-8392.81
-8392.81
-8392.81
-8392.82
-8392.82
-8392.83
-8392.83
-8392.84
-8392.84
-8392.85
-8392.86
-8392.87
-8392.87
-8392.88
-8392.89
-8392.9
-8392.91
-8392.91
-8392.92
-8392.93
-8392.94
-8392.95
-8392.95
-8392.96
-8392.97
-8392.97
-8392.98
-8392.99
-8392.99
-8393
-8393
-8393.01
-8393.01
-8393.02
-8393.02
-8393.03
-8393.03
-8393.03
-8393.04
-8393.04
-8393.04
-8393.04
-8393.04
-8393.05
-8393.05
-8393.05
-8393.05
-8393.05
-8393.05
-8393.05
-8393.05
-8393.05
-8393.05
-8393.05
-8393.05
-8393.05
-8393.05
-8393.05
-8393.05
-8393.04
-8393.04
-8393.04
-8393.04
-8393.04
-8393.04
-8393.04
-8393.04
-8393.04
-8393.03
-8393.03
-8393.03
-8393.03
-8393.03
-8393.03
-8393.03
-8393.03
-8393.03
-8393.03
-8393.02
-8393.02
-8393.02
-8393.02
-8393.02
-8393.02
-8393.02
-8393.02
-8393.02
-8393.02
-8393.02
-8393.02
-8393.02
-8393.02
-8393.02
-8393.02
-8393.02
-8393.02
-8393.02
-8393.02
-8659.25
-8659.25
-8659.25
-8659.26
-8659.26
-8659.26
-8659.27
-8659.27
-8662.13
-8662.16
-8662.17
-8662.2
-8662.23
-8662.28
-8662.33
-8662.4
-8662.46
-8662.54
-8662.62
-8662.71
-8662.8
-8662.9
-8663
-8663.1
-8663.21
-8663.31
-8663.42
-8663.53
-8663.63
-8663.73
-8663.83
-8663.93
-8664.02
-8664.11
-8664.19
-8664.26
-8664.33
-8664.38
-8664.43
-8664.47
-8664.5
-8664.52
-8664.54
-8664.54
-8664.54
-8664.52
-8664.5
-8664.48
-8664.45
-8664.41
-8664.37
-8664.32
-8664.27
-8664.22
-8664.17
-8664.11
-8664.06
-8664
-8663.95
-8663.9
-8663.85
-8663.8
-8663.75
-8663.71
-8663.67
-8663.63
-8663.6
-8663.56
-8663.53
-8663.51
-8663.48
-8663.46
-8663.44
-8663.43
-8663.41
-8663.4
-8663.39
-8663.38
-8663.37
-8663.37
-8663.37
-8663.37
-8663.37
-8663.37
-8663.37
-8663.37
-8663.37
-8663.38
-8663.38
-8663.39
-8663.4
-8663.4
-8663.41
-8663.42
-8663.43
-8663.44
-8663.44
-8663.45
-8663.46
-8663.47
-8663.48
-8663.49
-8663.49
-8663.5
-8663.51
-8663.52
-8663.53
-8663.53
-8663.54
-8663.55
-8663.55
-8663.56
-8663.56
-8663.57
-8663.58
-8663.58
-8663.58
-8663.59
-8663.59
-8663.6
-8663.6
-8663.6
-8663.6
-8663.61
-8663.61
-8663.61
-8663.61
-8663.61
-8663.61
-8663.61
-8663.62
-8663.62
-8663.62
-8663.62
-8663.62
-8663.61
-8663.61
-8663.61
-8663.61
-8663.61
-8663.61
-8663.61
-8663.61
-8663.61
-8663.61
-8663.61
-8663.6
-8663.6
-8663.6
-8663.6
-8663.6
-8663.6
-8663.6
-8663.6
-8663.6
-8663.59
-8663.59
-8663.59
-8663.59
-8663.59
-8663.59
-8663.59
-8663.59
-8663.59
-8663.59
-8663.59
-8663.59
-8663.59
-8663.58
-8663.58
-8663.58
-8663.58
-8663.58
-8663.58
-8663.58
-8663.58
-8663.58
-8663.58
-8663.58
-8663.58
-8663.58
-8898.64
-8898.64
-8898.64
-8898.64
-8898.65
-8898.65
-8898.65
-8898.65
-8901.75
-8901.78
-8901.79
-8901.82
-8901.86
-8901.91
-8901.96
-8902.03
-8902.1
-8902.18
-8902.27
-8902.37
-8902.47
-8902.57
-8902.68
-8902.79
-8902.91
-8903.02
-8903.14
-8903.25
-8903.37
-8903.48
-8903.59
-8903.69
-8903.79
-8903.88
-8903.97
-8904.04
-8904.11
-8904.17
-8904.22
-8904.26
-8904.29
-8904.31
-8904.32
-8904.32
-8904.31
-8904.3
-8904.27
-8904.24
-8904.2
-8904.16
-8904.11
-8904.05
-8904
-8903.94
-8903.88
-8903.82
-8903.76
-8903.7
-8903.65
-8903.59
-8903.54
-8903.48
-8903.44
-8903.39
-8903.35
-8903.31
-8903.27
-8903.24
-8903.21
-8903.18
-8903.15
-8903.13
-8903.11
-8903.1
-8903.08
-8903.07
-8903.06
-8903.05
-8903.05
-8903.04
-8903.04
-8903.04
-8903.04
-8903.04
-8903.04
-8903.05
-8903.05
-8903.06
-8903.06
-8903.07
-8903.08
-8903.08
-8903.09
-8903.1
-8903.11
-8903.12
-8903.12
-8903.13
-8903.14
-8903.15
-8903.16
-8903.17
-8903.18
-8903.19
-8903.19
-8903.2
-8903.21
-8903.22
-8903.22
-8903.23
-8903.24
-8903.24
-8903.25
-8903.25
-8903.26
-8903.26
-8903.27
-8903.27
-8903.28
-8903.28
-8903.28
-8903.29
-8903.29
-8903.29
-8903.29
-8903.29
-8903.3
-8903.3
-8903.3
-8903.3
-8903.3
-8903.3
-8903.3
-8903.3
-8903.3
-8903.3
-8903.3
-8903.3
-8903.3
-8903.3
-8903.29
-8903.29
-8903.29
-8903.29
-8903.29
-8903.29
-8903.29
-8903.29
-8903.29
-8903.28
-8903.28
-8903.28
-8903.28
-8903.28
-8903.28
-8903.28
-8903.28
-8903.28
-8903.27
-8903.27
-8903.27
-8903.27
-8903.27
-8903.27
-8903.27
-8903.27
-8903.27
-8903.27
-8903.27
-8903.27
-8903.27
-8903.27
-8903.26
-8903.26
-8903.26
-8903.26
-8903.26
-8903.26
-8903.26
-8903.26
-8903.26
-9110.71
-9110.71
-9110.71
-9110.71
-9110.71
-9110.71
-9110.71
-9110.71
-9114.01
-9114.03
-9114.05
-9114.08
-9114.12
-9114.17
-9114.23
-9114.3
-9114.38
-9114.47
-9114.56
-9114.67
-9114.77
-9114.89
-9115
-9115.13
-9115.25
-9115.37
-9115.5
-9115.62
-9115.75
-9115.87
-9115.98
-9116.09
-9116.2
-9116.3
-9116.39
-9116.47
-9116.54
-9116.6
-9116.65
-9116.69
-9116.72
-9116.74
-9116.75
-9116.74
-9116.73
-9116.71
-9116.68
-9116.64
-9116.6
-9116.54
-9116.49
-9116.43
-9116.37
-9116.3
-9116.24
-9116.17
-9116.11
-9116.05
-9115.98
-9115.92
-9115.87
-9115.81
-9115.76
-9115.71
-9115.67
-9115.63
-9115.59
-9115.55
-9115.52
-9115.49
-9115.47
-9115.45
-9115.43
-9115.41
-9115.4
-9115.38
-9115.38
-9115.37
-9115.36
-9115.36
-9115.36
-9115.36
-9115.36
-9115.36
-9115.36
-9115.37
-9115.37
-9115.38
-9115.38
-9115.39
-9115.4
-9115.41
-9115.41
-9115.42
-9115.43
-9115.44
-9115.45
-9115.46
-9115.47
-9115.48
-9115.49
-9115.5
-9115.5
-9115.51
-9115.52
-9115.53
-9115.54
-9115.54
-9115.55
-9115.56
-9115.57
-9115.57
-9115.58
-9115.58
-9115.59
-9115.59
-9115.6
-9115.6
-9115.61
-9115.61
-9115.61
-9115.61
-9115.62
-9115.62
-9115.62
-9115.62
-9115.62
-9115.63
-9115.63
-9115.63
-9115.63
-9115.63
-9115.63
-9115.63
-9115.63
-9115.63
-9115.63
-9115.62
-9115.62
-9115.62
-9115.62
-9115.62
-9115.62
-9115.62
-9115.62
-9115.62
-9115.62
-9115.61
-9115.61
-9115.61
-9115.61
-9115.61
-9115.61
-9115.61
-9115.61
-9115.6
-9115.6
-9115.6
-9115.6
-9115.6
-9115.6
-9115.6
-9115.6
-9115.6
-9115.6
-9115.6
-9115.6
-9115.6
-9115.59
-9115.59
-9115.59
-9115.59
-9115.59
-9115.59
-9115.59
-9115.59
-9115.59
-9115.59
-9115.59
-9115.59
-9115.59
-9298.57
-9298.57
-9298.57
-9298.57
-9298.57
-9298.57
-9298.57
-9298.57
-9302.03
-9302.05
-9302.07
-9302.1
-9302.14
-9302.2
-9302.26
-9302.34
-9302.42
-9302.52
-9302.62
-9302.73
-9302.84
-9302.97
-9303.09
-9303.22
-9303.35
-9303.49
-9303.62
-9303.76
-9303.89
-9304.02
-9304.14
-9304.26
-9304.37
-9304.47
-9304.57
-9304.65
-9304.73
-9304.79
-9304.84
-9304.88
-9304.91
-9304.93
-9304.93
-9304.93
-9304.91
-9304.88
-9304.85
-9304.8
-9304.75
-9304.69
-9304.63
-9304.57
-9304.5
-9304.43
-9304.36
-9304.29
-9304.22
-9304.15
-9304.08
-9304.02
-9303.96
-9303.9
-9303.85
-9303.8
-9303.75
-9303.71
-9303.67
-9303.63
-9303.6
-9303.57
-9303.55
-9303.53
-9303.51
-9303.49
-9303.48
-9303.46
-9303.46
-9303.45
-9303.44
-9303.44
-9303.44
-9303.44
-9303.44
-9303.44
-9303.45
-9303.45
-9303.46
-9303.46
-9303.47
-9303.48
-9303.49
-9303.49
-9303.5
-9303.51
-9303.52
-9303.53
-9303.54
-9303.55
-9303.56
-9303.57
-9303.58
-9303.59
-9303.6
-9303.61
-9303.61
-9303.62
-9303.63
-9303.64
-9303.64
-9303.65
-9303.66
-9303.66
-9303.67
-9303.68
-9303.68
-9303.69
-9303.69
-9303.69
-9303.7
-9303.7
-9303.71
-9303.71
-9303.71
-9303.71
-9303.71
-9303.72
-9303.72
-9303.72
-9303.72
-9303.72
-9303.72
-9303.72
-9303.72
-9303.72
-9303.72
-9303.72
-9303.72
-9303.72
-9303.72
-9303.72
-9303.71
-9303.71
-9303.71
-9303.71
-9303.71
-9303.71
-9303.71
-9303.71
-9303.7
-9303.7
-9303.7
-9303.7
-9303.7
-9303.7
-9303.7
-9303.7
-9303.7
-9303.69
-9303.69
-9303.69
-9303.69
-9303.69
-9303.69
-9303.69
-9303.69
-9303.69
-9303.69
-9303.69
-9303.69
-9303.69
-9303.69
-9303.68
-9303.68
-9303.68
-9303.68
-9303.68
-9303.68
-9303.68
-9303.68
-9303.68
-9303.68
-9464.98
-9464.98
-9464.98
-9464.98
-9464.98
-9464.98
-9464.98
-9464.98
-9468.57
-9468.59
-9468.61
-9468.65
-9468.7
-9468.75
-9468.82
-9468.9
-9468.99
-9469.09
-9469.2
-9469.32
-9469.44
-9469.57
-9469.71
-9469.85
-9469.99
-9470.13
-9470.28
-9470.42
-9470.56
-9470.69
-9470.82
-9470.95
-9471.07
-9471.18
-9471.28
-9471.36
-9471.44
-9471.51
-9471.56
-9471.6
-9471.63
-9471.64
-9471.64
-9471.63
-9471.61
-9471.58
-9471.54
-9471.49
-9471.43
-9471.37
-9471.3
-9471.23
-9471.15
-9471.08
-9471
-9470.93
-9470.85
-9470.78
-9470.71
-9470.64
-9470.58
-9470.52
-9470.47
-9470.41
-9470.37
-9470.32
-9470.28
-9470.25
-9470.21
-9470.18
-9470.16
-9470.14
-9470.12
-9470.1
-9470.09
-9470.08
-9470.07
-9470.06
-9470.06
-9470.05
-9470.05
-9470.05
-9470.06
-9470.06
-9470.06
-9470.07
-9470.07
-9470.08
-9470.09
-9470.1
-9470.11
-9470.11
-9470.12
-9470.13
-9470.14
-9470.15
-9470.16
-9470.17
-9470.18
-9470.19
-9470.2
-9470.21
-9470.22
-9470.23
-9470.24
-9470.25
-9470.25
-9470.26
-9470.27
-9470.28
-9470.28
-9470.29
-9470.29
-9470.3
-9470.31
-9470.31
-9470.31
-9470.32
-9470.32
-9470.33
-9470.33
-9470.33
-9470.33
-9470.34
-9470.34
-9470.34
-9470.34
-9470.34
-9470.34
-9470.34
-9470.34
-9470.34
-9470.34
-9470.34
-9470.34
-9470.34
-9470.34
-9470.34
-9470.34
-9470.34
-9470.34
-9470.34
-9470.34
-9470.33
-9470.33
-9470.33
-9470.33
-9470.33
-9470.33
-9470.33
-9470.33
-9470.32
-9470.32
-9470.32
-9470.32
-9470.32
-9470.32
-9470.32
-9470.32
-9470.32
-9470.32
-9470.31
-9470.31
-9470.31
-9470.31
-9470.31
-9470.31
-9470.31
-9470.31
-9470.31
-9470.31
-9470.31
-9470.31
-9470.31
-9470.31
-9470.31
-9470.31
-9470.31
-9470.31
-9470.31
-9470.31
-9612.41
-9612.41
-9612.41
-9612.41
-9612.41
-9612.41
-9612.41
-9612.41
-9616.1
-9616.12
-9616.14
-9616.18
-9616.23
-9616.29
-9616.37
-9616.45
-9616.55
-9616.66
-9616.77
-9616.9
-9617.03
-9617.17
-9617.31
-9617.46
-9617.61
-9617.76
-9617.91
-9618.06
-9618.21
-9618.35
-9618.49
-9618.62
-9618.74
-9618.86
-9618.96
-9619.05
-9619.13
-9619.2
-9619.25
-9619.29
-9619.32
-9619.33
-9619.33
-9619.32
-9619.29
-9619.25
-9619.21
-9619.15
-9619.09
-9619.02
-9618.95
-9618.87
-9618.79
-9618.71
-9618.63
-9618.55
-9618.47
-9618.39
-9618.32
-9618.25
-9618.19
-9618.12
-9618.07
-9618.01
-9617.96
-9617.92
-9617.88
-9617.84
-9617.81
-9617.78
-9617.75
-9617.73
-9617.71
-9617.7
-9617.68
-9617.67
-9617.66
-9617.66
-9617.65
-9617.65
-9617.65
-9617.65
-9617.66
-9617.66
-9617.66
-9617.67
-9617.68
-9617.68
-9617.69
-9617.7
-9617.71
-9617.72
-9617.73
-9617.74
-9617.75
-9617.76
-9617.77
-9617.78
-9617.79
-9617.8
-9617.81
-9617.82
-9617.83
-9617.83
-9617.84
-9617.85
-9617.86
-9617.87
-9617.88
-9617.88
-9617.89
-9617.9
-9617.9
-9617.91
-9617.91
-9617.92
-9617.92
-9617.93
-9617.93
-9617.93
-9617.94
-9617.94
-9617.94
-9617.94
-9617.95
-9617.95
-9617.95
-9617.95
-9617.95
-9617.95
-9617.95
-9617.95
-9617.95
-9617.95
-9617.95
-9617.95
-9617.95
-9617.95
-9617.95
-9617.94
-9617.94
-9617.94
-9617.94
-9617.94
-9617.94
-9617.94
-9617.94
-9617.94
-9617.93
-9617.93
-9617.93
-9617.93
-9617.93
-9617.93
-9617.93
-9617.93
-9617.92
-9617.92
-9617.92
-9617.92
-9617.92
-9617.92
-9617.92
-9617.92
-9617.92
-9617.92
-9617.92
-9617.92
-9617.92
-9617.91
-9617.91
-9617.91
-9617.91
-9617.91
-9617.91
-9617.91
-9617.91
-9617.91
-9617.91
-9617.91
-9617.91
-9743.01
-9743.01
-9743.01
-9743.01
-9743.01
-9743.01
-9743.01
-9743.01
-9746.78
-9746.81
-9746.83
-9746.87
-9746.93
-9746.99
-9747.07
-9747.16
-9747.26
-9747.37
-9747.5
-9747.63
-9747.77
-9747.91
-9748.06
-9748.22
-9748.38
-9748.54
-9748.7
-9748.86
-9749.01
-9749.16
-9749.31
-9749.44
-9749.57
-9749.69
-9749.8
-9749.89
-9749.98
-9750.05
-9750.1
-9750.14
-9750.16
-9750.17
-9750.17
-9750.15
-9750.12
-9750.08
-9750.03
-9749.97
-9749.9
-9749.82
-9749.74
-9749.66
-9749.58
-9749.49
-9749.41
-9749.32
-9749.24
-9749.16
-9749.09
-9749.02
-9748.95
-9748.88
-9748.82
-9748.77
-9748.72
-9748.67
-9748.63
-9748.59
-9748.56
-9748.53
-9748.51
-9748.48
-9748.47
-9748.45
-9748.44
-9748.43
-9748.42
-9748.41
-9748.41
-9748.41
-9748.41
-9748.41
-9748.41
-9748.42
-9748.42
-9748.43
-9748.43
-9748.44
-9748.45
-9748.46
-9748.47
-9748.48
-9748.49
-9748.5
-9748.51
-9748.52
-9748.53
-9748.54
-9748.55
-9748.56
-9748.57
-9748.58
-9748.59
-9748.6
-9748.61
-9748.61
-9748.62
-9748.63
-9748.64
-9748.65
-9748.65
-9748.66
-9748.66
-9748.67
-9748.68
-9748.68
-9748.69
-9748.69
-9748.69
-9748.7
-9748.7
-9748.7
-9748.7
-9748.71
-9748.71
-9748.71
-9748.71
-9748.71
-9748.71
-9748.71
-9748.71
-9748.71
-9748.71
-9748.71
-9748.71
-9748.71
-9748.71
-9748.71
-9748.71
-9748.71
-9748.71
-9748.71
-9748.7
-9748.7
-9748.7
-9748.7
-9748.7
-9748.7
-9748.7
-9748.7
-9748.69
-9748.69
-9748.69
-9748.69
-9748.69
-9748.69
-9748.69
-9748.69
-9748.69
-9748.68
-9748.68
-9748.68
-9748.68
-9748.68
-9748.68
-9748.68
-9748.68
-9748.68
-9748.68
-9748.68
-9748.68
-9748.68
-9748.68
-9748.68
-9748.68
-9748.68
-9748.68
-9748.68
-9748.68
-9748.68
-9748.68
)
;

boundaryField
{
    freeSurface
    {
        type            calculated;
        value           nonuniform List<scalar> 
181
(
-9804.36
-9804.36
-9804.36
-9804.36
-9804.36
-9804.36
-9804.36
-9804.36
-9808.16
-9808.19
-9808.22
-9808.26
-9808.31
-9808.38
-9808.46
-9808.55
-9808.66
-9808.78
-9808.9
-9809.04
-9809.18
-9809.33
-9809.49
-9809.65
-9809.81
-9809.97
-9810.14
-9810.3
-9810.46
-9810.61
-9810.76
-9810.9
-9811.03
-9811.15
-9811.26
-9811.36
-9811.44
-9811.51
-9811.57
-9811.61
-9811.63
-9811.64
-9811.63
-9811.61
-9811.58
-9811.54
-9811.48
-9811.42
-9811.35
-9811.27
-9811.19
-9811.1
-9811.02
-9810.93
-9810.84
-9810.75
-9810.67
-9810.59
-9810.51
-9810.44
-9810.37
-9810.31
-9810.25
-9810.19
-9810.14
-9810.09
-9810.05
-9810.01
-9809.98
-9809.95
-9809.93
-9809.9
-9809.89
-9809.87
-9809.86
-9809.85
-9809.84
-9809.83
-9809.83
-9809.83
-9809.83
-9809.83
-9809.83
-9809.84
-9809.84
-9809.85
-9809.86
-9809.87
-9809.87
-9809.88
-9809.89
-9809.9
-9809.91
-9809.92
-9809.93
-9809.94
-9809.95
-9809.96
-9809.97
-9809.98
-9809.99
-9810
-9810.01
-9810.02
-9810.03
-9810.04
-9810.05
-9810.06
-9810.06
-9810.07
-9810.08
-9810.08
-9810.09
-9810.1
-9810.1
-9810.11
-9810.11
-9810.12
-9810.12
-9810.12
-9810.13
-9810.13
-9810.13
-9810.13
-9810.13
-9810.14
-9810.14
-9810.14
-9810.14
-9810.14
-9810.14
-9810.14
-9810.14
-9810.14
-9810.14
-9810.14
-9810.14
-9810.14
-9810.13
-9810.13
-9810.13
-9810.13
-9810.13
-9810.13
-9810.13
-9810.13
-9810.12
-9810.12
-9810.12
-9810.12
-9810.12
-9810.12
-9810.12
-9810.12
-9810.11
-9810.11
-9810.11
-9810.11
-9810.11
-9810.11
-9810.11
-9810.11
-9810.11
-9810.11
-9810.11
-9810.11
-9810.1
-9810.1
-9810.1
-9810.1
-9810.1
-9810.1
-9810.1
-9810.1
-9810.1
-9810.1
-9810.1
-9810.1
-9810.1
-9810.1
-9810.1
)
;
    }
    walls
    {
        type            calculated;
        value           nonuniform List<scalar> 
240
(
-613
-1771.32
-2797.39
-3706.3
-4511.44
-5224.64
-5856.39
-6415.97
-6911.64
-7350.66
-7739.48
-8083.94
-8389.01
-8659.25
-8898.64
-9110.71
-9298.57
-9464.98
-9612.41
-9743.01
-614.34
-1772.71
-2798.87
-3707.91
-4513.2
-5226.57
-5858.54
-6418.37
-6914.3
-7353.64
-7742.82
-8087.59
-8393.02
-8663.58
-8903.26
-9115.59
-9303.68
-9470.31
-9617.91
-9748.68
1.23858
1.238
1.23683
1.23505
1.23263
1.22955
1.22581
1.22138
1.21625
1.21039
1.2038
1.19646
1.18836
1.17948
1.16982
1.15937
1.14812
1.13606
1.12319
1.10951
1.09501
1.0797
1.06359
1.04667
1.02895
1.01045
0.991171
0.971136
0.950359
0.928859
0.906657
0.883777
0.860244
0.836087
0.811334
0.786019
0.76019
0.733883
0.707138
0.679998
0.652508
0.624716
0.596672
0.568428
0.540039
0.511561
0.483054
0.454578
0.426195
0.397969
0.369965
0.342248
0.314886
0.287945
0.261492
0.235591
0.210313
0.185719
0.161873
0.138833
0.116655
0.0953972
0.0751094
0.0558405
0.0376335
0.0206971
0.00471397
-0.0101274
-0.0237995
-0.0362859
-0.0475834
-0.0576921
-0.0666143
-0.0743646
-0.0809629
-0.0864305
-0.090852
-0.0942454
-0.0966465
-0.0981005
-0.0986614
-0.0983861
-0.097335
-0.0955729
-0.0931679
-0.090188
-0.0867026
-0.0827825
-0.0784969
-0.0739148
-0.0691051
-0.0641337
-0.0590656
-0.0539619
-0.0488815
-0.0438801
-0.0390088
-0.0343158
-0.0298441
-0.0256325
-0.0217167
-0.0181265
-0.014888
-0.0120227
-0.00954758
-0.00747608
-0.005817
-0.00457525
-0.00375261
-0.0033379
-0.00333301
-0.0037299
-0.00451732
-0.00568166
-0.00720665
-0.0090744
-0.0112651
-0.0137571
-0.0165274
-0.0195523
-0.0228077
-0.026268
-0.0299074
-0.033701
-0.037623
-0.0416476
-0.0457505
-0.049907
-0.0540934
-0.0582874
-0.0624665
-0.0666096
-0.0706976
-0.0747117
-0.0786347
-0.0824506
-0.0861438
-0.0896997
-0.0931115
-0.0963678
-0.099459
-0.102377
-0.105117
-0.107673
-0.110042
-0.112222
-0.114212
-0.116012
-0.117624
-0.11905
-0.120294
-0.121361
-0.122255
-0.122982
-0.123549
-0.12396
-0.124242
-0.124387
-0.124403
-0.124301
-0.12409
-0.12378
-0.12338
-0.122899
-0.122347
-0.121731
-0.121061
-0.120345
-0.11959
-0.118804
-0.117994
-0.117167
-0.116328
-0.115485
-0.114641
-0.113802
-0.112971
-0.112152
-0.111348
-0.11056
-0.10979
-0.109041
-0.108314
-0.107612
-0.106935
-0.106287
-0.105671
-0.10509
-0.104546
-0.104044
-0.103586
-0.103175
-0.102811
-0.102495
-0.102228
-0.102007
-0.101833
-0.101702
-0.101615
-0.101572
)
;
    }
    floatingObject
    {
        type            calculated;
        value           nonuniform List<scalar> 
37
(
-7922.75
-7922.87
-7922.97
-7923.06
-7923.14
-7923.22
-7923.29
-7923.36
-7923.43
-7923.5
-7923.56
-7923.62
-7923.68
-7923.74
-7923.8
-7923.85
-7923.91
-7923.96
-7924
-8084.15
-8086.32
-8389.04
-8391.61
-8659.27
-8662.15
-8898.65
-8901.77
-9110.71
-9114.02
-9298.57
-9302.04
-9464.98
-9468.58
-9612.41
-9616.11
-9743.01
-9746.8
)
;
    }
    frontAndBack
    {
        type            empty;
    }
}


// ************************************************************************* //
