/*--------------------------------*- C++ -*----------------------------------*\
  =========                 |
  \\      /  F ield         | OpenFOAM: The Open Source CFD Toolbox
   \\    /   O peration     | Website:  https://openfoam.org
    \\  /    A nd           | Version:  12
     \\/     M anipulation  |
\*---------------------------------------------------------------------------*/
FoamFile
{
    format      ascii;
    class       surfaceScalarField;
    location    "6.4";
    object      phi;
}
// * * * * * * * * * * * * * * * * * * * * * * * * * * * * * * * * * * * * * //

dimensions      [1 0 -1 0 0 0 0];

internalField   nonuniform List<scalar> 
7429
(
-0.000162666
0.000162666
-0.000327612
0.000164945
-0.000495257
0.000167645
-0.000666038
0.00017078
-0.000840382
0.000174344
-0.00101872
0.000178336
-0.00120143
0.000182716
-0.00138888
0.000187446
-0.00158137
0.000192493
-0.00177914
0.000197769
-0.00198232
0.00020318
-0.00219097
0.000208645
-0.00240505
0.000214076
-0.00262435
0.000219302
-0.0028486
0.000224256
-0.00307736
0.000228755
-0.00331003
0.000232668
-0.0035459
0.000235872
-0.00378413
0.000238233
-0.00402373
0.000239594
-0.00426358
0.000239853
-0.00450247
0.000238886
-0.00473908
0.000236611
-0.004972
0.000232927
-0.00519978
0.000227779
-0.00542091
0.000221126
-0.0056339
0.000212988
-0.00583719
0.000203296
-0.00602934
0.000192143
-0.00620888
0.000179547
-0.00637449
0.000165607
-0.00652486
0.000150365
-0.0066588
0.000133947
-0.00677524
0.000116436
-0.00687324
9.79976e-05
-0.00695194
7.87021e-05
-0.00701069
5.87543e-05
-0.00704901
3.83207e-05
-0.00706667
1.7653e-05
-0.00706196
-4.70759e-06
-0.00703295
-2.90078e-05
-0.00698046
-5.2491e-05
-0.00690493
-7.55316e-05
-0.00680677
-9.81537e-05
-0.00668644
-0.000120332
-0.00654447
-0.000141968
-0.00638147
-0.000163007
-0.00619818
-0.000183291
-0.00599542
-0.000202756
-0.00577421
-0.000221208
-0.00553563
-0.000238585
-0.00528097
-0.000254658
-0.0050116
-0.000269374
-0.00472903
-0.000282563
-0.00443499
-0.00029404
-0.00413133
-0.00030366
-0.00381994
-0.000311389
-0.00350296
-0.000316985
-0.00318255
-0.000320409
-0.002861
-0.000321554
-0.00254073
-0.000320262
-0.00222418
-0.000316557
-0.00191375
-0.000310424
-0.00161206
-0.000301692
-0.00132151
-0.000290556
-0.00104443
-0.000277078
-0.000783179
-0.000261249
-0.000539958
-0.000243221
-0.000317033
-0.000222925
-0.000116137
-0.000200896
6.11238e-05
-0.000177261
0.000213179
-0.000152055
0.000338748
-0.000125569
0.000437169
-9.84204e-05
0.000507926
-7.07568e-05
0.000550836
-4.29105e-05
0.000566338
-1.5502e-05
0.000553389
1.29496e-05
0.000514265
3.91233e-05
0.000450799
6.34667e-05
0.000364729
8.607e-05
0.000258458
0.000106271
0.000134599
0.000123859
-3.81369e-06
0.000138412
-0.000153506
0.000149692
-0.000310836
0.000157331
-0.000471968
0.000161131
-0.000632939
0.000160971
-0.000789834
0.000156895
-0.000938631
0.000148797
-0.00107557
0.000136943
-0.00119705
0.000121472
-0.00129975
0.000102703
-0.00138094
8.11915e-05
-0.00143829
5.73444e-05
-0.00146987
3.15829e-05
-0.00147516
5.29612e-06
-0.00144964
-2.55211e-05
-0.00139667
-5.29689e-05
-0.00131799
-7.86837e-05
-0.0012156
-0.000102392
-0.00109188
-0.000123719
-0.000950072
-0.000141808
-0.000794004
-0.000156069
-0.000628109
-0.000165895
-0.000457279
-0.000170829
-0.00028658
-0.000170699
-0.000121214
-0.000165366
3.36589e-05
-0.000154873
0.000173198
-0.000139539
0.000293027
-0.000119829
0.000389392
-9.63655e-05
0.00045945
-7.00573e-05
0.000501265
-4.1815e-05
0.00051415
-1.28853e-05
0.000495721
1.84286e-05
0.000449281
4.64398e-05
0.000378011
7.12702e-05
0.000285373
9.26382e-05
0.000175764
0.000109609
5.45946e-05
0.000121169
-7.20989e-05
0.000126694
-0.000198187
0.000126088
-0.000317451
0.000119264
-0.000423938
0.000106488
-0.000512293
8.83545e-05
-0.000578171
6.58784e-05
-0.000618335
4.01638e-05
-0.000631082
1.27467e-05
-0.000613347
-1.77345e-05
-0.000568045
-4.53023e-05
-0.000498235
-6.98097e-05
-0.000407665
-9.05701e-05
-0.000301263
-0.000106402
-0.000185033
-0.000116231
-6.535e-05
-0.000119683
5.09408e-05
-0.000116291
0.000157422
-0.000106482
0.000248204
-9.07813e-05
0.000318291
-7.00871e-05
0.000363994
-4.57031e-05
0.000383073
-1.90793e-05
0.000373355
9.71862e-06
0.000336668
3.6687e-05
0.000275806
6.08619e-05
0.000194231
8.15751e-05
9.6744e-05
9.74867e-05
-1.09974e-05
0.000107741
-0.000123026
0.000112029
-0.000232984
0.000109958
-0.000334847
0.000101862
-0.000423202
8.83554e-05
-0.000493441
7.02389e-05
-0.000542114
4.86725e-05
-0.000567045
2.49315e-05
-0.000566789
-2.56161e-07
-0.000541706
-2.50831e-05
-0.000493812
-4.78941e-05
-0.000425694
-6.81175e-05
-0.000340871
-8.48232e-05
-0.000243612
-9.72587e-05
-0.000138594
-0.000105019
-3.06751e-05
-0.000107919
7.54305e-05
-0.000106106
0.000175187
-9.97569e-05
0.000264701
-8.95137e-05
0.000340709
-7.60077e-05
0.000400728
-6.00192e-05
0.000443141
-4.24133e-05
0.000467258
-2.41169e-05
0.000473255
-5.9969e-06
0.000461955
1.13002e-05
0.000435092
2.68628e-05
0.000394862
4.02297e-05
0.000343911
5.09511e-05
0.000285184
5.87277e-05
0.000221693
6.34906e-05
0.000156525
6.51683e-05
9.24167e-05
6.41082e-05
3.20433e-05
6.03734e-05
-2.25467e-05
5.459e-05
-6.96115e-05
4.70648e-05
-0.000107942
3.83309e-05
-0.000136916
2.89739e-05
-0.000156349
1.94322e-05
-0.00016665
1.03012e-05
-0.000168499
1.84881e-06
-0.000163102
-5.39634e-06
-0.000151852
-1.12499e-05
-0.000136209
-1.56431e-05
-0.000117722
-1.84872e-05
-9.80369e-05
-1.96851e-05
-7.84509e-05
-1.95861e-05
-6.01693e-05
-1.82816e-05
-4.4045e-05
-1.61243e-05
-3.05722e-05
-1.34729e-05
-1.98424e-05
-1.07298e-05
-1.16234e-05
-8.21901e-06
-5.30086e-06
-6.32255e-06
-5.30086e-06
-0.000118738
0.000281404
-0.00023929
0.000285497
-0.000362985
0.00029134
-0.000490771
0.000298566
-0.00062359
0.000307162
-0.00076237
0.000317116
-0.000908001
0.000328346
-0.00106129
0.000340736
-0.00122297
0.000354172
-0.00139364
0.000368438
-0.00157373
0.000383272
-0.00176349
0.000398406
-0.00196305
0.000413631
-0.00217225
0.000428502
-0.00239076
0.000442771
-0.00261801
0.000456003
-0.00285316
0.000467811
-0.00309516
0.000477876
-0.00334278
0.000485853
-0.0035946
0.000491411
-0.00384897
0.000494223
-0.00410415
0.000494071
-0.00435817
0.00049063
-0.00460936
0.000484119
-0.00485571
0.000474126
-0.0050955
0.000460913
-0.00532668
0.000444166
-0.00554714
0.000423764
-0.00575561
0.000400611
-0.0059501
0.000374038
-0.00612877
0.000344268
-0.00629005
0.00031165
-0.00643251
0.000276401
-0.00655479
0.000238722
-0.00665569
0.000198896
-0.00673459
0.0001576
-0.00679142
0.000115592
-0.00682601
7.29066e-05
-0.00683767
2.93115e-05
-0.00682551
-1.68681e-05
-0.00679091
-6.36096e-05
-0.006733
-0.000110398
-0.00665156
-0.000156973
-0.00654668
-0.000203035
-0.0064187
-0.000248306
-0.00626819
-0.000292484
-0.00609582
-0.000335374
-0.00590249
-0.000376626
-0.00568912
-0.000416117
-0.00545691
-0.000453424
-0.00520703
-0.000488467
-0.00494089
-0.000520792
-0.00466005
-0.000550212
-0.00436614
-0.000576479
-0.00406103
-0.000599153
-0.00374661
-0.000618077
-0.00342518
-0.000632819
-0.00309879
-0.000643376
-0.00276996
-0.000649236
-0.0024408
-0.000650716
-0.00211402
-0.000647043
-0.00179201
-0.000638561
-0.00147752
-0.000624911
-0.00117312
-0.000606093
-0.000881303
-0.000582376
-0.000604831
-0.00055355
-0.000345883
-0.000520197
-0.000106911
-0.000482193
0.000110092
-0.000439928
0.00030283
-0.000393634
0.000469625
-0.000344055
0.000609056
-0.000291487
0.000719955
-0.000236468
0.000801609
-0.000180075
0.000853273
-0.000122421
0.000875572
-6.52095e-05
0.000868853
-8.78254e-06
0.000831622
5.01799e-05
0.000767451
0.000103294
0.000677946
0.000152972
0.000565101
0.000198915
0.000431396
0.000239976
0.000280049
0.000275207
0.000114341
0.000304119
-6.18229e-05
0.000325856
-0.00024473
0.000340238
-0.000429991
0.000346392
-0.000613355
0.000344336
-0.000790463
0.000334003
-0.000957109
0.000315443
-0.00110923
0.000289062
-0.00124305
0.000255291
-0.00135511
0.000214767
-0.00144218
0.000168256
-0.00150218
0.000117353
-0.00153361
6.30122e-05
-0.0015331
4.78241e-06
-0.00150156
-5.70597e-05
-0.00144029
-0.000114244
-0.00135085
-0.000168116
-0.00123533
-0.000217913
-0.00109667
-0.000262384
-0.000938704
-0.000299772
-0.000765944
-0.000328828
-0.000583409
-0.00034843
-0.000396554
-0.000357684
-0.000211029
-0.000356224
-3.25709e-05
-0.000343824
0.000133195
-0.000320639
0.000280961
-0.000287305
0.000406139
-0.000245007
0.000504594
-0.000194821
0.000573476
-0.000138939
0.000610892
-7.92309e-05
0.000616308
-1.83014e-05
0.000587741
4.69955e-05
0.000529378
0.000104803
0.00044411
0.000156538
0.000336032
0.000200716
0.000210436
0.000235205
7.32861e-05
0.000258319
-6.89661e-05
0.000268946
-0.000209153
0.000266275
-0.000340537
0.000250647
-0.000456642
0.000222593
-0.000551708
0.000183421
-0.000621136
0.000135306
-0.000661575
8.06033e-05
-0.000671391
2.25624e-05
-0.000648745
-4.03806e-05
-0.000596676
-9.73714e-05
-0.000518167
-0.000148319
-0.000417566
-0.000191171
-0.000300732
-0.000223236
-0.000174134
-0.000242829
-4.505e-05
-0.000248766
7.93381e-05
-0.000240679
0.000192074
-0.000219218
0.000286947
-0.000185654
0.000358989
-0.000142129
0.000404308
-9.10218e-05
0.000421253
-3.60252e-05
0.000408093
2.28792e-05
0.000367153
7.7627e-05
0.000301139
0.000126875
0.000214242
0.000168472
0.000111708
0.000200021
-2.78917e-07
0.000219728
-0.000115816
0.000227566
-0.000228027
0.000222169
-0.000330921
0.000204756
-0.000419147
0.000176581
-0.000488342
0.000139434
-0.0005352
9.55305e-05
-0.000557691
4.74228e-05
-0.000555009
-2.9381e-06
-0.000528182
-5.19107e-05
-0.000478891
-9.71848e-05
-0.000410105
-0.000136903
-0.000325526
-0.000169402
-0.000229558
-0.000193226
-0.000126822
-0.000207755
-2.20612e-05
-0.00021268
7.97603e-05
-0.000207927
0.000174767
-0.000194764
0.00025915
-0.000173897
0.000329985
-0.000146842
0.000384959
-0.000114993
0.00042285
-8.03039e-05
0.000443078
-4.43457e-05
0.000445989
-8.90767e-06
0.000432718
2.45716e-05
0.000404931
5.46498e-05
0.000364851
8.03097e-05
0.000315106
0.000100696
0.000258537
0.000115296
0.000198074
0.000123954
0.000136439
0.000126803
7.64454e-05
0.000124102
2.03676e-05
0.000116451
-2.98142e-05
0.000104772
-7.26298e-05
8.98804e-05
-0.000107028
7.27288e-05
-0.000132508
5.44546e-05
-0.000149042
3.59655e-05
-0.000156984
1.82435e-05
-0.00015715
2.01507e-06
-0.000150698
-1.18487e-05
-0.000138966
-2.29817e-05
-0.000123287
-3.13223e-05
-0.000105441
-3.63332e-05
-8.66234e-05
-3.85026e-05
-6.82399e-05
-3.79696e-05
-5.13181e-05
-3.52033e-05
-3.66369e-05
-3.08055e-05
-2.46456e-05
-2.54642e-05
-1.54266e-05
-1.99488e-05
-8.68788e-06
-1.49577e-05
-3.83695e-06
-1.11735e-05
-9.1378e-06
-6.09029e-05
0.000342306
-0.000124461
0.000349056
-0.000192767
0.000359645
-0.000267925
0.000373723
-0.000352062
0.000391299
-0.000447253
0.000412307
-0.000555548
0.00043664
-0.000678809
0.000463996
-0.000818731
0.000494094
-0.0009767
0.000526406
-0.00115369
0.000560267
-0.00135031
0.000595022
-0.00156673
0.000630051
-0.0018026
0.00066437
-0.00205709
0.000697257
-0.00232894
0.000727855
-0.00261645
0.000755321
-0.0029176
0.000779028
-0.0032299
0.000798151
-0.00355051
0.000812022
-0.00387638
0.000820096
-0.00420425
0.00082194
-0.0045308
0.00081718
-0.00485229
0.000805608
-0.00516529
0.000787126
-0.00546618
0.000761802
-0.00575198
0.00072996
-0.00602006
0.000691843
-0.00626755
0.000648105
-0.00649261
0.000599095
-0.00669392
0.000545581
-0.00687019
0.000487918
-0.00702078
0.000426992
-0.00714526
0.000363201
-0.00724347
0.000297106
-0.0073152
0.000229332
-0.0073599
0.000160285
-0.00737793
9.0941e-05
-0.00737161
2.29869e-05
-0.0073296
-5.8875e-05
-0.00725762
-0.000135584
-0.00715801
-0.000210009
-0.0070323
-0.000282682
-0.00688159
-0.000353749
-0.00670676
-0.000423133
-0.00650872
-0.000490531
-0.00628831
-0.000555777
-0.00604651
-0.000618429
-0.00578436
-0.000678265
-0.00550319
-0.000734596
-0.0052043
-0.000787361
-0.00488923
-0.000835856
-0.00455956
-0.000879887
-0.0042175
-0.000918536
-0.00386501
-0.000951647
-0.00350394
-0.000979144
-0.00313703
-0.000999727
-0.00276673
-0.00101368
-0.00239571
-0.00102025
-0.00202636
-0.00102007
-0.00166173
-0.00101167
-0.00130469
-0.000995601
-0.000958556
-0.000971043
-0.000625929
-0.00093872
-0.000309532
-0.000898773
-1.21817e-05
-0.0008509
0.000263155
-0.000795534
0.000513789
-0.000732826
0.000737158
-0.000663297
0.000931203
-0.00058768
0.00109431
-0.000507162
0.00122456
-0.00042174
0.001321
-0.000332902
0.00138316
-0.000242242
0.00141029
-0.000149543
0.00140257
-5.74896e-05
0.0013577
3.60852e-05
0.00128299
0.000124885
0.00117703
0.000209258
0.00104185
0.000288154
0.000880475
0.000360288
0.000696478
0.000423972
0.000493343
0.000478342
0.000275493
0.00052197
4.72793e-05
0.00055407
-0.000186249
0.000573766
-0.000420107
0.00058025
-0.000649274
0.000573502
-0.000868593
0.000553322
-0.001073
0.000519853
-0.00125764
0.000473699
-0.00141772
0.000415369
-0.00154966
0.00034671
-0.00165057
0.000269164
-0.0017171
0.000183887
-0.00174692
9.28307e-05
-0.00173802
-4.12206e-06
-0.00169314
-0.000101934
-0.00161265
-0.000194736
-0.00149817
-0.000282595
-0.00135258
-0.000363501
-0.00117998
-0.000434989
-0.000985374
-0.000494378
-0.000774242
-0.000539961
-0.000552933
-0.000569738
-0.000328211
-0.000582407
-0.000107082
-0.000577353
0.000103554
-0.00055446
0.000297051
-0.000514136
0.000467326
-0.000457579
0.000608623
-0.000386305
0.000716712
-0.000302909
0.000787746
-0.000209974
0.000819805
-0.00011129
0.000812055
-1.05513e-05
0.000765734
9.33164e-05
0.000684026
0.00018651
0.000570425
0.000270139
0.000430348
0.000340793
0.00027057
0.000394983
9.87708e-05
0.000430118
-7.67704e-05
0.000444487
-0.000247874
0.000437379
-0.000406315
0.000409088
-0.000544348
0.000360625
-0.000655374
0.000294447
-0.000734179
0.000214111
-0.000777058
0.000123482
-0.000782067
2.75716e-05
-0.000749139
-7.33086e-05
-0.000681508
-0.000165003
-0.000582795
-0.000247033
-0.00045913
-0.000314835
-0.000317646
-0.000364719
-0.000166461
-0.000394015
-1.40569e-05
-0.00040117
0.00013061
-0.000385346
0.000259784
-0.000348392
0.000366683
-0.000292553
0.000445448
-0.000220893
0.000492882
-0.000138456
0.000506542
-4.96852e-05
0.000486519
4.29018e-05
0.000435336
0.00012881
0.000356384
0.000205828
0.000255047
0.000269809
0.000137713
0.000317355
1.11755e-05
0.000346266
-0.000116495
0.000355237
-0.000239077
0.00034475
-0.000349897
0.000315576
-0.000443291
0.000269976
-0.000514865
0.000211008
-0.00056157
0.000142235
-0.000581686
6.75388e-05
-0.000575007
-9.61659e-06
-0.000543055
-8.38625e-05
-0.000488035
-0.000152206
-0.000413452
-0.000211486
-0.000323544
-0.000259311
-0.000223093
-0.000293677
-0.000117042
-0.000313806
-1.05381e-05
-0.000319184
9.19876e-05
-0.000310453
0.000186213
-0.00028899
0.000268605
-0.000256289
0.000336385
-0.000214622
0.00038762
-0.000166228
0.000421263
-0.000113947
0.000437168
-6.02504e-05
0.000435912
-7.65201e-06
0.000418885
4.15981e-05
0.00038798
8.55555e-05
0.000345592
0.000122697
0.000294415
0.000151874
0.000237373
0.000172338
0.000177262
0.000184064
0.00011694
0.000187126
5.89839e-05
0.000182058
5.47939e-06
0.000169956
-4.17279e-05
0.000151979
-8.12826e-05
0.000129435
-0.000112325
0.000103771
-0.000134532
7.66618e-05
-0.000147977
4.94111e-05
-0.000153127
2.33937e-05
-0.000151034
-7.83905e-08
-0.000142731
-2.01518e-05
-0.00012955
-3.61629e-05
-0.000113199
-4.76735e-05
-9.48942e-05
-5.46376e-05
-7.61903e-05
-5.72065e-05
-5.82836e-05
-5.58763e-05
-4.21822e-05
-5.13047e-05
-2.86356e-05
-4.43521e-05
-1.7992e-05
-3.61077e-05
-1.02803e-05
-2.76605e-05
-5.18586e-06
-2.00522e-05
-2.05998e-06
-1.42994e-05
-1.11978e-05
7.29405e-05
0.000269366
0.000143917
0.000278079
0.000207848
0.000295713
0.000260684
0.000320887
0.000297989
0.000353994
0.000315264
0.000395031
0.000307777
0.000444127
0.000271646
0.000500127
0.000202983
0.000562757
9.92534e-05
0.000630135
-4.16211e-05
0.000701141
-0.00022054
0.000773941
-0.000437706
0.000847217
-0.000692295
0.000918959
-0.000982875
0.000987836
-0.00130713
0.00105211
-0.00166205
0.00111025
-0.00204385
0.00116082
-0.00244786
0.00120216
-0.0028691
0.00123326
-0.00330198
0.00125298
-0.00374059
0.00126054
-0.00417891
0.0012555
-0.00461082
0.00123752
-0.00503057
0.00120688
-0.00543235
0.00116358
-0.00581145
0.00110906
-0.00616291
0.0010433
-0.00648396
0.000969155
-0.00677125
0.00088639
-0.00702361
0.000797938
-0.00723937
0.000703682
-0.00741794
0.000605563
-0.00755863
0.000503885
-0.00766191
0.000400391
-0.00773039
0.000297805
-0.00776641
0.000196306
-0.00776905
9.35829e-05
-0.00773376
-1.23053e-05
-0.00767318
-0.000119456
-0.00758345
-0.000225312
-0.00746378
-0.00032968
-0.0073145
-0.000431959
-0.0071363
-0.000531953
-0.00693027
-0.000629162
-0.00669752
-0.000723277
-0.00643927
-0.000814035
-0.00615682
-0.000900876
-0.00585162
-0.000983462
-0.00552505
-0.00106116
-0.00517898
-0.00113344
-0.0048154
-0.00119944
-0.00443636
-0.00125892
-0.00404362
-0.00131127
-0.00363985
-0.00135542
-0.00322786
-0.00139113
-0.00281022
-0.00141737
-0.00238974
-0.00143417
-0.00196935
-0.00144063
-0.00155241
-0.00143702
-0.00114266
-0.00142142
-0.000743373
-0.00139489
-0.000357185
-0.00135723
1.17884e-05
-0.00130769
0.000359832
-0.00124682
0.00068366
-0.00117473
0.000980239
-0.00109211
0.00124638
-0.000998966
0.00147962
-0.000896539
0.00167691
-0.000784972
0.00183678
-0.000667025
0.00195708
-0.000542041
0.00203711
-0.000412937
0.00207494
-0.000280073
0.00207188
-0.000146475
0.00202592
-1.15362e-05
0.00194046
0.000121543
0.00181686
0.000248486
0.00165695
0.000369172
0.00146381
0.000481298
0.00124087
0.000583224
0.000992364
0.000672477
0.000723166
0.000747541
0.00043853
0.000806605
0.000143933
0.000848667
-0.000154578
0.000872277
-0.000450665
0.000876337
-0.000737968
0.000860806
-0.00101034
0.000825696
-0.00126166
0.000771171
-0.00148661
0.000698653
-0.00168005
0.000608809
-0.00183705
0.000503709
-0.00195272
0.000384832
-0.00202512
0.000256289
-0.00205374
0.00012145
-0.00203331
-2.45517e-05
-0.00196864
-0.000166611
-0.00186021
-0.000303164
-0.00171046
-0.000432338
-0.00152358
-0.000550391
-0.0013047
-0.000653861
-0.00106034
-0.000738739
-0.000797523
-0.000802779
-0.000524326
-0.000842935
-0.000249004
-0.000857729
1.99432e-05
-0.0008463
0.000273941
-0.000808457
0.000504682
-0.000744877
0.000704333
-0.00065723
0.000867134
-0.000549106
0.00098682
-0.000422594
0.00106105
-0.000284202
0.00108743
-0.000137669
0.00106118
1.56923e-05
0.000991135
0.000163365
0.000877667
0.000299979
0.000726157
0.000421649
0.000543892
0.000523058
0.000339381
0.000599495
0.00012187
0.000647629
-9.77742e-05
0.000664131
-0.000309448
0.000649053
-0.000503135
0.000602775
-0.000669513
0.000527003
-0.000800772
0.000425706
-0.000890885
0.000304224
-0.000935764
0.000168361
-0.000933703
2.55113e-05
-0.000886196
-0.000120816
-0.000796654
-0.000254544
-0.00067054
-0.000373146
-0.000515493
-0.000469882
-0.00034078
-0.000539433
-0.000156725
-0.00057807
2.60022e-05
-0.000583897
0.000197589
-0.000556932
0.000348379
-0.000499182
0.000470551
-0.000414725
0.000557994
-0.000308336
0.000607131
-0.000187592
0.00061576
-5.83148e-05
0.00058608
7.25821e-05
0.00052047
0.000194419
0.000424119
0.000302179
0.000303448
0.00039048
0.000166335
0.000454468
2.11317e-05
0.000491469
-0.000123989
0.000500358
-0.000260834
0.000481596
-0.000382426
0.000437168
-0.000482897
0.000370446
-0.000557752
0.000285863
-0.000604212
0.000188695
-0.000621131
8.44586e-05
-0.000609204
-2.15444e-05
-0.00057012
-0.000122947
-0.000507006
-0.000215319
-0.000424063
-0.000294429
-0.000326188
-0.000357185
-0.000218714
-0.000401152
-0.000106973
-0.000425546
3.73879e-06
-0.000429895
0.000108731
-0.000415445
0.000203648
-0.000383906
0.00028517
-0.00033781
0.000350645
-0.000280097
0.000398526
-0.00021411
0.000427972
-0.000143393
0.000439256
-7.15347e-05
0.000433324
-1.71978e-06
0.000411809
6.31133e-05
0.000376876
0.000120488
0.00033117
0.000168403
0.000277543
0.000205501
0.000218862
0.000231019
0.000158182
0.000244744
9.82375e-05
0.00024707
4.12339e-05
0.000239062
-1.03835e-05
0.000221573
-5.51576e-05
0.000196753
-9.19e-05
0.000166177
-0.000119891
0.000131762
-0.000138973
9.57434e-05
-0.000149375
5.98137e-05
-0.000151745
2.5763e-05
-0.000147121
-4.70168e-06
-0.000136733
-3.054e-05
-0.000121991
-5.09052e-05
-0.00010437
-6.52941e-05
-8.53937e-05
-7.36141e-05
-6.6466e-05
-7.61343e-05
-4.87871e-05
-7.35553e-05
-3.33353e-05
-6.67565e-05
-2.07282e-05
-5.69592e-05
-1.13033e-05
-4.55326e-05
-5.06893e-06
-3.38948e-05
-1.60306e-06
-2.3518e-05
-2.36418e-07
-1.5666e-05
-1.14342e-05
0.000298416
-2.90505e-05
0.000587802
-1.13077e-05
0.000856732
2.67832e-05
0.0011065
7.11213e-05
0.00132594
0.00013455
0.00150457
0.000216398
0.00163164
0.000317059
0.00169847
0.000433301
0.0016943
0.000566926
0.00161304
0.000711391
0.00145078
0.000863407
0.00120803
0.00101668
0.000887729
0.00116752
0.000495086
0.0013116
3.68458e-05
0.00144608
-0.000479126
0.00156808
-0.00104392
0.00167504
-0.00164812
0.00176503
-0.00228197
0.00183601
-0.00293511
0.0018864
-0.00359641
0.00191427
-0.00425465
0.00191879
-0.00489863
0.00189948
-0.00551676
0.00185565
-0.00609885
0.00178897
-0.00663461
0.00169934
-0.00711673
0.00159117
-0.0075395
0.00146607
-0.00790239
0.00133205
-0.00820575
0.00118975
-0.00845202
0.00104421
-0.00864461
0.000896271
-0.00878741
0.00074837
-0.00888465
0.000601119
-0.00893997
0.000455718
-0.00895474
0.000312574
-0.00893108
0.00017264
-0.00887482
3.73261e-05
-0.00876618
-0.000120945
-0.00862149
-0.000264143
-0.00844594
-0.000400861
-0.00824209
-0.000533529
-0.00801138
-0.000662672
-0.00775489
-0.000788444
-0.00747301
-0.000911038
-0.00716636
-0.00102993
-0.00683569
-0.00114471
-0.006482
-0.00125457
-0.00610647
-0.00135899
-0.005711
-0.00145663
-0.00529668
-0.00154776
-0.00486491
-0.00163121
-0.00441805
-0.00170577
-0.0039589
-0.00177043
-0.00348906
-0.00182526
-0.0030119
-0.00186829
-0.00253038
-0.00189889
-0.00204729
-0.00191725
-0.00156733
-0.0019206
-0.00109324
-0.00191111
-0.00062876
-0.0018859
-0.000178033
-0.00184561
0.000254838
-0.0017901
0.000665602
-0.00171846
0.00105084
-0.00163205
0.0014063
-0.00153019
0.00172856
-0.00141437
0.00201384
-0.00128426
0.00225884
-0.00114154
0.00246139
-0.000987522
0.00261822
-0.000823851
0.00272798
-0.000651806
0.00278907
-0.000474021
0.00280143
-0.000292441
0.00276406
-0.000109099
0.00267736
7.51601e-05
0.00254509
0.000253815
0.00236766
0.000425915
0.00214819
0.000588643
0.00189059
0.000738897
0.00159925
0.000874561
0.00127957
0.000992161
0.000937225
0.00108988
0.000578814
0.00116502
0.000211399
0.00121608
-0.000158036
0.00124171
-0.000521848
0.00124015
-0.000872646
0.0012116
-0.00120325
0.0011563
-0.00150632
0.00107424
-0.00177461
0.000966951
-0.00200151
0.000835706
-0.00218194
0.00068414
-0.00231351
0.000516399
-0.00239137
0.000334147
-0.00241299
0.000143074
-0.00237754
-5.99989e-05
-0.00228819
-0.000255964
-0.00214578
-0.00044557
-0.00195407
-0.000624056
-0.00171845
-0.000786004
-0.00144572
-0.000926591
-0.00114377
-0.0010407
-0.000821532
-0.00112501
-0.000488641
-0.00117583
-0.000155798
-0.00119057
0.000166629
-0.00116873
0.000468406
-0.00111023
0.000739722
-0.00101619
0.000972464
-0.000889972
0.00115759
-0.000734232
0.00129076
-0.000555762
0.00136563
-0.000359075
0.0013807
-0.000152735
0.00133696
5.94324e-05
0.00123794
0.000262386
0.00108699
0.000450923
0.00089135
0.00061729
0.000660446
0.000753962
0.000404313
0.000855628
0.000135934
0.000916008
-0.000133267
0.000933332
-0.00039008
0.000905866
-0.000622628
0.000835323
-0.00081962
0.000723994
-0.000972144
0.00057823
-0.00107322
0.0004053
-0.00111866
0.000213804
-0.00110635
1.32009e-05
-0.00104073
-0.000186442
-0.000924787
-0.000370484
-0.000766236
-0.000531697
-0.000574958
-0.000661161
-0.000362512
-0.000751879
-0.000141268
-0.000799313
7.54819e-05
-0.000800647
0.000276059
-0.000757509
0.000449722
-0.000672846
0.00058739
-0.000552393
0.00068276
-0.000403706
0.000732156
-0.000236988
0.000734286
-6.04452e-05
0.00069211
0.000114758
0.000609249
0.00027728
0.000492431
0.000418997
0.00034993
0.000532982
0.000190853
0.000613545
2.50091e-05
0.000657313
-0.000138151
0.000663518
-0.000289753
0.000633198
-0.000422253
0.000569668
-0.000529472
0.000477665
-0.000607047
0.000363438
-0.000652538
0.000234186
-0.000665293
9.72134e-05
-0.000646799
-4.00383e-05
-0.000599414
-0.000170331
-0.000527129
-0.000287605
-0.000434935
-0.000386622
-0.000328325
-0.000463795
-0.000213152
-0.000516325
-9.52542e-05
-0.000543444
1.99327e-05
-0.000545082
0.000127548
-0.000523061
0.000223209
-0.000479568
0.000303861
-0.000418462
0.000367066
-0.000343302
0.000411394
-0.000258439
0.000436688
-0.000168686
0.00044327
-7.81165e-05
0.000432536
9.01415e-06
0.000406419
8.92308e-05
0.000367368
0.000159539
0.000318216
0.000217554
0.000261928
0.000261789
0.0002016
0.000291348
0.000140138
0.000306207
8.02579e-05
0.00030695
2.44694e-05
0.00029485
-2.56065e-05
0.000271649
-6.82062e-05
0.000239353
-0.000102296
0.000200267
-0.000127474
0.00015694
-0.000143575
0.000111845
-0.000151076
6.7315e-05
-0.000150736
2.54225e-05
-0.00014374
-1.16975e-05
-0.000131284
-4.29963e-05
-0.000114881
-6.73079e-05
-9.62167e-05
-8.39583e-05
-7.65882e-05
-9.32427e-05
-5.74056e-05
-9.53169e-05
-3.99347e-05
-9.10262e-05
-2.50255e-05
-8.16657e-05
-1.3295e-05
-6.86897e-05
-5.02488e-06
-5.38027e-05
-1.62483e-07
-3.87572e-05
1.77028e-06
-2.54508e-05
1.48349e-06
-1.53792e-05
-9.95071e-06
0.000632886
-0.000661936
0.00126785
-0.00064627
0.0018901
-0.000595468
0.00247366
-0.000512438
0.00300028
-0.000392073
0.00345063
-0.000233948
0.00377612
-8.43542e-06
0.00401167
0.000197752
0.00411506
0.000463532
0.00410064
0.000725816
0.0039616
0.00100244
0.00370646
0.00127182
0.00333951
0.00153447
0.00286751
0.0017836
0.00229696
0.00201663
0.0016346
0.00223044
0.000888504
0.00242113
7.13214e-05
0.00258221
-0.000799208
0.00270654
-0.00170529
0.00279248
-0.00262987
0.00283885
-0.00355454
0.00284346
-0.00446175
0.00280669
-0.00533146
0.00272536
-0.00614892
0.00260643
-0.00688793
0.00243836
-0.00754144
0.00224468
-0.00807508
0.00199971
-0.0085212
0.00177817
-0.00886783
0.00153637
-0.00913519
0.00131158
-0.00932621
0.00108728
-0.00944947
0.000871635
-0.00951527
0.000666921
-0.00953414
0.00047458
-0.00950973
0.000288172
-0.00944367
0.000106576
-0.00932582
-8.0523e-05
-0.00918777
-0.000258996
-0.0090195
-0.00043241
-0.00881988
-0.000600485
-0.00858924
-0.000764165
-0.00832895
-0.000922965
-0.00803925
-0.00107814
-0.00772171
-0.00122858
-0.0073775
-0.00137414
-0.00700745
-0.00151476
-0.00661301
-0.00164901
-0.0061947
-0.0017773
-0.00575291
-0.00189842
-0.00529021
-0.00201046
-0.00480936
-0.00211206
-0.00431135
-0.00220378
-0.0037995
-0.00228227
-0.00327619
-0.00234857
-0.00274506
-0.00239942
-0.00220988
-0.00243407
-0.00167357
-0.00245356
-0.00114036
-0.00245381
-0.000614421
-0.00243705
-0.000100584
-0.00239973
0.000397417
-0.00234362
0.00087378
-0.00226647
0.00132427
-0.00216895
0.00174407
-0.00205185
0.00212901
-0.00191513
0.00247451
-0.00175987
0.00277693
-0.00158668
0.00303234
-0.00139694
0.00323736
-0.00119254
0.00338974
-0.000976229
0.00348716
-0.00074923
0.00352793
-0.000514791
0.00351175
-0.000276265
0.00343866
-3.60041e-05
0.00331026
0.000203557
0.00312791
0.000436167
0.00289427
0.000659557
0.00261323
0.000869681
0.00228934
0.00106279
0.00192789
0.00123601
0.00153531
0.00138474
0.0011187
0.0015065
0.000685626
0.00159809
0.000244128
0.00165758
-0.000197257
0.0016831
-0.000629712
0.0016726
-0.00104428
0.00162617
-0.00143173
0.00154376
-0.00178361
0.00142612
-0.00209261
0.00127595
-0.00235281
0.0010959
-0.00255787
0.000889203
-0.0027011
0.000659634
-0.00277922
0.00041226
-0.00279011
0.00015397
-0.00273735
-0.00011276
-0.00261958
-0.000373736
-0.00243952
-0.000625631
-0.00220221
-0.000861362
-0.00191442
-0.0010738
-0.00158443
-0.00125658
-0.00122188
-0.00140324
-0.000837728
-0.00150917
-0.000443437
-0.00157012
-5.11837e-05
-0.00158283
0.000326345
-0.00154626
0.000677366
-0.00146126
0.000990433
-0.00132926
0.00125415
-0.00115369
0.00146126
-0.000941343
0.00160336
-0.00069786
0.0016787
-0.000434421
0.00168228
-0.000156311
0.00161694
0.000124775
0.00148563
0.000393698
0.00129426
0.000642289
0.00105182
0.000859735
0.000769487
0.00103629
0.000460013
0.0011651
0.000137962
0.00123806
-0.000182164
0.00125346
-0.000484739
0.00120844
-0.000756114
0.0011067
-0.000983036
0.000950917
-0.00115547
0.000750665
-0.00126564
0.000515469
-0.00130934
0.000257506
-0.00128483
-1.13095e-05
-0.00119763
-0.000273645
-0.00105234
-0.000515776
-0.000858743
-0.000725289
-0.000629263
-0.000890641
-0.000377857
-0.00100329
-0.000119296
-0.00105787
0.00013194
-0.00105188
0.000361153
-0.000986722
0.000556423
-0.000868116
0.000708118
-0.000704088
0.000809453
-0.000505041
0.000856966
-0.000284501
0.00085057
-5.4049e-05
0.000794003
0.000171325
0.000692603
0.00037868
0.000554491
0.000557109
0.000389619
0.000697853
0.000208622
0.000794542
2.26609e-05
0.000843274
-0.00015754
0.000843719
-0.000322632
0.000798289
-0.000464424
0.00071146
-0.000576849
0.00059009
-0.000655698
0.000442287
-0.000698984
0.000277471
-0.000706727
0.000104957
-0.000680928
-6.5837e-05
-0.000624945
-0.000226314
-0.000543541
-0.00036901
-0.000442293
-0.00048787
-0.000327408
-0.00057868
-0.000205268
-0.000638465
-8.18791e-05
-0.000666833
3.70041e-05
-0.000663965
0.00014642
-0.000632476
0.000242309
-0.000575457
0.000321519
-0.000497672
0.000381999
-0.000403782
0.000422765
-0.000299204
0.00044368
-0.000189601
0.000445654
-8.00902e-05
0.000430362
2.43052e-05
0.000399965
0.000119628
0.000357181
0.000202324
0.000305003
0.000269732
0.000246526
0.000320265
0.000184899
0.000352975
0.000123007
0.000368099
6.35359e-05
0.000366421
8.84085e-06
0.000349545
-3.94072e-05
0.000319897
-7.9747e-05
0.000279693
-0.000111301
0.00023182
-0.000133743
0.000179382
-0.000147106
0.000125209
-0.000151979
7.21875e-05
-0.000149227
2.26701e-05
-0.000140054
-2.08699e-05
-0.000125856
-5.71939e-05
-0.000108169
-8.49956e-05
-8.84194e-05
-0.000103708
-6.83333e-05
-0.000113329
-4.90868e-05
-0.000114563
-3.18323e-05
-0.000108281
-1.74873e-05
-9.60107e-05
-6.60205e-06
-7.95749e-05
5.81013e-07
-6.09858e-05
4.23113e-06
-4.24074e-05
4.7683e-06
-2.5988e-05
3.02108e-06
-1.3632e-05
-6.92962e-06
0.0013057
-0.00196764
0.00260415
-0.00194472
0.00386117
-0.00185248
0.00504243
-0.0016937
0.00610766
-0.00145731
0.00703264
-0.00115893
0.00781021
-0.000786008
0.00842312
-0.00041516
0.00875009
0.000136566
0.00874465
0.000731252
0.00843544
0.00131166
0.00786099
0.00184627
0.00705247
0.00234299
0.00604641
0.00278966
0.00487892
0.00318412
0.00358644
0.00352292
0.00220463
0.00380294
0.000764344
0.0040225
-0.000708823
0.00417971
-0.00218947
0.00427313
-0.0036529
0.00430228
-0.00507158
0.00426213
-0.0064194
0.00415451
-0.00766328
0.00396923
-0.00877353
0.00371668
-0.00971362
0.00337845
-0.0104493
0.00298041
-0.0109335
0.00248388
-0.0112449
0.00208957
-0.0114178
0.00170928
-0.0114815
0.00137523
-0.0114623
0.00106807
-0.0113795
0.000788887
-0.0112481
0.000535528
-0.0110787
0.000305133
-0.0108859
9.54025e-05
-0.0106369
-0.000142456
-0.0103682
-0.000349181
-0.0100859
-0.000541347
-0.00979135
-0.000726933
-0.00948278
-0.000909057
-0.009158
-0.00108895
-0.00881569
-0.00126527
-0.0084536
-0.00144023
-0.00807067
-0.00161151
-0.00766592
-0.00177889
-0.00723891
-0.00194177
-0.00678813
-0.00209979
-0.0063147
-0.00225073
-0.00582133
-0.00239179
-0.00530759
-0.0025242
-0.0047746
-0.00264505
-0.00422513
-0.00275325
-0.00366045
-0.00284696
-0.00308485
-0.00292418
-0.00250021
-0.00298405
-0.00191169
-0.0030226
-0.00132301
-0.00304224
-0.00073874
-0.00303808
-0.000163302
-0.00301249
0.000397887
-0.00296092
0.00093937
-0.0028851
0.00145601
-0.00278311
0.00194309
-0.00265602
0.00239509
-0.00250385
0.00280685
-0.00232689
0.00317363
-0.00212665
0.00349092
-0.00190396
0.00375454
-0.00166056
0.00396096
-0.00139896
0.00410728
-0.00112255
0.00419118
-0.000833128
0.00421122
-0.000534828
0.00416729
-0.00023233
0.00405815
7.31289e-05
0.00388746
0.00037425
0.00365623
0.000667397
0.00336787
0.000947917
0.00302668
0.00121087
0.00263811
0.00145136
0.00220878
0.00166533
0.00174604
0.00184748
0.001258
0.00199454
0.000753489
0.0021026
0.000241858
0.00216921
-0.000267359
0.00219231
-0.000763112
0.00216836
-0.00123547
0.00209852
-0.0016752
0.0019835
-0.00207338
0.0018243
-0.00242164
0.0016242
-0.00270986
0.00138412
-0.00293158
0.00111093
-0.00308278
0.000810831
-0.00316013
0.000489609
-0.00316112
0.000154961
-0.0030867
-0.000187179
-0.00293803
-0.000522406
-0.0027187
-0.000844957
-0.00243491
-0.00114515
-0.00209463
-0.00141408
-0.00170767
-0.00164354
-0.00128547
-0.00182545
-0.000840527
-0.00195411
-0.000386621
-0.00202402
6.24223e-05
-0.00203187
0.000492428
-0.00197626
0.000889352
-0.00185818
0.0012395
-0.00167941
0.00153257
-0.00144676
0.00175896
-0.00116773
0.00190997
-0.000848866
0.00198072
-0.000505174
0.00197116
-0.000146746
0.00188212
0.000213809
0.00171765
0.000558173
0.00148537
0.000874562
0.00119607
0.00114904
0.000862765
0.00136959
0.000500894
0.00152697
0.000126367
0.00161259
-0.000241621
0.00162144
-0.000587467
0.00155429
-0.000894592
0.00141382
-0.00114874
0.00120507
-0.00133827
0.000940189
-0.00145476
0.000631964
-0.00149407
0.000296809
-0.00145628
-4.90939e-05
-0.00134571
-0.000384216
-0.0011701
-0.000691386
-0.000941354
-0.000954037
-0.000673901
-0.00115809
-0.000384189
-0.001293
-8.90917e-05
-0.00135297
0.000193308
-0.00133428
0.00044822
-0.00124163
0.000662256
-0.00108215
0.00082499
-0.000866823
0.00092967
-0.000609721
0.000973124
-0.000327955
0.000956687
-3.76126e-05
0.000884675
0.000243338
0.000764321
0.000499034
0.000605351
0.000716079
0.000419014
0.000884189
0.000218196
0.00099536
1.46331e-05
0.00104684
-0.000180263
0.00103862
-0.000356274
0.0009743
-0.000505097
0.000860284
-0.000620625
0.000705618
-0.000699042
0.000520705
-0.000738863
0.000317292
-0.00074078
0.000106873
-0.000707518
-9.90988e-05
-0.000643211
-0.000290621
-0.000553302
-0.000458919
-0.00044418
-0.000596992
-0.000322387
-0.000700473
-0.000194583
-0.00076627
-6.72383e-05
-0.000794177
5.39549e-05
-0.000785159
0.000164029
-0.00074255
0.000258964
-0.000670393
0.000336044
-0.000574752
0.000393369
-0.000461106
0.000430227
-0.000336062
0.000446926
-0.000206299
0.000444584
-7.77484e-05
0.000425165
4.37239e-05
0.00039111
0.000153683
0.000345251
0.000248182
0.000290796
0.000324187
0.000230866
0.000380196
0.000168611
0.00041523
0.000106834
0.000429875
4.84359e-05
0.00042482
-4.97103e-06
0.000402952
-5.11905e-05
0.000366117
-8.91718e-05
0.000317674
-0.000118215
0.000260863
-0.000138048
0.000199215
-0.000148862
0.000136023
-0.000151372
7.46972e-05
-0.000146556
1.78543e-05
-0.000135625
-3.18011e-05
-0.000120051
-7.27678e-05
-0.000101311
-0.000103736
-8.10341e-05
-0.000123985
-6.06232e-05
-0.00013374
-4.14441e-05
-0.000133742
-2.45677e-05
-0.000125157
-1.08425e-05
-0.000109736
-7.84589e-07
-8.96328e-05
5.4154e-06
-6.71858e-05
7.94409e-06
-4.4936e-05
7.28711e-06
-2.5331e-05
4.28122e-06
-1.06261e-05
-2.64841e-06
0.00187826
-0.0038459
0.00378022
-0.00384669
0.00570157
-0.00377383
0.00763727
-0.0036294
0.00955022
-0.00337026
0.0114389
-0.00304757
0.0130386
-0.00238577
0.0145776
-0.00195412
0.0144034
0.000310735
0.0138626
0.00127204
0.0129696
0.00220472
0.0118194
0.00299642
0.0104784
0.00368397
0.00901178
0.0042563
0.00745586
0.00474004
0.00583668
0.0051421
0.00416758
0.00547204
0.00245628
0.00573379
0.000707116
0.00592888
-0.00107472
0.00605496
-0.00288282
0.00611038
-0.00469949
0.0060788
-0.00650767
0.0059627
-0.00825355
0.00571511
-0.00989485
0.00535798
-0.0113107
0.00479432
-0.0124632
0.00413285
-0.0124521
0.00247279
-0.0125207
0.00215816
-0.0123602
0.00154882
-0.0122019
0.00121695
-0.0119971
0.000863278
-0.0117858
0.000577589
-0.0115477
0.000297403
-0.0112895
4.68908e-05
-0.0110127
-0.000181402
-0.0107469
-0.000408208
-0.010472
-0.000624092
-0.0101835
-0.000829814
-0.00988061
-0.00102986
-0.00956191
-0.00122775
-0.00922609
-0.00142477
-0.00887268
-0.00161868
-0.00850006
-0.00181284
-0.00810584
-0.00200573
-0.00768797
-0.00219677
-0.00724559
-0.00238415
-0.00677905
-0.00256633
-0.00628747
-0.00274232
-0.00576996
-0.00290929
-0.00522859
-0.00306557
-0.00466482
-0.00320882
-0.00408156
-0.00333651
-0.00348118
-0.00344734
-0.00286739
-0.00353796
-0.00224361
-0.00360783
-0.00161424
-0.00365196
-0.000984078
-0.0036724
-0.000359273
-0.00366289
0.000256524
-0.00362828
0.000855641
-0.00356004
0.0014341
-0.00346355
0.00198529
-0.0033343
0.00250266
-0.00317339
0.00298115
-0.00298234
0.00341477
-0.00276051
0.00379828
-0.00251016
0.00412673
-0.00223241
0.00439541
-0.00192925
0.00460085
-0.0016044
0.00473975
-0.00126146
0.00480962
-0.000902994
0.00480894
-0.000534146
0.00473657
-0.000159965
0.00459446
0.000215246
0.00438358
0.000585127
0.00410648
0.000944499
0.00376696
0.00128743
0.00337069
0.00160714
0.00292381
0.00189824
0.00243276
0.00215638
0.00190658
0.00237365
0.00135426
0.00254686
0.000785892
0.00267097
0.000211421
0.00274368
-0.000357045
0.00276078
-0.000908839
0.00272015
-0.00143335
0.00262303
-0.00192022
0.00247037
-0.00235698
0.00226106
-0.00273395
0.00200117
-0.00304442
0.0016946
-0.00328062
0.00134712
-0.00343718
0.000967399
-0.00351069
0.000563115
-0.00349903
0.000143306
-0.00340161
-0.000284599
-0.00322176
-0.000702265
-0.00296426
-0.00110245
-0.00263612
-0.00147329
-0.00224673
-0.00180346
-0.00180673
-0.00208354
-0.00132953
-0.00230265
-0.000828994
-0.00245465
-0.000320603
-0.00253241
0.000179633
-0.0025321
0.000655914
-0.00245254
0.00109288
-0.00229514
0.00147659
-0.00206312
0.00179408
-0.00176425
0.00203453
-0.00140818
0.00219046
-0.0010048
0.00225642
-0.000571136
0.00223157
-0.000121888
0.00211852
0.000326859
0.00192181
0.000754883
0.00165056
0.00114581
0.00131716
0.00148244
0.000936602
0.00175015
0.000527005
0.00193657
0.000105864
0.00203373
-0.000306442
0.00203375
-0.000690841
0.00193869
-0.00102928
0.00175226
-0.0013064
0.00148219
-0.00150922
0.001143
-0.00162923
0.000751972
-0.0016622
0.000329784
-0.0016091
-0.000102196
-0.00147512
-0.000518197
-0.00127018
-0.000896323
-0.00100782
-0.0012164
-0.000705059
-0.00146086
-0.00038038
-0.00161768
-5.42221e-05
-0.00167913
0.000255963
-0.00164447
0.000532434
-0.00151811
0.00076113
-0.00131085
0.00093129
-0.00103698
0.00103646
-0.000714893
0.00107391
-0.000365399
0.00104627
-9.97915e-06
0.000958916
0.000330694
0.000820651
0.000637299
0.000642756
0.000893974
0.000438231
0.00108871
0.00022016
0.00121343
2.04107e-06
0.00126496
-0.000204163
0.00124482
-0.000387994
0.00115813
-0.000540998
0.00101329
-0.000657399
0.000822019
-0.000733619
0.000596924
-0.000768972
0.000352645
-0.000764727
0.000102629
-0.00072431
-0.000139517
-0.000652638
-0.000362292
-0.00055558
-0.000555976
-0.000440064
-0.000712507
-0.000313092
-0.000827445
-0.000181602
-0.00089776
-5.20312e-05
-0.000923748
6.97602e-05
-0.00090695
0.000179043
-0.000851833
0.000272151
-0.000763501
0.000346256
-0.000648857
0.000399972
-0.000514822
0.000432856
-0.000368946
0.000445469
-0.000218913
0.000439251
-7.15308e-05
0.000416339
6.66361e-05
0.000379365
0.000190657
0.000331382
0.000296165
0.000275401
0.000380169
0.000214825
0.000440772
0.000152718
0.000477336
9.19186e-05
0.000490674
3.46386e-05
0.0004821
-1.66998e-05
0.000454291
-6.06955e-05
0.000410112
-9.62381e-05
0.000353217
-0.000122782
0.000287407
-0.000140175
0.000216608
-0.000148716
0.000144564
-0.000149175
7.51563e-05
-0.00014265
1.13296e-05
-0.000130334
-4.41177e-05
-0.000113658
-8.94433e-05
-9.438e-05
-0.000123014
-7.38208e-05
-0.000144544
-5.34424e-05
-0.000154118
-3.45511e-05
-0.000152634
-1.81928e-05
-0.000141515
-5.15494e-06
-0.000122774
4.09447e-06
-9.88822e-05
9.39434e-06
-7.24857e-05
1.09638e-05
-4.65055e-05
9.3263e-06
-2.36935e-05
5.30927e-06
-6.60909e-06
2.66086e-06
0.00284085
-0.00668675
0.00570691
-0.00671274
0.00858702
-0.00665395
0.0114242
-0.00646654
0.0142276
-0.00617371
0.0170284
-0.0058483
0.0202925
-0.00564987
0.0245317
-0.0061934
0.0247982
4.42593e-05
0.0236694
0.00240085
0.0219011
0.00397307
0.0197987
0.00509883
0.017457
0.00602563
0.014938
0.00677529
0.012276
0.007402
0.00950687
0.00791127
0.0066638
0.00831511
0.00378018
0.00861741
0.00088861
0.00882045
-0.00197619
0.00891976
-0.00477333
0.00890752
-0.00745467
0.00876014
-0.00997355
0.00848159
-0.0122483
0.00798981
-0.0142015
0.00731119
-0.0157038
0.00629667
-0.0169348
0.00536388
-0.0164208
0.00195878
-0.0160306
0.00176795
-0.0155298
0.00104796
-0.0148678
0.000554969
-0.0142028
0.000198344
-0.0134838
-0.000141454
-0.0127945
-0.000391905
-0.0121633
-0.000584272
-0.0116101
-0.000734652
-0.0111379
-0.000880362
-0.0107243
-0.00103774
-0.0103454
-0.00120866
-0.00998112
-0.00139417
-0.00962089
-0.00158798
-0.0092602
-0.00178545
-0.00889009
-0.00198879
-0.00850366
-0.00219927
-0.00809855
-0.00241084
-0.00767113
-0.00262418
-0.00721725
-0.00283803
-0.00673663
-0.00304694
-0.00622829
-0.00325066
-0.0056924
-0.00344518
-0.00512987
-0.0036281
-0.0045428
-0.00379588
-0.00393373
-0.00394559
-0.00330494
-0.00407613
-0.00266078
-0.00418212
-0.00200603
-0.00426258
-0.00134427
-0.00431372
-0.000681093
-0.00433558
-2.26871e-05
-0.00432129
0.000625104
-0.00427607
0.00125627
-0.0041912
0.00186341
-0.00407069
0.0024411
-0.003912
0.00298258
-0.00371488
0.00348145
-0.00348121
0.00393152
-0.00321058
0.0043276
-0.00290624
0.00466254
-0.00256734
0.00493403
-0.00220074
0.00513622
-0.00180659
0.00526623
-0.00139147
0.00532151
-0.000958273
0.00530079
-0.000513436
0.00520349
-6.26556e-05
0.00503049
0.000388239
0.00478371
0.000831906
0.00446614
0.00126207
0.00408248
0.0016711
0.00363787
0.00205175
0.00313973
0.00239639
0.00259589
0.00270022
0.00201554
0.00295401
0.00140861
0.00315379
0.000786025
0.00329355
0.0001601
0.00336961
-0.000458519
0.0033794
-0.0010572
0.00331883
-0.00162357
0.0031894
-0.00214484
0.00299164
-0.00261176
0.00272798
-0.00301364
0.00240304
-0.00334214
0.0020231
-0.0035878
0.00159278
-0.00374557
0.00112517
-0.00381103
0.000628573
-0.0037829
0.00011518
-0.0036647
-0.000402803
-0.00345672
-0.000910245
-0.00316454
-0.00139464
-0.00279651
-0.00184131
-0.00236312
-0.00223686
-0.00187661
-0.00257005
-0.00135151
-0.00282775
-0.000803235
-0.00300292
-0.000248917
-0.00308673
0.000294444
-0.00307547
0.000809523
-0.00296762
0.00127958
-0.0027652
0.00168933
-0.00247287
0.00202517
-0.00210009
0.00227596
-0.00165898
0.00243343
-0.00116227
0.00249282
-0.000630524
0.00245242
-8.149e-05
0.00231627
0.000463015
0.00208976
0.000981384
0.00178349
0.00145209
0.00141111
0.00185482
0.000989579
0.00217168
0.000537443
0.00238871
7.65928e-05
0.00249458
-0.000372559
0.0024829
-0.000788996
0.00235512
-0.00115283
0.00211609
-0.00144765
0.00177701
-0.0016597
0.00135506
-0.0017802
0.00087247
-0.00180495
0.000354528
-0.0017363
-0.000170842
-0.00157998
-0.000674515
-0.00134781
-0.0011285
-0.00105567
-0.00150853
-0.000722311
-0.00179422
-0.000368565
-0.00197142
-1.53265e-05
-0.00203237
0.000316769
-0.00197656
0.0006096
-0.00181094
0.000848392
-0.00154964
0.00102229
-0.00121088
0.00112509
-0.000817691
0.00115522
-0.000395528
0.00111592
2.93252e-05
0.001014
0.000432615
0.000859838
0.000791458
0.000665934
0.00108788
0.000446114
0.00130853
0.000214984
0.00144456
-1.37352e-05
0.00149368
-0.000227545
0.00145863
-0.000415752
0.00134634
-0.000570008
0.00116754
-0.000685082
0.000937092
-0.000757685
0.000669528
-0.000787869
0.000382829
-0.000777531
9.22906e-05
-0.000730661
-0.000186386
-0.00065274
-0.000440213
-0.00055017
-0.000658546
-0.000430232
-0.000832446
-0.000300143
-0.000957533
-0.000166914
-0.00103099
-3.69931e-05
-0.00105367
8.38262e-05
-0.00102777
0.000191011
-0.000959018
0.000281081
-0.00085357
0.000351618
-0.000719394
0.000401428
-0.000564632
0.000430304
-0.000397823
0.000439187
-0.000227795
0.000429615
-6.19589e-05
0.000403913
9.23378e-05
0.000364846
0.000229724
0.000315445
0.000345566
0.000259118
0.000436496
0.000198665
0.000501225
0.000137511
0.00053849
7.81276e-05
0.000550058
2.27861e-05
0.000537441
-2.62938e-05
0.00050337
-6.78589e-05
0.000451677
-0.000100935
0.000386293
-0.000125022
0.000311494
-0.000140151
0.000231737
-0.000146691
0.000151103
-0.00014547
7.39362e-05
-0.000137573
3.43203e-06
-0.000124266
-5.7425e-05
-0.000107086
-0.000106623
-8.7459e-05
-0.00014264
-6.69183e-05
-0.000165084
-4.68355e-05
-0.000174201
-2.84403e-05
-0.000171029
-1.27255e-05
-0.00015723
-4.2346e-07
-0.000135076
8.03615e-06
-0.000107342
1.25275e-05
-7.6977e-05
1.32933e-05
-4.72713e-05
1.08621e-05
-2.12623e-05
6.07909e-06
-1.82606e-06
8.73996e-06
0.00308845
-0.0097752
0.00624704
-0.00987133
0.00961103
-0.0100179
0.0132271
-0.0100826
0.0175571
-0.0105037
0.0232544
-0.0115457
0.0332885
-0.0156839
0.0503756
-0.0232805
0.0424656
0.00795434
0.0349934
0.00987305
0.0285503
0.0104161
0.0231298
0.0105194
0.0186516
0.0105038
0.0148939
0.010533
0.0116306
0.0106653
0.00870287
0.010839
0.00599592
0.0110221
0.00341348
0.0111998
0.000870187
0.0113637
-0.00172178
0.0115117
-0.00445517
0.0116409
-0.00744407
0.011749
-0.0108239
0.0118614
-0.0148366
0.0120025
-0.0197936
0.0122682
-0.0259427
0.0124457
-0.0327984
0.0122197
-0.0227469
-0.00809275
-0.0176865
-0.00329245
-0.0155156
-0.001123
-0.0139383
-0.00102228
-0.012932
-0.000807946
-0.012188
-0.000885455
-0.0117045
-0.000875458
-0.0113164
-0.000972338
-0.0109742
-0.00107683
-0.0106167
-0.00123786
-0.0102662
-0.00138829
-0.0099305
-0.00154433
-0.00961311
-0.00171156
-0.00930206
-0.00189903
-0.00898757
-0.00209995
-0.00865407
-0.00232229
-0.00830328
-0.00255007
-0.00792596
-0.00278817
-0.00751887
-0.00303127
-0.00708079
-0.00327611
-0.00660849
-0.00351925
-0.00610307
-0.00375608
-0.00556517
-0.00398308
-0.00499614
-0.00419713
-0.00439798
-0.00439404
-0.00377303
-0.00457054
-0.00312663
-0.00472253
-0.00246208
-0.00484668
-0.00178449
-0.00494017
-0.00110036
-0.00499785
-0.000414356
-0.00502159
0.000267324
-0.00500297
0.000938202
-0.00494695
0.00159149
-0.00484449
0.00221897
-0.00469817
0.0028147
-0.00450773
0.00337147
-0.00427165
0.00388424
-0.00399398
0.00434516
-0.00367151
0.0047474
-0.00330848
0.00508738
-0.00290732
0.00535619
-0.00246954
0.00555325
-0.00200365
0.00567399
-0.0015122
0.0057157
-0.000999983
0.00567682
-0.000474562
0.00555709
5.70723e-05
0.00535747
0.000587858
0.00508034
0.00110904
0.00472904
0.00161337
0.00430843
0.0020917
0.00382483
0.00253535
0.00328562
0.00293559
0.00269926
0.00328658
0.00207588
0.00357739
0.00142603
0.00380364
0.00076194
0.00395765
9.50704e-05
0.00403648
-0.000561597
0.00403607
-0.00119475
0.00395198
-0.00179177
0.00378642
-0.00234086
0.00354073
-0.00282982
0.00321694
-0.0032479
0.00282112
-0.0035848
0.00236
-0.00383435
0.00184233
-0.0039899
0.00128073
-0.00404751
0.000686182
-0.00400592
7.35907e-05
-0.00386676
-0.00054197
-0.0036331
-0.0011439
-0.00331106
-0.00171668
-0.0029095
-0.00224287
-0.00243988
-0.00270648
-0.00191551
-0.00309442
-0.00135184
-0.00339142
-0.000765708
-0.00358905
-0.000174844
-0.0036776
0.000401725
-0.00365203
0.000945974
-0.00351187
0.00144063
-0.00325985
0.00186919
-0.00290143
0.00221751
-0.00244841
0.00247351
-0.00191498
0.00262975
-0.00131851
0.00268077
-0.000681543
0.00262584
-2.65619e-05
0.00246831
0.00062054
0.00221609
0.0012336
0.00187982
0.00178836
0.00147563
0.00225901
0.00102064
0.00262667
0.000535262
0.00287409
4.20379e-05
0.0029878
-0.000435836
0.00296078
-0.000876212
0.0027955
-0.00125882
0.0024987
-0.00156568
0.00208387
-0.00178254
0.00157192
-0.00190101
0.000990942
-0.00191695
0.000370472
-0.00183295
-0.000254847
-0.00165668
-0.000850789
-0.00140123
-0.00138394
-0.00108393
-0.00182583
-0.000725403
-0.00215275
-0.000348597
-0.00234823
2.47501e-05
-0.00240571
0.000372686
-0.0023245
0.000676218
-0.00211447
0.000920414
-0.00179384
0.00109452
-0.00138499
0.00119269
-0.000915863
0.0012146
-0.000417445
0.00116416
7.97738e-05
0.00104946
0.00054731
0.00088198
0.000958939
0.000675318
0.00129454
0.000444247
0.00153961
0.000204166
0.00168464
-3.10731e-05
0.00172891
-0.000248498
0.00167605
-0.000437761
0.0015356
-0.000590637
0.00132042
-0.000702468
0.00104892
-0.000770477
0.000737536
-0.000795207
0.000407558
-0.000779174
7.62578e-05
-0.000726804
-0.000238756
-0.000644077
-0.00052294
-0.000537967
-0.000764657
-0.000415473
-0.00095494
-0.000284244
-0.00108876
-0.000151263
-0.00116397
-2.28093e-05
-0.00118212
9.55767e-05
-0.00114616
0.000199416
-0.00106286
0.00028563
-0.000939784
0.00035208
-0.000785844
0.000397749
-0.000610302
0.000422884
-0.000422957
0.00042834
-0.000233251
0.000415997
-4.96156e-05
0.000388258
0.000120076
0.000347977
0.000270006
0.00029809
0.000395453
0.00024198
0.000492606
0.000182743
0.000560462
0.000122935
0.000598298
6.55437e-05
0.000607449
1.27126e-05
0.000590272
-3.38187e-05
0.000549902
-7.27999e-05
0.000490659
-0.000103349
0.000416842
-0.000125089
0.000333234
-0.00013813
0.000244778
-0.000142993
0.000155966
-0.000140384
7.13277e-05
-0.000131497
-5.45544e-06
-0.000117541
-7.13803e-05
-0.000100142
-0.000124023
-8.05504e-05
-0.000162232
-6.03536e-05
-0.000185281
-4.08159e-05
-0.000193738
-2.30992e-05
-0.000188746
-8.13577e-06
-0.000172194
3.39137e-06
-0.000146603
1.10874e-05
-0.000115038
1.48763e-05
-8.07659e-05
1.49776e-05
-4.73726e-05
1.19449e-05
-1.82297e-05
6.60918e-06
3.50967e-06
1.53491e-05
0.00361547
-0.0133907
0.007415
-0.0136709
0.0115474
-0.0141503
0.0161465
-0.0146817
0.0213399
-0.0156971
0.026984
-0.0171898
0.0329013
-0.0216012
0.0391952
-0.0295744
0.0339794
0.030528
0.0274655
0.0243501
0.0210593
0.0176378
0.0141859
0.0107432
0.00731793
0.00390215
0.000480034
-0.0029662
-0.00645723
-0.010016
-0.0136411
-0.0173047
-0.020886
-0.0244732
-0.0284736
-0.0248746
-0.0116917
-0.0212531
-0.006914
-0.0182254
-0.00415072
-0.0157551
-0.00349257
-0.0138911
-0.0026719
-0.0125039
-0.00227269
-0.0114841
-0.00189526
-0.0107408
-0.00171563
-0.0102107
-0.00160698
-0.00984906
-0.00159947
-0.00958063
-0.00165672
-0.00935112
-0.00177384
-0.00912786
-0.00193482
-0.00889456
-0.00213233
-0.00864043
-0.00235407
-0.00836359
-0.00259914
-0.00805379
-0.00285986
-0.00770866
-0.0031333
-0.0073264
-0.00341352
-0.00690465
-0.00369787
-0.00644466
-0.00397923
-0.0059462
-0.00425454
-0.00541117
-0.00451812
-0.0048408
-0.0047675
-0.00423824
-0.00499659
-0.00360764
-0.00520114
-0.00295248
-0.00537769
-0.00227822
-0.00552094
-0.0015883
-0.00563009
-0.00089001
-0.00569614
-0.000190251
-0.00572135
0.000505573
-0.0056988
0.00118985
-0.00563123
0.00185525
-0.00550988
0.00249536
-0.00533829
0.0031021
-0.00511447
0.0036692
-0.00483874
0.0041881
-0.00451288
0.00465252
-0.00413594
0.00505611
-0.00371206
0.00539357
-0.00324479
0.00566056
-0.00273653
0.0058501
-0.00219319
0.00596038
-0.00162249
0.00598881
-0.00102841
0.00593368
-0.000419433
0.00579508
0.000195677
0.00557401
0.00080893
0.00527293
0.00141012
0.00489548
0.00199082
0.00444689
0.0025403
0.00393384
0.0030484
0.00336426
0.00350517
0.00274711
0.00390373
0.00209285
0.00423165
0.0014129
0.00448359
0.000718988
0.00465156
2.42966e-05
0.00473117
-0.000657898
0.00471826
-0.00131431
0.00460839
-0.00193161
0.00440372
-0.00249692
0.00410605
-0.00299812
0.00371814
-0.00342437
0.00324737
-0.00376597
0.0027016
-0.00401504
0.0020914
-0.00416575
0.00143143
-0.0042141
0.00073454
-0.00415914
1.86285e-05
-0.00400218
-0.000698933
-0.00374745
-0.00139862
-0.00340152
-0.00206262
-0.00297394
-0.00267045
-0.0024768
-0.00320362
-0.00192406
-0.00364716
-0.0013322
-0.00398329
-0.000718663
-0.00420258
-0.000102559
-0.0042937
0.000496988
-0.00425158
0.00106095
-0.00407583
0.00157116
-0.00377006
0.00201057
-0.00334085
0.00236512
-0.00280296
0.00262252
-0.00217238
0.00277468
-0.00147067
0.00281668
-0.000723536
0.00274861
4.15061e-05
0.00257389
0.000795259
0.00230068
0.00150681
0.00194132
0.00214773
0.00151155
0.00268877
0.00103089
0.00310733
0.000521931
0.00338304
5.88621e-06
0.00350385
-0.000492126
0.00345879
-0.000948739
0.00325211
-0.00134306
0.00289302
-0.00165608
0.0023969
-0.00187445
0.00179029
-0.00198834
0.00110483
-0.00199493
0.000377068
-0.00189732
-0.000352458
-0.00170419
-0.00104392
-0.00142978
-0.00165835
-0.00109322
-0.00216238
-0.000716249
-0.00252972
-0.000322776
-0.0027417
6.39284e-05
-0.00279242
0.000421254
-0.00268183
0.000729982
-0.0024232
0.000975157
-0.00203901
0.00114614
-0.00155597
0.0012382
-0.00100793
0.00125144
-0.000430679
0.00119086
0.000140345
0.00106557
0.000672605
0.00088788
0.00113663
0.000672324
0.0015101
0.000434277
0.00177765
0.000189196
0.00192972
-4.8264e-05
0.00196637
-0.000265846
0.00189364
-0.000453039
0.00172279
-0.000602473
0.00146985
-0.000709389
0.00115584
-0.000772217
0.000800364
-0.000791354
0.000426696
-0.000770214
5.51186e-05
-0.000713598
-0.000295372
-0.000627826
-0.000608712
-0.000519593
-0.00087289
-0.000396746
-0.00107779
-0.000266317
-0.00121919
-0.000135335
-0.00129495
-1.00349e-05
-0.00130742
0.00010464
-0.00126083
0.00020424
-0.00116246
0.000285951
-0.00102149
0.000347961
-0.000847853
0.000389499
-0.00065184
0.000411028
-0.000444486
0.000413537
-0.00023576
0.000399044
-3.51232e-05
0.000369985
0.000149135
0.000329187
0.000310803
0.000279707
0.000444934
0.000224584
0.000547729
0.000166879
0.000618167
0.0001094
0.000655777
5.44662e-05
0.000662383
4.60497e-06
0.000640133
-3.93942e-05
0.000593901
-7.56944e-05
0.000526959
-0.000103728
0.000444876
-0.000123299
0.000352805
-0.000134473
0.000255953
-0.000137847
0.00015934
-0.000134186
6.76671e-05
-0.000124642
-1.49997e-05
-0.000110482
-8.55401e-05
-9.30688e-05
-0.000141436
-7.38966e-05
-0.000181404
-5.42528e-05
-0.000204925
-3.54238e-05
-0.000212568
-1.85057e-05
-0.000205664
-4.36835e-06
-0.000186331
6.36362e-06
-0.000157335
1.33426e-05
-0.000122017
1.64989e-05
-8.39222e-05
1.60723e-05
-4.6946e-05
1.26131e-05
-1.47704e-05
6.92192e-06
9.20081e-06
2.22711e-05
0.00131775
-0.0147084
0.00261396
-0.0149671
0.00374246
-0.0152788
0.00488553
-0.0158248
0.0056975
-0.0165091
0.00650153
-0.0179938
0.00473024
-0.0198299
-0.0248442
-0.004074
-0.00761767
-0.0063189
-0.0046691
-0.00681465
-0.00365497
-0.00764682
-0.0026604
-0.00810666
-0.00221207
-0.00853786
-0.00184148
-0.00877419
-0.00165892
-0.00891284
-0.00157698
-0.00892917
-0.00159065
-0.00888983
-0.00163881
-0.00881219
-0.00173436
-0.00871114
-0.0018749
-0.00858551
-0.00206044
-0.00843387
-0.00228398
-0.00824589
-0.00254204
-0.00802102
-0.00282401
-0.00775521
-0.00312568
-0.00744615
-0.00344236
-0.00709114
-0.00376854
-0.00669264
-0.00409637
-0.00624969
-0.00442218
-0.00576358
-0.00474065
-0.00523599
-0.00504571
-0.00467126
-0.00533223
-0.00407137
-0.00559648
-0.00344153
-0.00583098
-0.0027842
-0.00603501
-0.00210571
-0.00619943
-0.00141239
-0.00632342
-0.000710403
-0.00639812
-5.21509e-06
-0.00642653
0.000695062
-0.00639907
0.00138431
-0.00632048
0.0020531
-0.00617868
0.00269662
-0.0059818
0.00330518
-0.00572304
0.00387259
-0.00540615
0.00439089
-0.00503117
0.00485375
-0.0045988
0.0052544
-0.00411271
0.00558699
-0.00357739
0.00584663
-0.00299617
0.00602813
-0.0023747
0.00612856
-0.00172291
0.00614505
-0.0010449
0.00607665
-0.000351029
0.00592325
0.000349077
0.00568583
0.00104635
0.00536717
0.00172877
0.00497146
0.00238654
0.00450383
0.00300792
0.00397137
0.00358086
0.00338227
0.00409427
0.00274572
0.00454028
0.0020725
0.00490488
0.00137422
0.00518187
0.000663667
0.0053621
-4.61865e-05
0.00544102
-0.000742257
0.00541433
-0.00141015
0.00527627
-0.00203667
0.00503024
-0.00260874
0.00467812
-0.0031142
0.0042236
-0.00354184
0.00367501
-0.00388198
0.00304174
-0.00412671
0.00233613
-0.00427028
0.00157501
-0.0043091
0.000773359
-0.00424221
-4.82661e-05
-0.00407121
-0.000869928
-0.00380065
-0.00166919
-0.00343745
-0.00242582
-0.00299174
-0.00311615
-0.00247603
-0.00371933
-0.00190506
-0.00421813
-0.00129546
-0.00459289
-0.00066585
-0.00483219
-3.48538e-05
-0.0049247
0.000577224
-0.00486366
0.00115114
-0.00464974
0.00166835
-0.00428728
0.00211176
-0.00378425
0.00246648
-0.00315768
0.00272133
-0.00242723
0.00286725
-0.00161659
0.00290046
-0.000756748
0.00282053
0.000121437
0.00263186
0.000983928
0.00234321
0.00179545
0.00196746
0.00252348
0.00152142
0.00313481
0.00102431
0.00360444
0.000498175
0.00390918
-3.02809e-05
0.0040323
-0.000539185
0.00396769
-0.00100408
0.00371701
-0.0014032
0.00329213
-0.00171786
0.00271156
-0.00193355
0.00200598
-0.00204142
0.0012127
-0.00203863
0.000374283
-0.00192935
-0.000461743
-0.00172295
-0.00125032
-0.00143517
-0.00194613
-0.00108532
-0.00251223
-0.000696374
-0.00291867
-0.000292476
-0.0031456
0.000100147
-0.00318504
0.000460696
-0.00304237
0.000769618
-0.00273212
0.00101179
-0.00228119
0.00117713
-0.0017213
0.00126197
-0.00109276
0.00126668
-0.00043539
0.0011974
0.000209625
0.00106394
0.000806065
0.000879414
0.00132115
0.00065882
0.00173069
0.000417798
0.00201867
0.000172011
0.00217551
-6.43326e-05
0.00220272
-0.000278778
0.00210808
-0.000461447
0.00190546
-0.000605555
0.00161396
-0.000706537
0.00125682
-0.000763583
0.00085741
-0.000777652
0.000440765
-0.00075219
2.9657e-05
-0.000692655
-0.000354908
-0.000605036
-0.000696331
-0.00049671
-0.000981215
-0.000375069
-0.00119943
-0.000247151
-0.00134711
-0.000119741
-0.00142236
1.32394e-06
-0.00142849
0.000111046
-0.00137055
0.000205651
-0.00125706
0.000282405
-0.00109825
0.000339807
-0.000905256
0.000377338
-0.000689371
0.000395513
-0.000462661
0.000395558
-0.000235805
0.000379551
-1.91167e-05
0.000349792
0.000178895
0.000309195
0.0003514
0.000260754
0.000493375
0.000207263
0.000601219
0.000151767
0.000673664
9.68821e-05
0.000710661
4.48366e-05
0.000714428
-2.35619e-06
0.000687326
-4.32432e-05
0.000634788
-7.68043e-05
0.00056052
-0.000102435
0.000470507
-0.000119922
0.000370291
-0.000129445
0.000265476
-0.000131595
0.00016149
-0.000127168
6.32401e-05
-0.000117257
-2.49103e-05
-0.000103116
-9.96812e-05
-8.60573e-05
-0.000158495
-6.74336e-05
-0.000200028
-4.85698e-05
-0.000223789
-3.06202e-05
-0.000230517
-1.46106e-05
-0.000221673
-1.3518e-06
-0.00019959
8.5844e-06
-0.000167271
1.48881e-05
-0.000128321
1.74995e-05
-8.65336e-05
1.66693e-05
-4.61158e-05
1.29301e-05
-1.10312e-05
7.05109e-06
1.50798e-05
2.93221e-05
0.00084813
-0.0155565
0.00175317
-0.0158721
0.00265794
-0.0161836
0.00357402
-0.0167409
0.00428096
-0.017216
0.00458412
-0.0182969
0.00346365
-0.0187094
-0.0213805
-0.00317655
-0.00444113
-0.00515989
-0.00268576
-0.00602899
-0.00278587
-0.00658982
-0.00209957
-0.0069128
-0.00188908
-0.00716599
-0.0015883
-0.00738579
-0.00143912
-0.00760197
-0.0013608
-0.00779611
-0.0013965
-0.00793984
-0.00149508
-0.00802838
-0.00164581
-0.00806014
-0.00184314
-0.00803863
-0.00208195
-0.00796461
-0.002358
-0.00784125
-0.00266541
-0.00766601
-0.00299925
-0.00743915
-0.00335254
-0.0071615
-0.00372001
-0.00683409
-0.00409595
-0.00645659
-0.00447387
-0.00603106
-0.00484771
-0.00555938
-0.00521233
-0.00504438
-0.00556071
-0.00448799
-0.00588861
-0.00389589
-0.00618859
-0.00327077
-0.00645611
-0.00261976
-0.00668602
-0.00194693
-0.00687226
-0.00125776
-0.00701259
-0.000559687
-0.00709619
0.000141312
-0.00712753
0.000837629
-0.00709539
0.00152138
-0.00700423
0.00218718
-0.00684447
0.0028255
-0.00662012
0.00343007
-0.00632761
0.00399008
-0.00596616
0.00450216
-0.00554326
0.00495777
-0.00505441
0.00534975
-0.00450469
0.00567434
-0.00390198
0.00592428
-0.0032461
0.00609663
-0.00254705
0.00618705
-0.00181333
0.00619324
-0.00105109
0.0061141
-0.000271892
0.00594956
0.000513617
0.00570137
0.00129454
0.00537193
0.00205821
0.00496549
0.00279298
0.00448765
0.00348576
0.0039454
0.00412312
0.00334714
0.00469253
0.00270236
0.00518506
0.00202183
0.00558541
0.00131747
0.00588623
0.000601671
0.00607791
-0.000111851
0.00615455
-0.000810232
0.00611271
-0.00147904
0.00594508
-0.00210503
0.00565624
-0.00267516
0.00524825
-0.00317712
0.00472556
-0.00359984
0.00409773
-0.00393374
0.00337564
-0.00417116
0.00257355
-0.00430631
0.00171016
-0.00433579
0.000802832
-0.00425878
-0.000125274
-0.00407728
-0.00105143
-0.00379608
-0.00195039
-0.00342245
-0.00279945
-0.00296669
-0.00357191
-0.0024416
-0.00424442
-0.00186202
-0.00479771
-0.00124515
-0.00520976
-0.000609554
-0.00546778
2.58895e-05
-0.00556014
0.000640669
-0.00547844
0.0012155
-0.00522457
0.00173142
-0.0048032
0.00217225
-0.00422507
0.00252248
-0.00350792
0.00277096
-0.00267571
0.00290953
-0.00175516
0.00293389
-0.000781106
0.00284437
0.000210951
0.00264588
0.00118243
0.0023473
0.00209403
0.00196178
0.00290901
0.00150609
0.0035905
0.00100234
0.00410819
0.000471672
0.00443985
-6.3287e-05
0.00456726
-0.00057514
0.00447955
-0.00104108
0.00418295
-0.00143903
0.00369008
-0.00175024
0.00302277
-0.00196035
0.00221609
-0.00206151
0.00131386
-0.00205068
0.000363454
-0.00193211
-0.000580314
-0.00171643
-0.001466
-0.0014195
-0.00224306
-0.0010621
-0.00286964
-0.000668253
-0.00331252
-0.000262114
-0.00355174
0.000131809
-0.00357896
0.000490231
-0.0034008
0.000794701
-0.00303659
0.00103041
-0.00251689
0.00118868
-0.00187958
0.00126528
-0.00116936
0.00126214
-0.000432248
0.00118587
0.000285892
0.00104695
0.000944987
0.000858828
0.00150927
0.00063676
0.00195276
0.000396481
0.00225895
0.000153495
0.0024185
-7.83724e-05
0.00243459
-0.000286993
0.0023167
-0.000463114
0.00208158
-0.000600305
0.00175115
-0.00069477
0.00135129
-0.000745922
0.000908562
-0.000755178
0.000450021
-0.000726558
1.03759e-06
-0.000665052
-0.000416414
-0.000577332
-0.000784051
-0.00047045
-0.0010881
-0.00035153
-0.00131835
-0.000227509
-0.00147113
-0.000104906
-0.00154496
1.07767e-05
-0.00154417
0.000114877
-0.00147465
0.000203976
-0.00134616
0.000275503
-0.00116977
0.00032824
-0.000957994
0.000361944
-0.000723074
0.0003771
-0.000477817
0.000375166
-0.000233872
0.000358116
-2.06588e-06
0.000328338
0.000208672
0.000288551
0.000391188
0.000241604
0.000540322
0.000190275
0.000652548
0.000137432
0.000726506
8.55138e-05
0.00076258
3.67023e-05
0.00076324
-7.57277e-06
0.000731601
-4.55405e-05
0.000672756
-7.64256e-05
0.000591405
-9.97303e-05
0.000493811
-0.000115313
0.000385874
-0.0001234
0.000273563
-0.000124536
0.000162626
-0.000119574
5.8278e-05
-0.000109544
-3.49406e-05
-9.56591e-05
-0.000113566
-7.91444e-05
-0.00017501
-6.13097e-05
-0.000217863
-4.33496e-05
-0.000241749
-2.6391e-05
-0.000247476
-1.13507e-05
-0.000236714
1.00086e-06
-0.000211941
1.01528e-05
-0.000176423
1.58226e-05
-0.00013399
1.79725e-05
-8.86835e-05
1.68431e-05
-4.49863e-05
1.29509e-05
-7.13902e-06
7.03117e-06
2.09996e-05
3.63533e-05
0.000557508
-0.0161141
0.0011081
-0.0164227
0.00160479
-0.0166803
0.00200106
-0.0171372
0.00221978
-0.0174347
0.00211251
-0.0181897
0.00167157
-0.0182685
-0.0197089
-0.00194857
-0.00249256
-0.00310115
-0.00153318
-0.00417278
-0.00171424
-0.00498355
-0.0012888
-0.00563744
-0.0012352
-0.00615268
-0.00107305
-0.00654286
-0.00104895
-0.00684747
-0.00105619
-0.00709938
-0.00114459
-0.00729791
-0.00129655
-0.00744288
-0.00150084
-0.00753104
-0.00175499
-0.00756315
-0.00204984
-0.0075356
-0.00238554
-0.00745172
-0.0027493
-0.00731098
-0.00313998
-0.00711442
-0.00354909
-0.00686242
-0.00397201
-0.00655683
-0.00440153
-0.00619875
-0.00483196
-0.00579038
-0.00525608
-0.00533428
-0.00566843
-0.00483317
-0.00606182
-0.00429094
-0.00643084
-0.00371145
-0.00676808
-0.00309906
-0.00706849
-0.00246018
-0.0073249
-0.0017983
-0.00753415
-0.00112102
-0.00768988
-0.000434254
-0.00778296
0.000254489
-0.00781627
0.000938606
-0.00777951
0.001611
-0.00767662
0.00226384
-0.00749732
0.00288956
-0.00724584
0.00348026
-0.00691831
0.00403005
-0.00651594
0.00452858
-0.00604179
0.00497165
-0.00549748
0.00535379
-0.00488683
0.00566614
-0.00421432
0.00590551
-0.00348547
0.00606716
-0.00270869
0.00614784
-0.00189402
0.00614529
-0.00104855
0.00605819
-0.000184793
0.00588692
0.000684887
0.00563286
0.00154861
0.00529852
0.00239254
0.00488848
0.00320302
0.00440842
0.00396583
0.00386542
0.00466611
0.00326777
0.00529018
0.00262473
0.00582809
0.00194739
0.00626276
0.00124737
0.00658625
0.000537362
0.00678791
-0.000169806
0.00686171
-0.000860344
0.00680325
-0.00152066
0.0066054
-0.00213735
0.00627292
-0.00269764
0.00580854
-0.0031894
0.00521732
-0.00360198
0.00451031
-0.00392572
0.00369938
-0.00415321
0.00280104
-0.00427897
0.00183591
-0.00429985
0.000823713
-0.00421522
-0.000209904
-0.00402712
-0.00123952
-0.00374045
-0.00223706
-0.00336263
-0.00317726
-0.00290428
-0.00403027
-0.00237809
-0.00477061
-0.00179923
-0.00537657
-0.00118431
-0.00582468
-0.00055149
-0.0061006
7.83782e-05
-0.00619001
0.000686862
-0.00608692
0.00125441
-0.00579212
0.00176271
-0.0053115
0.00219471
-0.00465708
0.0025358
-0.003849
0.00277553
-0.00291544
0.00290534
-0.00188497
0.00292195
-0.000797717
0.00282546
0.000307445
0.0026208
0.00138708
0.00231772
0.00239711
0.00192939
0.00329734
0.00147321
0.00404668
0.000968303
0.0046131
0.00043738
0.00497077
-9.22348e-05
0.00509688
-0.000599704
0.00498701
-0.00105982
0.00464307
-0.00145127
0.00408153
-0.00175521
0.00332671
-0.0019579
0.00241877
-0.00205103
0.00140699
-0.00203277
0.000345191
-0.00190763
-0.000705454
-0.00168661
-0.00168702
-0.00138618
-0.00254348
-0.00102727
-0.00322856
-0.000633292
-0.00370649
-0.000230717
-0.00395431
0.000157997
-0.00396768
0.000509777
-0.00375258
0.000805937
-0.00333275
0.00103283
-0.00274378
0.00118197
-0.00202872
0.0012503
-0.00123769
0.00124034
-0.000422293
0.00115893
0.000367304
0.0010171
0.00108682
0.000828444
0.00169793
0.000608237
0.00217296
0.000371976
0.00249521
0.000134758
0.00265572
-8.98541e-05
0.0026592
-0.000290518
0.00251737
-0.000458486
0.00224955
-0.000587835
0.0018805
-0.000675342
0.00143879
-0.000720731
0.00095395
-0.00072581
0.0004551
-0.000694726
-3.0046e-05
-0.000632609
-0.000478531
-0.000546017
-0.000870643
-0.000441869
-0.00119225
-0.000326934
-0.00143328
-0.000207994
-0.00159007
-9.11509e-05
-0.00166181
1.83959e-05
-0.00165372
0.000116392
-0.00157265
0.000199601
-0.00142937
0.000265836
-0.00123601
0.000314015
-0.00100617
0.000344081
-0.00075314
0.000356618
-0.000490354
0.00035313
-0.000230383
0.00033548
1.55833e-05
0.000306063
0.000238089
0.000267528
0.000429723
0.000222552
0.000585297
0.00017385
0.000701251
0.000123964
0.000776392
7.52238e-05
0.00081132
2.95402e-05
0.000808924
-1.14831e-05
0.000772625
-4.65476e-05
0.00070782
-7.4828e-05
0.000619685
-9.59307e-05
0.000514914
-0.000109768
0.000399711
-0.000116604
0.0002804
-0.000116966
0.000162988
-0.000111672
5.29844e-05
-0.000101703
-4.491e-05
-8.82258e-05
-0.000127043
-7.24586e-05
-0.000190777
-5.55341e-05
-0.000234787
-3.85963e-05
-0.000258687
-2.26813e-05
-0.000263391
-8.66298e-06
-0.000250732
2.77947e-06
-0.000223384
1.11706e-05
-0.000184814
1.62551e-05
-0.000139075
1.80139e-05
-9.04423e-05
1.6678e-05
-4.36504e-05
1.2737e-05
-3.19805e-06
6.88946e-06
2.68471e-05
4.32428e-05
0.00027361
-0.0163877
0.000532944
-0.0166821
0.000754409
-0.0169017
0.000894649
-0.0172774
0.00096073
-0.0175008
0.000829702
-0.0180587
0.000693824
-0.0181326
-0.0190151
-0.0013046
-0.00118796
-0.00224627
-0.000591507
-0.00318902
-0.000771493
-0.00396355
-0.000514267
-0.00466129
-0.000537457
-0.00524797
-0.000486378
-0.00573991
-0.000557008
-0.00614543
-0.000650676
-0.00647374
-0.00081628
-0.00673349
-0.0010368
-0.00692617
-0.00130815
-0.00705373
-0.00162743
-0.00711871
-0.00198486
-0.00712439
-0.00237986
-0.00706863
-0.00280506
-0.00695349
-0.00325513
-0.0067797
-0.00372288
-0.00654838
-0.00420333
-0.00626163
-0.00468829
-0.00592156
-0.00517203
-0.00553059
-0.00564705
-0.00509105
-0.00610797
-0.00460695
-0.00654592
-0.0040819
-0.00695589
-0.00351932
-0.00733066
-0.00292472
-0.00766309
-0.00230203
-0.0079476
-0.00165881
-0.00817736
-0.00099984
-0.00834884
-0.000332129
-0.00845067
0.000338287
-0.00848669
0.00100344
-0.00844466
0.00165698
-0.00833016
0.00229079
-0.00813113
0.00289779
-0.00785284
0.00347059
-0.00749111
0.00400149
-0.00704685
0.00448465
-0.00652495
0.0049114
-0.00592423
0.00527756
-0.00525299
0.00557646
-0.00451322
0.00580341
-0.00371242
0.00595424
-0.00285953
0.00602604
-0.00196582
0.0060165
-0.00103901
0.00592421
-9.24972e-05
0.00574937
0.000859723
0.00549355
0.00180443
0.00516018
0.00272591
0.00475307
0.00361012
0.00427799
0.00444091
0.00374194
0.00520216
0.00315308
0.00587904
0.00252054
0.00646063
0.00185541
0.00692789
0.00116903
0.00727263
0.000473677
0.00748326
-0.000217737
0.00755313
-0.000892186
0.0074777
-0.00153589
0.00724909
-0.00213602
0.00687305
-0.00268029
0.00635281
-0.00315651
0.00569355
-0.00355449
0.00490829
-0.00386497
0.00400986
-0.00408093
0.003017
-0.00419703
0.00195202
-0.00421022
0.000836904
-0.00411994
-0.000300185
-0.00392858
-0.00143089
-0.00364129
-0.00252435
-0.0032653
-0.00355326
-0.00281105
-0.00448451
-0.00229134
-0.00529033
-0.00172031
-0.0059476
-0.00111633
-0.00642866
-0.000496131
-0.0067208
0.000121471
-0.00680761
0.000716352
-0.0066818
0.00126986
-0.00634563
0.001764
-0.00580564
0.00218253
-0.00507561
0.0025118
-0.00417828
0.00274035
-0.00314399
0.00286105
-0.00200567
0.00287049
-0.000807158
0.00276858
0.000409355
0.00256217
0.0015935
0.00225935
0.00269993
0.00187378
0.0036829
0.00142208
0.00449838
0.00092519
0.00510999
0.000405191
0.00549077
-0.000116146
0.00561821
-0.000612708
0.00548358
-0.00106183
0.00509219
-0.00144211
0.00446182
-0.00173563
0.00362023
-0.00192875
0.0026119
-0.00201388
0.00149211
-0.00198956
0.000320874
-0.00186023
-0.00083478
-0.00163743
-0.00190982
-0.00133795
-0.00284297
-0.000982778
-0.00358373
-0.000595234
-0.00409403
-0.000199825
-0.00434972
0.0001787
-0.0043462
0.000519525
-0.0040934
0.000804459
-0.00361768
0.00102046
-0.00295979
0.00115969
-0.00216796
0.00122001
-0.001298
0.00120417
-0.000406453
0.00111948
0.00045199
0.000977176
0.00122912
0.000790744
0.00188436
0.000575187
0.00238852
0.000345709
0.00272469
0.00011682
0.0028846
-9.85832e-05
0.0028746
-0.000289763
0.00270855
-0.000448384
0.00240817
-0.000569314
0.00200143
-0.000649682
0.00151916
-0.000689574
0.000993842
-0.000691269
0.000456795
-0.000658591
-6.27243e-05
-0.000596836
-0.000540286
-0.000512412
-0.000955067
-0.000411955
-0.0012927
-0.000302075
-0.00154316
-0.000189045
-0.0017031
-7.86479e-05
-0.0017722
2.43033e-05
-0.00175667
0.000115844
-0.00166419
0.000193052
-0.00150658
0.000253992
-0.00129695
0.00029781
-0.00104999
0.000324511
-0.000779842
0.00033479
-0.000500632
0.000330089
-0.000225682
0.000312359
3.33129e-05
0.000283697
0.000266752
0.000246785
0.000466635
0.000204112
0.00062797
0.000158208
0.000747155
0.000111455
0.000823146
6.59987e-05
0.000856776
2.36854e-05
0.000851237
-1.42872e-05
0.000810597
-4.64928e-05
0.000740026
-7.22836e-05
0.000645476
-9.13273e-05
0.000533958
-0.000103593
0.000411976
-0.000109346
0.000286153
-0.000109117
0.000162758
-0.000103681
4.75482e-05
-9.39621e-05
-5.46289e-05
-8.10665e-05
-0.000139939
-6.60901e-05
-0.000205753
-5.01451e-05
-0.000250732
-3.42917e-05
-0.00027454
-1.94712e-05
-0.000278211
-6.4671e-06
-0.000263736
4.07496e-06
-0.000233926
1.17386e-05
-0.000192478
1.62854e-05
-0.000143622
1.77167e-05
-9.18736e-05
1.62492e-05
-4.21829e-05
1.23399e-05
7.11204e-07
6.65563e-06
3.25315e-05
4.98984e-05
0.000153835
-0.0165415
0.000293334
-0.0168216
0.000417263
-0.0170257
0.000482706
-0.0173428
0.000523835
-0.0175419
0.00043146
-0.0179663
0.000362967
-0.0180641
-0.0186522
-0.00108472
-0.000103236
-0.00192163
0.000245401
-0.00276977
7.66484e-05
-0.00348761
0.000203573
-0.00414281
0.000117741
-0.00471353
8.43446e-05
-0.00521064
-5.98964e-05
-0.0056331
-0.000228216
-0.00598051
-0.000468876
-0.00626362
-0.000753693
-0.00647634
-0.00109543
-0.00662601
-0.00147776
-0.00670945
-0.00190142
-0.00673115
-0.00235816
-0.00669153
-0.00284468
-0.00659247
-0.00335419
-0.00643469
-0.00388066
-0.00621979
-0.00441824
-0.00594989
-0.00495819
-0.00562655
-0.00549537
-0.0052526
-0.00602099
-0.00483182
-0.00652875
-0.00436688
-0.00701086
-0.00386117
-0.0074616
-0.00332014
-0.00787168
-0.00274705
-0.00823618
-0.00214763
-0.00854702
-0.00152745
-0.00879754
-0.000892342
-0.00898396
-0.000248553
-0.00909446
0.000397134
-0.00913238
0.00103764
-0.00908517
0.00166641
-0.00895893
0.00227606
-0.00874079
0.00285909
-0.00843586
0.00340852
-0.00804055
0.00391743
-0.00755575
0.00437939
-0.00698691
0.00478727
-0.00633211
0.00513601
-0.00560173
0.00541972
-0.00479694
0.00563293
-0.00392563
0.00577316
-0.00299976
0.0058364
-0.00202905
0.00582141
-0.00102402
0.00572592
2.99618e-06
0.00555072
0.00103492
0.00529735
0.0020578
0.00496965
0.00305361
0.00457079
0.00400898
0.0041067
0.004905
0.00358417
0.00572469
0.00301144
0.00645177
0.00239673
0.00707534
0.00175134
0.00757327
0.0010861
0.00793787
0.000413061
0.00815631
-0.000255311
0.0082215
-0.00090652
0.00812891
-0.00152734
0.00786991
-0.00210495
0.00745067
-0.00262799
0.00687585
-0.00308451
0.00615007
-0.00346456
0.00528834
-0.00375951
0.00430481
-0.00396264
0.00322013
-0.0040689
0.00205828
-0.00407551
0.000843513
-0.00398192
-0.000393774
-0.00379073
-0.00162209
-0.00350698
-0.0028081
-0.00313775
-0.00392248
-0.00269356
-0.00492871
-0.00218637
-0.00579751
-0.00163128
-0.0065027
-0.00104405
-0.00701589
-0.000441983
-0.00732286
0.00015559
-0.00740518
0.000730435
-0.00725665
0.00126433
-0.00687952
0.00173994
-0.00628125
0.00214126
-0.00547693
0.00245523
-0.00449225
0.00267153
-0.00336029
0.00278253
-0.00211666
0.00278626
-0.000810891
0.00268221
0.000513403
0.00247629
0.00179941
0.00217808
0.00299815
0.00180045
0.00406053
0.00136028
0.00493856
0.000875931
0.00559433
0.000369637
0.00599706
-0.000134847
0.0061227
-0.000615204
0.00596393
-0.00104862
0.00552561
-0.00141433
0.00482753
-0.00169494
0.00390084
-0.00187742
0.00279438
-0.00195463
0.00156932
-0.00192527
0.000291513
-0.00179434
-0.000965705
-0.00157338
-0.00213078
-0.00127876
-0.00313759
-0.000931224
-0.00393126
-0.000554217
-0.00447104
-0.000171639
-0.0047323
0.00019362
-0.00471146
0.00052047
-0.00442025
0.000791854
-0.00388906
0.000995574
-0.00316351
0.00112454
-0.00229692
0.00117712
-0.00135059
0.00115662
-0.00038595
0.00107035
0.000538256
0.000929585
0.00136989
0.00074771
0.00206624
0.000539208
0.00259702
0.00031869
0.00294521
9.99938e-05
0.0031033
-0.000104557
0.00307915
-0.000285016
0.002889
-0.000433675
0.00255683
-0.000545842
0.0021136
-0.000619199
0.00159252
-0.000654113
0.00102876
-0.00065289
0.000455573
-0.000619314
-9.63003e-05
-0.000558985
-0.000600616
-0.000477568
-0.00103648
-0.000381615
-0.00138865
-0.000277529
-0.00164725
-0.000171067
-0.00180956
-6.7492e-05
-0.00187578
2.86052e-05
-0.00185277
0.000113572
-0.00174916
0.000184798
-0.0015778
0.000240612
-0.00135276
0.000280253
-0.00108963
0.000303879
-0.000803467
0.000312221
-0.000508975
0.000306712
-0.000220172
0.000289082
5.09427e-05
0.000261674
0.00029416
0.000226601
0.000501707
0.000186437
0.000668134
0.000143485
0.000790107
9.99482e-05
0.000866682
5.77972e-05
0.000898927
1.88016e-05
0.000890232
-1.61547e-05
0.000845553
-4.56026e-05
0.000769474
-6.90348e-05
0.000668908
-8.61729e-05
0.000551096
-9.70213e-05
0.000422825
-0.000101844
0.000290975
-0.000101175
0.00016209
-9.57229e-05
4.20962e-05
-8.63659e-05
-6.39859e-05
-7.41404e-05
-0.000152164
-6.00603e-05
-0.000219834
-4.51654e-05
-0.000265627
-3.04148e-05
-0.000289291
-1.66857e-05
-0.00029194
-4.70787e-06
-0.000275714
4.9667e-06
-0.000243601
1.19353e-05
-0.000199446
1.60016e-05
-0.000147688
1.71591e-05
-9.3031e-05
1.56161e-05
-4.064e-05
1.18107e-05
4.51665e-06
6.35382e-06
3.79883e-05
5.62522e-05
9.33217e-05
-0.0166348
0.0001734
-0.0169016
0.000246187
-0.0170985
0.000274057
-0.0173707
0.000295058
-0.0175629
0.000228369
-0.0178996
0.000195855
-0.0180316
-0.0184563
-0.000904601
0.000801365
-0.00165173
0.000992532
-0.00242859
0.000853501
-0.00310783
0.000882816
-0.00373969
0.000749602
-0.00429498
0.00063963
-0.00478668
0.00043181
-0.005208
0.000193104
-0.00556225
-0.000114633
-0.00584557
-0.000470374
-0.00606453
-0.000876467
-0.00621948
-0.00132281
-0.0063107
-0.00181021
-0.00634143
-0.00232743
-0.00631206
-0.00287405
-0.00622317
-0.00344307
-0.00607827
-0.00402556
-0.00587732
-0.00461919
-0.0056228
-0.0052127
-0.00531655
-0.00580162
-0.00496125
-0.00637629
-0.00455972
-0.00693028
-0.00411619
-0.00745439
-0.00363415
-0.00794364
-0.00311678
-0.00838905
-0.00256865
-0.00878432
-0.00199599
-0.00911968
-0.00140307
-0.00939046
-0.000796493
-0.00959053
-0.000181531
-0.00970942
0.000435208
-0.00974912
0.00104626
-0.00969622
0.00164595
-0.00955862
0.00222678
-0.00932162
0.00278211
-0.00899118
0.00330477
-0.00856321
0.00378835
-0.00803933
0.00422704
-0.0074256
0.00461281
-0.00671788
0.00494262
-0.00593154
0.00520882
-0.00506313
0.0054097
-0.00412651
0.00553808
-0.00312815
0.00559369
-0.00208466
0.00557496
-0.00100529
0.00547819
9.97592e-05
0.00530545
0.00120766
0.00505825
0.002305
0.0047396
0.00337226
0.00435343
0.00439515
0.00390545
0.00535298
0.00340182
0.00622832
0.00285054
0.00700305
0.00225957
0.00766631
0.00163976
0.00819309
0.00100192
0.00857571
0.000356953
0.00880127
-0.000282793
0.00886124
-0.000905294
0.00875141
-0.00149818
0.0084628
-0.00204883
0.00800132
-0.00254658
0.0073736
-0.00298027
0.00658375
-0.00334015
0.00564822
-0.00361813
0.00458279
-0.00380769
0.00340969
-0.00390436
0.00215495
-0.00390561
0.000844764
-0.00381048
-0.000488903
-0.00362214
-0.00181043
-0.00334543
-0.00308481
-0.00298732
-0.00428059
-0.00255774
-0.00535829
-0.00206856
-0.00628669
-0.00153398
-0.00703729
-0.000969662
-0.0075802
-0.000391972
-0.00790055
0.000180952
-0.00797811
0.000731004
-0.0078067
0.0012409
-0.00738942
0.00169418
-0.00673452
0.00207553
-0.00585829
0.00237262
-0.00478933
0.00257548
-0.00356315
0.00267722
-0.0022184
0.00267576
-0.00080943
0.0025711
0.000618066
0.00236913
0.00200138
0.00207908
0.0032882
0.00171357
0.00442604
0.00128859
0.00536353
0.000821639
0.00606129
0.000335775
0.00648293
-0.000148299
0.00660677
-0.000608535
0.00642417
-0.00102244
0.00593952
-0.001371
0.00517608
-0.00163678
0.00416662
-0.00180777
0.00296537
-0.00187742
0.00163897
-0.00184444
0.000258529
-0.00171388
-0.00109626
-0.0014974
-0.00234726
-0.00121099
-0.003424
-0.00087534
-0.00426691
-0.000512283
-0.0048341
-0.000145317
-0.00509927
0.000203184
-0.00505996
0.000513678
-0.00473075
0.000769922
-0.00414531
0.000960509
-0.00335409
0.00107907
-0.00241548
0.0011244
-0.00139592
0.0011006
-0.000362143
0.00101416
0.000624694
0.000876796
0.00150725
0.00070133
0.0022417
0.000501651
0.0027967
0.000291711
0.00315515
8.46812e-05
0.00331033
-0.000107979
0.00327181
-0.000276966
0.00305799
-0.000415366
0.00269523
-0.000518688
0.00221692
-0.00058532
0.00165915
-0.000615615
0.00105905
-0.00061199
0.000451948
-0.00057838
-0.00012991
-0.000519906
-0.00065909
-0.000442465
-0.00111392
-0.000351582
-0.00147954
-0.000253924
-0.00174491
-0.000154036
-0.00190945
-5.76485e-05
-0.00197217
3.15002e-05
-0.00194192
0.000109914
-0.00182757
0.000175294
-0.00164318
0.00022615
-0.00140362
0.000261928
-0.00112541
0.000282777
-0.000824316
0.000289476
-0.000515673
0.000283387
-0.000214084
0.000266259
6.80708e-05
0.000240101
0.000320318
0.000207167
0.000534641
0.00016967
0.000705632
0.00012979
0.000829987
8.95656e-05
0.000906906
5.05852e-05
0.000937907
1.45822e-05
0.000926236
-1.72608e-05
0.000877396
-4.40807e-05
0.000796294
-6.5297e-05
0.000690125
-8.068e-05
0.000566479
-9.02598e-05
0.000432405
-9.43063e-05
0.000295022
-9.33089e-05
0.000161092
-8.79511e-05
3.67384e-05
-7.90412e-05
-7.28959e-05
-6.75499e-05
-0.000163655
-5.44038e-05
-0.00023298
-4.05792e-05
-0.000279451
-2.69434e-05
-0.000302927
-1.42956e-05
-0.000304588
-3.29684e-06
-0.000286713
5.53338e-06
-0.000252431
1.18526e-05
-0.000205765
1.54784e-05
-0.000151314
1.64108e-05
-9.39633e-05
1.48436e-05
-3.90728e-05
1.11845e-05
8.17572e-06
6.0058e-06
4.3167e-05
6.2258e-05
6.4642e-05
-0.0166995
0.000113978
-0.016951
0.000160217
-0.0171447
0.00017228
-0.0173828
0.000184798
-0.0175755
0.00013708
-0.0178519
0.00011903
-0.0180136
-0.0183373
-0.000792502
0.00159387
-0.00149193
0.00169196
-0.00219983
0.0015614
-0.00283829
0.00152128
-0.00342811
0.00133942
-0.00395757
0.00116908
-0.00442867
0.00090291
-0.00483549
0.00059993
-0.00518152
0.00023139
-0.00546202
-0.000189874
-0.00567486
-0.000663626
-0.00582514
-0.00117252
-0.00591953
-0.00171582
-0.00595239
-0.00229458
-0.00592788
-0.00289855
-0.00584906
-0.0035219
-0.00571477
-0.00415984
-0.00552608
-0.00480788
-0.00528623
-0.00545255
-0.00499595
-0.0060919
-0.00465924
-0.00671301
-0.00427896
-0.00731056
-0.00385837
-0.00787498
-0.00340104
-0.00840097
-0.00291096
-0.00887913
-0.00239079
-0.00930449
-0.0018477
-0.00966277
-0.00128566
-0.0099525
-0.000710901
-0.0101653
-0.000127607
-0.0102927
0.000456176
-0.0103329
0.0010344
-0.0102744
0.00160185
-0.0101261
0.00215128
-0.00987105
0.00267603
-0.00951593
0.00316898
-0.00905616
0.00362436
-0.00849472
0.00403805
-0.00783929
0.00440114
-0.00708098
0.00471023
-0.00624063
0.0049591
-0.005312
0.0051459
-0.00431331
0.00526335
-0.0032456
0.00531163
-0.00213293
0.00529148
-0.000985139
0.00519449
0.000196747
0.00502639
0.00137576
0.00478803
0.00254336
0.00448175
0.00367854
0.00411156
0.00476535
0.00368316
0.00578138
0.00320271
0.00670877
0.00267749
0.00752828
0.00211399
0.00822981
0.00152491
0.00878217
0.000918512
0.0091821
0.00030615
0.00941363
-0.000300637
0.00946803
-0.000890613
0.00934139
-0.00145187
0.00902406
-0.00197249
0.00852193
-0.00244266
0.00784377
-0.00285121
0.00699231
-0.00318912
0.00598613
-0.00344906
0.00484274
-0.00362488
0.00358551
-0.00371229
0.00224236
-0.00370929
0.000841764
-0.00361426
-0.000583939
-0.00343131
-0.00199338
-0.00316433
-0.00335179
-0.00282072
-0.0046242
-0.00240948
-0.00576953
-0.0019422
-0.00675396
-0.00143245
-0.00754704
-0.000895177
-0.00811748
-0.00034575
-0.00844998
0.000198398
-0.00852226
0.000719991
-0.00832829
0.00120267
-0.0078721
0.00163145
-0.0071633
0.00199091
-0.00621775
0.00226948
-0.0050679
0.00245884
-0.0037525
0.00255103
-0.0023106
0.00254637
-0.000804771
0.00244204
0.000722401
0.00224613
0.00219729
0.00196722
0.00356711
0.00161691
0.00477635
0.00120978
0.00577067
0.000765968
0.00650509
0.000303387
0.00694551
-0.000157162
0.00706732
-0.000593915
0.00686092
-0.00098625
0.00633185
-0.00131526
0.00550509
-0.00156531
0.00441668
-0.00172462
0.00312468
-0.0017868
0.00170115
-0.00175133
0.000223061
-0.00162303
-0.00122457
-0.00141356
-0.00255673
-0.00113823
-0.00369933
-0.000816731
-0.0045884
-0.000470491
-0.00518034
-0.000122071
-0.00544769
0.000207904
-0.00538994
0.000500468
-0.00502331
0.00074054
-0.00438538
0.000917628
-0.00353118
0.001026
-0.00252385
0.00106481
-0.00143473
0.00103852
-0.000335856
0.000953346
0.000709872
0.000820829
0.00163977
0.000653225
0.00240931
0.000463722
0.00298621
0.000265621
0.00335325
7.10749e-05
0.00350488
-0.000109101
0.00345199
-0.000266327
0.00321522
-0.000394251
0.00282316
-0.000489033
0.0023117
-0.000549214
0.00171933
-0.000575367
0.0010852
-0.000570025
0.000446606
-0.000536902
-0.000163033
-0.000480915
-0.000715077
-0.00040756
-0.00118728
-0.000322532
-0.00156457
-0.000230931
-0.00183651
-0.000138242
-0.00200214
-4.89706e-05
-0.00206144
3.32014e-05
-0.00202409
0.000105217
-0.00189959
0.000164951
-0.00170292
0.000211135
-0.0014498
0.000243305
-0.00115758
0.000261659
-0.000842671
0.000266995
-0.000521009
0.00026065
-0.000207739
0.000244113
8.46078e-05
0.00021954
0.000344891
0.000188713
0.000565468
0.000153869
0.000740475
0.000116951
0.000866905
7.98505e-05
0.000944007
4.423e-05
0.000973528
1.12863e-05
0.000959179
-1.77523e-05
0.000906435
-4.20951e-05
0.000820637
-6.12545e-05
0.000709284
-7.50322e-05
0.000580256
-8.34859e-05
0.000440858
-8.68721e-05
0.000298408
-8.56508e-05
0.000159871
-8.04676e-05
3.15552e-05
-7.20631e-05
-8.13004e-05
-6.13412e-05
-0.000174377
-4.91566e-05
-0.000245164
-3.63768e-05
-0.000292231
-2.38445e-05
-0.000315459
-1.22483e-05
-0.000316184
-2.21506e-06
-0.000296746
5.84198e-06
-0.000260488
1.15554e-05
-0.000211479
1.47847e-05
-0.000154543
1.55317e-05
-9.47104e-05
1.39799e-05
-3.7521e-05
1.05013e-05
1.16543e-05
5.62963e-06
4.80387e-05
6.78877e-05
5.42694e-05
-0.0167537
8.61773e-05
-0.0169829
0.000116361
-0.0171749
0.000121757
-0.0173882
0.000128958
-0.0175827
9.35868e-05
-0.0178165
8.08761e-05
-0.0180009
-0.0182564
-0.000724886
0.00231875
-0.00136935
0.00233642
-0.00203247
0.00222452
-0.00261963
0.00210844
-0.00318011
0.0018999
-0.0036737
0.00166268
-0.00411631
0.00134552
-0.00449867
0.000982287
-0.00483368
0.000566395
-0.00509276
6.9208e-05
-0.00529521
-0.000461178
-0.00544222
-0.00102551
-0.00552806
-0.00162998
-0.00556387
-0.00225877
-0.00554325
-0.00291917
-0.00546845
-0.0035967
-0.00534145
-0.00428685
-0.00516533
-0.004984
-0.00493867
-0.00567921
-0.00466659
-0.00636399
-0.00435055
-0.00702904
-0.00399333
-0.00766778
-0.00359777
-0.00827054
-0.00316614
-0.0088326
-0.00270343
-0.00934184
-0.00221516
-0.00979276
-0.00170314
-0.0101748
-0.00117418
-0.0104815
-0.000632491
-0.010707
-8.57568e-05
-0.0108394
0.000463844
-0.0108825
0.00100718
-0.0108178
0.00154034
-0.0106592
0.00205623
-0.0103869
0.00254891
-0.0100086
0.00301102
-0.00951827
0.00343852
-0.00892222
0.00382197
-0.00822275
0.00416283
-0.00742183
0.00445054
-0.00652834
0.00468321
-0.00554467
0.00485369
-0.00448379
0.00496275
-0.00335466
0.00500512
-0.0021753
0.00497741
-0.000957436
0.00488573
0.000288433
0.0047251
0.00153639
0.00449752
0.00277094
0.00420631
0.00396975
0.00385574
0.00511592
0.00344931
0.00618781
0.00299416
0.00716392
0.00249702
0.00802542
0.00196671
0.00876012
0.00140999
0.00933889
0.000837992
0.00975409
0.000261632
0.00998999
-0.00031008
0.0100397
-0.000864842
0.00989615
-0.00139179
0.00955101
-0.00188141
0.00901156
-0.00232065
0.008283
-0.00270239
0.00737405
-0.0030182
0.00630194
-0.00326011
0.00508465
-0.00342241
0.0037478
-0.00350119
0.00232115
-0.00349409
0.00083466
-0.0034016
-0.000676429
-0.00322526
-0.00216972
-0.00297045
-0.0036066
-0.0026444
-0.00495025
-0.00225375
-0.00616018
-0.00181196
-0.00719575
-0.00132943
-0.00802957
-0.000821372
-0.00862554
-0.00030336
-0.00896799
0.000208628
-0.00903425
0.000699872
-0.00881954
0.00115378
-0.00832601
0.00155473
-0.00756426
0.00189173
-0.00655475
0.00215225
-0.00532842
0.00232667
-0.00392692
0.00241074
-0.00239466
0.00240116
-0.000795193
0.00230071
0.000822851
0.00211345
0.00238455
0.0018473
0.00383326
0.0015147
0.00510895
0.00113017
0.00615519
0.000709761
0.0069255
0.000272314
0.00738296
-0.00016199
0.00750162
-0.000572686
0.00727162
-0.000942039
0.0067012
-0.00125044
0.00581348
-0.00148369
0.00464993
-0.0016311
0.00327209
-0.00168654
0.00175659
-0.00164926
0.000185778
-0.00152533
-0.00134849
-0.00132476
-0.0027573
-0.00106241
-0.00396169
-0.000757367
-0.00489345
-0.00043
-0.00550771
-0.000100641
-0.00577705
0.000208365
-0.00569894
0.000482114
-0.00529706
0.000705542
-0.00460881
0.000869033
-0.00369467
0.00096762
-0.00262244
0.00100081
-0.00146793
0.000972324
-0.000307366
0.000889922
0.000792273
0.000763368
0.00176632
0.000604674
0.002568
0.000426318
0.00316456
0.000240614
0.00353896
5.912e-05
0.00368637
-0.000108246
0.00361935
-0.00025366
0.00336063
-0.000371365
0.00294086
-0.000457778
0.00239812
-0.000511964
0.00177352
-0.000534541
0.00110778
-0.000527886
0.000439951
-0.000495711
-0.000195208
-0.000442695
-0.000768093
-0.000373819
-0.00125616
-0.000294266
-0.00164412
-0.0002095
-0.00192128
-0.000124018
-0.00208762
-4.18052e-05
-0.00214365
3.39116e-05
-0.0020998
9.97535e-05
-0.00196543
0.000154144
-0.00175731
0.000195927
-0.00149159
0.00022477
-0.00118642
0.000240916
-0.000858816
0.000245124
-0.000525217
0.000238616
-0.000201231
0.000223
0.000100224
0.000199888
0.000368003
0.000171335
0.000594022
0.000139199
0.000772611
0.000105323
0.00090078
7.12481e-05
0.000978082
3.85989e-05
0.00100618
8.78416e-06
0.000988994
-1.77639e-05
0.000932983
-3.97966e-05
0.000842669
-5.70525e-05
0.00072654
-6.93732e-05
0.000592577
-7.68232e-05
0.000448308
-7.96585e-05
0.000301243
-7.83063e-05
0.000158519
-7.33352e-05
2.65841e-05
-6.54813e-05
-8.91543e-05
-5.55367e-05
-0.000184322
-4.43109e-05
-0.00025639
-3.25805e-05
-0.000303962
-2.10858e-05
-0.000326954
-1.04962e-05
-0.000326774
-1.34622e-06
-0.000305896
5.94889e-06
-0.000267783
1.11021e-05
-0.000216632
1.3976e-05
-0.000157417
1.45722e-05
-9.53066e-05
1.30587e-05
-3.60075e-05
9.78466e-06
1.49284e-05
5.237e-06
5.25864e-05
7.31246e-05
5.77639e-05
7.63901e-05
9.57185e-05
9.88904e-05
0.000103101
7.456e-05
6.31161e-05
-0.000650682
-0.00124829
-0.00184856
-0.00240105
-0.00291469
-0.00337456
-0.00378689
-0.00415083
-0.00445148
-0.00471046
-0.00490733
-0.0050428
-0.0051278
-0.00515681
-0.00513873
-0.00507076
-0.00495366
-0.00478774
-0.00457624
-0.00432182
-0.004026
-0.00369216
-0.00332252
-0.00292076
-0.00248951
-0.00203356
-0.00155569
-0.00106225
-0.000557228
-4.6252e-05
0.000465712
0.00097368
0.00147056
0.00195127
0.00241013
0.00284236
0.00323924
0.00359702
0.00391391
0.00418106
0.00439705
0.00455427
0.00465383
0.00469073
0.00466423
0.00457496
0.00442193
0.00420636
0.00393165
0.00360122
0.0032193
0.00279237
0.00232632
0.0018284
0.00130718
0.000771687
0.000232256
-0.000301786
-0.000820118
-0.00131257
-0.00176893
-0.00217863
-0.00253417
-0.00282732
-0.00305088
-0.00320014
-0.00327118
-0.00326194
-0.00317271
-0.00300589
-0.0027655
-0.00245795
-0.00209183
-0.00167681
-0.00122511
-0.00074989
-0.000264988
0.00021412
0.000672994
0.00109683
0.00147095
0.00178458
0.00202606
0.00218732
0.00226341
0.00225211
0.00215511
0.00197722
0.00172602
0.00141283
0.00105129
0.000656369
0.000244548
-0.000160066
-0.000544586
-0.000889533
-0.00117711
-0.00139391
-0.00152981
-0.00157935
-0.00154198
-0.00142302
-0.00123258
-0.000985354
-0.00069854
-0.000391316
-8.40123e-05
0.000204979
0.000459687
0.000666455
0.000816868
0.000906233
0.000934396
0.000905425
0.000826145
0.000706336
0.00055725
0.000390476
0.000217619
4.92863e-05
-0.000105483
-0.000239323
-0.000347159
-0.000425688
-0.000474373
-0.000493735
-0.000486291
-0.000455409
-0.000405487
-0.000341362
-0.000267789
-0.000189381
-0.000110571
-3.51867e-05
3.38108e-05
9.38028e-05
0.00014314
0.000180854
0.000206677
0.000220886
0.000224187
0.000217747
0.000202956
0.000181528
0.000155206
0.00012561
9.45016e-05
6.34466e-05
3.38345e-05
6.53921e-06
-1.73858e-05
-3.72723e-05
-5.27964e-05
-6.37971e-05
-7.03644e-05
-7.27368e-05
-7.13112e-05
-6.66237e-05
-5.93205e-05
-5.01462e-05
-3.98539e-05
-2.91222e-05
-1.86393e-05
-8.99881e-06
-6.93351e-07
5.90288e-06
1.05395e-05
1.30925e-05
1.35693e-05
1.21183e-05
9.06048e-06
4.84365e-06
)
;

boundaryField
{
    freeSurface
    {
        type            calculated;
        value           nonuniform List<scalar> 
181
(
-0.0168115
-0.0170015
-0.0171942
-0.0173913
-0.0175869
-0.017788
-0.0179894
-0.0181933
0.00296943
0.00293403
0.00282479
0.00266092
0.00241354
0.00212255
0.00175786
0.00134622
0.000867045
0.000328191
-0.000264307
-0.000890046
-0.00154498
-0.00222975
-0.00293726
-0.00366467
-0.00440395
-0.00514991
-0.00589071
-0.00661841
-0.00732486
-0.00800162
-0.00864018
-0.00923436
-0.00977309
-0.0102487
-0.0106527
-0.0109749
-0.011212
-0.0113504
-0.0113945
-0.0113258
-0.0111561
-0.0108677
-0.0104675
-0.0099505
-0.0093191
-0.00858052
-0.00773873
-0.00679549
-0.00576066
-0.004641
-0.00345422
-0.0022122
-0.000930939
0.000377699
0.00168943
0.00298651
0.00424446
0.00544635
0.00656973
0.00759085
0.00849147
0.00925804
0.00986011
0.0102896
0.0105294
0.0105738
0.0104145
0.0100435
0.00946792
0.00869271
0.00772959
0.00659509
0.0053082
0.00389706
0.00239219
0.00082542
-0.000765663
-0.00233654
-0.00384699
-0.00525779
-0.00652631
-0.00761077
-0.00848127
-0.00910076
-0.00945289
-0.00951335
-0.00927841
-0.00874985
-0.00793837
-0.00686839
-0.00556989
-0.00408819
-0.00247075
-0.000783892
0.000919856
0.00256243
0.00408446
0.00542214
0.00651673
0.00732043
0.00779478
0.00790624
0.00765614
0.00704615
0.00610106
0.00486673
0.00340799
0.00180613
0.000148406
-0.00146746
-0.00294774
-0.00420891
-0.00518026
-0.00581493
-0.00608435
-0.00598793
-0.00555177
-0.00481558
-0.00384508
-0.0027118
-0.00149609
-0.000278394
0.000871553
0.00188613
0.00271709
0.00333133
0.00371181
0.0038547
0.00377412
0.00349447
0.0030487
0.00247665
0.0018222
0.00112714
0.000432507
-0.00022609
-0.000818015
-0.00132028
-0.00171769
-0.00199969
-0.00216643
-0.00221903
-0.0021688
-0.00202542
-0.00180664
-0.0015293
-0.00121225
-0.000873025
-0.000528519
-0.00019479
0.000115014
0.000389431
0.000620343
0.000802208
0.000931888
0.00100914
0.00103579
0.00101629
0.000956908
0.000862556
0.000742064
0.000603578
0.000454876
0.000303616
0.000157093
2.18966e-05
-9.64575e-05
-0.000193496
-0.000266682
-0.000314693
-0.000337436
-0.000336414
-0.000314201
-0.000274379
-0.000221269
-0.00015997
-9.57833e-05
-3.45565e-05
1.79862e-05
5.68032e-05
7.79683e-05
)
;
    }
    walls
    {
        type            calculated;
        value           uniform 0;
    }
    floatingObject
    {
        type            calculated;
        value           nonuniform List<scalar> 
37
(
0.0131702
0.0133244
0.0134786
0.0136347
0.0137946
0.0139545
0.0141172
0.0142818
0.0144473
0.0146156
0.0147859
0.014958
0.0151319
0.0153078
0.0154865
0.0156661
0.0158495
0.0160329
0.0162201
0
0
0
-6.77626e-21
0
0
0
0
0
0
2.64698e-23
0
0
0
0
0
0
0
)
;
    }
    frontAndBack
    {
        type            empty;
    }
}


// ************************************************************************* //
