/*--------------------------------*- C++ -*----------------------------------*\
  =========                 |
  \\      /  F ield         | OpenFOAM: The Open Source CFD Toolbox
   \\    /   O peration     | Website:  https://openfoam.org
    \\  /    A nd           | Version:  12
     \\/     M anipulation  |
\*---------------------------------------------------------------------------*/
FoamFile
{
    format      ascii;
    class       surfaceScalarField;
    location    "1.32";
    object      phi;
}
// * * * * * * * * * * * * * * * * * * * * * * * * * * * * * * * * * * * * * //

dimensions      [1 0 -1 0 0 0 0];

internalField   nonuniform List<scalar> 
7429
(
-9.4692e-05
9.4692e-05
-0.00019038
9.56883e-05
-0.000287113
9.67328e-05
-0.000384863
9.77493e-05
-0.00048359
9.87277e-05
-0.00058325
9.96599e-05
-0.000683787
0.000100536
-0.000785135
0.000101348
-0.000887187
0.000102053
-0.000989836
0.000102649
-0.00109291
0.000103071
-0.00119626
0.000103352
-0.00129973
0.000103469
-0.00140307
0.00010334
-0.00150604
0.00010297
-0.00160834
0.000102304
-0.00170968
0.000101337
-0.00180972
0.000100038
-0.00190809
9.83746e-05
-0.00200441
9.63166e-05
-0.00209825
9.3843e-05
-0.00218919
9.0942e-05
-0.00227681
8.76187e-05
-0.00236064
8.38268e-05
-0.00244023
7.95877e-05
-0.00251514
7.49149e-05
-0.00258495
6.9809e-05
-0.00264923
6.42808e-05
-0.00270758
5.83432e-05
-0.00275967
5.20905e-05
-0.00280513
4.54656e-05
-0.00284372
3.85908e-05
-0.00287517
3.14516e-05
-0.00289916
2.39818e-05
-0.00291548
1.63244e-05
-0.00292397
8.49203e-06
-0.00292469
7.1986e-07
-0.00291793
-6.76262e-06
-0.00290359
-1.43404e-05
-0.00288174
-2.18485e-05
-0.00285252
-2.92249e-05
-0.00281609
-3.64308e-05
-0.00277267
-4.34154e-05
-0.00272253
-5.01449e-05
-0.00266594
-5.65819e-05
-0.00260326
-6.26872e-05
-0.00253481
-6.84426e-05
-0.00246101
-7.38083e-05
-0.00238223
-7.87758e-05
-0.00229892
-8.33095e-05
-0.00221151
-8.74069e-05
-0.00212047
-9.10387e-05
-0.00202627
-9.42057e-05
-0.00192936
-9.69038e-05
-0.00183025
-9.91139e-05
-0.00172939
-0.000100863
-0.0016273
-0.000102087
-0.0015244
-0.000102899
-0.00142121
-0.000103196
-0.00131811
-0.000103096
-0.00121562
-0.000102487
-0.00111412
-0.000101506
-0.00101403
-0.000100087
-0.000915747
-9.82836e-05
-0.000819635
-9.61123e-05
-0.00072602
-9.36148e-05
-0.00063523
-9.07907e-05
-0.000547526
-8.7704e-05
-0.000463219
-8.43062e-05
-0.000382538
-8.06815e-05
-0.00030569
-7.68474e-05
-0.000232804
-7.28868e-05
-0.000164146
-6.86575e-05
-9.97423e-05
-6.44038e-05
-3.96518e-05
-6.00905e-05
1.60476e-05
-5.56995e-05
6.73212e-05
-5.12736e-05
0.000114153
-4.68315e-05
0.000156555
-4.24019e-05
0.000194556
-3.80018e-05
0.000228222
-3.3666e-05
0.000257714
-2.94915e-05
0.000283061
-2.53471e-05
0.000304482
-2.14213e-05
0.000322031
-1.75481e-05
0.00033591
-1.38796e-05
0.000346286
-1.03757e-05
0.000353381
-7.0949e-06
0.0003573
-3.91908e-06
0.000358338
-1.03808e-06
0.000356812
1.52596e-06
0.000352817
3.99464e-06
0.000346533
6.28408e-06
0.000338143
8.39008e-06
0.000327851
1.02921e-05
0.000315842
1.20087e-05
0.000302311
1.35309e-05
0.000287446
1.48654e-05
0.000271425
1.60212e-05
0.000254419
1.7006e-05
0.000236612
1.78063e-05
0.00021816
1.84524e-05
0.000199222
1.89378e-05
0.000179929
1.92931e-05
0.000160444
1.94852e-05
0.00014088
1.95642e-05
0.000121357
1.95228e-05
0.000101998
1.93587e-05
8.28854e-05
1.9113e-05
6.41257e-05
1.87596e-05
4.5806e-05
1.83197e-05
2.79919e-05
1.78141e-05
1.0753e-05
1.72389e-05
-5.85075e-06
1.66037e-05
-2.17657e-05
1.5915e-05
-3.69531e-05
1.51874e-05
-5.13773e-05
1.44242e-05
-6.50016e-05
1.36243e-05
-7.78063e-05
1.28047e-05
-8.9782e-05
1.19757e-05
-0.000100913
1.11305e-05
-0.00011119
1.0277e-05
-0.00012062
9.43067e-06
-0.000129203
8.58265e-06
-0.000136952
7.74901e-06
-0.000143874
6.9223e-06
-0.000149987
6.11263e-06
-0.00015531
5.32297e-06
-0.000159868
4.55797e-06
-0.000163682
3.81436e-06
-0.000166777
3.09499e-06
-0.000169183
2.40616e-06
-0.000170934
1.75103e-06
-0.00017206
1.12581e-06
-0.00017259
5.2987e-07
-0.000172568
-2.23135e-08
-0.000172026
-5.42036e-07
-0.000170994
-1.03221e-06
-0.000169505
-1.48833e-06
-0.000167596
-1.90936e-06
-0.0001653
-2.29549e-06
-0.000162653
-2.64707e-06
-0.000159688
-2.96518e-06
-0.000156439
-3.24927e-06
-0.000152938
-3.50105e-06
-0.000149215
-3.72271e-06
-0.000145302
-3.91318e-06
-0.000141227
-4.07453e-06
-0.000137019
-4.20844e-06
-0.000132704
-4.31476e-06
-0.000128309
-4.39515e-06
-0.000123858
-4.4514e-06
-0.000119374
-4.48361e-06
-0.00011488
-4.49394e-06
-0.000110395
-4.48474e-06
-0.000105939
-4.45618e-06
-0.000101526
-4.41269e-06
-9.71713e-05
-4.35511e-06
-9.2887e-05
-4.28428e-06
-8.86824e-05
-4.20461e-06
-8.4568e-05
-4.11446e-06
-8.05497e-05
-4.01829e-06
-7.66347e-05
-3.91495e-06
-7.28275e-05
-3.80727e-06
-6.91319e-05
-3.69554e-06
-6.55497e-05
-3.58219e-06
-6.20824e-05
-3.4673e-06
-5.87313e-05
-3.35109e-06
-5.54956e-05
-3.23575e-06
-5.23748e-05
-3.12078e-06
-4.93685e-05
-3.00629e-06
-4.64761e-05
-2.89237e-06
-4.36965e-05
-2.77962e-06
-4.10285e-05
-2.66808e-06
-3.84688e-05
-2.5597e-06
-3.60138e-05
-2.455e-06
-3.3657e-05
-2.35678e-06
-3.13909e-05
-2.26604e-06
-2.92071e-05
-2.18384e-06
-2.70974e-05
-2.10967e-06
-2.50538e-05
-2.04358e-06
-2.30714e-05
-1.98241e-06
-2.11481e-05
-1.92335e-06
-1.92851e-05
-1.86301e-06
-1.74876e-05
-1.79744e-06
-1.5764e-05
-1.72361e-06
-1.41248e-05
-1.63925e-06
-1.25816e-05
-1.54313e-06
-1.1146e-05
-1.43563e-06
-9.82679e-06
-1.31922e-06
-8.62582e-06
-1.20097e-06
-7.53664e-06
-1.08917e-06
-6.54332e-06
-9.93325e-07
-5.6191e-06
-9.24216e-07
-4.73039e-06
-8.88714e-07
-3.84461e-06
-8.85778e-07
-2.93561e-06
-9.09002e-07
-1.9901e-06
-9.45512e-07
-1.00807e-06
-9.82029e-07
-1.00807e-06
-8.82926e-05
0.000182985
-0.000177587
0.000184983
-0.000268031
0.000187177
-0.000359683
0.000189401
-0.000452575
0.000191619
-0.00054681
0.000193895
-0.000642359
0.000196086
-0.000739221
0.000198209
-0.000837462
0.000200294
-0.000937017
0.000202203
-0.00103769
0.000203744
-0.00113946
0.000205122
-0.00124207
0.000206079
-0.00134523
0.000206501
-0.00144877
0.000206505
-0.0015523
0.00020584
-0.00165538
0.00020441
-0.00175762
0.000202284
-0.00185856
0.000199314
-0.00195766
0.000195418
-0.00205438
0.000190558
-0.00214813
0.000184694
-0.00223831
0.000177802
-0.00232434
0.000169851
-0.00240568
0.000160931
-0.00248167
0.000150903
-0.00255178
0.000139925
-0.00261553
0.00012803
-0.00267257
0.000115376
-0.00272238
0.000101905
-0.00276456
8.76466e-05
-0.002799
7.30277e-05
-0.00282516
5.7612e-05
-0.00284292
4.17479e-05
-0.0028522
2.56031e-05
-0.00285304
9.32667e-06
-0.00284604
-6.27988e-06
-0.0028309
-2.18971e-05
-0.00280786
-3.73795e-05
-0.00277713
-5.25846e-05
-0.00273895
-6.73988e-05
-0.00269364
-8.17458e-05
-0.00264152
-9.55331e-05
-0.00258297
-0.0001087
-0.00251837
-0.00012118
-0.00244815
-0.000132903
-0.00237275
-0.000143844
-0.00229262
-0.000153938
-0.00220823
-0.000163168
-0.00212005
-0.000171485
-0.00202857
-0.000178887
-0.00193428
-0.000185335
-0.00183764
-0.000190839
-0.00173916
-0.000195387
-0.00163932
-0.000198952
-0.00153858
-0.000201608
-0.00143744
-0.000203225
-0.00133627
-0.000204071
-0.00123559
-0.000203875
-0.00113579
-0.000202894
-0.00103728
-0.000200991
-0.000940443
-0.000198348
-0.000845595
-0.000194935
-0.000753134
-0.000190744
-0.000663307
-0.00018594
-0.00057653
-0.000180392
-0.000492902
-0.000174419
-0.000412865
-0.000167741
-0.000336411
-0.00016076
-0.000263959
-0.000153133
-0.000195304
-0.000145503
-0.000130798
-0.000137393
-7.05794e-05
-0.000128876
-1.45727e-05
-0.00012041
3.73153e-05
-0.000111979
8.48625e-05
-0.000103247
0.000128145
-9.45561e-05
0.000167187
-8.58736e-05
0.000201939
-7.71536e-05
0.000232592
-6.86556e-05
0.000259438
-6.05117e-05
0.00028227
-5.23231e-05
0.000301538
-4.46157e-05
0.000317097
-3.69801e-05
0.000329299
-2.97497e-05
0.000338259
-2.284e-05
0.000344148
-1.62642e-05
0.000347201
-1.01479e-05
0.000347548
-4.26675e-06
0.000345638
8.72158e-07
0.00034141
5.75366e-06
0.000335073
1.03319e-05
0.00032682
1.45376e-05
0.000316836
1.8374e-05
0.000305304
2.18241e-05
0.000292402
2.49103e-05
0.000278299
2.76336e-05
0.000263177
2.99874e-05
0.000247186
3.20124e-05
0.000230483
3.37089e-05
0.000213212
3.50774e-05
0.000195507
3.61574e-05
0.000177519
3.6926e-05
0.000159359
3.7453e-05
0.000141137
3.77073e-05
0.000122971
3.77306e-05
0.000104961
3.7532e-05
8.71738e-05
3.71462e-05
6.97322e-05
3.65546e-05
5.26816e-05
3.58102e-05
3.60872e-05
3.49141e-05
2.00365e-05
3.38648e-05
4.55942e-06
3.2716e-05
-1.0286e-05
3.14491e-05
-2.44756e-05
3.01046e-05
-3.79694e-05
2.86812e-05
-5.07413e-05
2.71961e-05
-6.27694e-05
2.56524e-05
-7.40299e-05
2.40652e-05
-8.45295e-05
2.24753e-05
-9.42469e-05
2.08479e-05
-0.000103202
1.92321e-05
-0.000111371
1.75999e-05
-0.000118794
1.60051e-05
-0.000125456
1.44114e-05
-0.000131373
1.28394e-05
-0.000136577
1.13161e-05
-0.00014108
9.82598e-06
-0.000144902
8.37999e-06
-0.000148068
6.98076e-06
-0.000150597
5.62349e-06
-0.000152518
4.32735e-06
-0.000153864
3.09702e-06
-0.00015466
1.92246e-06
-0.000154935
8.05003e-07
-0.00015473
-2.27593e-07
-0.000154066
-1.20592e-06
-0.000152976
-2.12291e-06
-0.000151489
-2.97463e-06
-0.000149639
-3.75965e-06
-0.000147456
-4.47847e-06
-0.000144971
-5.13196e-06
-0.000142214
-5.72231e-06
-0.000139215
-6.24856e-06
-0.000136002
-6.71417e-06
-0.000132601
-7.12341e-06
-0.00012904
-7.47425e-06
-0.000125344
-7.77069e-06
-0.000121536
-8.01582e-06
-0.000117642
-8.20925e-06
-0.000113683
-8.35397e-06
-0.000109681
-8.4532e-06
-0.000105658
-8.50703e-06
-0.000101632
-8.51949e-06
-9.76219e-05
-8.49512e-06
-9.36436e-05
-8.43447e-06
-8.97101e-05
-8.34615e-06
-8.58333e-05
-8.23195e-06
-8.2024e-05
-8.09355e-06
-7.82894e-05
-7.93925e-06
-7.46381e-05
-7.76572e-06
-7.10751e-05
-7.58133e-06
-6.76063e-05
-7.38374e-06
-6.42353e-05
-7.17823e-06
-6.09658e-05
-6.96505e-06
-5.77986e-05
-6.7494e-06
-5.47346e-05
-6.53127e-06
-5.17745e-05
-6.3112e-06
-4.89169e-05
-6.09337e-06
-4.6161e-05
-5.87667e-06
-4.35063e-05
-5.66096e-06
-4.09527e-05
-5.44605e-06
-3.84995e-05
-5.2328e-06
-3.61464e-05
-5.02115e-06
-3.38912e-05
-4.81492e-06
-3.17307e-05
-4.61553e-06
-2.96586e-05
-4.42885e-06
-2.76673e-05
-4.25729e-06
-2.57481e-05
-4.10312e-06
-2.38923e-05
-3.96549e-06
-2.20916e-05
-3.84424e-06
-2.03411e-05
-3.73293e-06
-1.86386e-05
-3.62581e-06
-1.69854e-05
-3.51623e-06
-1.53868e-05
-3.39607e-06
-1.38514e-05
-3.25899e-06
-1.23902e-05
-3.10046e-06
-1.10155e-05
-2.91776e-06
-9.73968e-06
-2.7115e-06
-8.57328e-06
-2.48563e-06
-7.52014e-06
-2.2541e-06
-6.57562e-06
-2.03369e-06
-5.72422e-06
-1.84473e-06
-4.93803e-06
-1.7104e-06
-4.18134e-06
-1.64541e-06
-3.41964e-06
-1.64748e-06
-2.62522e-06
-1.70343e-06
-1.78546e-06
-1.78527e-06
-9.06508e-07
-1.86098e-06
-1.91457e-06
-7.97695e-05
0.000262754
-0.000160655
0.000265868
-0.000243093
0.000269615
-0.000327585
0.000273893
-0.000414348
0.000278383
-0.000503372
0.000282918
-0.000595312
0.000288025
-0.000690077
0.000292974
-0.000787805
0.000298022
-0.000888716
0.000303113
-0.000992741
0.000307769
-0.00109984
0.000312225
-0.00120976
0.000315998
-0.0013222
0.00031894
-0.00143673
0.000321036
-0.00155277
0.00032188
-0.00166982
0.000321456
-0.00178701
0.000319475
-0.00190359
0.00031589
-0.00201867
0.000310497
-0.00213131
0.0003032
-0.00224052
0.000293911
-0.00234533
0.000282611
-0.00244472
0.000269242
-0.00253769
0.000253894
-0.00262342
0.00023663
-0.00270107
0.000217582
-0.00276987
0.000196821
-0.00282923
0.000174736
-0.00287858
0.000151263
-0.00291781
0.000126868
-0.00294669
0.000101912
-0.00296491
7.58298e-05
-0.00297241
4.92505e-05
-0.0029694
2.25957e-05
-0.00295696
-3.1164e-06
-0.00293483
-2.84148e-05
-0.00290338
-5.33453e-05
-0.00286311
-7.76464e-05
-0.00281451
-0.000101183
-0.00275811
-0.000123801
-0.00269444
-0.000145413
-0.00262407
-0.000165903
-0.00254757
-0.000185205
-0.0024655
-0.000203247
-0.00237846
-0.000219942
-0.00228701
-0.000235299
-0.00219174
-0.000249206
-0.00209319
-0.00026172
-0.00199194
-0.000272732
-0.00188854
-0.000282285
-0.00178351
-0.000290366
-0.00167735
-0.000297001
-0.00157059
-0.000302148
-0.00146376
-0.000305784
-0.00135725
-0.000308111
-0.00125161
-0.000308873
-0.00114718
-0.0003085
-0.0010445
-0.000306556
-0.000943762
-0.000303629
-0.000845423
-0.000299329
-0.000749794
-0.000293976
-0.00065721
-0.000287519
-0.000568063
-0.000279891
-0.000482389
-0.000271613
-0.000400567
-0.000262214
-0.000322637
-0.000252348
-0.000248963
-0.000241415
-0.000179404
-0.000230319
-0.000114271
-0.000218266
-5.365e-05
-0.000206124
2.68326e-06
-0.000193726
5.46721e-05
-0.000180865
0.000102167
-0.000167905
0.000145007
-0.000154819
0.000183484
-0.000141724
0.000217798
-0.00012887
0.000248046
-0.000116121
0.000274362
-0.00010347
0.00029668
-9.09731e-05
0.000315339
-7.91713e-05
0.000330399
-6.73828e-05
0.000342116
-5.63329e-05
0.000350749
-4.56126e-05
0.000356368
-3.53693e-05
0.000359209
-2.56812e-05
0.000359327
-1.63822e-05
0.000357019
-7.83975e-06
0.000352825
-7.2915e-08
0.000346567
7.13101e-06
0.000338407
1.39132e-05
0.00032859
2.01492e-05
0.000317285
2.58423e-05
0.000304673
3.09857e-05
0.000290922
3.55756e-05
0.000276197
3.96355e-05
0.000260654
4.31758e-05
0.000244434
4.62077e-05
0.000227676
4.87706e-05
0.000210517
5.08678e-05
0.000193091
5.25034e-05
0.000175502
5.37468e-05
0.000157853
5.4574e-05
0.00014026
5.50462e-05
0.000122769
5.51986e-05
0.000105504
5.49959e-05
8.85402e-05
5.44956e-05
7.19431e-05
5.37433e-05
5.57782e-05
5.27196e-05
4.0091e-05
5.14973e-05
2.4942e-05
5.00632e-05
1.03698e-05
4.8437e-05
-3.60221e-06
4.6688e-05
-1.69347e-05
4.47817e-05
-2.95862e-05
4.27561e-05
-4.15577e-05
4.06527e-05
-5.28294e-05
3.84678e-05
-6.33756e-05
3.61986e-05
-7.321e-05
3.38996e-05
-8.2325e-05
3.15903e-05
-9.07181e-05
2.9241e-05
-9.83965e-05
2.69104e-05
-0.000105367
2.45702e-05
-0.000111643
2.22813e-05
-0.000117242
2.00104e-05
-0.000122181
1.77785e-05
-0.000126464
1.55993e-05
-0.000130119
1.34811e-05
-0.000133174
1.14343e-05
-0.000135653
9.45966e-06
-0.000137582
7.55297e-06
-0.000138983
5.72857e-06
-0.000139861
3.97524e-06
-0.000140267
2.32777e-06
-0.000140225
7.63084e-07
-0.000139765
-6.87782e-07
-0.000138907
-2.06325e-06
-0.000137683
-3.34761e-06
-0.00013612
-4.53765e-06
-0.000134247
-5.6319e-06
-0.000132094
-6.63156e-06
-0.000129688
-7.53821e-06
-0.000127055
-8.35539e-06
-0.000124222
-9.08194e-06
-0.000121213
-9.72322e-06
-0.00011805
-1.02856e-05
-0.000114758
-1.07663e-05
-0.000111358
-1.1171e-05
-0.00010787
-1.15041e-05
-0.000104314
-1.17646e-05
-0.000100712
-1.19565e-05
-9.70809e-05
-1.2084e-05
-9.34412e-05
-1.21467e-05
-8.98102e-05
-1.21505e-05
-8.62033e-05
-1.2102e-05
-8.26352e-05
-1.20025e-05
-7.91165e-05
-1.18649e-05
-7.56563e-05
-1.16922e-05
-7.22629e-05
-1.1487e-05
-6.89413e-05
-1.12608e-05
-6.56984e-05
-1.10087e-05
-6.2538e-05
-1.07417e-05
-5.94648e-05
-1.04569e-05
-5.64821e-05
-1.01609e-05
-5.35925e-05
-9.85462e-06
-5.07969e-05
-9.54502e-06
-4.8095e-05
-9.23318e-06
-4.54863e-05
-8.91994e-06
-4.29685e-05
-8.61116e-06
-4.05402e-05
-8.30495e-06
-3.82009e-05
-8.0003e-06
-3.59507e-05
-7.69617e-06
-3.37905e-05
-7.39306e-06
-3.17211e-05
-7.09057e-06
-2.97416e-05
-6.7944e-06
-2.78494e-05
-6.50766e-06
-2.60384e-05
-6.23991e-06
-2.42998e-05
-5.99587e-06
-2.26237e-05
-5.77918e-06
-2.10002e-05
-5.58902e-06
-1.94201e-05
-5.42435e-06
-1.78779e-05
-5.27515e-06
-1.63714e-05
-5.13228e-06
-1.49021e-05
-4.98556e-06
-1.34756e-05
-4.82258e-06
-1.21016e-05
-4.63297e-06
-1.07921e-05
-4.40992e-06
-9.56141e-06
-4.14847e-06
-8.42326e-06
-3.84966e-06
-7.39183e-06
-3.51706e-06
-6.47426e-06
-3.17167e-06
-5.66883e-06
-2.83912e-06
-4.95991e-06
-2.55365e-06
-4.31585e-06
-2.35446e-06
-3.6951e-06
-2.26616e-06
-3.05666e-06
-2.28592e-06
-2.36816e-06
-2.39192e-06
-1.61768e-06
-2.53575e-06
-8.2353e-07
-2.65513e-06
-2.7381e-06
-6.15621e-05
0.000324316
-0.000124595
0.000328901
-0.000189915
0.000334935
-0.000258319
0.000342297
-0.000330973
0.000351037
-0.000408936
0.000360881
-0.000492681
0.000371769
-0.000582929
0.000383222
-0.000680071
0.000395164
-0.000784236
0.000407278
-0.000895332
0.000418865
-0.00101317
0.00043006
-0.00113782
0.000440653
-0.0012687
0.000449822
-0.00140492
0.000457247
-0.00154559
0.000462557
-0.0016896
0.00046546
-0.00183581
0.000465685
-0.00198247
0.000462556
-0.00212825
0.000456271
-0.00227128
0.000446234
-0.00240989
0.000432519
-0.00254233
0.000415054
-0.00266696
0.000393872
-0.00278198
0.000368907
-0.00288598
0.000340635
-0.00297768
0.000309281
-0.00305588
0.000275024
-0.00312011
0.000238966
-0.00316995
0.000201099
-0.0032044
0.000161318
-0.00322325
0.00012076
-0.0032273
7.98853e-05
-0.00321714
3.90925e-05
-0.00319448
-6.51723e-08
-0.00316004
-3.75543e-05
-0.00311417
-7.42928e-05
-0.00305777
-0.000109741
-0.00299175
-0.000143664
-0.002917
-0.000175934
-0.00283442
-0.000206384
-0.00274486
-0.000234969
-0.00264919
-0.000261579
-0.00254819
-0.000286197
-0.00244267
-0.000308769
-0.00233334
-0.000329271
-0.00222093
-0.000347711
-0.00210608
-0.00036406
-0.00198946
-0.000378343
-0.0018717
-0.000390485
-0.00175333
-0.000400657
-0.00163486
-0.000408838
-0.00151688
-0.000414978
-0.00139996
-0.000419071
-0.00128445
-0.000421292
-0.00117081
-0.000421748
-0.00105943
-0.000420256
-0.000950778
-0.000417154
-0.000845098
-0.000412236
-0.000742873
-0.000405853
-0.0006442
-0.000398003
-0.000549543
-0.000388634
-0.000459112
-0.00037795
-0.000373006
-0.000365998
-0.000291558
-0.000353061
-0.000214894
-0.000338877
-0.000142912
-0.00032433
-7.58116e-05
-0.000308516
-1.36743e-05
-0.000292457
4.39245e-05
-0.000275865
9.66189e-05
-0.000258819
0.000144167
-0.000241274
0.000186801
-0.000223498
0.000224868
-0.000205973
0.000258497
-0.000188447
0.000287873
-0.0001711
0.000313086
-0.000154083
0.000334207
-0.000137242
0.000351323
-0.000120586
0.000365191
-0.000104842
0.000375229
-8.9209e-05
0.000382393
-7.45469e-05
0.000386466
-6.04059e-05
0.00038774
-4.68864e-05
0.000386485
-3.41141e-05
0.000382801
-2.1997e-05
0.000377039
-1.06203e-05
0.000369642
-4.42684e-07
0.000360532
9.03647e-06
0.000349712
1.79508e-05
0.000337489
2.61368e-05
0.000324052
3.35859e-05
0.0003096
4.02946e-05
0.00029427
4.6315e-05
0.000278219
5.16271e-05
0.0002616
5.62544e-05
0.000244527
6.02484e-05
0.000227169
6.35664e-05
0.000209574
6.63657e-05
0.000191885
6.85561e-05
0.000174184
7.02049e-05
0.000156593
7.13377e-05
0.00013916
7.20072e-05
0.000121981
7.22251e-05
0.000105128
7.20517e-05
8.86714e-05
7.14523e-05
7.26223e-05
7.05447e-05
5.7069e-05
6.92965e-05
4.2048e-05
6.77407e-05
2.75884e-05
6.59569e-05
1.37148e-05
6.39367e-05
4.71778e-07
6.168e-05
-1.21348e-05
5.92946e-05
-2.40507e-05
5.66975e-05
-3.53175e-05
5.40229e-05
-4.58951e-05
5.12303e-05
-5.57854e-05
4.83581e-05
-6.49973e-05
4.54105e-05
-7.35062e-05
4.24085e-05
-8.13331e-05
3.94172e-05
-8.85074e-05
3.64154e-05
-9.49919e-05
3.33949e-05
-0.000100849
3.04271e-05
-0.000106067
2.74991e-05
-0.000110663
2.46063e-05
-0.000114661
2.17773e-05
-0.000118092
1.90298e-05
-0.000120971
1.63599e-05
-0.000123317
1.37805e-05
-0.00012515
1.12922e-05
-0.000126482
8.88555e-06
-0.00012736
6.60666e-06
-0.000127816
4.43104e-06
-0.000127849
2.36084e-06
-0.000127478
3.9199e-07
-0.000126761
-1.40474e-06
-0.000125701
-3.12313e-06
-0.000124328
-4.7205e-06
-0.00012267
-6.1961e-06
-0.000120753
-7.54903e-06
-0.000118603
-8.78145e-06
-0.000116245
-9.89593e-06
-0.000113703
-1.08975e-05
-0.000111
-1.17852e-05
-0.000108156
-1.25666e-05
-0.000105192
-1.32501e-05
-0.000102126
-1.38323e-05
-9.89762e-05
-1.43207e-05
-9.57599e-05
-1.47204e-05
-9.24947e-05
-1.50299e-05
-8.91979e-05
-1.52533e-05
-8.58865e-05
-1.53953e-05
-8.25786e-05
-1.54547e-05
-7.92904e-05
-1.54387e-05
-7.60362e-05
-1.53562e-05
-7.28288e-05
-1.52099e-05
-6.96764e-05
-1.50173e-05
-6.65853e-05
-1.47833e-05
-6.35608e-05
-1.45115e-05
-6.06056e-05
-1.4216e-05
-5.77248e-05
-1.38895e-05
-5.49212e-05
-1.35453e-05
-5.2199e-05
-1.31791e-05
-4.95611e-05
-1.27989e-05
-4.70101e-05
-1.24056e-05
-4.45458e-05
-1.20093e-05
-4.21673e-05
-1.16117e-05
-3.98729e-05
-1.12144e-05
-3.76587e-05
-1.08254e-05
-3.55223e-05
-1.04413e-05
-3.3463e-05
-1.00596e-05
-3.14819e-05
-9.67731e-06
-2.95812e-05
-9.29381e-06
-2.77637e-05
-8.90807e-06
-2.60304e-05
-8.52765e-06
-2.43795e-05
-8.15859e-06
-2.28044e-05
-7.81504e-06
-2.12948e-05
-7.50543e-06
-1.98391e-05
-7.23484e-06
-1.84253e-05
-7.00282e-06
-1.70432e-05
-6.80646e-06
-1.56866e-05
-6.63177e-06
-1.43533e-05
-6.46558e-06
-1.3045e-05
-6.29385e-06
-1.17681e-05
-6.09953e-06
-1.05335e-05
-5.86752e-06
-9.35416e-06
-5.58926e-06
-8.24683e-06
-5.2558e-06
-7.22671e-06
-4.86978e-06
-6.31236e-06
-4.43141e-06
-5.51519e-06
-3.96884e-06
-4.83813e-06
-3.51618e-06
-4.26566e-06
-3.12612e-06
-3.7611e-06
-2.85902e-06
-3.2734e-06
-2.75386e-06
-2.75134e-06
-2.80798e-06
-2.15645e-06
-2.98682e-06
-1.4789e-06
-3.2133e-06
-7.53121e-07
-3.38091e-06
-3.49123e-06
-2.06451e-05
0.000344961
-4.32244e-05
0.00035148
-6.97939e-05
0.000361504
-0.000102723
0.000375226
-0.000143737
0.000392051
-0.000194697
0.000411841
-0.000256839
0.000433912
-0.000332045
0.000458428
-0.000421512
0.000484631
-0.000526111
0.000511876
-0.000646638
0.000539393
-0.000782633
0.000566054
-0.00093328
0.000591301
-0.00109751
0.000614054
-0.0012738
0.000633533
-0.0014603
0.000649054
-0.0016547
0.000659862
-0.00185439
0.000665382
-0.0020569
0.000665062
-0.00225899
0.000658357
-0.00245769
0.000644937
-0.00264966
0.000624489
-0.00283156
0.000596956
-0.00299997
0.000562285
-0.00315193
0.000520868
-0.00328443
0.000473127
-0.00339528
0.000420132
-0.00348316
0.000362911
-0.00354733
0.000303136
-0.00358823
0.000241994
-0.00360708
0.000180171
-0.00360423
0.000117905
-0.00358115
5.68108e-05
-0.00354142
-6.37595e-07
-0.00348632
-5.51642e-05
-0.0034167
-0.000107181
-0.00333469
-0.0001563
-0.00324198
-0.000202453
-0.0031401
-0.000245539
-0.00303046
-0.000285579
-0.00291431
-0.000322531
-0.00279281
-0.000356468
-0.00266699
-0.000387404
-0.00253774
-0.000415438
-0.00240594
-0.000440576
-0.00227241
-0.000462796
-0.00213777
-0.000482356
-0.00200275
-0.000499074
-0.00186802
-0.000513074
-0.00173407
-0.000524436
-0.00160138
-0.000533349
-0.00147045
-0.000539768
-0.00134185
-0.000543579
-0.00121589
-0.000545023
-0.00109295
-0.000544235
-0.000973505
-0.000541195
-0.000857916
-0.000535844
-0.000746336
-0.000528733
-0.000639306
-0.000519266
-0.000536824
-0.000508336
-0.000439522
-0.000495304
-0.000347226
-0.00048093
-0.000260192
-0.000464985
-0.000178804
-0.000447385
-0.000102622
-0.000429243
-3.18095e-05
-0.00040969
3.30605e-05
-0.0003892
9.30278e-05
-0.000368483
0.000147357
-0.000346785
0.000196053
-0.000324561
0.000239412
-0.000302177
0.000277626
-0.000279488
0.00031109
-0.000256963
0.000339956
-0.000234839
0.000364391
-0.000212882
0.000384432
-0.000191141
0.000400031
-0.000169682
0.000412017
-0.000149229
0.000420661
-0.000129229
0.000425827
-0.000110008
0.000427996
-9.1378e-05
0.000427239
-7.37895e-05
0.000423985
-5.71523e-05
0.000418332
-4.12337e-05
0.000410493
-2.62745e-05
0.000401062
-1.25658e-05
0.000390307
1.33886e-07
0.000377979
1.18858e-05
0.000364189
2.28268e-05
0.000349302
3.28377e-05
0.000333472
4.19668e-05
0.000316917
5.01408e-05
0.000299737
5.74747e-05
0.000282096
6.3956e-05
0.000264151
6.95714e-05
0.000246004
7.44016e-05
0.000227748
7.85046e-05
0.000209494
8.18209e-05
0.000191326
8.45336e-05
0.000173337
8.65445e-05
0.000155585
8.79574e-05
0.000138166
8.87569e-05
0.000121088
8.90851e-05
0.000104442
8.88711e-05
8.83134e-05
8.818e-05
7.26461e-05
8.71196e-05
5.75657e-05
8.56251e-05
4.30556e-05
8.38066e-05
2.91157e-05
8.16805e-05
1.58461e-05
7.92265e-05
3.23711e-06
7.65457e-05
-8.73642e-06
7.36535e-05
-2.00509e-05
7.06091e-05
-3.06958e-05
6.73424e-05
-4.06586e-05
6.39857e-05
-4.99465e-05
6.05182e-05
-5.85671e-05
5.69787e-05
-6.65261e-05
5.33695e-05
-7.38482e-05
4.97306e-05
-8.05105e-05
4.60794e-05
-8.65452e-05
4.24501e-05
-9.1989e-05
3.88388e-05
-9.68287e-05
3.52668e-05
-0.000101086
3.17567e-05
-0.000104783
2.83029e-05
-0.000107948
2.49423e-05
-0.000110609
2.16909e-05
-0.00011278
1.8531e-05
-0.000114482
1.54825e-05
-0.000115725
1.25348e-05
-0.000116569
9.72964e-06
-0.000117006
7.04453e-06
-0.000117046
4.47021e-06
-0.000116738
2.05344e-06
-0.000116123
-2.22878e-07
-0.000115167
-2.36126e-06
-0.000113926
-4.36408e-06
-0.000112423
-6.22336e-06
-0.000110682
-7.93676e-06
-0.000108728
-9.50296e-06
-0.000106585
-1.0925e-05
-0.000104274
-1.22065e-05
-0.000101818
-1.33544e-05
-9.92347e-05
-1.43681e-05
-9.65437e-05
-1.52576e-05
-9.376e-05
-1.60337e-05
-9.08996e-05
-1.66928e-05
-8.79768e-05
-1.72435e-05
-8.50053e-05
-1.76919e-05
-8.19998e-05
-1.80354e-05
-7.89753e-05
-1.82778e-05
-7.59476e-05
-1.8423e-05
-7.2934e-05
-1.84684e-05
-6.99504e-05
-1.84222e-05
-6.70107e-05
-1.82959e-05
-6.4126e-05
-1.80946e-05
-6.13019e-05
-1.78414e-05
-5.85417e-05
-1.75435e-05
-5.58474e-05
-1.72058e-05
-5.32191e-05
-1.68443e-05
-5.06603e-05
-1.64482e-05
-4.81733e-05
-1.60323e-05
-4.57622e-05
-1.55902e-05
-4.34302e-05
-1.51308e-05
-4.11795e-05
-1.46564e-05
-3.90103e-05
-1.41785e-05
-3.69203e-05
-1.37017e-05
-3.4906e-05
-1.32287e-05
-3.29618e-05
-1.27696e-05
-3.10841e-05
-1.2319e-05
-2.92718e-05
-1.18718e-05
-2.75268e-05
-1.14223e-05
-2.58536e-05
-1.0967e-05
-2.42575e-05
-1.05042e-05
-2.27419e-05
-1.00432e-05
-2.13056e-05
-9.59488e-06
-1.99419e-05
-9.17875e-06
-1.8638e-05
-8.80939e-06
-1.73801e-05
-8.49271e-06
-1.61538e-05
-8.22909e-06
-1.49479e-05
-8.01242e-06
-1.37556e-05
-7.82409e-06
-1.25747e-05
-7.64642e-06
-1.14076e-05
-7.46093e-06
-1.02611e-05
-7.24606e-06
-9.14793e-06
-6.9807e-06
-8.08079e-06
-6.6564e-06
-7.07976e-06
-6.25683e-06
-6.16013e-06
-5.78941e-06
-5.34606e-06
-5.24548e-06
-4.6535e-06
-4.6614e-06
-4.09182e-06
-4.07786e-06
-3.64596e-06
-3.57197e-06
-3.27402e-06
-3.23097e-06
-2.9127e-06
-3.11518e-06
-2.49734e-06
-3.22333e-06
-1.98235e-06
-3.5018e-06
-1.36292e-06
-3.83274e-06
-6.89314e-07
-4.05451e-06
-4.18054e-06
5.35636e-05
0.000291397
0.000105011
0.000300033
0.000149647
0.000316868
0.000183886
0.000340987
0.00020339
0.000372547
0.000203826
0.000411405
0.000180614
0.000457123
0.000130181
0.000508861
4.9591e-05
0.000565221
-6.18782e-05
0.000623346
-0.000202726
0.000680241
-0.000371648
0.000734976
-0.000566214
0.000785866
-0.000783847
0.000831688
-0.00102222
0.000871903
-0.00127751
0.000904342
-0.00154636
0.00092872
-0.0018245
0.000943516
-0.0021073
0.000947863
-0.00239053
0.000941586
-0.00266876
0.000923167
-0.00293698
0.000892711
-0.00318958
0.000849559
-0.00342082
0.00079352
-0.00362543
0.000725483
-0.00379812
0.000645809
-0.00393534
0.00055736
-0.00403359
0.000461154
-0.0040911
0.000360646
-0.00411001
0.000260908
-0.00409424
0.000164404
-0.00404854
7.22007e-05
-0.00398012
-1.16126e-05
-0.00389234
-8.84099e-05
-0.00378763
-0.000159882
-0.00366908
-0.00022573
-0.00353939
-0.000285991
-0.00340094
-0.000340904
-0.00325583
-0.000390643
-0.00310581
-0.000435605
-0.0029524
-0.000475938
-0.00279677
-0.000512092
-0.00263999
-0.000544189
-0.00248301
-0.000572422
-0.00232646
-0.000597116
-0.00217092
-0.000618342
-0.00201687
-0.000636402
-0.00186499
-0.000650957
-0.00171546
-0.000662601
-0.00156872
-0.000671181
-0.00142518
-0.000676891
-0.00128543
-0.000679516
-0.00114949
-0.000679519
-0.00101763
-0.000676884
-0.000890484
-0.000671378
-0.000767999
-0.000663681
-0.000651122
-0.000652721
-0.000539388
-0.000640468
-0.000433699
-0.000624955
-0.000333503
-0.000608532
-0.000239302
-0.000589505
-0.000151381
-0.000568851
-6.94563e-05
-0.00054691
6.44146e-06
-0.000523283
7.5532e-05
-0.000498334
0.00013887
-0.000473028
0.00019633
-0.00044666
0.000247413
-0.000419567
0.000292571
-0.000391943
0.000332061
-0.000364051
0.00036624
-0.000336356
0.000395383
-0.000308631
0.000419582
-0.000281161
0.000438964
-0.000254222
0.000453556
-0.000227474
0.00046422
-0.000201806
0.00047149
-0.000176951
0.000474787
-0.000152526
0.000475037
-0.000129479
0.0004724
-0.000107371
0.00046725
-8.62288e-05
0.000459592
-6.61311e-05
0.000449788
-4.73487e-05
0.000438359
-2.98041e-05
0.000425152
-1.30677e-05
0.000410904
1.6822e-06
0.000395393
1.56452e-05
0.000378741
2.85373e-05
0.000361271
4.02968e-05
0.000343126
5.09835e-05
0.000324544
6.05483e-05
0.000305548
6.91364e-05
0.000286374
7.66488e-05
0.000267123
8.32068e-05
0.000247884
8.88105e-05
0.00022874
9.3546e-05
0.000209802
9.7443e-05
0.000191106
0.000100516
0.000172786
0.000102854
0.000154808
0.000104522
0.000137313
0.000105453
0.00012026
0.00010581
0.00010379
0.000105556
8.78719e-05
0.000104789
7.25037e-05
0.000103548
5.77938e-05
0.000101829
4.37032e-05
9.97157e-05
3.02672e-05
9.72426e-05
1.75262e-05
9.44215e-05
5.41634e-06
9.13363e-05
-6.05472e-06
8.80168e-05
-1.68135e-05
8.44122e-05
-2.68964e-05
8.06921e-05
-3.63126e-05
7.67586e-05
-4.50633e-05
7.27364e-05
-5.31613e-05
6.86162e-05
-6.06192e-05
6.44366e-05
-6.74491e-05
6.01994e-05
-7.36676e-05
5.59491e-05
-7.93052e-05
5.17171e-05
-8.43544e-05
4.74992e-05
-8.88288e-05
4.33131e-05
-9.27632e-05
3.92012e-05
-9.61797e-05
3.51732e-05
-9.91006e-05
3.12238e-05
-0.000101539
2.73808e-05
-0.000103532
2.36834e-05
-0.000105092
2.00919e-05
-0.00010624
1.66297e-05
-0.000107012
1.33073e-05
-0.000107419
1.01367e-05
-0.000107459
7.08468e-06
-0.000107202
4.21321e-06
-0.000106626
1.47661e-06
-0.000105765
-1.08308e-06
-0.000104632
-3.49415e-06
-0.000103256
-5.74101e-06
-0.000101658
-7.82066e-06
-9.98639e-05
-9.73111e-06
-9.78957e-05
-1.14712e-05
-9.57757e-05
-1.30449e-05
-9.35245e-05
-1.44577e-05
-9.11606e-05
-1.57183e-05
-8.87014e-05
-1.68272e-05
-8.61617e-05
-1.77973e-05
-8.35538e-05
-1.86416e-05
-8.08901e-05
-1.93566e-05
-7.81815e-05
-1.99521e-05
-7.54384e-05
-2.0435e-05
-7.26725e-05
-2.08013e-05
-6.98968e-05
-2.10536e-05
-6.71261e-05
-2.11936e-05
-6.4378e-05
-2.12165e-05
-6.16691e-05
-2.11311e-05
-5.90134e-05
-2.09516e-05
-5.64208e-05
-2.06872e-05
-5.38942e-05
-2.03679e-05
-5.14333e-05
-2.00044e-05
-4.90363e-05
-1.96029e-05
-4.67006e-05
-1.91799e-05
-4.44285e-05
-1.87204e-05
-4.22223e-05
-1.82385e-05
-4.00868e-05
-1.77258e-05
-3.80251e-05
-1.71924e-05
-3.6041e-05
-1.66405e-05
-3.41341e-05
-1.60853e-05
-3.23008e-05
-1.5535e-05
-3.05359e-05
-1.49936e-05
-2.88315e-05
-1.4474e-05
-2.71823e-05
-1.39682e-05
-2.55867e-05
-1.34674e-05
-2.40476e-05
-1.29614e-05
-2.25724e-05
-1.24423e-05
-2.11693e-05
-1.19073e-05
-1.98451e-05
-1.13674e-05
-1.85985e-05
-1.08415e-05
-1.74232e-05
-1.0354e-05
-1.63026e-05
-9.93004e-06
-1.5221e-05
-9.57432e-06
-1.41611e-05
-9.28897e-06
-1.31109e-05
-9.06259e-06
-1.20634e-05
-8.87156e-06
-1.10167e-05
-8.69313e-06
-9.97359e-06
-8.50406e-06
-8.94132e-06
-8.27834e-06
-7.93495e-06
-7.98707e-06
-6.96544e-06
-7.62591e-06
-6.05699e-06
-7.16528e-06
-5.22319e-06
-6.6232e-06
-4.49389e-06
-5.97478e-06
-3.89032e-06
-5.26497e-06
-3.42991e-06
-4.53827e-06
-3.0988e-06
-3.90308e-06
-2.85054e-06
-3.47923e-06
-2.6071e-06
-3.35862e-06
-2.28744e-06
-3.54299e-06
-1.83893e-06
-3.95031e-06
-1.26452e-06
-4.40715e-06
-6.28588e-07
-4.69044e-06
-4.80913e-06
0.000180783
0.000110615
0.000358808
0.000122007
0.000528814
0.000146862
0.000682704
0.000187096
0.000813342
0.000241909
0.000911919
0.000312829
0.000968196
0.000400845
0.000974219
0.000502838
0.000922098
0.000617342
0.000810527
0.000734917
0.000640646
0.000850121
0.000416167
0.000959455
0.000142565
0.00105947
-0.000173117
0.00114737
-0.00052277
0.00122156
-0.000900194
0.00128177
-0.00129853
0.00132706
-0.00171174
0.00135673
-0.0021333
0.00136942
-0.00255562
0.0013639
-0.00297141
0.00133896
-0.00337171
0.00129301
-0.00374678
0.00122463
-0.00408589
0.00113262
-0.00437661
0.0010162
-0.00460711
0.000876315
-0.00476456
0.000714809
-0.00484182
0.000538415
-0.0048496
0.000368423
-0.00479893
0.000210236
-0.0047006
6.60794e-05
-0.00457202
-5.63834e-05
-0.00441894
-0.000164697
-0.00424779
-0.000259557
-0.00406515
-0.000342517
-0.00387574
-0.000415139
-0.00368289
-0.00047884
-0.00348895
-0.000534852
-0.00329553
-0.000584056
-0.00310372
-0.000627419
-0.00291437
-0.000665291
-0.00272808
-0.000698378
-0.00254519
-0.00072708
-0.00236597
-0.000751647
-0.0021906
-0.000772485
-0.00201926
-0.000789675
-0.00185203
-0.000803631
-0.00168919
-0.000813805
-0.00153077
-0.000821021
-0.00137694
-0.000825011
-0.001228
-0.000825829
-0.00108375
-0.000823762
-0.00094486
-0.000818412
-0.000811561
-0.000810183
-0.000684096
-0.000798843
-0.000562728
-0.000785048
-0.000447183
-0.000768266
-0.000338356
-0.000749295
-0.000236168
-0.000727142
-0.000140507
-0.000704193
-5.14883e-05
-0.000678524
3.06047e-05
-0.000650944
0.000105381
-0.000621686
0.000173741
-0.000591643
0.000235672
-0.000560265
0.00029053
-0.000527886
0.000338824
-0.000494954
0.000380837
-0.00046158
0.000416854
-0.000427961
0.000447161
-0.000394357
0.000472009
-0.000361204
0.000491634
-0.000328257
0.000506085
-0.000295611
0.000516297
-0.000264434
0.000522815
-0.000233991
0.00052497
-0.00020396
0.000523908
-0.00017589
0.000519908
-0.000148525
0.000512742
-0.000122314
0.000503205
-9.78334e-05
0.000491606
-7.46299e-05
0.000478188
-5.27129e-05
0.00046291
-3.20706e-05
0.000446357
-1.32516e-05
0.000429281
4.00874e-06
0.000410868
2.00953e-05
0.00039162
3.4893e-05
0.000371822
4.83352e-05
0.000351586
6.05329e-05
0.000331145
7.1424e-05
0.000310572
8.11211e-05
0.00029004
8.96685e-05
0.00026966
9.7029e-05
0.000249443
0.000103424
0.000229542
0.000108711
0.000209977
0.000113111
0.000190842
0.000116578
0.000172208
0.000119151
0.000154086
0.000120976
0.000136532
0.000122075
0.000119577
0.000122408
0.000103246
0.000122141
8.75606e-05
0.000121241
7.24862e-05
0.000119863
5.80899e-05
0.000117945
4.43722e-05
0.000115547
3.13633e-05
0.000112725
1.90264e-05
0.000109579
7.39003e-06
0.000106058
-3.58392e-06
0.00010231
-1.38567e-05
9.82896e-05
-2.34567e-05
9.40122e-05
-3.23781e-05
8.96135e-05
-4.0654e-05
8.50345e-05
-4.82879e-05
8.03703e-05
-5.52984e-05
7.56267e-05
-6.17036e-05
7.08417e-05
-6.75206e-05
6.60164e-05
-7.27689e-05
6.11974e-05
-7.74665e-05
5.64147e-05
-8.16328e-05
5.16655e-05
-8.52937e-05
4.69741e-05
-8.84606e-05
4.23681e-05
-9.11578e-05
3.78704e-05
-9.34078e-05
3.34737e-05
-9.5226e-05
2.9199e-05
-9.66513e-05
2.51087e-05
-9.77025e-05
2.11431e-05
-9.83903e-05
1.73174e-05
-9.87674e-05
1.36844e-05
-9.88129e-05
1.01822e-05
-9.85842e-05
6.85597e-06
-9.80614e-05
3.69037e-06
-9.72731e-05
6.88282e-07
-9.62415e-05
-2.1146e-06
-9.4979e-05
-4.75666e-06
-9.35096e-05
-7.2104e-06
-9.18558e-05
-9.47451e-06
-9.00399e-05
-1.1547e-05
-8.8084e-05
-1.3427e-05
-8.6009e-05
-1.512e-05
-8.38338e-05
-1.66329e-05
-8.15747e-05
-1.79774e-05
-7.9247e-05
-1.9155e-05
-7.68622e-05
-2.01821e-05
-7.44296e-05
-2.10742e-05
-7.19583e-05
-2.18279e-05
-6.94562e-05
-2.24542e-05
-6.69301e-05
-2.29611e-05
-6.43888e-05
-2.33425e-05
-6.1843e-05
-2.35993e-05
-5.93074e-05
-2.37292e-05
-5.68007e-05
-2.37232e-05
-5.4341e-05
-2.35908e-05
-5.19436e-05
-2.33491e-05
-4.96171e-05
-2.30138e-05
-4.73616e-05
-2.26233e-05
-4.51724e-05
-2.21936e-05
-4.30436e-05
-2.17317e-05
-4.09701e-05
-2.12535e-05
-3.89529e-05
-2.07376e-05
-3.69951e-05
-2.01962e-05
-3.51026e-05
-1.96183e-05
-3.32801e-05
-1.90149e-05
-3.15313e-05
-1.83894e-05
-2.9857e-05
-1.77596e-05
-2.82517e-05
-1.71404e-05
-2.67086e-05
-1.65366e-05
-2.52166e-05
-1.5966e-05
-2.37688e-05
-1.5416e-05
-2.23625e-05
-1.48737e-05
-2.10021e-05
-1.43218e-05
-1.9698e-05
-1.37463e-05
-1.84621e-05
-1.31432e-05
-1.73054e-05
-1.25241e-05
-1.62254e-05
-1.19214e-05
-1.52174e-05
-1.1362e-05
-1.42591e-05
-1.08884e-05
-1.33335e-05
-1.04999e-05
-1.24201e-05
-1.02024e-05
-1.15068e-05
-9.97595e-06
-1.05865e-05
-9.79184e-06
-9.65768e-06
-9.62194e-06
-8.72365e-06
-9.43809e-06
-7.79199e-06
-9.20999e-06
-6.88049e-06
-8.89857e-06
-5.99692e-06
-8.50948e-06
-5.16993e-06
-7.99227e-06
-4.40965e-06
-7.38349e-06
-3.75162e-06
-6.63282e-06
-3.2227e-06
-5.79389e-06
-2.84935e-06
-4.91161e-06
-2.62027e-06
-4.13216e-06
-2.48477e-06
-3.61473e-06
-2.34942e-06
-3.49398e-06
-2.11407e-06
-3.77834e-06
-1.71999e-06
-4.34438e-06
-1.17921e-06
-4.94793e-06
-5.73399e-07
-5.29625e-06
-5.38253e-06
0.000371255
-0.000260641
0.000742201
-0.000248939
0.00110437
-0.000215304
0.00145123
-0.000159761
0.00177034
-7.72035e-05
0.00203406
4.9109e-05
0.00223763
0.000197273
0.00234408
0.000396385
0.00225005
0.000711377
0.00203654
0.000948422
0.00173695
0.00114972
0.0013703
0.0013261
0.000952553
0.00147722
0.000494783
0.00160514
4.66696e-06
0.00171167
-0.000511003
0.00179744
-0.00104638
0.00186243
-0.00159606
0.00190641
-0.00215483
0.00192819
-0.00271697
0.00192604
-0.0032758
0.00189779
-0.00382343
0.00184063
-0.00434989
0.0017511
-0.00484101
0.00162374
-0.00527669
0.00145188
-0.00562977
0.00122939
-0.00585675
0.000941792
-0.00583989
0.000521554
-0.00571042
0.000238951
-0.00550888
8.69534e-06
-0.00527325
-0.000169556
-0.0050165
-0.000313129
-0.00475056
-0.000430639
-0.00448228
-0.000527837
-0.00421608
-0.000608716
-0.00395512
-0.0006761
-0.00370159
-0.000732368
-0.00345694
-0.000779503
-0.00322187
-0.000819129
-0.00299681
-0.000852475
-0.00278115
-0.000880952
-0.00257445
-0.000905079
-0.00237588
-0.000925648
-0.00218456
-0.000942966
-0.00200033
-0.000956718
-0.00182248
-0.000967525
-0.00165083
-0.000975277
-0.00148453
-0.000980108
-0.00132406
-0.000981493
-0.00116942
-0.000979646
-0.00102021
-0.000975044
-0.000877023
-0.000966948
-0.000740004
-0.000955431
-0.000609162
-0.000941024
-0.000484274
-0.000923731
-0.000366762
-0.00090256
-0.000255731
-0.000879297
-0.000151695
-0.000853331
-5.46145e-05
-0.000824223
3.45537e-05
-0.000793361
0.000116619
-0.000760589
0.000191475
-0.000725799
0.000259117
-0.000689328
0.000319027
-0.000651553
0.00037181
-0.000613048
0.000417703
-0.000573779
0.000457005
-0.000534256
0.00048993
-0.000494505
0.000516797
-0.000454828
0.000537895
-0.000415455
0.000553291
-0.000376601
0.000564059
-0.000339024
0.000570705
-0.000302258
0.000572525
-0.000266254
0.000570807
-0.000232273
0.00056561
-0.000198763
0.000557387
-0.000167667
0.000546603
-0.000137741
0.000533648
-0.000109359
0.000518417
-8.2602e-05
0.000501497
-5.77104e-05
0.000483285
-3.45011e-05
0.00046409
-1.28753e-05
0.000444173
6.66529e-06
0.000423287
2.48948e-05
0.000401821
4.15609e-05
0.000380064
5.66504e-05
0.000358121
7.02782e-05
0.000336189
8.24653e-05
0.000314315
9.32975e-05
0.000292645
0.000102792
0.000271318
0.000110995
0.000250359
0.000117989
0.00022985
0.000123933
0.00020984
0.000128721
0.000190409
0.000132542
0.000171583
0.000135404
0.000153397
0.000137336
0.000135861
0.000138512
0.000119012
0.000138924
0.000102884
0.000138536
8.73788e-05
0.000137646
7.25718e-05
0.000136048
5.85125e-05
0.000133923
4.52028e-05
0.000131254
3.2582e-05
0.000128168
2.06463e-05
0.00012466
9.44707e-06
0.000120779
-1.09774e-06
0.000116603
-1.09276e-05
0.00011214
-2.00843e-05
0.000107446
-2.8588e-05
0.000102516
-3.64325e-05
9.7458e-05
-4.36623e-05
9.22642e-05
-5.02797e-05
8.69878e-05
-5.63052e-05
8.16522e-05
-6.17694e-05
7.6306e-05
-6.66905e-05
7.09374e-05
-7.109e-05
6.5597e-05
-7.49859e-05
6.03106e-05
-7.83952e-05
5.50748e-05
-8.13423e-05
4.99211e-05
-8.38451e-05
4.4871e-05
-8.59258e-05
3.99511e-05
-8.76055e-05
3.51534e-05
-8.89156e-05
3.05091e-05
-8.98746e-05
2.60677e-05
-9.05032e-05
2.17717e-05
-9.08492e-05
1.76634e-05
-9.08969e-05
1.37321e-05
-9.06871e-05
9.9724e-06
-9.02188e-05
6.38773e-06
-8.95101e-05
2.98162e-06
-8.85843e-05
-2.37543e-07
-8.74322e-05
-3.26664e-06
-8.60862e-05
-6.10268e-06
-8.45656e-05
-8.73103e-06
-8.28911e-05
-1.1149e-05
-8.10844e-05
-1.33538e-05
-7.91666e-05
-1.53448e-05
-7.71574e-05
-1.71291e-05
-7.50746e-05
-1.87157e-05
-7.29325e-05
-2.01194e-05
-7.07444e-05
-2.1343e-05
-6.85186e-05
-2.2408e-05
-6.6262e-05
-2.33308e-05
-6.39802e-05
-2.41096e-05
-6.16786e-05
-2.47558e-05
-5.93603e-05
-2.52793e-05
-5.70311e-05
-2.56718e-05
-5.46994e-05
-2.5931e-05
-5.238e-05
-2.60487e-05
-5.00937e-05
-2.60095e-05
-4.78609e-05
-2.58237e-05
-4.56992e-05
-2.55107e-05
-4.36161e-05
-2.50969e-05
-4.16085e-05
-2.46308e-05
-3.96666e-05
-2.41355e-05
-3.77801e-05
-2.36182e-05
-3.59411e-05
-2.30925e-05
-3.41506e-05
-2.25281e-05
-3.24121e-05
-2.19347e-05
-3.07339e-05
-2.12965e-05
-2.91222e-05
-2.06267e-05
-2.7581e-05
-1.99306e-05
-2.61129e-05
-1.92276e-05
-2.47097e-05
-1.85436e-05
-2.33638e-05
-1.78826e-05
-2.20599e-05
-1.72699e-05
-2.07896e-05
-1.66863e-05
-1.95484e-05
-1.61148e-05
-1.83425e-05
-1.55278e-05
-1.71861e-05
-1.49027e-05
-1.60946e-05
-1.42346e-05
-1.50841e-05
-1.35347e-05
-1.41499e-05
-1.28557e-05
-1.32899e-05
-1.2222e-05
-1.24746e-05
-1.17037e-05
-1.16864e-05
-1.12881e-05
-1.09012e-05
-1.09875e-05
-1.01074e-05
-1.07697e-05
-9.29861e-06
-1.06006e-05
-8.47362e-06
-1.04469e-05
-7.63608e-06
-1.02756e-05
-6.79377e-06
-1.00523e-05
-5.96712e-06
-9.72521e-06
-5.16054e-06
-9.31606e-06
-4.40603e-06
-8.74678e-06
-3.70979e-06
-8.07973e-06
-3.11174e-06
-7.23087e-06
-2.64474e-06
-6.26089e-06
-2.34472e-06
-5.21163e-06
-2.20408e-06
-4.27281e-06
-2.16923e-06
-3.64958e-06
-2.13185e-06
-3.53135e-06
-1.96952e-06
-3.94067e-06
-1.61949e-06
-4.69441e-06
-1.1022e-06
-5.46523e-06
-5.20805e-07
-5.87764e-06
-5.90333e-06
0.00059674
-0.000857381
0.00119809
-0.000850292
0.00179651
-0.000813726
0.002382
-0.000745251
0.00293878
-0.000633978
0.00344997
-0.000462083
0.00386497
-0.000217728
0.00415852
0.000102832
0.00411406
0.000755837
0.00389635
0.00116614
0.00352882
0.00151724
0.00303866
0.00181626
0.00245317
0.00206271
0.00179411
0.0022642
0.00107872
0.00242707
0.000320836
0.00255532
-0.000468334
0.0026516
-0.00127935
0.00271742
-0.00210441
0.00275326
-0.0029356
0.00275723
-0.00376344
0.00272564
-0.004575
0.00265219
-0.00535187
0.00252797
-0.00606713
0.002339
-0.00668135
0.00206611
-0.00714594
0.00169398
-0.00740969
0.00120554
-0.00718133
0.000293197
-0.00681232
-0.000130058
-0.00635731
-0.000446322
-0.00586817
-0.000658698
-0.00538899
-0.000792304
-0.00494154
-0.000878089
-0.00453497
-0.000934406
-0.00416802
-0.000975667
-0.00383673
-0.00100739
-0.00353612
-0.00103298
-0.00326097
-0.00105465
-0.00300731
-0.00107279
-0.00277099
-0.00108879
-0.00254995
-0.00110199
-0.00234112
-0.00111392
-0.00214309
-0.00112368
-0.00195428
-0.00113177
-0.00177288
-0.00113812
-0.00159848
-0.00114193
-0.00143057
-0.00114319
-0.00126863
-0.00114204
-0.00111209
-0.00113804
-0.000961358
-0.00113038
-0.000816608
-0.00111979
-0.00067786
-0.0011057
-0.000545395
-0.0010879
-0.000418882
-0.00106754
-0.000299778
-0.00104284
-0.000187355
-0.00101498
-8.27151e-05
-0.000983937
1.49953e-05
-0.000951041
0.000105133
-0.000914361
0.000187657
-0.000875886
0.000261937
-0.000834869
0.000328298
-0.000792159
0.000386931
-0.000747961
0.000438075
-0.000702698
0.000482068
-0.000657041
0.000519139
-0.00061085
0.000549557
-0.000564674
0.000573594
-0.000518542
0.000591486
-0.00047272
0.000603668
-0.000427637
0.000611534
-0.000384466
0.000614262
-0.000341753
0.000612673
-0.000300669
0.000607737
-0.000261318
0.000599124
-0.000223661
0.000587615
-0.000187254
0.000573525
-0.000153577
0.000557309
-0.000121525
0.000539311
-9.13613e-05
0.00051987
-6.31609e-05
0.000499163
-3.70028e-05
0.000477189
-1.25271e-05
0.000455156
9.15747e-06
0.000432297
2.95242e-05
0.000409102
4.80897e-05
0.000385803
6.48594e-05
0.000362503
7.99508e-05
0.000339361
9.34199e-05
0.000316467
0.000105359
0.000293985
0.00011578
0.000272005
0.000124771
0.000250525
0.000132475
0.000229584
0.00013893
0.000209335
0.000144182
0.000189709
0.000148347
0.000170817
0.000151434
0.000152663
0.000153558
0.000135212
0.000154788
0.000118542
0.000155182
0.000102596
0.000154871
8.73834e-05
0.000153748
7.29499e-05
0.00015208
5.92576e-05
0.00014974
4.62991e-05
0.000146881
3.40072e-05
0.000143546
2.24721e-05
0.000139703
1.16691e-05
0.000135463
1.53215e-06
0.000130916
-7.91462e-06
0.00012605
-1.66739e-05
0.000120899
-2.47858e-05
0.000115558
-3.22646e-05
0.000109995
-3.91453e-05
0.000104339
-4.54145e-05
9.85334e-05
-5.1099e-05
9.26723e-05
-5.62639e-05
8.68171e-05
-6.09041e-05
8.09461e-05
-6.50456e-05
7.5079e-05
-6.87087e-05
6.92601e-05
-7.19134e-05
6.35152e-05
-7.46703e-05
5.78317e-05
-7.70201e-05
5.22709e-05
-7.89686e-05
4.68196e-05
-8.05387e-05
4.15212e-05
-8.17459e-05
3.63606e-05
-8.26432e-05
3.14063e-05
-8.32219e-05
2.66464e-05
-8.35275e-05
2.20773e-05
-8.35802e-05
1.77162e-05
-8.33949e-05
1.35468e-05
-8.29839e-05
9.56134e-06
-8.23587e-05
5.76258e-06
-8.15262e-05
2.14906e-06
-8.04982e-05
-1.26549e-06
-7.92806e-05
-4.48424e-06
-7.78938e-05
-7.48948e-06
-7.63583e-05
-1.02666e-05
-7.46945e-05
-1.28128e-05
-7.29234e-05
-1.51248e-05
-7.10656e-05
-1.72027e-05
-6.91398e-05
-1.90548e-05
-6.71627e-05
-2.06929e-05
-6.51471e-05
-2.21351e-05
-6.31046e-05
-2.33855e-05
-6.104e-05
-2.44726e-05
-5.89583e-05
-2.54124e-05
-5.68624e-05
-2.62055e-05
-5.47549e-05
-2.68633e-05
-5.26352e-05
-2.7399e-05
-5.05061e-05
-2.78009e-05
-4.83738e-05
-2.80634e-05
-4.62531e-05
-2.81694e-05
-4.41681e-05
-2.80944e-05
-4.21414e-05
-2.78504e-05
-4.0195e-05
-2.74571e-05
-3.83345e-05
-2.69574e-05
-3.65537e-05
-2.64117e-05
-3.48365e-05
-2.58527e-05
-3.31683e-05
-2.52863e-05
-3.15388e-05
-2.4722e-05
-2.99488e-05
-2.41181e-05
-2.84035e-05
-2.348e-05
-2.69137e-05
-2.27863e-05
-2.54875e-05
-2.2053e-05
-2.4129e-05
-2.1289e-05
-2.28431e-05
-2.05135e-05
-2.16189e-05
-1.97679e-05
-2.04477e-05
-1.90538e-05
-1.93103e-05
-1.84074e-05
-1.8196e-05
-1.78005e-05
-1.70987e-05
-1.72122e-05
-1.60261e-05
-1.66004e-05
-1.49967e-05
-1.59321e-05
-1.40299e-05
-1.52015e-05
-1.31467e-05
-1.44178e-05
-1.23396e-05
-1.36628e-05
-1.16099e-05
-1.29517e-05
-1.09198e-05
-1.23937e-05
-1.02516e-05
-1.19563e-05
-9.57789e-06
-1.16613e-05
-8.88804e-06
-1.14596e-05
-8.17674e-06
-1.13119e-05
-7.44319e-06
-1.11805e-05
-6.69123e-06
-1.10276e-05
-5.92896e-06
-1.08146e-05
-5.17826e-06
-1.04759e-05
-4.44208e-06
-1.00522e-05
-3.7526e-06
-9.43625e-06
-3.11302e-06
-8.71931e-06
-2.56544e-06
-7.77845e-06
-2.14934e-06
-6.67699e-06
-1.90996e-06
-5.45102e-06
-1.84479e-06
-4.33797e-06
-1.89749e-06
-3.59688e-06
-1.94698e-06
-3.48187e-06
-1.84704e-06
-4.0406e-06
-1.53181e-06
-5.00964e-06
-1.02976e-06
-5.96727e-06
-4.69083e-07
-6.43832e-06
-6.37241e-06
0.000798425
-0.00165581
0.00162995
-0.00168182
0.00252162
-0.00170539
0.00351356
-0.00173719
0.00466192
-0.00178233
0.00604721
-0.00184738
0.00780117
-0.00197169
0.0101075
-0.00220345
0.00828959
0.00257371
0.00670258
0.00275314
0.00534193
0.0028779
0.00415222
0.00300597
0.00308932
0.00312561
0.00211998
0.00323353
0.00121736
0.00332969
0.000359298
0.00341338
-0.00047301
0.00348391
-0.00129696
0.00354137
-0.00212781
0.00358411
-0.00298182
0.00361124
-0.00387728
0.00362109
-0.0048367
0.00361162
-0.00588921
0.00358047
-0.00707389
0.00352368
-0.00844437
0.00343658
-0.0100685
0.0033181
-0.0120009
0.00313798
-0.00965932
-0.00204841
-0.00799286
-0.00179651
-0.00681002
-0.00162916
-0.00593768
-0.00153104
-0.00526567
-0.00146431
-0.00472608
-0.00141768
-0.00427419
-0.0013863
-0.00388005
-0.00136981
-0.00352805
-0.00135938
-0.00321616
-0.00134487
-0.00293896
-0.00133185
-0.00269046
-0.0013213
-0.0024648
-0.00131445
-0.00225676
-0.00131003
-0.00206226
-0.00130841
-0.00187802
-0.00130792
-0.00170188
-0.00130791
-0.00153276
-0.00130725
-0.00136931
-0.00130537
-0.00121044
-0.00130206
-0.00105718
-0.0012953
-0.000908947
-0.00128627
-0.000765119
-0.00127421
-0.000627125
-0.00125779
-0.000495235
-0.00123759
-0.000368755
-0.00121438
-0.000249329
-0.00118696
-0.000136351
-0.00115581
-3.06254e-05
-0.00112071
6.76492e-05
-0.00108221
0.000157693
-0.00104109
0.000239936
-0.000996603
0.000314152
-0.000950102
0.000380276
-0.000900992
0.000438439
-0.000850323
0.000488616
-0.000798138
0.000531077
-0.000745158
0.000566504
-0.000692468
0.000594996
-0.000639342
0.000616867
-0.000586544
0.000632283
-0.000533958
0.00064239
-0.000482828
0.000647617
-0.000432864
0.000647307
-0.000384157
0.000643343
-0.000337788
0.000635169
-0.000292495
0.000624041
-0.00025019
0.000609813
-0.000209432
0.000593271
-0.000170712
0.000574618
-0.000134925
0.000554301
-0.000101208
0.000532529
-6.959e-05
0.000509521
-4.01521e-05
0.000485914
-1.3396e-05
0.00046236
1.10271e-05
0.000437941
3.3576e-05
0.000413399
5.40665e-05
0.000388915
7.25733e-05
0.000364571
8.92034e-05
0.000340609
0.000103913
0.000317054
0.000116975
0.000294029
0.000128385
0.000271611
0.000138198
0.000249768
0.000146614
0.000228648
0.000153595
0.000208297
0.000159281
0.000188668
0.000163811
0.00016984
0.000167175
0.000151859
0.000169415
0.000134587
0.00017083
0.000118161
0.000171214
0.000102474
0.000170868
8.75911e-05
0.000169754
7.34827e-05
0.000167857
6.01404e-05
0.000165422
4.75491e-05
0.000162331
3.56617e-05
0.000158769
2.45069e-05
0.000154701
1.40765e-05
0.000150133
4.32661e-06
0.000145213
-4.75873e-06
0.000140001
-1.31729e-05
0.000134464
-2.09561e-05
0.000128683
-2.8116e-05
0.000122718
-3.46532e-05
0.000116532
-4.06311e-05
0.000110317
-4.60382e-05
0.00010394
-5.09374e-05
9.75715e-05
-5.53232e-05
9.12028e-05
-5.9225e-05
8.4848e-05
-6.26878e-05
7.85417e-05
-6.57197e-05
7.2292e-05
-6.83436e-05
6.61392e-05
-7.05719e-05
6.006e-05
-7.24201e-05
5.41191e-05
-7.39077e-05
4.83071e-05
-7.50535e-05
4.2667e-05
-7.58958e-05
3.7203e-05
-7.6444e-05
3.19545e-05
-7.67217e-05
2.69241e-05
-7.67769e-05
2.21325e-05
-7.66142e-05
1.75535e-05
-7.62543e-05
1.31869e-05
-7.57102e-05
9.01722e-06
-7.49751e-05
5.02751e-06
-7.40714e-05
1.24532e-06
-7.29892e-05
-2.34763e-06
-7.17435e-05
-5.72998e-06
-7.03499e-05
-8.88307e-06
-6.88293e-05
-1.17871e-05
-6.72017e-05
-1.44404e-05
-6.54879e-05
-1.68387e-05
-6.37076e-05
-1.8983e-05
-6.18788e-05
-2.08837e-05
-6.00172e-05
-2.25544e-05
-5.81343e-05
-2.40181e-05
-5.62408e-05
-2.52789e-05
-5.43371e-05
-2.63763e-05
-5.24275e-05
-2.73221e-05
-5.05119e-05
-2.81211e-05
-4.85914e-05
-2.87838e-05
-4.66608e-05
-2.93296e-05
-4.47206e-05
-2.97411e-05
-4.2774e-05
-3.00099e-05
-4.08357e-05
-3.01077e-05
-3.89347e-05
-2.99955e-05
-3.70952e-05
-2.96899e-05
-3.53455e-05
-2.92067e-05
-3.36885e-05
-2.86145e-05
-3.21147e-05
-2.79855e-05
-3.06015e-05
-2.73659e-05
-2.91296e-05
-2.67583e-05
-2.76864e-05
-2.61652e-05
-2.6274e-05
-2.55305e-05
-2.48985e-05
-2.48555e-05
-2.35746e-05
-2.41102e-05
-2.23117e-05
-2.33158e-05
-2.11142e-05
-2.24866e-05
-1.99886e-05
-2.16391e-05
-1.89227e-05
-2.08337e-05
-1.79062e-05
-2.00702e-05
-1.69159e-05
-1.93977e-05
-1.59391e-05
-1.87773e-05
-1.4967e-05
-1.81843e-05
-1.40096e-05
-1.75577e-05
-1.30898e-05
-1.68519e-05
-1.22308e-05
-1.60604e-05
-1.14581e-05
-1.51906e-05
-1.07623e-05
-1.43586e-05
-1.0146e-05
-1.3568e-05
-9.56569e-06
-1.2974e-05
-9.00152e-06
-1.25204e-05
-8.42402e-06
-1.22388e-05
-7.82423e-06
-1.20594e-05
-7.19817e-06
-1.1938e-05
-6.54541e-06
-1.18332e-05
-5.8696e-06
-1.17034e-05
-5.17985e-06
-1.15043e-05
-4.49709e-06
-1.11587e-05
-3.82669e-06
-1.07226e-05
-3.19576e-06
-1.00672e-05
-2.60751e-06
-9.30757e-06
-2.10301e-06
-8.28295e-06
-1.72868e-06
-7.05132e-06
-1.53852e-06
-5.64117e-06
-1.53603e-06
-4.34046e-06
-1.66312e-06
-3.4698e-06
-1.78776e-06
-3.35722e-06
-1.74069e-06
-4.08768e-06
-1.45215e-06
-5.29818e-06
-9.59311e-07
-6.46011e-06
-4.17739e-07
-6.9799e-06
-6.79015e-06
0.000956359
-0.00261216
0.00196874
-0.0026942
0.00308052
-0.00281717
0.00433965
-0.00299633
0.00579691
-0.00323959
0.00750725
-0.00355772
0.00954021
-0.00400464
0.0118471
-0.00451036
0.0102393
0.00876201
0.00736047
0.00603744
0.00478329
0.0035863
0.00243381
0.00131276
0.000209682
-0.000889382
-0.00199975
-0.00313763
-0.0043209
-0.00556948
-0.00690593
-0.00835621
-0.00995182
-0.0117241
-0.013736
-0.0109075
-0.00487687
-0.00868449
-0.00401953
-0.00704166
-0.00327199
-0.00581584
-0.00275686
-0.00489408
-0.00238608
-0.00420119
-0.00211057
-0.00367495
-0.00191253
-0.00327444
-0.00177032
-0.00296463
-0.00166919
-0.00271119
-0.00159831
-0.00249293
-0.00155011
-0.00229559
-0.00151864
-0.00211288
-0.00149716
-0.00193961
-0.00148329
-0.00177335
-0.00147468
-0.00161244
-0.00146883
-0.00145613
-0.00146422
-0.00130286
-0.00146051
-0.00115322
-0.00145502
-0.00100709
-0.00144818
-0.000864136
-0.00143826
-0.00072463
-0.00142578
-0.000589971
-0.00140886
-0.000459873
-0.00138789
-0.000334463
-0.001363
-0.000215315
-0.00133352
-0.00010272
-0.00129956
2.92958e-06
-0.00126146
0.00010147
-0.00121925
0.00019214
-0.00117288
0.000274666
-0.00112361
0.000348923
-0.00107086
0.000414907
-0.00101609
0.000472742
-0.000958828
0.000522669
-0.00090025
0.000564933
-0.000840402
0.000599309
-0.000779534
0.000626462
-0.000719622
0.000646914
-0.000659794
0.000660857
-0.000600487
0.000669174
-0.000542275
0.000672277
-0.000485931
0.00067001
-0.000430597
0.000664244
-0.000378391
0.000653857
-0.000327402
0.000640869
-0.000279507
0.00062465
-0.000233971
0.000605866
-0.000190647
0.000585591
-0.000150436
0.000563525
-0.000112859
0.000540144
-7.7827e-05
0.000515623
-4.50691e-05
0.000490893
-1.54221e-05
0.000465859
1.16384e-05
0.000440369
3.65166e-05
0.000414905
5.90402e-05
0.000389661
7.93102e-05
0.000364705
9.7529e-05
0.000340242
0.000113667
0.000316259
0.000127895
0.000292931
0.000140304
0.000270271
0.000151044
0.000248326
0.000160143
0.000227162
0.000167778
0.000206825
0.000173932
0.000187318
0.000178787
0.000168653
0.000182476
0.000150875
0.000184953
0.000133849
0.000186441
0.000117738
0.000186941
0.000102441
0.000186511
8.79017e-05
0.000185408
7.42181e-05
0.000183437
6.11926e-05
0.000180882
4.90071e-05
0.000177608
3.74905e-05
0.000173848
2.67108e-05
0.000169548
1.66638e-05
0.000164748
7.2547e-06
0.000159542
-1.50741e-06
0.000153975
-9.60752e-06
0.000148101
-1.70625e-05
0.000141919
-2.39158e-05
0.000135536
-3.01894e-05
0.000128992
-3.59157e-05
0.000122258
-4.10831e-05
0.000115484
-4.57441e-05
0.000108601
-4.991e-05
0.000101737
-5.36216e-05
9.49145e-05
-5.69129e-05
8.81392e-05
-5.97925e-05
8.14214e-05
-6.22911e-05
7.47906e-05
-6.44216e-05
6.82697e-05
-6.62097e-05
6.18481e-05
-6.76469e-05
5.55563e-05
-6.8759e-05
4.94192e-05
-6.95715e-05
4.34795e-05
-7.01065e-05
3.7738e-05
-7.03775e-05
3.22254e-05
-7.04416e-05
2.69882e-05
-7.02962e-05
2.19871e-05
-6.99778e-05
1.72351e-05
-6.9499e-05
1.2708e-05
-6.88623e-05
8.38051e-06
-6.80786e-05
4.24389e-06
-6.71351e-05
3.01793e-07
-6.60364e-05
-3.44634e-06
-6.47936e-05
-6.97278e-06
-6.34199e-05
-1.02567e-05
-6.19376e-05
-1.32695e-05
-6.03661e-05
-1.60119e-05
-5.87259e-05
-1.84789e-05
-5.70361e-05
-2.06727e-05
-5.53136e-05
-2.26062e-05
-5.35738e-05
-2.42942e-05
-5.18264e-05
-2.57655e-05
-5.00821e-05
-2.70232e-05
-4.83364e-05
-2.8122e-05
-4.65935e-05
-2.9065e-05
-4.48508e-05
-2.98638e-05
-4.31084e-05
-3.05263e-05
-4.13571e-05
-3.10809e-05
-3.95946e-05
-3.15036e-05
-3.78208e-05
-3.17837e-05
-3.605e-05
-3.18785e-05
-3.43166e-05
-3.17289e-05
-3.26471e-05
-3.13594e-05
-3.10768e-05
-3.07771e-05
-2.96052e-05
-3.00861e-05
-2.82201e-05
-2.93706e-05
-2.68914e-05
-2.86945e-05
-2.55952e-05
-2.80545e-05
-2.43171e-05
-2.74433e-05
-2.30613e-05
-2.67863e-05
-2.18356e-05
-2.60812e-05
-2.06577e-05
-2.52881e-05
-1.95388e-05
-2.44347e-05
-1.84832e-05
-2.35422e-05
-1.74982e-05
-2.26241e-05
-1.65719e-05
-2.176e-05
-1.56917e-05
-2.09504e-05
-1.48314e-05
-2.0258e-05
-1.39755e-05
-1.96333e-05
-1.31126e-05
-1.90471e-05
-1.22551e-05
-1.84152e-05
-1.14302e-05
-1.76768e-05
-1.06652e-05
-1.68254e-05
-9.98723e-06
-1.58686e-05
-9.38964e-06
-1.49562e-05
-8.87091e-06
-1.40867e-05
-8.38658e-06
-1.34583e-05
-7.91181e-06
-1.29952e-05
-7.41718e-06
-1.27334e-05
-6.89511e-06
-1.25814e-05
-6.34349e-06
-1.24896e-05
-5.76222e-06
-1.24145e-05
-5.15439e-06
-1.23112e-05
-4.53062e-06
-1.21281e-05
-3.90911e-06
-1.17802e-05
-3.30066e-06
-1.13311e-05
-2.72301e-06
-1.06448e-05
-2.18196e-06
-9.84862e-06
-1.71471e-06
-8.7502e-06
-1.37482e-06
-7.39121e-06
-1.22402e-06
-5.79196e-06
-1.2721e-06
-4.29239e-06
-1.46078e-06
-3.28112e-06
-1.64844e-06
-3.16956e-06
-1.64544e-06
-4.09068e-06
-1.37696e-06
-5.56666e-06
-8.89559e-07
-6.94751e-06
-3.67167e-07
-7.50229e-06
-7.15732e-06
0.000253293
-0.00286546
0.000482188
-0.0029231
0.000658394
-0.00299337
0.000760161
-0.00309809
0.000768897
-0.00324833
0.000674747
-0.00346357
0.000399244
-0.00372914
-0.00411112
-0.0011362
-0.00374067
-0.00193936
-0.00321638
-0.00237445
-0.0028369
-0.0026109
-0.00252041
-0.00270542
-0.00229156
-0.0026946
-0.00212139
-0.00261115
-0.00199599
-0.00249007
-0.0018914
-0.0023525
-0.00180676
-0.00220874
-0.00174208
-0.00206497
-0.00169388
-0.00192411
-0.0016595
-0.00178451
-0.00163676
-0.00164643
-0.00162138
-0.00150917
-0.00161193
-0.00137238
-0.00160562
-0.00123507
-0.00160153
-0.00109866
-0.00159693
-0.000962837
-0.00159084
-0.000828089
-0.00158293
-0.000695333
-0.00157101
-0.000565718
-0.00155539
-0.000438962
-0.00153562
-0.000316057
-0.00151079
-0.000198829
-0.00148023
-8.69351e-05
-0.00144542
1.86927e-05
-0.00140519
0.000117115
-0.00135989
0.000208179
-0.00131031
0.000291201
-0.0012559
0.000366159
-0.00119857
0.000432834
-0.00113753
0.000490787
-0.00107404
0.000540715
-0.00100876
0.000582718
-0.000942253
0.000617019
-0.000874704
0.000644117
-0.000806632
0.000663881
-0.000739386
0.000677183
-0.000673095
0.000684288
-0.000607592
0.000686289
-0.000544276
0.000683008
-0.00048265
0.000675832
-0.00042342
0.0006643
-0.00036686
0.000649956
-0.000313058
0.000632351
-0.000261901
0.000612297
-0.000213918
0.000590755
-0.000169105
0.00056752
-0.000127201
0.000543051
-8.83902e-05
0.000517748
-5.25242e-05
0.000492034
-1.93543e-05
0.000466141
1.04706e-05
0.000439956
3.78229e-05
0.000413974
6.24986e-05
0.000388205
8.48101e-05
0.000362902
0.000104613
0.000338169
0.000122261
0.000313991
0.000137846
0.000290565
0.000151321
0.000267899
0.000162969
0.000246047
0.000172897
0.000225046
0.000181143
0.000204919
0.000187905
0.000185638
0.000193214
0.000167247
0.000197178
0.00014973
0.000199992
0.000133089
0.000201595
0.000117326
0.000202203
0.00010236
0.000201907
8.82159e-05
0.000200655
7.4948e-05
0.000198676
6.23535e-05
0.000196032
5.05973e-05
0.000192638
3.94451e-05
0.00018876
2.905e-05
0.000184243
1.93088e-05
0.000179289
1.02458e-05
0.000173811
1.84055e-06
0.000167948
-5.96507e-06
0.000161781
-1.31423e-05
0.000155278
-1.97374e-05
0.000148514
-2.57713e-05
0.00014157
-3.1262e-05
0.000134482
-3.62318e-05
0.000127228
-4.06923e-05
0.000119944
-4.46871e-05
0.000112596
-4.82302e-05
0.00010528
-5.13616e-05
9.80459e-05
-5.41116e-05
9.08892e-05
-5.6506e-05
8.38158e-05
-5.85606e-05
7.68451e-05
-6.0289e-05
6.99981e-05
-6.17075e-05
6.32667e-05
-6.28123e-05
5.6661e-05
-6.36266e-05
5.02335e-05
-6.41689e-05
4.40218e-05
-6.44587e-05
3.80278e-05
-6.45374e-05
3.23041e-05
-6.44161e-05
2.6867e-05
-6.41317e-05
2.17027e-05
-6.37059e-05
1.68093e-05
-6.31503e-05
1.21524e-05
-6.24682e-05
7.69841e-06
-6.16592e-05
3.43488e-06
-6.07131e-05
-6.44343e-07
-5.9626e-05
-4.53336e-06
-5.84101e-05
-8.18873e-06
-5.70762e-05
-1.15906e-05
-5.56494e-05
-1.46963e-05
-5.41486e-05
-1.75126e-05
-5.25939e-05
-2.00336e-05
-5.10033e-05
-2.22634e-05
-4.93925e-05
-2.4217e-05
-4.77768e-05
-2.59098e-05
-4.61649e-05
-2.73774e-05
-4.4567e-05
-2.86211e-05
-4.29739e-05
-2.97151e-05
-4.13901e-05
-3.06488e-05
-3.9811e-05
-3.14429e-05
-3.82364e-05
-3.21008e-05
-3.66541e-05
-3.26632e-05
-3.50582e-05
-3.30996e-05
-3.34444e-05
-3.33975e-05
-3.18274e-05
-3.34955e-05
-3.02464e-05
-3.33099e-05
-2.87314e-05
-3.28744e-05
-2.73238e-05
-3.21847e-05
-2.60206e-05
-3.13892e-05
-2.48067e-05
-3.05845e-05
-2.3644e-05
-2.98571e-05
-2.25043e-05
-2.91942e-05
-2.13721e-05
-2.85755e-05
-2.02538e-05
-2.79045e-05
-1.91604e-05
-2.71746e-05
-1.81113e-05
-2.63372e-05
-1.71196e-05
-2.54264e-05
-1.61893e-05
-2.44725e-05
-1.53269e-05
-2.34865e-05
-1.45233e-05
-2.25636e-05
-1.37628e-05
-2.1711e-05
-1.30169e-05
-2.10039e-05
-1.2267e-05
-2.03832e-05
-1.15e-05
-1.98141e-05
-1.07294e-05
-1.91858e-05
-9.98708e-06
-1.84192e-05
-9.30425e-06
-1.75083e-05
-8.70702e-06
-1.64658e-05
-8.19652e-06
-1.54667e-05
-7.7608e-06
-1.45224e-05
-7.36023e-06
-1.38589e-05
-6.96171e-06
-1.33937e-05
-6.53792e-06
-1.31572e-05
-6.08275e-06
-1.30366e-05
-5.59617e-06
-1.29762e-05
-5.07827e-06
-1.29324e-05
-4.53142e-06
-1.28581e-05
-3.96787e-06
-1.26916e-05
-3.40173e-06
-1.23463e-05
-2.85147e-06
-1.18814e-05
-2.32255e-06
-1.11738e-05
-1.82545e-06
-1.03457e-05
-1.39117e-06
-9.18448e-06
-1.07999e-06
-7.70239e-06
-9.60288e-07
-5.91167e-06
-1.04777e-06
-4.2049e-06
-1.28579e-06
-3.0431e-06
-1.52449e-06
-2.93087e-06
-1.55744e-06
-4.05773e-06
-1.3039e-06
-5.82021e-06
-8.21268e-07
-7.43014e-06
-3.18139e-07
-8.00542e-06
-7.47546e-06
0.000140766
-0.00300622
0.000282984
-0.00306532
0.000422328
-0.00313272
0.000542807
-0.00321857
0.000618525
-0.00332405
0.000599656
-0.0034447
0.000405835
-0.00353532
-0.00370528
-0.000854197
-0.00288648
-0.00140901
-0.00266156
-0.00169553
-0.00255039
-0.00183363
-0.0023823
-0.00189768
-0.00222751
-0.00192065
-0.00209842
-0.00192016
-0.00199647
-0.00189512
-0.00191643
-0.00184652
-0.00185537
-0.00177928
-0.00180931
-0.00169749
-0.00177567
-0.00160478
-0.00175221
-0.00150405
-0.00173748
-0.00139662
-0.00172881
-0.00128402
-0.00172453
-0.00116693
-0.00172271
-0.0010469
-0.00172156
-0.000924502
-0.00171932
-0.000800747
-0.00171459
-0.000677352
-0.00170633
-0.000553736
-0.00169463
-0.00043185
-0.00167728
-0.000313063
-0.00165441
-0.000198325
-0.00162553
-8.75139e-05
-0.00159104
1.72928e-05
-0.00155022
0.00011577
-0.00150366
0.000207094
-0.00145121
0.000290932
-0.00139415
0.000366611
-0.00133158
0.000433875
-0.00126583
0.000492991
-0.00119665
0.000544192
-0.00112524
0.000587028
-0.00105159
0.000621397
-0.000976622
0.000648613
-0.00090192
0.000668759
-0.000826778
0.000681946
-0.000752573
0.000689104
-0.000680253
0.000690529
-0.000609017
0.000687182
-0.000540929
0.00067892
-0.000474388
0.00066712
-0.00041162
0.000651888
-0.000351628
0.000633651
-0.000294821
0.000613173
-0.000241423
0.000590841
-0.000191585
0.000566932
-0.000145196
0.000541829
-0.000102098
0.000516017
-6.25781e-05
0.000489713
-2.62204e-05
0.000463459
6.89957e-06
0.000437024
3.69054e-05
0.000410776
6.40716e-05
0.00038487
8.84044e-05
0.000359504
0.000110176
0.00033471
0.000129407
0.000310632
0.00014634
0.000287348
0.00016113
0.000264853
0.000173815
0.000243217
0.000184606
0.000222447
0.000193666
0.000202612
0.000200979
0.00018369
0.000206827
0.000165644
0.00021126
0.00014849
0.000214332
0.000132211
0.000216271
0.000116807
0.000216999
0.00010226
0.000216751
8.85611e-05
0.000215605
7.56886e-05
0.000213527
6.35129e-05
0.000210851
5.21234e-05
0.000207421
4.1425e-05
0.000203337
3.14048e-05
0.00019878
2.20242e-05
0.000193623
1.32998e-05
0.000188014
5.16984e-06
0.000181941
-2.35372e-06
0.000175471
-9.25789e-06
0.000168685
-1.55996e-05
0.00016162
-2.14021e-05
0.000154316
-2.66894e-05
0.000146857
-3.14799e-05
0.000139273
-3.57907e-05
0.000131539
-3.96437e-05
0.000123797
-4.3053e-05
0.000116006
-4.60571e-05
0.000108285
-4.86858e-05
0.000100674
-5.09835e-05
9.31869e-05
-5.29674e-05
8.57998e-05
-5.46502e-05
7.85279e-05
-5.60557e-05
7.14036e-05
-5.71716e-05
6.43826e-05
-5.80121e-05
5.75016e-05
-5.85861e-05
5.08075e-05
-5.89163e-05
4.4352e-05
-5.90256e-05
3.81371e-05
-5.89428e-05
3.22213e-05
-5.86942e-05
2.66184e-05
-5.83114e-05
2.13199e-05
-5.7815e-05
1.63129e-05
-5.72176e-05
1.1555e-05
-5.65206e-05
7.00139e-06
-5.57151e-05
2.6294e-06
-5.47898e-05
-1.56965e-06
-5.37346e-05
-5.58856e-06
-5.25627e-05
-9.36062e-06
-5.1283e-05
-1.28704e-05
-4.99239e-05
-1.60554e-05
-4.85043e-05
-1.89322e-05
-4.7043e-05
-2.14949e-05
-4.55564e-05
-2.375e-05
-4.40597e-05
-2.57137e-05
-4.25679e-05
-2.74016e-05
-4.10891e-05
-2.88562e-05
-3.96324e-05
-3.00778e-05
-3.81848e-05
-3.11628e-05
-3.67508e-05
-3.20828e-05
-3.53248e-05
-3.2869e-05
-3.39069e-05
-3.35187e-05
-3.24833e-05
-3.40867e-05
-3.1043e-05
-3.45399e-05
-2.95774e-05
-3.48631e-05
-2.81018e-05
-3.49711e-05
-2.66586e-05
-3.47531e-05
-2.5285e-05
-3.4248e-05
-2.4024e-05
-3.34456e-05
-2.28736e-05
-3.25397e-05
-2.18143e-05
-3.16439e-05
-2.08004e-05
-3.0871e-05
-1.97996e-05
-3.0195e-05
-1.8796e-05
-2.95792e-05
-1.77984e-05
-2.89021e-05
-1.68221e-05
-2.8151e-05
-1.58871e-05
-2.72722e-05
-1.50077e-05
-2.63058e-05
-1.4188e-05
-2.52921e-05
-1.34327e-05
-2.42419e-05
-1.27364e-05
-2.32599e-05
-1.20805e-05
-2.23669e-05
-1.14354e-05
-2.1649e-05
-1.07788e-05
-2.10398e-05
-1.0096e-05
-2.04969e-05
-9.40139e-06
-1.98804e-05
-8.73155e-06
-1.9089e-05
-8.121e-06
-1.81188e-05
-7.59244e-06
-1.69944e-05
-7.15867e-06
-1.59005e-05
-6.79359e-06
-1.48875e-05
-6.46581e-06
-1.41867e-05
-6.132e-06
-1.37275e-05
-5.76848e-06
-1.35207e-05
-5.37088e-06
-1.34342e-05
-4.94116e-06
-1.34059e-05
-4.4795e-06
-1.33941e-05
-3.98755e-06
-1.335e-05
-3.47861e-06
-1.32006e-05
-2.96355e-06
-1.28614e-05
-2.46726e-06
-1.23776e-05
-1.98415e-06
-1.16569e-05
-1.52813e-06
-1.08017e-05
-1.1234e-06
-9.58921e-06
-8.36603e-07
-7.98918e-06
-7.41063e-07
-6.00721e-06
-8.57924e-07
-4.08804e-06
-1.1338e-06
-2.76722e-06
-1.41235e-06
-2.65232e-06
-1.47372e-06
-3.99636e-06
-1.23147e-06
-6.06245e-06
-7.54177e-07
-7.90743e-06
-2.71475e-07
-8.48812e-06
-7.74694e-06
7.84481e-05
-0.00308467
0.000152146
-0.00313901
0.00021341
-0.00319398
0.00025233
-0.00325749
0.00025726
-0.00332898
0.000218127
-0.00340557
0.000144924
-0.00346212
-0.00356036
-0.000466009
-0.00242047
-0.000817802
-0.00230977
-0.00109647
-0.00227172
-0.00128946
-0.00218931
-0.00141277
-0.0021042
-0.00148339
-0.00202779
-0.00151721
-0.00196266
-0.00152342
-0.00191022
-0.00150771
-0.00187108
-0.00147356
-0.00184347
-0.00142285
-0.00182637
-0.00135826
-0.00181681
-0.00128183
-0.0018139
-0.00119522
-0.00181543
-0.00110038
-0.00181937
-0.000998765
-0.00182433
-0.000891939
-0.00182839
-0.000781092
-0.00183017
-0.000667409
-0.00182828
-0.000551754
-0.00182198
-0.000436562
-0.00180982
-0.000322388
-0.00179145
-0.000210618
-0.00176618
-0.000102479
-0.00173367
1.04005e-06
-0.00169456
9.90906e-05
-0.00164827
0.00019069
-0.00159526
0.00027521
-0.00153573
0.000351653
-0.00147059
0.000420596
-0.00140053
0.000481412
-0.00132665
0.000533627
-0.00124887
0.00057722
-0.00116883
0.000613133
-0.00108751
0.000641675
-0.00100516
0.000662298
-0.000922542
0.000676376
-0.000840856
0.000683994
-0.000760191
0.000685796
-0.000682054
0.000682677
-0.000605899
0.000674853
-0.000533105
0.000662932
-0.000462468
0.000647582
-0.000396271
0.000629487
-0.000333532
0.000608811
-0.000274145
0.000586167
-0.000218779
0.000562087
-0.000167506
0.000536896
-0.000120005
0.000511025
-7.62263e-05
0.000484637
-3.619e-05
0.000458215
2.01008e-07
0.000431851
3.32636e-05
0.000405666
6.3091e-05
0.000379946
8.97911e-05
0.000354655
0.000113695
0.000330162
0.00013467
0.000306244
0.000153324
0.000283247
0.000169337
0.000261059
0.000183318
0.000239778
0.000195097
0.000219432
0.000204952
0.000200027
0.000213071
0.000181425
0.000219581
0.000163799
0.000224453
0.000147063
0.000227996
0.000131222
0.000230174
0.000116238
0.000231255
0.000102109
0.000231128
8.88228e-05
0.000230037
7.6353e-05
0.000228075
6.46668e-05
0.000225214
5.36432e-05
0.000221875
4.33666e-05
0.000217698
3.37442e-05
0.000212959
2.47211e-05
0.000207803
1.63284e-05
0.000202016
8.48894e-06
0.000195853
1.24412e-06
0.000189186
-5.44035e-06
0.000182156
-1.15567e-05
0.000174801
-1.71448e-05
0.000167208
-2.22389e-05
0.00015941
-2.68646e-05
0.000151483
-3.10386e-05
0.000143447
-3.47747e-05
0.000135275
-3.8094e-05
0.000127117
-4.10007e-05
0.000118912
-4.35371e-05
0.000110821
-4.57401e-05
0.000102878
-4.76515e-05
9.50983e-05
-4.92915e-05
8.74397e-05
-5.06825e-05
7.99189e-05
-5.18119e-05
7.25329e-05
-5.26929e-05
6.52636e-05
-5.33181e-05
5.81268e-05
-5.37056e-05
5.11951e-05
-5.38717e-05
4.45181e-05
-5.38423e-05
3.81076e-05
-5.36428e-05
3.20219e-05
-5.3305e-05
2.62806e-05
-5.28555e-05
2.08704e-05
-5.23187e-05
1.5776e-05
-5.17061e-05
1.09424e-05
-5.10163e-05
6.31161e-06
-5.02352e-05
1.84834e-06
-4.93481e-05
-2.45679e-06
-4.83392e-05
-6.59748e-06
-4.72227e-05
-1.04771e-05
-4.6007e-05
-1.40861e-05
-4.47236e-05
-1.73388e-05
-4.33919e-05
-2.02639e-05
-4.20286e-05
-2.28583e-05
-4.0648e-05
-2.51305e-05
-3.9265e-05
-2.70967e-05
-3.78945e-05
-2.87721e-05
-3.65449e-05
-3.02058e-05
-3.52225e-05
-3.14002e-05
-3.39118e-05
-3.24735e-05
-3.26174e-05
-3.33771e-05
-3.13332e-05
-3.41531e-05
-3.00604e-05
-3.47915e-05
-2.8785e-05
-3.53622e-05
-2.74893e-05
-3.58356e-05
-2.61605e-05
-3.61919e-05
-2.48149e-05
-3.63167e-05
-2.34965e-05
-3.60715e-05
-2.22523e-05
-3.54922e-05
-2.11232e-05
-3.45747e-05
-2.0111e-05
-3.35519e-05
-1.91905e-05
-3.25644e-05
-1.83095e-05
-3.1752e-05
-1.74314e-05
-3.10732e-05
-1.65409e-05
-3.04697e-05
-1.56493e-05
-2.97937e-05
-1.47769e-05
-2.90234e-05
-1.39434e-05
-2.81057e-05
-1.31633e-05
-2.70859e-05
-1.24412e-05
-2.60143e-05
-1.17794e-05
-2.49037e-05
-1.11773e-05
-2.3862e-05
-1.06122e-05
-2.2932e-05
-1.00554e-05
-2.22058e-05
-9.4801e-06
-2.1615e-05
-8.87185e-06
-2.11051e-05
-8.24452e-06
-2.05078e-05
-7.63861e-06
-1.96949e-05
-7.09193e-06
-1.86655e-05
-6.62247e-06
-1.74638e-05
-6.25516e-06
-1.62678e-05
-5.95056e-06
-1.51921e-05
-5.68545e-06
-1.44518e-05
-5.40637e-06
-1.40066e-05
-5.09391e-06
-1.38332e-05
-4.74574e-06
-1.37824e-05
-4.36601e-06
-1.37857e-05
-3.95433e-06
-1.38058e-05
-3.51189e-06
-1.37925e-05
-3.05261e-06
-1.36599e-05
-2.58492e-06
-1.33291e-05
-2.13813e-06
-1.28244e-05
-1.69841e-06
-1.20966e-05
-1.28055e-06
-1.12196e-05
-9.02947e-07
-9.96681e-06
-6.37613e-07
-8.25452e-06
-5.60701e-07
-6.08412e-06
-6.98179e-07
-3.95056e-06
-1.00126e-06
-2.46415e-06
-1.30912e-06
-2.34445e-06
-1.39226e-06
-3.91322e-06
-1.15893e-06
-6.29578e-06
-6.89165e-07
-8.3772e-06
-2.27947e-07
-8.94934e-06
-7.97488e-06
3.67526e-05
-0.00312142
7.0024e-05
-0.00317229
9.55779e-05
-0.00321954
0.000109201
-0.00327112
0.000107536
-0.00332731
8.6423e-05
-0.00338446
5.83111e-05
-0.003434
-0.00350205
-0.000300064
-0.0021204
-0.000542347
-0.00206748
-0.000761823
-0.00205225
-0.000936527
-0.00201461
-0.00106862
-0.0019721
-0.00116192
-0.00193449
-0.00122251
-0.00190207
-0.00125406
-0.00187867
-0.00126157
-0.00186356
-0.00124804
-0.001857
-0.00121664
-0.00185778
-0.00116938
-0.00186407
-0.00110848
-0.0018748
-0.001036
-0.00188791
-0.000953468
-0.0019019
-0.000862839
-0.00191496
-0.000765578
-0.00192565
-0.000663316
-0.00193243
-0.00055766
-0.00193393
-0.000450042
-0.0019296
-0.000341864
-0.001918
-0.000234601
-0.00189872
-0.000129749
-0.00187103
-2.77744e-05
-0.00183564
6.95224e-05
-0.00179185
0.000161158
-0.00173991
0.000246206
-0.00168031
0.000323918
-0.00161344
0.000394368
-0.00154104
0.000456473
-0.00146263
0.000510399
-0.00138058
0.000555995
-0.00129446
0.000593907
-0.00120675
0.000623522
-0.00111712
0.000645852
-0.00102749
0.000661285
-0.000937975
0.000670022
-0.000849593
0.000673175
-0.000763344
0.000670714
-0.000679594
0.000663799
-0.000598985
0.000652448
-0.000521753
0.000637788
-0.000447808
0.000620091
-0.000378574
0.000599754
-0.000313195
0.000577676
-0.000252067
0.000553868
-0.000194972
0.000528876
-0.000142514
0.000503186
-9.43156e-05
0.000477089
-5.01285e-05
0.000450939
-1.00401e-05
0.000424789
2.63505e-05
0.000398923
5.913e-05
0.00037351
8.85034e-05
0.000348614
0.000114688
0.000324528
0.000137781
0.000301021
0.000158176
0.000278487
0.000175858
0.000256691
0.000191133
0.000235856
0.000204153
0.000215951
0.000215002
0.000196959
0.000223943
0.000178901
0.000231129
0.000161812
0.00023667
0.000145503
0.000240762
0.000130108
0.000243391
0.000115584
0.000244698
0.000101884
0.000244955
8.90091e-05
0.000244003
7.69368e-05
0.00024211
6.56339e-05
0.000239378
5.50634e-05
0.000235784
4.52052e-05
0.000231733
3.59359e-05
0.000226967
2.73097e-05
0.000221585
1.92402e-05
0.000215873
1.17204e-05
0.000209536
4.72872e-06
0.000202845
-1.72861e-06
0.000195643
-7.64536e-06
0.000188072
-1.30454e-05
0.000180201
-1.79565e-05
0.000172119
-2.24218e-05
0.000163876
-2.64648e-05
0.000155526
-3.00991e-05
0.000147081
-3.33391e-05
0.000138515
-3.61911e-05
0.000129969
-3.86685e-05
0.000121389
-4.08036e-05
0.000112956
-4.26457e-05
0.00010472
-4.42327e-05
9.66853e-05
-4.55936e-05
8.88006e-05
-4.67338e-05
8.10592e-05
-4.76531e-05
7.34522e-05
-4.83397e-05
6.59502e-05
-4.87981e-05
5.85852e-05
-4.90396e-05
5.14365e-05
-4.90817e-05
4.45603e-05
-4.89501e-05
3.79759e-05
-4.86688e-05
3.17406e-05
-4.82698e-05
2.58816e-05
-4.77808e-05
2.03813e-05
-4.72262e-05
1.52215e-05
-4.66181e-05
1.03343e-05
-4.59512e-05
5.64475e-06
-4.52093e-05
1.1064e-06
-4.43714e-05
-3.29463e-06
-4.34189e-05
-7.55001e-06
-4.23642e-05
-1.15318e-05
-4.12188e-05
-1.52315e-05
-4.00155e-05
-1.85421e-05
-3.87754e-05
-2.1504e-05
-3.75119e-05
-2.41218e-05
-3.62367e-05
-2.64057e-05
-3.49649e-05
-2.83685e-05
-3.37112e-05
-3.00258e-05
-3.2485e-05
-3.1432e-05
-3.1289e-05
-3.25963e-05
-3.01059e-05
-3.36565e-05
-2.89401e-05
-3.4543e-05
-2.77863e-05
-3.53069e-05
-2.66467e-05
-3.59311e-05
-2.55083e-05
-3.65006e-05
-2.43462e-05
-3.69976e-05
-2.31439e-05
-3.73942e-05
-2.19174e-05
-3.75431e-05
-2.07124e-05
-3.72766e-05
-1.95854e-05
-3.66192e-05
-1.85754e-05
-3.55847e-05
-1.76876e-05
-3.44397e-05
-1.68912e-05
-3.33608e-05
-1.61279e-05
-3.25153e-05
-1.53572e-05
-3.18439e-05
-1.45664e-05
-3.12605e-05
-1.37687e-05
-3.05913e-05
-1.29884e-05
-2.98037e-05
-1.2245e-05
-2.88491e-05
-1.1553e-05
-2.77779e-05
-1.09161e-05
-2.66512e-05
-1.03358e-05
-2.5484e-05
-9.81663e-06
-2.43811e-05
-9.32964e-06
-2.3419e-05
-8.85e-06
-2.26854e-05
-8.34715e-06
-2.21179e-05
-7.80432e-06
-2.16479e-05
-7.23616e-06
-2.10759e-05
-6.68773e-06
-2.02434e-05
-6.19723e-06
-1.9156e-05
-5.77933e-06
-1.78817e-05
-5.46873e-06
-1.65784e-05
-5.21586e-06
-1.5445e-05
-5.00415e-06
-1.46635e-05
-4.77143e-06
-1.42393e-05
-4.50193e-06
-1.41027e-05
-4.19622e-06
-1.40881e-05
-3.86025e-06
-1.41216e-05
-3.49296e-06
-1.4173e-05
-3.09567e-06
-1.41898e-05
-2.68133e-06
-1.40742e-05
-2.25762e-06
-1.37528e-05
-1.85544e-06
-1.32266e-05
-1.45699e-06
-1.2495e-05
-1.07549e-06
-1.16011e-05
-7.2299e-07
-1.03193e-05
-4.76603e-07
-8.5009e-06
-4.13886e-07
-6.14684e-06
-5.64518e-07
-3.79993e-06
-8.8535e-07
-2.14331e-06
-1.21291e-06
-2.01689e-06
-1.31207e-06
-3.81407e-06
-1.08629e-06
-6.52156e-06
-6.26879e-07
-8.83661e-06
-1.88205e-07
-9.38801e-06
-8.16309e-06
1.91153e-05
-0.00314054
3.61809e-05
-0.00318935
4.88376e-05
-0.00323219
5.53172e-05
-0.0032776
5.3927e-05
-0.00332592
4.35912e-05
-0.00337412
2.90712e-05
-0.00341948
-0.00347297
-0.000226936
-0.00189347
-0.000421355
-0.00187307
-0.000598649
-0.00187495
-0.000748077
-0.00186518
-0.000868518
-0.00185166
-0.000960868
-0.00184215
-0.00102583
-0.00183711
-0.00106615
-0.00183836
-0.0010837
-0.00184601
-0.00108117
-0.00185953
-0.00106056
-0.00187839
-0.00102361
-0.00190102
-0.000972672
-0.00192574
-0.000909248
-0.00195133
-0.000835315
-0.00197584
-0.000752722
-0.00199755
-0.000663025
-0.00201534
-0.000567816
-0.00202764
-0.000468754
-0.002033
-0.000367519
-0.00203084
-0.000265698
-0.00201982
-0.000164534
-0.00199988
-6.53978e-05
-0.00197017
3.02851e-05
-0.00193133
0.000121058
-0.00188263
0.000206319
-0.00182517
0.000285209
-0.0017592
0.000356598
-0.00168483
0.000420678
-0.00160512
0.000476664
-0.00151862
0.000524391
-0.0014283
0.000564295
-0.00133437
0.000596155
-0.0012386
0.000620592
-0.00114156
0.0006378
-0.0010447
0.000648499
-0.000948675
0.0006531
-0.000854193
0.000652206
-0.00076245
0.000646462
-0.00067385
0.00063655
-0.000589072
0.000622764
-0.000507967
0.000606192
-0.000431237
0.000586796
-0.000359178
0.000565461
-0.00029186
0.000542346
-0.000228952
0.000518115
-0.000170741
0.000493031
-0.00011743
0.00046751
-6.87946e-05
0.000441853
-2.44712e-05
0.000416223
1.55896e-05
0.00039086
5.17138e-05
0.000365932
8.40578e-05
0.00034159
0.000112846
0.000317945
0.000138333
0.000295035
0.000160691
0.000272986
0.000180224
0.000251775
0.00019707
0.000231493
0.000211416
0.000212086
0.00022356
0.00019364
0.000233448
0.000176097
0.000241486
0.000159498
0.000247727
0.00014373
0.000252438
0.000128842
0.00025565
0.000114783
0.00025745
0.000101562
0.000257918
8.91184e-05
0.000257399
7.746e-05
0.000255661
6.65376e-05
0.000253032
5.63349e-05
0.000249581
4.68254e-05
0.000245294
3.79692e-05
0.000240589
2.97634e-05
0.000235173
2.19895e-05
0.000229359
1.47956e-05
0.000223067
8.07688e-06
0.000216255
1.87783e-06
0.000209044
-3.88645e-06
0.000201407
-9.12593e-06
0.000193312
-1.3882e-05
0.000184958
-1.81959e-05
0.000176433
-2.21005e-05
0.00016778
-2.56291e-05
0.000159055
-2.88003e-05
0.000150252
-3.16087e-05
0.000141323
-3.40595e-05
0.00013242
-3.61655e-05
0.000123496
-3.79636e-05
0.000114754
-3.94969e-05
0.000106253
-4.08136e-05
9.80021e-05
-4.19432e-05
8.99301e-05
-4.28842e-05
8.20002e-05
-4.36297e-05
7.41977e-05
-4.41644e-05
6.64849e-05
-4.44917e-05
5.89125e-05
-4.46208e-05
5.15656e-05
-4.45724e-05
4.45118e-05
-4.43675e-05
3.77711e-05
-4.40319e-05
3.1405e-05
-4.35953e-05
2.5445e-05
-4.30868e-05
1.98728e-05
-4.25315e-05
1.46662e-05
-4.19416e-05
9.74435e-06
-4.1309e-05
5.01211e-06
-4.06155e-05
4.12895e-07
-3.98331e-05
-4.077e-06
-3.89436e-05
-8.43954e-06
-3.79539e-05
-1.25215e-05
-3.68828e-05
-1.63027e-05
-3.57615e-05
-1.96633e-05
-3.46137e-05
-2.26518e-05
-3.34492e-05
-2.52863e-05
-3.22773e-05
-2.75776e-05
-3.11129e-05
-2.95329e-05
-2.99697e-05
-3.1169e-05
-2.88604e-05
-3.25413e-05
-2.77827e-05
-3.3674e-05
-2.67179e-05
-3.47213e-05
-2.56693e-05
-3.55916e-05
-2.46348e-05
-3.63415e-05
-2.36173e-05
-3.69486e-05
-2.26048e-05
-3.7513e-05
-2.15652e-05
-3.80373e-05
-2.04788e-05
-3.84806e-05
-1.9361e-05
-3.8661e-05
-1.82604e-05
-3.83771e-05
-1.72395e-05
-3.76401e-05
-1.63377e-05
-3.64866e-05
-1.55609e-05
-3.52165e-05
-1.48741e-05
-3.40476e-05
-1.42148e-05
-3.31746e-05
-1.35388e-05
-3.25198e-05
-1.28357e-05
-3.19637e-05
-1.21205e-05
-3.13065e-05
-1.14222e-05
-3.0502e-05
-1.07596e-05
-2.95117e-05
-1.01459e-05
-2.83916e-05
-9.58391e-06
-2.72132e-05
-9.07531e-06
-2.59926e-05
-8.6281e-06
-2.48284e-05
-8.20846e-06
-2.38386e-05
-7.79568e-06
-2.30982e-05
-7.35539e-06
-2.25582e-05
-6.87089e-06
-2.21324e-05
-6.3562e-06
-2.15906e-05
-5.85892e-06
-2.07406e-05
-5.41872e-06
-1.95962e-05
-5.0467e-06
-1.82537e-05
-4.78384e-06
-1.68413e-05
-4.57493e-06
-1.56539e-05
-4.40839e-06
-1.48301e-05
-4.21424e-06
-1.44335e-05
-3.98101e-06
-1.43359e-05
-3.71201e-06
-1.43571e-05
-3.41511e-06
-1.44185e-05
-3.08732e-06
-1.45008e-05
-2.73041e-06
-1.45467e-05
-2.35694e-06
-1.44477e-05
-1.97405e-06
-1.41357e-05
-1.61272e-06
-1.35879e-05
-1.25315e-06
-1.28546e-05
-9.04938e-07
-1.19493e-05
-5.76027e-07
-1.06482e-05
-3.47569e-07
-8.72936e-06
-2.95812e-07
-6.19859e-06
-4.53605e-07
-3.64214e-06
-7.83943e-07
-1.81298e-06
-1.12241e-06
-1.67842e-06
-1.23251e-06
-3.70397e-06
-1.01361e-06
-6.74045e-06
-5.67553e-07
-9.28267e-06
-1.52521e-07
-9.80304e-06
-8.31561e-06
1.10857e-05
-0.00315162
2.07403e-05
-0.00319901
2.7652e-05
-0.0032391
3.10116e-05
-0.00328096
2.97604e-05
-0.00332467
2.39163e-05
-0.00336828
1.5453e-05
-0.00341102
-0.00345752
-0.000182269
-0.0017112
-0.000345249
-0.00171009
-0.000496072
-0.00172413
-0.00062814
-0.00173311
-0.00073785
-0.00174195
-0.000824986
-0.00175501
-0.00088912
-0.00177298
-0.000931349
-0.00179613
-0.000952772
-0.00182459
-0.000954987
-0.00185731
-0.000939748
-0.00189363
-0.000908896
-0.00193187
-0.000863722
-0.00197091
-0.000806856
-0.0020082
-0.000739124
-0.00204357
-0.000662473
-0.0020742
-0.000578697
-0.00209912
-0.000489386
-0.00211695
-0.000396167
-0.00212622
-0.000300784
-0.00212622
-0.000204817
-0.00211578
-0.000109412
-0.00209528
-1.62899e-05
-0.00206329
7.33915e-05
-0.00202101
0.000158203
-0.00196744
0.000237315
-0.00190428
0.00031
-0.00183189
0.000375809
-0.00175064
0.000433739
-0.00166305
0.000483798
-0.00156867
0.000526186
-0.00147069
0.000560446
-0.00136863
0.000587367
-0.00126553
0.000607096
-0.00116129
0.000620007
-0.00105761
0.00062672
-0.000955388
0.000627839
-0.000855312
0.000623926
-0.000758536
0.000615763
-0.000665688
0.000603543
-0.000576852
0.000588218
-0.000492642
0.000570316
-0.000413334
0.000550136
-0.000338997
0.000528078
-0.000269802
0.000504854
-0.000205728
0.000480793
-0.000146681
0.000456118
-9.27549e-05
0.000431134
-4.38106e-05
0.000406285
3.7724e-07
0.000381621
4.02542e-05
0.000357405
7.59296e-05
0.0003337
0.000107762
0.000310688
0.000135858
0.000288443
0.000160578
0.00026702
0.000182114
0.00024644
0.000200805
0.000226799
0.00021671
0.00020794
0.000230275
0.000190102
0.000241397
0.000173043
0.000250507
0.000156985
0.000257544
0.000141762
0.00026295
0.000127374
0.000266826
0.000113845
0.000269179
0.000101142
0.000270153
8.90861e-05
0.000269974
7.77994e-05
0.000268685
6.72627e-05
0.000266198
5.74399e-05
0.000262855
4.82935e-05
0.000258727
3.98052e-05
0.000253782
3.19345e-05
0.00024846
2.4509e-05
0.000242598
1.76294e-05
0.000236239
1.12308e-05
0.000229465
5.23326e-06
0.000222252
-3.17177e-07
0.000214594
-5.40144e-06
0.000206492
-1.0031e-05
0.000197941
-1.42152e-05
0.000189142
-1.79928e-05
0.000180211
-2.14061e-05
0.000171193
-2.44879e-05
0.000162136
-2.72514e-05
0.000153016
-2.96896e-05
0.000143762
-3.18006e-05
0.000134531
-3.35899e-05
0.000125285
-3.50968e-05
0.000116261
-3.63702e-05
0.000107526
-3.74638e-05
9.90956e-05
-3.84004e-05
9.08667e-05
-3.91839e-05
8.27838e-05
-3.97892e-05
7.4803e-05
-4.02042e-05
6.68998e-05
-4.04302e-05
5.91385e-05
-4.04761e-05
5.16115e-05
-4.03622e-05
4.43979e-05
-4.01076e-05
3.75165e-05
-3.97374e-05
3.10348e-05
-3.92822e-05
2.49898e-05
-3.87693e-05
1.93599e-05
-3.82259e-05
1.41229e-05
-3.76641e-05
9.18259e-06
-3.70728e-05
4.42084e-06
-3.64328e-05
-2.27165e-07
-3.57082e-05
-4.8016e-06
-3.48844e-05
-9.26335e-06
-3.39608e-05
-1.34451e-05
-3.29646e-05
-1.72988e-05
-3.19258e-05
-2.07021e-05
-3.08706e-05
-2.37069e-05
-2.98031e-05
-2.63538e-05
-2.873e-05
-2.86508e-05
-2.76679e-05
-3.05949e-05
-2.66298e-05
-3.22072e-05
-2.56296e-05
-3.35415e-05
-2.46613e-05
-3.46423e-05
-2.37048e-05
-3.56778e-05
-2.27628e-05
-3.65336e-05
-2.18362e-05
-3.72681e-05
-2.09287e-05
-3.78561e-05
-2.00306e-05
-3.84111e-05
-1.91038e-05
-3.89641e-05
-1.81247e-05
-3.94597e-05
-1.71068e-05
-3.96788e-05
-1.61025e-05
-3.93814e-05
-1.5176e-05
-3.85665e-05
-1.43722e-05
-3.72903e-05
-1.36945e-05
-3.58942e-05
-1.31051e-05
-3.4637e-05
-1.25366e-05
-3.37431e-05
-1.19427e-05
-3.31137e-05
-1.1317e-05
-3.25894e-05
-1.06764e-05
-3.19472e-05
-1.00513e-05
-3.11271e-05
-9.45983e-06
-3.01031e-05
-8.91555e-06
-2.89358e-05
-8.41846e-06
-2.77103e-05
-7.97266e-06
-2.64384e-05
-7.58778e-06
-2.52132e-05
-7.22662e-06
-2.41998e-05
-6.8718e-06
-2.3453e-05
-6.48751e-06
-2.29425e-05
-6.0545e-06
-2.25654e-05
-5.58742e-06
-2.20577e-05
-5.13699e-06
-2.11911e-05
-4.74115e-06
-1.9992e-05
-4.40973e-06
-1.85852e-05
-4.18714e-06
-1.70638e-05
-4.01564e-06
-1.58254e-05
-3.88676e-06
-1.49589e-05
-3.72534e-06
-1.45949e-05
-3.52257e-06
-1.45387e-05
-3.28505e-06
-1.45946e-05
-3.02221e-06
-1.46814e-05
-2.72964e-06
-1.47934e-05
-2.41006e-06
-1.48662e-05
-2.07371e-06
-1.4784e-05
-1.72806e-06
-1.44813e-05
-1.40334e-06
-1.39127e-05
-1.08022e-06
-1.31777e-05
-7.64326e-07
-1.22652e-05
-4.57772e-07
-1.09548e-05
-2.45569e-07
-8.94157e-06
-2.01908e-07
-6.24225e-06
-3.61659e-07
-3.48239e-06
-6.94429e-07
-1.48021e-06
-1.03663e-06
-1.33622e-06
-1.15366e-06
-3.58695e-06
-9.41657e-07
-6.95245e-06
-5.12144e-07
-9.71218e-06
-1.21215e-07
-1.0194e-05
-8.43682e-06
7.74651e-06
-0.00315937
1.38382e-05
-0.0032051
1.79994e-05
-0.00324327
1.9869e-05
-0.00328283
1.87867e-05
-0.00332359
1.50295e-05
-0.00336452
9.38935e-06
-0.00340538
-0.00344813
-0.000155458
-0.00155574
-0.000297358
-0.00156819
-0.000429868
-0.00159162
-0.000548328
-0.00161465
-0.000648099
-0.00164218
-0.000728522
-0.00167459
-0.000789368
-0.00171213
-0.000830609
-0.00175489
-0.000852473
-0.00180272
-0.000856415
-0.00185337
-0.000843786
-0.00190626
-0.000816102
-0.00195955
-0.00077527
-0.00201175
-0.000722283
-0.00206119
-0.000659154
-0.0021067
-0.000587344
-0.00214601
-0.000508657
-0.00217781
-0.000424545
-0.00220107
-0.00033673
-0.00221403
-0.000246859
-0.00221609
-0.000156351
-0.00220629
-6.67797e-05
-0.00218486
2.05543e-05
-0.00215062
0.000104246
-0.0021047
0.000183509
-0.0020467
0.000256776
-0.00197755
0.000323665
-0.00189878
0.000383631
-0.00181061
0.000436012
-0.00171544
0.000480882
-0.00161354
0.00051786
-0.00150767
0.000547582
-0.00139835
0.000569979
-0.00128792
0.000585633
-0.00117694
0.000594822
-0.0010668
0.000598447
-0.000959013
0.000596818
-0.000853683
0.00059069
-0.000752408
0.000580536
-0.000655534
0.000566963
-0.000563279
0.000550571
-0.000476249
0.000532083
-0.000394846
0.000511505
-0.000318419
0.000489583
-0.00024788
0.000466687
-0.000182832
0.000443122
-0.000123116
0.000419092
-6.8724e-05
0.000395235
-1.99537e-05
0.000371419
2.41931e-05
0.000347982
6.36906e-05
0.000325094
9.88182e-05
0.000302857
0.000129999
0.000281323
0.000157391
0.000260568
0.000181333
0.000240692
0.00020199
0.000221669
0.000219828
0.00020346
0.000234919
0.00018627
0.000247465
0.000169759
0.000257909
0.000154312
0.000265954
0.000139557
0.0002723
0.000125751
0.000276755
0.000112764
0.000279814
0.00010041
0.000281533
8.88752e-05
0.000281687
7.80537e-05
0.000280796
6.79316e-05
0.000278807
5.84136e-05
0.000275716
4.95957e-05
0.000271673
4.14382e-05
0.000266885
3.38416e-05
0.000261378
2.6756e-05
0.000255546
2.02007e-05
0.000249154
1.41025e-05
0.000242337
8.38049e-06
0.000235187
3.06348e-06
0.000227569
-1.8846e-06
0.000219542
-6.39749e-06
0.000211005
-1.04867e-05
0.000202031
-1.41617e-05
0.000192817
-1.7466e-05
0.000183515
-2.04468e-05
0.000174174
-2.31379e-05
0.000164827
-2.55519e-05
0.00015543
-2.76726e-05
0.000145882
-2.94901e-05
0.000136348
-3.10103e-05
0.000126805
-3.22708e-05
0.000117522
-3.33265e-05
0.000108582
-3.42331e-05
0.000100002
-3.50149e-05
9.16485e-05
-3.56683e-05
8.34372e-05
-3.61637e-05
7.52984e-05
-3.64837e-05
6.72198e-05
-3.66312e-05
5.92861e-05
-3.66169e-05
5.15972e-05
-3.64549e-05
4.42359e-05
-3.61717e-05
3.72332e-05
-3.57827e-05
3.06458e-05
-3.53237e-05
2.45308e-05
-3.48178e-05
1.8854e-05
-3.42949e-05
1.35999e-05
-3.37667e-05
8.65446e-06
-3.32205e-05
3.87461e-06
-3.26362e-05
-8.11445e-07
-3.19701e-05
-5.46772e-06
-3.12121e-05
-1.00214e-05
-3.03558e-05
-1.43013e-05
-2.94346e-05
-1.822e-05
-2.84761e-05
-2.16607e-05
-2.75099e-05
-2.46731e-05
-2.65354e-05
-2.73283e-05
-2.5557e-05
-2.96293e-05
-2.45911e-05
-3.15608e-05
-2.36496e-05
-3.31486e-05
-2.27504e-05
-3.44408e-05
-2.18841e-05
-3.55085e-05
-2.10265e-05
-3.65354e-05
-2.01818e-05
-3.73782e-05
-1.93535e-05
-3.80964e-05
-1.85462e-05
-3.86635e-05
-1.77514e-05
-3.92059e-05
-1.6926e-05
-3.97895e-05
-1.6044e-05
-4.03417e-05
-1.51171e-05
-4.06057e-05
-1.42026e-05
-4.0296e-05
-1.33626e-05
-3.94065e-05
-1.26473e-05
-3.80057e-05
-1.20563e-05
-3.64853e-05
-1.15518e-05
-3.51414e-05
-1.10623e-05
-3.42325e-05
-1.05411e-05
-3.3635e-05
-9.98362e-06
-3.31468e-05
-9.40911e-06
-3.25217e-05
-8.84924e-06
-3.1687e-05
-8.32198e-06
-3.06304e-05
-7.83964e-06
-2.94182e-05
-7.3993e-06
-2.81507e-05
-7.00819e-06
-2.68295e-05
-6.67681e-06
-2.55446e-05
-6.36697e-06
-2.45096e-05
-6.06185e-06
-2.37581e-05
-5.72616e-06
-2.32782e-05
-5.339e-06
-2.29526e-05
-4.91498e-06
-2.24817e-05
-4.50674e-06
-2.15993e-05
-4.15104e-06
-2.03477e-05
-3.856e-06
-1.88802e-05
-3.66773e-06
-1.72521e-05
-3.52766e-06
-1.59655e-05
-3.42959e-06
-1.5057e-05
-3.29511e-06
-1.47294e-05
-3.11808e-06
-1.47157e-05
-2.908e-06
-1.48047e-05
-2.67567e-06
-1.49137e-05
-2.41442e-06
-1.50547e-05
-2.12798e-06
-1.51527e-05
-1.8253e-06
-1.50867e-05
-1.51398e-06
-1.47926e-05
-1.223e-06
-1.42036e-05
-9.33883e-07
-1.34668e-05
-6.47569e-07
-1.25515e-05
-3.61937e-07
-1.12404e-05
-1.6547e-07
-9.13803e-06
-1.28429e-07
-6.27929e-06
-2.86654e-07
-3.32416e-06
-6.15782e-07
-1.15108e-06
-9.55409e-07
-9.96593e-07
-1.07596e-06
-3.46639e-06
-8.71212e-07
-7.15721e-06
-4.60477e-07
-1.01229e-05
-9.42334e-08
-1.05602e-05
-8.53106e-06
7.05656e-06
-0.00316643
1.10616e-05
-0.0032091
1.37578e-05
-0.00324596
1.48368e-05
-0.0032839
1.38213e-05
-0.00332257
1.10277e-05
-0.00336173
6.69648e-06
-0.00340105
-0.00344144
-0.000137237
-0.0014185
-0.000263903
-0.00144152
-0.000383249
-0.00147227
-0.000490516
-0.00150739
-0.000581779
-0.00155092
-0.000655867
-0.0016005
-0.000712158
-0.00165584
-0.000750028
-0.00171702
-0.000770538
-0.00178221
-0.000774997
-0.00184891
-0.000764306
-0.00191695
-0.000738582
-0.00198528
-0.000700306
-0.00205002
-0.000650779
-0.00211071
-0.000591273
-0.0021662
-0.000523617
-0.00221367
-0.000449522
-0.0022519
-0.000370332
-0.00228025
-0.000287552
-0.00229681
-0.000202829
-0.00230081
-0.000118129
-0.00229099
-3.40146e-05
-0.00226897
4.77318e-05
-0.00223237
0.000125629
-0.0021826
0.000199185
-0.00212026
0.000266791
-0.00204515
0.000328334
-0.00196032
0.000382596
-0.00186487
0.000430171
-0.00176301
0.000469595
-0.00165297
0.000502416
-0.00154049
0.000527472
-0.0014234
0.000546354
-0.00130681
0.000558319
-0.00118891
0.000564568
-0.00107305
0.000565674
-0.00096012
0.000561868
-0.000849877
0.000554244
-0.000744784
0.000542661
-0.000643952
0.000528283
-0.000548901
0.000511547
-0.000459514
0.000492712
-0.000376011
0.000472418
-0.000298126
0.000451028
-0.000226489
0.00042875
-0.000160555
0.000406046
-0.000100412
0.000382881
-4.55593e-05
0.000360205
2.72257e-06
0.00033791
4.64883e-05
0.000315987
8.56137e-05
0.000294493
0.000120312
0.00027373
0.000150762
0.000253754
0.000177367
0.000234625
0.000200463
0.000216267
0.000220348
0.000198777
0.000237317
0.000182178
0.000251518
0.000166306
0.000263336
0.000151331
0.000272884
0.000137197
0.000280087
0.0001239
0.000285598
0.000111368
0.000289287
9.95796e-05
0.000291602
8.8514e-05
0.000292599
7.80859e-05
0.000292115
6.83239e-05
0.000290558
5.91918e-05
0.000287939
5.07277e-05
0.00028418
4.28398e-05
0.000279561
3.5519e-05
0.000274205
2.87355e-05
0.000268162
2.24593e-05
0.000261822
1.66421e-05
0.000254971
1.12495e-05
0.00024773
6.14458e-06
0.000240292
1.43498e-06
0.000232279
-2.98368e-06
0.000223961
-6.99041e-06
0.000215011
-1.05939e-05
0.000205634
-1.38223e-05
0.000196045
-1.67109e-05
0.000186404
-1.93119e-05
0.000176775
-2.16635e-05
0.000167179
-2.37736e-05
0.00015754
-2.56231e-05
0.000147732
-2.71899e-05
0.000137915
-2.84813e-05
0.000128097
-2.95342e-05
0.000118574
-3.0409e-05
0.000109457
-3.11559e-05
0.000100749
-3.18164e-05
9.2309e-05
-3.2357e-05
8.39778e-05
-3.27673e-05
7.57087e-05
-3.30156e-05
6.74681e-05
-3.31041e-05
5.93746e-05
-3.30475e-05
5.15406e-05
-3.28554e-05
4.40439e-05
-3.25549e-05
3.69327e-05
-3.21598e-05
3.02507e-05
-3.17066e-05
2.40776e-05
-3.12158e-05
1.83632e-05
-3.07201e-05
1.31043e-05
-3.02295e-05
8.1638e-06
-2.97292e-05
3.37438e-06
-2.9201e-05
-1.33971e-06
-2.8592e-05
-6.07669e-06
-2.78963e-05
-1.0717e-05
-2.71069e-05
-1.50908e-05
-2.62585e-05
-1.90684e-05
-2.53782e-05
-2.25409e-05
-2.4498e-05
-2.55534e-05
-2.36116e-05
-2.82146e-05
-2.27221e-05
-3.05188e-05
-2.18473e-05
-3.24356e-05
-2.09963e-05
-3.39996e-05
-2.01895e-05
-3.52475e-05
-1.94167e-05
-3.62813e-05
-1.86472e-05
-3.73049e-05
-1.78908e-05
-3.81346e-05
-1.71506e-05
-3.88366e-05
-1.64327e-05
-3.93814e-05
-1.57306e-05
-3.9908e-05
-1.49985e-05
-4.05216e-05
-1.42058e-05
-4.11344e-05
-1.33624e-05
-4.14491e-05
-1.25305e-05
-4.11278e-05
-1.17687e-05
-4.01683e-05
-1.11328e-05
-3.86416e-05
-1.06179e-05
-3.70001e-05
-1.01881e-05
-3.55712e-05
-9.76713e-06
-3.46535e-05
-9.30921e-06
-3.40929e-05
-8.8117e-06
-3.36443e-05
-8.2965e-06
-3.30369e-05
-7.79533e-06
-3.21881e-05
-7.32505e-06
-3.11006e-05
-6.89773e-06
-2.98455e-05
-6.50747e-06
-2.85409e-05
-6.16467e-06
-2.71723e-05
-5.87863e-06
-2.58307e-05
-5.61283e-06
-2.47754e-05
-5.35003e-06
-2.40209e-05
-5.05722e-06
-2.3571e-05
-4.71115e-06
-2.32987e-05
-4.32644e-06
-2.28664e-05
-3.95726e-06
-2.19685e-05
-3.63738e-06
-2.06676e-05
-3.37431e-06
-1.91433e-05
-3.21526e-06
-1.74112e-05
-3.10116e-06
-1.60796e-05
-3.02821e-06
-1.513e-05
-2.91627e-06
-1.48413e-05
-2.76105e-06
-1.48709e-05
-2.57492e-06
-1.49908e-05
-2.36946e-06
-1.51191e-05
-2.13624e-06
-1.52879e-05
-1.88024e-06
-1.54087e-05
-1.60814e-06
-1.53588e-05
-1.32776e-06
-1.5073e-05
-1.06707e-06
-1.44643e-05
-8.09149e-07
-1.37248e-05
-5.50124e-07
-1.28105e-05
-2.85083e-07
-1.15054e-05
-1.03756e-07
-9.31936e-06
-7.19753e-08
-6.31108e-06
-2.25366e-07
-3.17077e-06
-5.45861e-07
-8.30582e-07
-8.78604e-07
-6.6385e-07
-9.98883e-07
-3.34611e-06
-8.01787e-07
-7.3543e-06
-4.13026e-07
-1.05117e-05
-7.14235e-08
-1.09018e-05
-8.60248e-06
8.41263e-06
1.03722e-05
1.20561e-05
1.27476e-05
1.1703e-05
9.37995e-06
5.60039e-06
-0.000124961
-0.00024073
-0.000350108
-0.000448305
-0.000532171
-0.000600658
-0.000651851
-0.000686894
-0.000705636
-0.000708561
-0.00069676
-0.000672445
-0.000636029
-0.000588996
-0.000533081
-0.000469516
-0.000399481
-0.000325014
-0.000247528
-0.000168316
-8.84854e-05
-1.02161e-05
6.59722e-05
0.000138638
0.000206352
0.000268993
0.000325016
0.000374737
0.000417007
0.00045265
0.000480858
0.0005027
0.000517762
0.000527172
0.000531325
0.000530136
0.000525018
0.000515834
0.000503814
0.000489252
0.000472394
0.000453683
0.000433934
0.000413273
0.000392054
0.000370611
0.00034936
0.00032761
0.000306427
0.000285843
0.000265907
0.000246713
0.000228322
0.00021067
0.000193869
0.000177887
0.000162677
0.000148293
0.000134717
0.000121871
0.000109852
9.85357e-05
8.79141e-05
7.79764e-05
6.85988e-05
5.98252e-05
5.1619e-05
4.40218e-05
3.70053e-05
3.04875e-05
2.44484e-05
1.88699e-05
1.37084e-05
8.9228e-06
4.3984e-06
1.81209e-07
-3.71437e-06
-7.2598e-06
-1.04499e-05
-1.32785e-05
-1.5798e-05
-1.80713e-05
-2.01292e-05
-2.19769e-05
-2.35939e-05
-2.4948e-05
-2.60444e-05
-2.69199e-05
-2.76348e-05
-2.82631e-05
-2.88103e-05
-2.92754e-05
-2.96174e-05
-2.98051e-05
-2.98435e-05
-2.97651e-05
-2.95456e-05
-2.92498e-05
-2.88548e-05
-2.84162e-05
-2.7946e-05
-2.74776e-05
-2.70283e-05
-2.6579e-05
-2.6099e-05
-2.55459e-05
-2.49092e-05
-2.41854e-05
-2.34063e-05
-2.26008e-05
-2.18023e-05
-2.09993e-05
-2.01927e-05
-1.94009e-05
-1.86324e-05
-1.79097e-05
-1.72232e-05
-1.65333e-05
-1.58584e-05
-1.51976e-05
-1.45602e-05
-1.39409e-05
-1.32915e-05
-1.2579e-05
-1.18125e-05
-1.10581e-05
-1.03678e-05
-9.80286e-06
-9.35401e-06
-8.9892e-06
-8.62716e-06
-8.22492e-06
-7.78114e-06
-7.31949e-06
-6.87034e-06
-6.45075e-06
-6.07269e-06
-5.72601e-06
-5.42511e-06
-5.17851e-06
-4.9507e-06
-4.72392e-06
-4.46911e-06
-4.15985e-06
-3.81058e-06
-3.47701e-06
-3.1895e-06
-2.9547e-06
-2.82119e-06
-2.72795e-06
-2.67545e-06
-2.58231e-06
-2.44561e-06
-2.28029e-06
-2.09858e-06
-1.89031e-06
-1.66164e-06
-1.41738e-06
-1.16508e-06
-9.32399e-07
-7.0276e-07
-4.6897e-07
-2.24032e-07
-5.6955e-08
-2.87637e-08
-1.76958e-07
-4.85453e-07
-8.04493e-07
-9.24383e-07
-7.36254e-07
-3.69559e-07
-5.20216e-08
)
;

boundaryField
{
    freeSurface
    {
        type            calculated;
        value           nonuniform List<scalar> 
181
(
-0.00317484
-0.00321106
-0.00324765
-0.0032846
-0.00332153
-0.0033594
-0.00339727
-0.00343584
-0.00129354
-0.00132575
-0.00136289
-0.00140919
-0.00146705
-0.00153201
-0.00160465
-0.00168197
-0.00176347
-0.00184598
-0.00192875
-0.00200959
-0.00208644
-0.00215775
-0.00222212
-0.00227723
-0.00232194
-0.00235472
-0.0023743
-0.00238002
-0.00237082
-0.00234724
-0.00230856
-0.00225526
-0.00218797
-0.0021078
-0.00201634
-0.00191459
-0.00180528
-0.00168861
-0.0015687
-0.00144525
-0.00132187
-0.00119831
-0.0010772
-0.000958931
-0.000844759
-0.0007356
-0.000631931
-0.00053434
-0.000442655
-0.0003573
-0.000278376
-0.000205829
-0.000139336
-7.89684e-05
-2.43084e-05
2.44725e-05
6.76717e-05
0.000106197
0.000140248
0.000169956
0.000195758
0.000218115
0.000237148
0.0002533
0.000266729
0.00027772
0.00028646
0.000292934
0.000297616
0.000300603
0.000302224
0.000302537
0.000301493
0.000299331
0.000296146
0.000291777
0.000286577
0.000280723
0.000274201
0.000267401
0.000260133
0.000252515
0.000244817
0.000236496
0.000227857
0.000218557
0.000208824
0.000198874
0.000188923
0.000179048
0.000169237
0.000159388
0.000149349
0.000139269
0.000129193
0.00011945
0.000110172
0.000101377
9.28562e-05
8.44429e-05
7.60507e-05
6.76558e-05
5.9413e-05
5.14622e-05
4.38243e-05
3.66369e-05
2.98557e-05
2.36391e-05
1.78929e-05
1.26359e-05
7.71452e-06
2.92507e-06
-1.81974e-06
-6.62976e-06
-1.13537e-05
-1.58146e-05
-1.98475e-05
-2.33464e-05
-2.63519e-05
-2.90177e-05
-3.13254e-05
-3.32274e-05
-3.47681e-05
-3.59702e-05
-3.69678e-05
-3.79948e-05
-3.88096e-05
-3.94973e-05
-4.00188e-05
-4.05272e-05
-4.1171e-05
-4.1847e-05
-4.22156e-05
-4.18822e-05
-4.08586e-05
-3.92065e-05
-3.74489e-05
-3.5936e-05
-3.50156e-05
-3.44951e-05
-3.40881e-05
-3.34985e-05
-3.26373e-05
-3.15202e-05
-3.02236e-05
-2.88876e-05
-2.74732e-05
-2.60773e-05
-2.50032e-05
-2.42477e-05
-2.38258e-05
-2.36079e-05
-2.32157e-05
-2.23021e-05
-2.09551e-05
-1.93781e-05
-1.75447e-05
-1.61728e-05
-1.51824e-05
-1.49344e-05
-1.50076e-05
-1.51561e-05
-1.53008e-05
-1.54961e-05
-1.56373e-05
-1.56031e-05
-1.53253e-05
-1.4697e-05
-1.39544e-05
-1.30443e-05
-1.17504e-05
-9.48644e-06
-6.33927e-06
-3.02258e-06
-5.22087e-07
-3.44811e-07
-3.22622e-06
-7.54243e-06
-1.08784e-05
-1.12194e-05
-8.6545e-06
)
;
    }
    walls
    {
        type            calculated;
        value           uniform 0;
    }
    floatingObject
    {
        type            calculated;
        value           nonuniform List<scalar> 
37
(
0.0041815
0.00423046
0.00427943
0.004329
0.00437976
0.00443052
0.00448218
0.00453443
0.00458698
0.00464043
0.00469448
0.00474912
0.00480436
0.0048602
0.00491693
0.00497396
0.00503219
0.00509041
0.00514983
0
0
0
0
0
0
0
0
0
0
0
0
0
0
0
0
0
0
)
;
    }
    frontAndBack
    {
        type            empty;
    }
}


// ************************************************************************* //
