/*--------------------------------*- C++ -*----------------------------------*\
  =========                 |
  \\      /  F ield         | OpenFOAM: The Open Source CFD Toolbox
   \\    /   O peration     | Website:  https://openfoam.org
    \\  /    A nd           | Version:  12
     \\/     M anipulation  |
\*---------------------------------------------------------------------------*/
FoamFile
{
    format      ascii;
    class       volScalarField;
    location    "4.88";
    object      p;
}
// * * * * * * * * * * * * * * * * * * * * * * * * * * * * * * * * * * * * * //

dimensions      [1 -1 -2 0 0 0 0];

internalField   nonuniform List<scalar> 
3829
(
-614.446
-614.446
-614.446
-614.446
-614.446
-614.446
-614.445
-614.445
-614.444
-614.444
-614.443
-614.442
-614.441
-614.439
-614.438
-614.436
-614.434
-614.431
-614.429
-614.426
-614.423
-614.419
-614.415
-614.411
-614.406
-614.401
-614.396
-614.391
-614.385
-614.379
-614.373
-614.367
-614.361
-614.355
-614.349
-614.344
-614.338
-614.333
-614.329
-614.324
-614.321
-614.318
-614.316
-614.315
-614.315
-614.315
-614.317
-614.319
-614.323
-614.327
-614.332
-614.339
-614.346
-614.354
-614.363
-614.373
-614.383
-614.393
-614.404
-614.416
-614.427
-614.438
-614.449
-614.459
-614.469
-614.478
-614.486
-614.493
-614.499
-614.504
-614.507
-614.508
-614.508
-614.506
-614.503
-614.497
-614.49
-614.481
-614.471
-614.46
-614.447
-614.433
-614.418
-614.403
-614.388
-614.372
-614.357
-614.343
-614.329
-614.316
-614.305
-614.295
-614.287
-614.282
-614.278
-614.277
-614.278
-614.281
-614.286
-614.294
-614.303
-614.314
-614.326
-614.338
-614.352
-614.365
-614.378
-614.391
-614.402
-614.411
-614.419
-614.424
-614.428
-614.428
-614.426
-614.422
-614.415
-614.405
-614.394
-614.381
-614.367
-614.352
-614.337
-614.322
-614.308
-614.295
-614.283
-614.274
-614.267
-614.262
-614.259
-614.26
-614.264
-614.27
-614.278
-614.288
-614.3
-614.313
-614.326
-614.341
-614.355
-614.368
-614.381
-614.392
-614.402
-614.41
-614.416
-614.42
-614.421
-614.421
-614.418
-614.413
-614.406
-614.398
-614.388
-614.378
-614.367
-614.355
-614.343
-614.332
-614.321
-614.311
-614.302
-614.294
-614.287
-614.282
-614.279
-614.276
-614.276
-614.277
-614.279
-614.282
-614.286
-614.291
-614.296
-614.302
-614.308
-614.314
-614.32
-614.326
-614.331
-614.335
-614.339
-614.341
-614.343
-614.344
-614.344
-614.343
-614.342
-614.339
-614.337
-614.333
-614.33
-614.326
-614.323
-614.32
-614.317
-614.315
-614.313
-614.312
-1772.82
-1772.82
-1772.82
-1772.82
-1772.82
-1772.82
-1772.82
-1772.82
-1772.82
-1772.82
-1772.82
-1772.82
-1772.82
-1772.82
-1772.82
-1772.82
-1772.82
-1772.82
-1772.82
-1772.81
-1772.81
-1772.8
-1772.8
-1772.79
-1772.79
-1772.78
-1772.78
-1772.77
-1772.76
-1772.75
-1772.74
-1772.73
-1772.73
-1772.72
-1772.71
-1772.7
-1772.69
-1772.68
-1772.68
-1772.67
-1772.67
-1772.66
-1772.66
-1772.66
-1772.65
-1772.66
-1772.66
-1772.66
-1772.66
-1772.67
-1772.68
-1772.69
-1772.69
-1772.71
-1772.72
-1772.73
-1772.74
-1772.76
-1772.77
-1772.79
-1772.8
-1772.82
-1772.83
-1772.84
-1772.86
-1772.87
-1772.88
-1772.89
-1772.89
-1772.9
-1772.9
-1772.91
-1772.91
-1772.9
-1772.9
-1772.89
-1772.88
-1772.87
-1772.86
-1772.85
-1772.83
-1772.81
-1772.79
-1772.78
-1772.76
-1772.74
-1772.72
-1772.7
-1772.68
-1772.67
-1772.66
-1772.64
-1772.64
-1772.63
-1772.63
-1772.62
-1772.63
-1772.63
-1772.64
-1772.65
-1772.66
-1772.67
-1772.69
-1772.7
-1772.72
-1772.74
-1772.75
-1772.77
-1772.78
-1772.79
-1772.8
-1772.81
-1772.81
-1772.81
-1772.81
-1772.81
-1772.8
-1772.79
-1772.77
-1772.76
-1772.74
-1772.72
-1772.7
-1772.69
-1772.67
-1772.66
-1772.64
-1772.63
-1772.62
-1772.62
-1772.62
-1772.62
-1772.62
-1772.63
-1772.64
-1772.65
-1772.66
-1772.68
-1772.7
-1772.71
-1772.73
-1772.74
-1772.76
-1772.77
-1772.78
-1772.79
-1772.79
-1772.8
-1772.8
-1772.8
-1772.79
-1772.79
-1772.78
-1772.77
-1772.76
-1772.75
-1772.74
-1772.72
-1772.71
-1772.7
-1772.69
-1772.68
-1772.67
-1772.66
-1772.65
-1772.65
-1772.65
-1772.64
-1772.64
-1772.64
-1772.65
-1772.65
-1772.65
-1772.66
-1772.67
-1772.67
-1772.68
-1772.68
-1772.69
-1772.7
-1772.7
-1772.71
-1772.71
-1772.71
-1772.71
-1772.71
-1772.71
-1772.71
-1772.71
-1772.71
-1772.71
-1772.7
-1772.7
-1772.7
-1772.69
-1772.69
-1772.69
-1772.68
-1772.68
-1772.68
-2798.98
-2798.98
-2798.98
-2798.98
-2798.98
-2798.99
-2798.99
-2798.99
-2799
-2799
-2799
-2799.01
-2799.01
-2799.01
-2799.01
-2799.01
-2799.01
-2799.01
-2799.01
-2799.01
-2799.01
-2799
-2799
-2798.99
-2798.98
-2798.97
-2798.96
-2798.95
-2798.94
-2798.92
-2798.91
-2798.89
-2798.88
-2798.86
-2798.85
-2798.84
-2798.82
-2798.81
-2798.8
-2798.79
-2798.78
-2798.77
-2798.76
-2798.76
-2798.76
-2798.76
-2798.76
-2798.76
-2798.77
-2798.78
-2798.79
-2798.8
-2798.81
-2798.83
-2798.85
-2798.87
-2798.89
-2798.91
-2798.93
-2798.95
-2798.97
-2798.99
-2799.01
-2799.03
-2799.05
-2799.07
-2799.08
-2799.09
-2799.1
-2799.11
-2799.12
-2799.12
-2799.12
-2799.12
-2799.11
-2799.1
-2799.09
-2799.07
-2799.05
-2799.03
-2799.01
-2798.99
-2798.96
-2798.94
-2798.91
-2798.89
-2798.86
-2798.84
-2798.82
-2798.8
-2798.78
-2798.77
-2798.75
-2798.75
-2798.74
-2798.74
-2798.75
-2798.75
-2798.77
-2798.78
-2798.8
-2798.82
-2798.84
-2798.86
-2798.88
-2798.91
-2798.93
-2798.95
-2798.97
-2798.98
-2798.99
-2799
-2799.01
-2799.01
-2799
-2798.99
-2798.98
-2798.97
-2798.95
-2798.93
-2798.91
-2798.88
-2798.86
-2798.84
-2798.82
-2798.8
-2798.79
-2798.77
-2798.76
-2798.76
-2798.76
-2798.76
-2798.77
-2798.77
-2798.79
-2798.8
-2798.82
-2798.84
-2798.85
-2798.87
-2798.89
-2798.91
-2798.92
-2798.94
-2798.95
-2798.96
-2798.97
-2798.97
-2798.97
-2798.97
-2798.96
-2798.96
-2798.95
-2798.94
-2798.92
-2798.91
-2798.9
-2798.88
-2798.87
-2798.86
-2798.85
-2798.83
-2798.82
-2798.82
-2798.81
-2798.8
-2798.8
-2798.8
-2798.8
-2798.8
-2798.8
-2798.81
-2798.81
-2798.82
-2798.82
-2798.83
-2798.84
-2798.85
-2798.85
-2798.86
-2798.86
-2798.87
-2798.87
-2798.87
-2798.88
-2798.88
-2798.88
-2798.88
-2798.87
-2798.87
-2798.87
-2798.86
-2798.86
-2798.86
-2798.85
-2798.85
-2798.85
-2798.84
-2798.84
-2798.84
-3707.99
-3708
-3708
-3708
-3708.01
-3708.02
-3708.02
-3708.03
-3708.04
-3708.05
-3708.06
-3708.08
-3708.09
-3708.1
-3708.1
-3708.11
-3708.12
-3708.12
-3708.12
-3708.12
-3708.12
-3708.12
-3708.11
-3708.1
-3708.08
-3708.07
-3708.05
-3708.03
-3708.01
-3707.98
-3707.96
-3707.93
-3707.91
-3707.88
-3707.86
-3707.83
-3707.81
-3707.79
-3707.77
-3707.75
-3707.73
-3707.72
-3707.71
-3707.71
-3707.7
-3707.7
-3707.71
-3707.71
-3707.72
-3707.74
-3707.75
-3707.77
-3707.79
-3707.82
-3707.84
-3707.87
-3707.9
-3707.93
-3707.96
-3707.99
-3708.02
-3708.05
-3708.08
-3708.11
-3708.14
-3708.16
-3708.18
-3708.2
-3708.22
-3708.23
-3708.23
-3708.24
-3708.24
-3708.23
-3708.22
-3708.21
-3708.19
-3708.17
-3708.14
-3708.11
-3708.08
-3708.05
-3708.02
-3707.98
-3707.95
-3707.91
-3707.88
-3707.84
-3707.81
-3707.79
-3707.76
-3707.75
-3707.73
-3707.72
-3707.72
-3707.72
-3707.73
-3707.74
-3707.76
-3707.78
-3707.8
-3707.83
-3707.86
-3707.89
-3707.92
-3707.96
-3707.99
-3708.01
-3708.04
-3708.06
-3708.07
-3708.08
-3708.09
-3708.09
-3708.08
-3708.07
-3708.05
-3708.03
-3708.01
-3707.98
-3707.95
-3707.92
-3707.89
-3707.87
-3707.84
-3707.82
-3707.8
-3707.78
-3707.77
-3707.77
-3707.77
-3707.77
-3707.78
-3707.79
-3707.81
-3707.83
-3707.85
-3707.87
-3707.89
-3707.91
-3707.94
-3707.96
-3707.97
-3707.99
-3708
-3708.01
-3708.02
-3708.02
-3708.02
-3708.02
-3708.01
-3708.01
-3707.99
-3707.98
-3707.97
-3707.95
-3707.94
-3707.92
-3707.91
-3707.89
-3707.88
-3707.87
-3707.86
-3707.85
-3707.84
-3707.84
-3707.83
-3707.83
-3707.83
-3707.83
-3707.84
-3707.84
-3707.85
-3707.86
-3707.86
-3707.87
-3707.88
-3707.89
-3707.89
-3707.9
-3707.9
-3707.91
-3707.91
-3707.92
-3707.92
-3707.92
-3707.92
-3707.92
-3707.91
-3707.91
-3707.91
-3707.9
-3707.9
-3707.89
-3707.89
-3707.89
-3707.88
-3707.88
-3707.88
-3707.88
-4513.2
-4513.2
-4513.21
-4513.22
-4513.24
-4513.26
-4513.28
-4513.3
-4513.32
-4513.35
-4513.38
-4513.41
-4513.43
-4513.46
-4513.48
-4513.5
-4513.52
-4513.53
-4513.54
-4513.55
-4513.54
-4513.54
-4513.53
-4513.51
-4513.49
-4513.46
-4513.43
-4513.39
-4513.36
-4513.31
-4513.27
-4513.23
-4513.18
-4513.14
-4513.1
-4513.06
-4513.02
-4512.98
-4512.95
-4512.93
-4512.9
-4512.88
-4512.87
-4512.86
-4512.86
-4512.86
-4512.86
-4512.88
-4512.89
-4512.91
-4512.94
-4512.97
-4513
-4513.03
-4513.07
-4513.11
-4513.16
-4513.2
-4513.25
-4513.29
-4513.34
-4513.38
-4513.42
-4513.46
-4513.5
-4513.53
-4513.56
-4513.58
-4513.6
-4513.62
-4513.63
-4513.63
-4513.63
-4513.62
-4513.61
-4513.59
-4513.56
-4513.53
-4513.5
-4513.46
-4513.41
-4513.37
-4513.32
-4513.27
-4513.22
-4513.18
-4513.13
-4513.09
-4513.05
-4513.01
-4512.98
-4512.96
-4512.94
-4512.93
-4512.93
-4512.93
-4512.94
-4512.96
-4512.98
-4513.01
-4513.05
-4513.09
-4513.13
-4513.17
-4513.22
-4513.26
-4513.3
-4513.34
-4513.37
-4513.4
-4513.42
-4513.43
-4513.44
-4513.43
-4513.42
-4513.41
-4513.38
-4513.36
-4513.32
-4513.29
-4513.25
-4513.21
-4513.17
-4513.14
-4513.1
-4513.08
-4513.05
-4513.03
-4513.02
-4513.02
-4513.02
-4513.03
-4513.04
-4513.05
-4513.07
-4513.1
-4513.12
-4513.15
-4513.18
-4513.21
-4513.23
-4513.26
-4513.28
-4513.3
-4513.31
-4513.32
-4513.33
-4513.33
-4513.33
-4513.32
-4513.32
-4513.31
-4513.29
-4513.28
-4513.26
-4513.24
-4513.23
-4513.21
-4513.19
-4513.18
-4513.16
-4513.15
-4513.14
-4513.13
-4513.12
-4513.12
-4513.11
-4513.11
-4513.11
-4513.12
-4513.12
-4513.13
-4513.13
-4513.14
-4513.15
-4513.16
-4513.17
-4513.17
-4513.18
-4513.19
-4513.2
-4513.2
-4513.2
-4513.21
-4513.21
-4513.21
-4513.21
-4513.21
-4513.2
-4513.2
-4513.2
-4513.19
-4513.19
-4513.18
-4513.18
-4513.17
-4513.17
-4513.17
-4513.16
-4513.16
-5226.42
-5226.42
-5226.44
-5226.46
-5226.48
-5226.52
-5226.56
-5226.61
-5226.66
-5226.72
-5226.78
-5226.84
-5226.9
-5226.95
-5227.01
-5227.05
-5227.09
-5227.12
-5227.15
-5227.16
-5227.16
-5227.15
-5227.13
-5227.1
-5227.06
-5227.01
-5226.96
-5226.89
-5226.83
-5226.75
-5226.68
-5226.61
-5226.53
-5226.46
-5226.4
-5226.33
-5226.28
-5226.22
-5226.18
-5226.14
-5226.11
-5226.08
-5226.07
-5226.06
-5226.05
-5226.06
-5226.07
-5226.09
-5226.11
-5226.15
-5226.18
-5226.23
-5226.27
-5226.33
-5226.38
-5226.44
-5226.5
-5226.56
-5226.62
-5226.69
-5226.75
-5226.81
-5226.86
-5226.92
-5226.97
-5227.01
-5227.05
-5227.08
-5227.11
-5227.13
-5227.14
-5227.14
-5227.14
-5227.13
-5227.11
-5227.08
-5227.04
-5227
-5226.95
-5226.9
-5226.84
-5226.78
-5226.71
-5226.65
-5226.59
-5226.52
-5226.46
-5226.4
-5226.35
-5226.31
-5226.27
-5226.24
-5226.22
-5226.21
-5226.2
-5226.21
-5226.23
-5226.25
-5226.29
-5226.33
-5226.38
-5226.43
-5226.49
-5226.55
-5226.61
-5226.66
-5226.72
-5226.77
-5226.81
-5226.84
-5226.87
-5226.88
-5226.89
-5226.88
-5226.87
-5226.84
-5226.81
-5226.77
-5226.73
-5226.68
-5226.63
-5226.58
-5226.54
-5226.49
-5226.45
-5226.42
-5226.39
-5226.37
-5226.36
-5226.35
-5226.35
-5226.36
-5226.38
-5226.4
-5226.43
-5226.46
-5226.49
-5226.53
-5226.56
-5226.59
-5226.62
-5226.65
-5226.67
-5226.69
-5226.71
-5226.72
-5226.73
-5226.73
-5226.73
-5226.72
-5226.71
-5226.7
-5226.68
-5226.66
-5226.65
-5226.63
-5226.61
-5226.59
-5226.57
-5226.55
-5226.53
-5226.52
-5226.51
-5226.5
-5226.49
-5226.49
-5226.48
-5226.48
-5226.49
-5226.49
-5226.49
-5226.5
-5226.51
-5226.52
-5226.53
-5226.54
-5226.55
-5226.55
-5226.56
-5226.57
-5226.58
-5226.58
-5226.59
-5226.59
-5226.59
-5226.59
-5226.59
-5226.59
-5226.58
-5226.58
-5226.58
-5226.57
-5226.57
-5226.56
-5226.56
-5226.55
-5226.55
-5226.54
-5226.54
-5226.54
-5858.03
-5858.05
-5858.08
-5858.13
-5858.2
-5858.28
-5858.37
-5858.47
-5858.58
-5858.7
-5858.82
-5858.93
-5859.05
-5859.15
-5859.25
-5859.33
-5859.4
-5859.46
-5859.49
-5859.51
-5859.51
-5859.49
-5859.45
-5859.4
-5859.32
-5859.23
-5859.13
-5859.02
-5858.9
-5858.78
-5858.66
-5858.54
-5858.43
-5858.32
-5858.23
-5858.14
-5858.05
-5857.98
-5857.92
-5857.87
-5857.83
-5857.8
-5857.79
-5857.78
-5857.78
-5857.79
-5857.81
-5857.85
-5857.88
-5857.93
-5857.99
-5858.05
-5858.11
-5858.19
-5858.26
-5858.34
-5858.42
-5858.51
-5858.59
-5858.67
-5858.76
-5858.83
-5858.91
-5858.98
-5859.04
-5859.1
-5859.15
-5859.19
-5859.22
-5859.25
-5859.26
-5859.26
-5859.25
-5859.24
-5859.21
-5859.17
-5859.12
-5859.07
-5859
-5858.93
-5858.86
-5858.77
-5858.69
-5858.61
-5858.52
-5858.44
-5858.36
-5858.29
-5858.22
-5858.17
-5858.12
-5858.08
-5858.06
-5858.04
-5858.04
-5858.06
-5858.08
-5858.12
-5858.16
-5858.22
-5858.29
-5858.36
-5858.43
-5858.51
-5858.58
-5858.65
-5858.72
-5858.78
-5858.84
-5858.88
-5858.91
-5858.93
-5858.93
-5858.92
-5858.9
-5858.87
-5858.83
-5858.78
-5858.72
-5858.66
-5858.6
-5858.54
-5858.48
-5858.42
-5858.38
-5858.33
-5858.3
-5858.28
-5858.27
-5858.26
-5858.27
-5858.28
-5858.3
-5858.33
-5858.37
-5858.4
-5858.44
-5858.48
-5858.52
-5858.56
-5858.6
-5858.63
-5858.65
-5858.68
-5858.69
-5858.7
-5858.71
-5858.71
-5858.71
-5858.7
-5858.69
-5858.67
-5858.65
-5858.63
-5858.61
-5858.59
-5858.57
-5858.54
-5858.52
-5858.5
-5858.49
-5858.47
-5858.46
-5858.45
-5858.44
-5858.44
-5858.43
-5858.44
-5858.44
-5858.44
-5858.45
-5858.46
-5858.47
-5858.48
-5858.49
-5858.5
-5858.51
-5858.52
-5858.53
-5858.53
-5858.54
-5858.55
-5858.55
-5858.55
-5858.55
-5858.55
-5858.55
-5858.55
-5858.55
-5858.54
-5858.54
-5858.53
-5858.53
-5858.52
-5858.51
-5858.51
-5858.51
-5858.5
-5858.5
-5858.5
-6417.21
-6417.24
-6417.29
-6417.37
-6417.48
-6417.61
-6417.77
-6417.95
-6418.15
-6418.36
-6418.57
-6418.78
-6418.98
-6419.17
-6419.34
-6419.49
-6419.62
-6419.73
-6419.8
-6419.84
-6419.85
-6419.82
-6419.77
-6419.67
-6419.55
-6419.4
-6419.23
-6419.05
-6418.86
-6418.67
-6418.48
-6418.31
-6418.14
-6417.99
-6417.85
-6417.73
-6417.63
-6417.54
-6417.46
-6417.41
-6417.36
-6417.33
-6417.32
-6417.32
-6417.33
-6417.36
-6417.39
-6417.44
-6417.5
-6417.56
-6417.64
-6417.72
-6417.81
-6417.91
-6418.01
-6418.12
-6418.22
-6418.33
-6418.44
-6418.55
-6418.65
-6418.75
-6418.84
-6418.93
-6419.01
-6419.08
-6419.15
-6419.2
-6419.24
-6419.26
-6419.28
-6419.28
-6419.27
-6419.24
-6419.2
-6419.15
-6419.09
-6419.02
-6418.94
-6418.84
-6418.75
-6418.64
-6418.54
-6418.43
-6418.33
-6418.22
-6418.13
-6418.04
-6417.95
-6417.88
-6417.83
-6417.78
-6417.75
-6417.74
-6417.74
-6417.76
-6417.79
-6417.84
-6417.9
-6417.98
-6418.06
-6418.15
-6418.24
-6418.34
-6418.43
-6418.53
-6418.61
-6418.69
-6418.75
-6418.8
-6418.84
-6418.85
-6418.86
-6418.85
-6418.82
-6418.78
-6418.72
-6418.66
-6418.59
-6418.51
-6418.44
-6418.36
-6418.29
-6418.22
-6418.17
-6418.12
-6418.08
-6418.06
-6418.04
-6418.04
-6418.05
-6418.07
-6418.1
-6418.13
-6418.17
-6418.22
-6418.26
-6418.31
-6418.36
-6418.4
-6418.44
-6418.48
-6418.51
-6418.53
-6418.55
-6418.56
-6418.57
-6418.57
-6418.56
-6418.55
-6418.54
-6418.52
-6418.5
-6418.47
-6418.45
-6418.42
-6418.4
-6418.37
-6418.35
-6418.33
-6418.31
-6418.29
-6418.28
-6418.27
-6418.26
-6418.26
-6418.26
-6418.26
-6418.26
-6418.27
-6418.28
-6418.29
-6418.3
-6418.31
-6418.32
-6418.33
-6418.34
-6418.35
-6418.36
-6418.37
-6418.38
-6418.38
-6418.39
-6418.39
-6418.39
-6418.39
-6418.39
-6418.38
-6418.38
-6418.38
-6418.37
-6418.36
-6418.36
-6418.35
-6418.35
-6418.34
-6418.34
-6418.33
-6418.33
-6418.33
-6912.13
-6912.18
-6912.28
-6912.44
-6912.65
-6912.92
-6913.23
-6913.59
-6913.98
-6914.39
-6914.79
-6915.18
-6915.54
-6915.86
-6916.14
-6916.38
-6916.57
-6916.72
-6916.81
-6916.84
-6916.83
-6916.76
-6916.63
-6916.45
-6916.21
-6915.93
-6915.6
-6915.26
-6914.92
-6914.6
-6914.32
-6914.06
-6913.83
-6913.64
-6913.47
-6913.33
-6913.21
-6913.11
-6913.03
-6912.97
-6912.93
-6912.91
-6912.9
-6912.92
-6912.94
-6912.98
-6913.04
-6913.11
-6913.19
-6913.28
-6913.38
-6913.49
-6913.61
-6913.73
-6913.86
-6913.99
-6914.13
-6914.26
-6914.4
-6914.53
-6914.66
-6914.78
-6914.9
-6915.01
-6915.11
-6915.19
-6915.27
-6915.33
-6915.38
-6915.41
-6915.42
-6915.42
-6915.4
-6915.37
-6915.32
-6915.25
-6915.17
-6915.08
-6914.98
-6914.87
-6914.74
-6914.62
-6914.49
-6914.35
-6914.22
-6914.1
-6913.98
-6913.87
-6913.77
-6913.69
-6913.62
-6913.57
-6913.53
-6913.52
-6913.52
-6913.55
-6913.59
-6913.66
-6913.73
-6913.83
-6913.93
-6914.04
-6914.16
-6914.28
-6914.39
-6914.5
-6914.61
-6914.7
-6914.77
-6914.83
-6914.87
-6914.9
-6914.9
-6914.88
-6914.84
-6914.79
-6914.72
-6914.64
-6914.56
-6914.46
-6914.37
-6914.28
-6914.2
-6914.12
-6914.05
-6914
-6913.96
-6913.93
-6913.92
-6913.92
-6913.93
-6913.96
-6913.99
-6914.03
-6914.08
-6914.14
-6914.19
-6914.25
-6914.3
-6914.35
-6914.39
-6914.43
-6914.47
-6914.49
-6914.51
-6914.52
-6914.53
-6914.53
-6914.52
-6914.5
-6914.49
-6914.47
-6914.44
-6914.41
-6914.39
-6914.36
-6914.33
-6914.3
-6914.28
-6914.26
-6914.24
-6914.22
-6914.21
-6914.2
-6914.19
-6914.19
-6914.18
-6914.19
-6914.19
-6914.2
-6914.21
-6914.22
-6914.23
-6914.24
-6914.25
-6914.26
-6914.28
-6914.29
-6914.3
-6914.31
-6914.31
-6914.32
-6914.32
-6914.33
-6914.33
-6914.33
-6914.33
-6914.32
-6914.32
-6914.31
-6914.31
-6914.3
-6914.29
-6914.29
-6914.28
-6914.27
-6914.27
-6914.26
-6914.26
-6914.26
-7349.91
-7349.98
-7350.12
-7350.35
-7350.65
-7351.05
-7351.54
-7352.14
-7352.9
-7353.61
-7354.22
-7354.79
-7355.3
-7355.75
-7356.13
-7356.45
-7356.71
-7356.9
-7357.02
-7357.08
-7357.07
-7356.98
-7356.81
-7356.56
-7356.22
-7355.8
-7355.26
-7354.66
-7354.16
-7353.75
-7353.39
-7353.09
-7352.82
-7352.59
-7352.39
-7352.23
-7352.1
-7352
-7351.93
-7351.88
-7351.85
-7351.84
-7351.85
-7351.88
-7351.93
-7351.99
-7352.07
-7352.16
-7352.27
-7352.38
-7352.51
-7352.65
-7352.8
-7352.95
-7353.11
-7353.28
-7353.44
-7353.61
-7353.77
-7353.93
-7354.09
-7354.23
-7354.37
-7354.5
-7354.62
-7354.72
-7354.81
-7354.88
-7354.93
-7354.97
-7354.98
-7354.98
-7354.96
-7354.91
-7354.85
-7354.77
-7354.67
-7354.56
-7354.43
-7354.29
-7354.14
-7353.99
-7353.83
-7353.67
-7353.52
-7353.37
-7353.23
-7353.09
-7352.98
-7352.88
-7352.8
-7352.74
-7352.7
-7352.69
-7352.7
-7352.73
-7352.79
-7352.87
-7352.96
-7353.07
-7353.2
-7353.34
-7353.48
-7353.62
-7353.76
-7353.89
-7354.01
-7354.12
-7354.21
-7354.28
-7354.32
-7354.35
-7354.34
-7354.32
-7354.27
-7354.21
-7354.12
-7354.03
-7353.92
-7353.81
-7353.71
-7353.6
-7353.5
-7353.41
-7353.34
-7353.28
-7353.23
-7353.2
-7353.19
-7353.2
-7353.21
-7353.25
-7353.29
-7353.34
-7353.4
-7353.46
-7353.52
-7353.58
-7353.64
-7353.7
-7353.75
-7353.79
-7353.83
-7353.85
-7353.87
-7353.89
-7353.89
-7353.89
-7353.88
-7353.86
-7353.84
-7353.81
-7353.79
-7353.76
-7353.73
-7353.7
-7353.67
-7353.64
-7353.61
-7353.59
-7353.57
-7353.55
-7353.53
-7353.52
-7353.52
-7353.51
-7353.51
-7353.51
-7353.52
-7353.53
-7353.54
-7353.55
-7353.56
-7353.57
-7353.59
-7353.6
-7353.61
-7353.62
-7353.63
-7353.64
-7353.65
-7353.66
-7353.66
-7353.67
-7353.67
-7353.67
-7353.66
-7353.66
-7353.66
-7353.65
-7353.64
-7353.64
-7353.63
-7353.62
-7353.61
-7353.61
-7353.6
-7353.6
-7353.6
-7353.59
-7736.96
-7737.04
-7737.2
-7737.47
-7737.87
-7738.42
-7739.19
-7740.32
-7741.76
-7743.04
-7744.11
-7745.01
-7745.76
-7746.39
-7746.91
-7747.32
-7747.64
-7747.87
-7748.01
-7748.06
-7748.01
-7747.86
-7747.61
-7747.23
-7746.72
-7746.06
-7745.16
-7744.03
-7743.1
-7742.48
-7742.02
-7741.66
-7741.39
-7741.17
-7741
-7740.86
-7740.76
-7740.68
-7740.62
-7740.59
-7740.58
-7740.59
-7740.62
-7740.67
-7740.74
-7740.83
-7740.93
-7741.05
-7741.19
-7741.33
-7741.49
-7741.66
-7741.84
-7742.03
-7742.22
-7742.41
-7742.61
-7742.81
-7743
-7743.19
-7743.38
-7743.55
-7743.71
-7743.86
-7744
-7744.12
-7744.22
-7744.3
-7744.36
-7744.4
-7744.41
-7744.4
-7744.37
-7744.32
-7744.24
-7744.14
-7744.02
-7743.89
-7743.74
-7743.57
-7743.4
-7743.21
-7743.03
-7742.84
-7742.66
-7742.48
-7742.31
-7742.16
-7742.03
-7741.91
-7741.82
-7741.75
-7741.71
-7741.7
-7741.72
-7741.76
-7741.83
-7741.92
-7742.04
-7742.17
-7742.32
-7742.48
-7742.65
-7742.82
-7742.98
-7743.14
-7743.28
-7743.4
-7743.5
-7743.58
-7743.63
-7743.65
-7743.65
-7743.61
-7743.56
-7743.48
-7743.38
-7743.26
-7743.14
-7743.01
-7742.89
-7742.77
-7742.65
-7742.55
-7742.47
-7742.4
-7742.36
-7742.33
-7742.32
-7742.32
-7742.35
-7742.39
-7742.44
-7742.5
-7742.56
-7742.63
-7742.7
-7742.77
-7742.84
-7742.9
-7742.95
-7743
-7743.04
-7743.07
-7743.09
-7743.1
-7743.1
-7743.1
-7743.08
-7743.07
-7743.04
-7743.01
-7742.98
-7742.95
-7742.92
-7742.88
-7742.85
-7742.82
-7742.79
-7742.77
-7742.74
-7742.73
-7742.71
-7742.7
-7742.69
-7742.69
-7742.69
-7742.69
-7742.7
-7742.71
-7742.72
-7742.73
-7742.75
-7742.76
-7742.77
-7742.79
-7742.8
-7742.81
-7742.82
-7742.83
-7742.84
-7742.85
-7742.85
-7742.86
-7742.86
-7742.86
-7742.85
-7742.85
-7742.84
-7742.84
-7742.83
-7742.82
-7742.82
-7742.81
-7742.8
-7742.79
-7742.79
-7742.78
-7742.78
-7742.78
-8079.36
-8079.42
-8079.53
-8079.69
-8079.89
-8080.14
-8080.38
-8080.75
-8086.47
-8086.27
-8086.09
-8085.87
-8085.67
-8085.47
-8085.3
-8085.16
-8085.05
-8084.97
-8084.91
-8084.88
-8084.87
-8084.88
-8084.91
-8084.97
-8085.04
-8085.13
-8085.25
-8085.38
-8085.53
-8085.69
-8085.87
-8086.06
-8086.26
-8086.47
-8086.69
-8086.91
-8087.14
-8087.37
-8087.6
-8087.83
-8088.04
-8088.26
-8088.46
-8088.65
-8088.82
-8088.97
-8089.11
-8089.22
-8089.31
-8089.38
-8089.42
-8089.43
-8089.42
-8089.38
-8089.31
-8089.22
-8089.1
-8088.96
-8088.8
-8088.62
-8088.43
-8088.23
-8088.02
-8087.8
-8087.58
-8087.37
-8087.17
-8086.98
-8086.8
-8086.65
-8086.52
-8086.42
-8086.34
-8086.3
-8086.29
-8086.31
-8086.36
-8086.44
-8086.55
-8086.69
-8086.85
-8087.02
-8087.21
-8087.4
-8087.6
-8087.79
-8087.97
-8088.13
-8088.27
-8088.38
-8088.47
-8088.52
-8088.54
-8088.53
-8088.49
-8088.42
-8088.33
-8088.21
-8088.08
-8087.94
-8087.79
-8087.65
-8087.51
-8087.39
-8087.27
-8087.18
-8087.11
-8087.06
-8087.03
-8087.02
-8087.03
-8087.06
-8087.11
-8087.17
-8087.23
-8087.31
-8087.39
-8087.46
-8087.54
-8087.61
-8087.68
-8087.74
-8087.79
-8087.83
-8087.86
-8087.88
-8087.89
-8087.89
-8087.89
-8087.87
-8087.85
-8087.82
-8087.79
-8087.76
-8087.72
-8087.69
-8087.65
-8087.62
-8087.58
-8087.55
-8087.53
-8087.5
-8087.48
-8087.47
-8087.46
-8087.45
-8087.45
-8087.45
-8087.45
-8087.46
-8087.47
-8087.48
-8087.5
-8087.51
-8087.53
-8087.54
-8087.56
-8087.57
-8087.58
-8087.59
-8087.6
-8087.61
-8087.62
-8087.62
-8087.63
-8087.63
-8087.63
-8087.62
-8087.62
-8087.61
-8087.61
-8087.6
-8087.59
-8087.58
-8087.58
-8087.57
-8087.56
-8087.55
-8087.55
-8087.55
-8087.55
-8382.27
-8382.29
-8382.33
-8382.38
-8382.45
-8382.52
-8382.59
-8382.69
-8390.57
-8390.52
-8390.41
-8390.31
-8390.21
-8390.11
-8390.01
-8389.93
-8389.87
-8389.82
-8389.79
-8389.78
-8389.8
-8389.83
-8389.89
-8389.97
-8390.07
-8390.19
-8390.32
-8390.48
-8390.66
-8390.85
-8391.06
-8391.28
-8391.52
-8391.76
-8392.01
-8392.27
-8392.53
-8392.79
-8393.06
-8393.31
-8393.56
-8393.8
-8394.03
-8394.24
-8394.43
-8394.61
-8394.76
-8394.89
-8394.99
-8395.06
-8395.1
-8395.11
-8395.09
-8395.04
-8394.96
-8394.85
-8394.72
-8394.56
-8394.37
-8394.17
-8393.95
-8393.71
-8393.47
-8393.23
-8392.98
-8392.74
-8392.51
-8392.29
-8392.1
-8391.92
-8391.78
-8391.66
-8391.58
-8391.54
-8391.53
-8391.56
-8391.62
-8391.72
-8391.84
-8392
-8392.18
-8392.38
-8392.6
-8392.82
-8393.04
-8393.25
-8393.45
-8393.64
-8393.79
-8393.92
-8394.02
-8394.07
-8394.09
-8394.08
-8394.03
-8393.94
-8393.83
-8393.7
-8393.55
-8393.39
-8393.23
-8393.06
-8392.91
-8392.77
-8392.65
-8392.55
-8392.47
-8392.42
-8392.39
-8392.38
-8392.4
-8392.43
-8392.49
-8392.55
-8392.63
-8392.71
-8392.8
-8392.89
-8392.97
-8393.05
-8393.12
-8393.18
-8393.24
-8393.28
-8393.31
-8393.33
-8393.34
-8393.34
-8393.33
-8393.31
-8393.29
-8393.26
-8393.23
-8393.19
-8393.15
-8393.11
-8393.08
-8393.04
-8393
-8392.97
-8392.94
-8392.92
-8392.9
-8392.89
-8392.88
-8392.87
-8392.87
-8392.87
-8392.87
-8392.88
-8392.89
-8392.9
-8392.92
-8392.93
-8392.95
-8392.96
-8392.98
-8393
-8393.01
-8393.02
-8393.03
-8393.04
-8393.05
-8393.05
-8393.05
-8393.06
-8393.05
-8393.05
-8393.05
-8393.04
-8393.03
-8393.02
-8393.02
-8393.01
-8393
-8392.99
-8392.98
-8392.98
-8392.97
-8392.97
-8392.97
-8650.52
-8650.53
-8650.56
-8650.59
-8650.63
-8650.68
-8650.73
-8650.79
-8660.39
-8660.34
-8660.26
-8660.18
-8660.09
-8660.01
-8659.95
-8659.89
-8659.85
-8659.83
-8659.83
-8659.84
-8659.88
-8659.94
-8660.02
-8660.12
-8660.24
-8660.39
-8660.55
-8660.74
-8660.94
-8661.16
-8661.4
-8661.66
-8661.92
-8662.2
-8662.48
-8662.77
-8663.07
-8663.36
-8663.66
-8663.94
-8664.22
-8664.49
-8664.75
-8664.98
-8665.2
-8665.39
-8665.55
-8665.69
-8665.8
-8665.88
-8665.92
-8665.93
-8665.91
-8665.85
-8665.76
-8665.63
-8665.48
-8665.29
-8665.08
-8664.85
-8664.6
-8664.34
-8664.07
-8663.79
-8663.51
-8663.24
-8662.99
-8662.75
-8662.53
-8662.34
-8662.18
-8662.05
-8661.96
-8661.92
-8661.91
-8661.94
-8662.02
-8662.13
-8662.28
-8662.45
-8662.66
-8662.89
-8663.13
-8663.37
-8663.62
-8663.86
-8664.09
-8664.29
-8664.46
-8664.6
-8664.7
-8664.76
-8664.78
-8664.76
-8664.7
-8664.61
-8664.48
-8664.33
-8664.16
-8663.98
-8663.8
-8663.62
-8663.45
-8663.3
-8663.16
-8663.05
-8662.97
-8662.92
-8662.89
-8662.89
-8662.91
-8662.95
-8663.01
-8663.08
-8663.17
-8663.26
-8663.35
-8663.45
-8663.54
-8663.62
-8663.7
-8663.77
-8663.82
-8663.87
-8663.9
-8663.92
-8663.93
-8663.93
-8663.92
-8663.9
-8663.87
-8663.84
-8663.8
-8663.76
-8663.72
-8663.68
-8663.64
-8663.6
-8663.56
-8663.53
-8663.5
-8663.48
-8663.46
-8663.44
-8663.43
-8663.43
-8663.42
-8663.43
-8663.43
-8663.44
-8663.45
-8663.46
-8663.48
-8663.5
-8663.51
-8663.53
-8663.55
-8663.56
-8663.58
-8663.59
-8663.6
-8663.61
-8663.61
-8663.62
-8663.62
-8663.62
-8663.62
-8663.62
-8663.61
-8663.61
-8663.6
-8663.59
-8663.58
-8663.57
-8663.56
-8663.56
-8663.55
-8663.54
-8663.54
-8663.53
-8663.53
-8888.12
-8888.12
-8888.14
-8888.16
-8888.18
-8888.21
-8888.23
-8888.25
-8899.28
-8899.27
-8899.23
-8899.19
-8899.13
-8899.08
-8899.04
-8899.01
-8899
-8899
-8899.01
-8899.05
-8899.11
-8899.18
-8899.28
-8899.41
-8899.55
-8899.72
-8899.91
-8900.12
-8900.35
-8900.61
-8900.87
-8901.16
-8901.45
-8901.76
-8902.08
-8902.4
-8902.73
-8903.06
-8903.38
-8903.7
-8904.01
-8904.3
-8904.58
-8904.84
-8905.08
-8905.29
-8905.47
-8905.62
-8905.73
-8905.82
-8905.86
-8905.87
-8905.84
-8905.77
-8905.66
-8905.52
-8905.35
-8905.14
-8904.91
-8904.65
-8904.37
-8904.08
-8903.78
-8903.47
-8903.16
-8902.87
-8902.58
-8902.32
-8902.08
-8901.87
-8901.69
-8901.56
-8901.46
-8901.41
-8901.41
-8901.45
-8901.54
-8901.66
-8901.83
-8902.03
-8902.26
-8902.51
-8902.78
-8903.05
-8903.32
-8903.59
-8903.84
-8904.06
-8904.25
-8904.4
-8904.51
-8904.57
-8904.59
-8904.56
-8904.49
-8904.38
-8904.24
-8904.07
-8903.88
-8903.68
-8903.48
-8903.29
-8903.1
-8902.94
-8902.8
-8902.68
-8902.59
-8902.54
-8902.51
-8902.51
-8902.54
-8902.58
-8902.65
-8902.73
-8902.83
-8902.93
-8903.03
-8903.13
-8903.23
-8903.32
-8903.4
-8903.47
-8903.53
-8903.57
-8903.61
-8903.63
-8903.63
-8903.63
-8903.62
-8903.6
-8903.57
-8903.53
-8903.49
-8903.45
-8903.41
-8903.37
-8903.32
-8903.28
-8903.24
-8903.21
-8903.18
-8903.15
-8903.13
-8903.12
-8903.11
-8903.1
-8903.1
-8903.1
-8903.11
-8903.12
-8903.13
-8903.14
-8903.16
-8903.18
-8903.19
-8903.21
-8903.23
-8903.24
-8903.26
-8903.27
-8903.28
-8903.29
-8903.3
-8903.3
-8903.31
-8903.31
-8903.31
-8903.3
-8903.3
-8903.29
-8903.28
-8903.27
-8903.26
-8903.26
-8903.25
-8903.24
-8903.23
-8903.22
-8903.22
-8903.21
-8903.21
-9098.57
-9098.58
-9098.59
-9098.6
-9098.61
-9098.62
-9098.64
-9098.65
-9110.99
-9110.99
-9110.96
-9110.93
-9110.89
-9110.86
-9110.83
-9110.82
-9110.82
-9110.84
-9110.87
-9110.93
-9111
-9111.1
-9111.22
-9111.36
-9111.53
-9111.72
-9111.93
-9112.17
-9112.43
-9112.71
-9113
-9113.31
-9113.64
-9113.98
-9114.33
-9114.69
-9115.04
-9115.4
-9115.76
-9116.1
-9116.44
-9116.76
-9117.06
-9117.34
-9117.6
-9117.83
-9118.02
-9118.18
-9118.31
-9118.39
-9118.44
-9118.44
-9118.41
-9118.33
-9118.21
-9118.05
-9117.86
-9117.63
-9117.37
-9117.09
-9116.78
-9116.46
-9116.13
-9115.79
-9115.46
-9115.13
-9114.82
-9114.54
-9114.28
-9114.05
-9113.86
-9113.71
-9113.61
-9113.56
-9113.56
-9113.61
-9113.7
-9113.85
-9114.03
-9114.25
-9114.5
-9114.78
-9115.07
-9115.37
-9115.67
-9115.96
-9116.23
-9116.47
-9116.68
-9116.84
-9116.96
-9117.02
-9117.04
-9117
-9116.92
-9116.8
-9116.64
-9116.45
-9116.25
-9116.03
-9115.81
-9115.6
-9115.4
-9115.23
-9115.07
-9114.95
-9114.86
-9114.8
-9114.78
-9114.78
-9114.81
-9114.87
-9114.94
-9115.03
-9115.13
-9115.24
-9115.35
-9115.46
-9115.56
-9115.66
-9115.74
-9115.81
-9115.88
-9115.92
-9115.96
-9115.98
-9115.98
-9115.98
-9115.96
-9115.94
-9115.91
-9115.87
-9115.83
-9115.79
-9115.74
-9115.69
-9115.65
-9115.61
-9115.57
-9115.53
-9115.5
-9115.48
-9115.45
-9115.44
-9115.43
-9115.42
-9115.42
-9115.42
-9115.43
-9115.44
-9115.45
-9115.47
-9115.49
-9115.5
-9115.52
-9115.54
-9115.56
-9115.57
-9115.59
-9115.6
-9115.61
-9115.62
-9115.63
-9115.63
-9115.64
-9115.64
-9115.64
-9115.63
-9115.63
-9115.62
-9115.61
-9115.6
-9115.59
-9115.58
-9115.57
-9115.56
-9115.56
-9115.55
-9115.54
-9115.54
-9115.54
-9285
-9285
-9285.01
-9285.01
-9285.02
-9285.03
-9285.04
-9285.04
-9298.55
-9298.56
-9298.53
-9298.5
-9298.47
-9298.45
-9298.44
-9298.44
-9298.45
-9298.48
-9298.53
-9298.6
-9298.69
-9298.8
-9298.94
-9299.1
-9299.29
-9299.5
-9299.74
-9300
-9300.28
-9300.58
-9300.91
-9301.25
-9301.6
-9301.97
-9302.35
-9302.74
-9303.13
-9303.51
-9303.9
-9304.27
-9304.63
-9304.98
-9305.31
-9305.61
-9305.88
-9306.13
-9306.33
-9306.51
-9306.64
-9306.73
-9306.77
-9306.78
-9306.73
-9306.64
-9306.51
-9306.34
-9306.12
-9305.87
-9305.59
-9305.28
-9304.95
-9304.6
-9304.24
-9303.88
-9303.52
-9303.16
-9302.83
-9302.52
-9302.24
-9302
-9301.79
-9301.64
-9301.53
-9301.48
-9301.48
-9301.54
-9301.64
-9301.8
-9302
-9302.24
-9302.52
-9302.82
-9303.14
-9303.46
-9303.79
-9304.1
-9304.39
-9304.65
-9304.87
-9305.04
-9305.16
-9305.23
-9305.24
-9305.2
-9305.11
-9304.98
-9304.8
-9304.6
-9304.37
-9304.14
-9303.9
-9303.68
-9303.47
-9303.28
-9303.12
-9302.99
-9302.9
-9302.84
-9302.81
-9302.82
-9302.86
-9302.92
-9303
-9303.1
-9303.2
-9303.32
-9303.44
-9303.55
-9303.66
-9303.76
-9303.85
-9303.92
-9303.99
-9304.03
-9304.07
-9304.09
-9304.09
-9304.09
-9304.07
-9304.05
-9304.01
-9303.97
-9303.93
-9303.88
-9303.84
-9303.79
-9303.74
-9303.7
-9303.66
-9303.62
-9303.59
-9303.56
-9303.54
-9303.52
-9303.51
-9303.51
-9303.51
-9303.51
-9303.52
-9303.53
-9303.54
-9303.56
-9303.58
-9303.59
-9303.61
-9303.63
-9303.65
-9303.67
-9303.68
-9303.7
-9303.71
-9303.72
-9303.72
-9303.73
-9303.73
-9303.73
-9303.73
-9303.73
-9303.72
-9303.71
-9303.7
-9303.69
-9303.68
-9303.67
-9303.67
-9303.66
-9303.65
-9303.64
-9303.63
-9303.63
-9303.63
-9450.14
-9450.14
-9450.14
-9450.15
-9450.15
-9450.16
-9450.16
-9450.17
-9464.71
-9464.73
-9464.7
-9464.67
-9464.64
-9464.61
-9464.61
-9464.63
-9464.65
-9464.7
-9464.76
-9464.84
-9464.94
-9465.07
-9465.22
-9465.4
-9465.6
-9465.83
-9466.09
-9466.37
-9466.68
-9467.01
-9467.36
-9467.72
-9468.11
-9468.5
-9468.91
-9469.33
-9469.74
-9470.16
-9470.57
-9470.97
-9471.36
-9471.73
-9472.07
-9472.4
-9472.69
-9472.95
-9473.17
-9473.35
-9473.49
-9473.58
-9473.63
-9473.63
-9473.58
-9473.48
-9473.33
-9473.14
-9472.91
-9472.64
-9472.34
-9472
-9471.64
-9471.27
-9470.88
-9470.49
-9470.1
-9469.73
-9469.37
-9469.04
-9468.74
-9468.48
-9468.27
-9468.1
-9467.99
-9467.94
-9467.94
-9468
-9468.12
-9468.29
-9468.51
-9468.77
-9469.07
-9469.39
-9469.74
-9470.08
-9470.43
-9470.77
-9471.07
-9471.35
-9471.58
-9471.77
-9471.9
-9471.97
-9471.98
-9471.93
-9471.83
-9471.68
-9471.49
-9471.27
-9471.03
-9470.78
-9470.53
-9470.28
-9470.06
-9469.86
-9469.69
-9469.56
-9469.46
-9469.4
-9469.38
-9469.39
-9469.43
-9469.5
-9469.59
-9469.69
-9469.81
-9469.93
-9470.05
-9470.17
-9470.29
-9470.39
-9470.48
-9470.56
-9470.63
-9470.68
-9470.71
-9470.73
-9470.74
-9470.73
-9470.71
-9470.68
-9470.65
-9470.61
-9470.56
-9470.51
-9470.46
-9470.41
-9470.36
-9470.32
-9470.28
-9470.24
-9470.21
-9470.18
-9470.16
-9470.14
-9470.13
-9470.12
-9470.12
-9470.13
-9470.14
-9470.15
-9470.16
-9470.18
-9470.2
-9470.22
-9470.23
-9470.25
-9470.27
-9470.29
-9470.31
-9470.32
-9470.33
-9470.34
-9470.35
-9470.35
-9470.36
-9470.36
-9470.35
-9470.35
-9470.34
-9470.34
-9470.33
-9470.32
-9470.31
-9470.3
-9470.29
-9470.28
-9470.27
-9470.26
-9470.26
-9470.25
-9470.25
-9596.43
-9596.43
-9596.43
-9596.44
-9596.44
-9596.45
-9596.45
-9596.45
-9611.83
-9611.84
-9611.83
-9611.84
-9611.83
-9611.8
-9611.82
-9611.84
-9611.88
-9611.93
-9612
-9612.09
-9612.2
-9612.34
-9612.51
-9612.7
-9612.92
-9613.17
-9613.45
-9613.75
-9614.08
-9614.43
-9614.8
-9615.19
-9615.6
-9616.03
-9616.46
-9616.9
-9617.34
-9617.79
-9618.22
-9618.65
-9619.06
-9619.45
-9619.82
-9620.16
-9620.47
-9620.74
-9620.98
-9621.17
-9621.31
-9621.41
-9621.45
-9621.44
-9621.39
-9621.28
-9621.13
-9620.92
-9620.67
-9620.38
-9620.06
-9619.7
-9619.32
-9618.92
-9618.5
-9618.09
-9617.68
-9617.28
-9616.9
-9616.55
-9616.23
-9615.96
-9615.73
-9615.56
-9615.44
-9615.39
-9615.4
-9615.46
-9615.59
-9615.78
-9616.01
-9616.29
-9616.61
-9616.95
-9617.32
-9617.69
-9618.06
-9618.41
-9618.74
-9619.03
-9619.28
-9619.47
-9619.61
-9619.68
-9619.69
-9619.63
-9619.52
-9619.36
-9619.16
-9618.92
-9618.66
-9618.4
-9618.13
-9617.88
-9617.64
-9617.43
-9617.26
-9617.12
-9617.02
-9616.96
-9616.94
-9616.95
-9617
-9617.07
-9617.17
-9617.28
-9617.4
-9617.53
-9617.66
-9617.78
-9617.9
-9618.01
-9618.1
-9618.18
-9618.25
-9618.3
-9618.33
-9618.35
-9618.36
-9618.35
-9618.33
-9618.3
-9618.26
-9618.22
-9618.17
-9618.12
-9618.07
-9618.02
-9617.97
-9617.92
-9617.88
-9617.84
-9617.81
-9617.78
-9617.76
-9617.74
-9617.73
-9617.73
-9617.73
-9617.73
-9617.74
-9617.75
-9617.77
-9617.78
-9617.8
-9617.82
-9617.84
-9617.86
-9617.88
-9617.9
-9617.91
-9617.93
-9617.94
-9617.95
-9617.96
-9617.96
-9617.96
-9617.96
-9617.96
-9617.96
-9617.95
-9617.94
-9617.93
-9617.92
-9617.91
-9617.9
-9617.89
-9617.88
-9617.88
-9617.87
-9617.86
-9617.86
-9617.86
-9726.03
-9726.03
-9726.03
-9726.03
-9726.04
-9726.04
-9726.04
-9726.04
-9742.25
-9742.27
-9742.26
-9742.26
-9742.26
-9742.26
-9742.25
-9742.27
-9742.3
-9742.35
-9742.43
-9742.53
-9742.65
-9742.8
-9742.98
-9743.18
-9743.42
-9743.68
-9743.98
-9744.3
-9744.65
-9745.02
-9745.41
-9745.83
-9746.26
-9746.71
-9747.17
-9747.64
-9748.1
-9748.57
-9749.03
-9749.48
-9749.91
-9750.33
-9750.71
-9751.07
-9751.4
-9751.68
-9751.93
-9752.13
-9752.28
-9752.37
-9752.42
-9752.41
-9752.35
-9752.23
-9752.07
-9751.85
-9751.58
-9751.27
-9750.93
-9750.55
-9750.14
-9749.72
-9749.28
-9748.84
-9748.41
-9747.99
-9747.59
-9747.21
-9746.88
-9746.59
-9746.36
-9746.18
-9746.06
-9746
-9746.01
-9746.09
-9746.22
-9746.42
-9746.67
-9746.97
-9747.31
-9747.67
-9748.06
-9748.45
-9748.84
-9749.22
-9749.56
-9749.87
-9750.13
-9750.33
-9750.47
-9750.54
-9750.55
-9750.49
-9750.37
-9750.19
-9749.98
-9749.73
-9749.45
-9749.17
-9748.89
-9748.62
-9748.38
-9748.16
-9747.98
-9747.83
-9747.73
-9747.67
-9747.65
-9747.67
-9747.72
-9747.8
-9747.9
-9748.02
-9748.15
-9748.28
-9748.41
-9748.55
-9748.67
-9748.78
-9748.88
-9748.96
-9749.03
-9749.08
-9749.11
-9749.13
-9749.14
-9749.13
-9749.11
-9749.07
-9749.04
-9748.99
-9748.94
-9748.89
-9748.83
-9748.78
-9748.73
-9748.68
-9748.64
-9748.6
-9748.56
-9748.54
-9748.51
-9748.5
-9748.49
-9748.48
-9748.48
-9748.49
-9748.5
-9748.51
-9748.52
-9748.54
-9748.56
-9748.58
-9748.6
-9748.62
-9748.64
-9748.66
-9748.68
-9748.69
-9748.7
-9748.71
-9748.72
-9748.73
-9748.73
-9748.73
-9748.73
-9748.72
-9748.71
-9748.71
-9748.7
-9748.69
-9748.68
-9748.67
-9748.66
-9748.65
-9748.64
-9748.63
-9748.62
-9748.62
-9748.62
)
;

boundaryField
{
    freeSurface
    {
        type            calculated;
        value           nonuniform List<scalar> 
181
(
-9786.91
-9786.9
-9786.91
-9786.91
-9786.91
-9786.92
-9786.92
-9786.92
-9803.49
-9803.51
-9803.49
-9803.48
-9803.48
-9803.48
-9803.49
-9803.52
-9803.55
-9803.61
-9803.69
-9803.79
-9803.92
-9804.07
-9804.25
-9804.47
-9804.71
-9804.98
-9805.29
-9805.62
-9805.98
-9806.36
-9806.77
-9807.2
-9807.64
-9808.1
-9808.57
-9809.05
-9809.53
-9810.01
-9810.48
-9810.94
-9811.39
-9811.81
-9812.21
-9812.58
-9812.91
-9813.2
-9813.45
-9813.65
-9813.81
-9813.91
-9813.95
-9813.94
-9813.88
-9813.76
-9813.58
-9813.36
-9813.08
-9812.76
-9812.41
-9812.02
-9811.6
-9811.16
-9810.71
-9810.26
-9809.81
-9809.38
-9808.97
-9808.59
-9808.25
-9807.95
-9807.71
-9807.53
-9807.41
-9807.35
-9807.36
-9807.44
-9807.58
-9807.79
-9808.05
-9808.35
-9808.7
-9809.08
-9809.47
-9809.88
-9810.28
-9810.66
-9811.02
-9811.33
-9811.6
-9811.81
-9811.95
-9812.02
-9812.02
-9811.96
-9811.83
-9811.65
-9811.43
-9811.17
-9810.89
-9810.6
-9810.31
-9810.04
-9809.79
-9809.57
-9809.38
-9809.24
-9809.13
-9809.07
-9809.06
-9809.07
-9809.13
-9809.21
-9809.31
-9809.43
-9809.56
-9809.7
-9809.84
-9809.97
-9810.1
-9810.21
-9810.31
-9810.39
-9810.46
-9810.51
-9810.55
-9810.57
-9810.57
-9810.56
-9810.54
-9810.5
-9810.46
-9810.42
-9810.37
-9810.31
-9810.26
-9810.21
-9810.15
-9810.11
-9810.06
-9810.02
-9809.99
-9809.96
-9809.94
-9809.92
-9809.91
-9809.91
-9809.91
-9809.91
-9809.92
-9809.93
-9809.95
-9809.97
-9809.99
-9810.01
-9810.03
-9810.05
-9810.07
-9810.09
-9810.1
-9810.12
-9810.13
-9810.14
-9810.15
-9810.15
-9810.15
-9810.15
-9810.15
-9810.15
-9810.14
-9810.13
-9810.12
-9810.11
-9810.1
-9810.09
-9810.08
-9810.07
-9810.06
-9810.05
-9810.05
-9810.04
-9810.04
)
;
    }
    walls
    {
        type            calculated;
        value           nonuniform List<scalar> 
240
(
-614.446
-1772.82
-2798.98
-3707.99
-4513.2
-5226.42
-5858.03
-6417.21
-6912.13
-7349.91
-7736.96
-8079.36
-8382.27
-8650.52
-8888.12
-9098.57
-9285
-9450.14
-9596.43
-9726.03
-614.312
-1772.68
-2798.84
-3707.88
-4513.16
-5226.54
-5858.5
-6418.33
-6914.26
-7353.59
-7742.78
-8087.55
-8392.97
-8663.53
-8903.21
-9115.54
-9303.63
-9470.25
-9617.86
-9748.62
-0.20801
-0.207963
-0.207866
-0.207716
-0.207504
-0.207223
-0.206863
-0.206411
-0.205853
-0.205173
-0.204353
-0.203375
-0.202218
-0.200862
-0.199286
-0.19747
-0.195395
-0.193042
-0.190394
-0.187438
-0.184162
-0.18056
-0.176628
-0.17237
-0.167792
-0.16291
-0.157744
-0.15232
-0.146673
-0.140843
-0.134879
-0.128836
-0.122775
-0.116762
-0.11087
-0.105175
-0.0997584
-0.0947052
-0.0900986
-0.0860161
-0.0825665
-0.0798029
-0.0777882
-0.076581
-0.0762335
-0.0767901
-0.0782866
-0.0807492
-0.0841933
-0.0886213
-0.0940217
-0.100369
-0.10762
-0.11572
-0.124597
-0.134164
-0.144319
-0.154947
-0.165922
-0.177105
-0.188347
-0.19949
-0.210372
-0.220825
-0.230681
-0.239775
-0.247945
-0.255035
-0.2609
-0.265405
-0.268435
-0.269891
-0.269694
-0.267788
-0.264145
-0.258772
-0.251705
-0.243002
-0.232791
-0.221201
-0.208414
-0.194622
-0.180041
-0.164902
-0.149468
-0.134012
-0.118821
-0.104188
-0.0904014
-0.0777409
-0.0664716
-0.056832
-0.0490258
-0.0432201
-0.0395119
-0.0382077
-0.0392366
-0.0425107
-0.0479155
-0.0553072
-0.0644908
-0.0752129
-0.0871653
-0.0999968
-0.113321
-0.126724
-0.139784
-0.152081
-0.16321
-0.172794
-0.180503
-0.18606
-0.189262
-0.189994
-0.187893
-0.183246
-0.17619
-0.16691
-0.15568
-0.142846
-0.128803
-0.113439
-0.0983739
-0.0835047
-0.0693268
-0.0563115
-0.0448813
-0.0354009
-0.0281579
-0.0233448
-0.0210441
-0.0219529
-0.0253846
-0.0312526
-0.0393729
-0.0494737
-0.0612118
-0.0741954
-0.0880004
-0.102182
-0.116292
-0.129892
-0.142582
-0.153992
-0.163803
-0.171759
-0.177666
-0.181399
-0.182901
-0.182183
-0.179326
-0.174468
-0.167801
-0.159562
-0.150026
-0.139497
-0.1283
-0.116375
-0.104759
-0.0933702
-0.0825047
-0.072424
-0.0633523
-0.0554733
-0.048929
-0.0438168
-0.0401891
-0.038055
-0.0373813
-0.0380961
-0.0400923
-0.0432319
-0.0473519
-0.05227
-0.0577895
-0.0637062
-0.0698169
-0.0759138
-0.0818127
-0.087336
-0.0923273
-0.0966543
-0.100211
-0.102921
-0.104739
-0.105651
-0.105672
-0.104849
-0.103258
-0.101
-0.0981955
-0.0949862
-0.0915267
-0.0879813
-0.0845162
-0.081296
-0.0784781
-0.0762067
-0.0746051
-0.0737712
)
;
    }
    floatingObject
    {
        type            calculated;
        value           nonuniform List<scalar> 
37
(
-7926.63
-7927.65
-7928.52
-7929.28
-7929.93
-7930.47
-7930.93
-7931.31
-7931.6
-7931.81
-7931.95
-7932
-7931.97
-7931.85
-7931.63
-7931.31
-7930.88
-7930.33
-7929.58
-8080.62
-8086.36
-8382.64
-8390.54
-8650.76
-8660.37
-8888.24
-8899.28
-9098.64
-9110.99
-9285.04
-9298.55
-9450.17
-9464.71
-9596.45
-9611.84
-9726.04
-9742.26
)
;
    }
    frontAndBack
    {
        type            empty;
    }
}


// ************************************************************************* //
