/*--------------------------------*- C++ -*----------------------------------*\
  =========                 |
  \\      /  F ield         | OpenFOAM: The Open Source CFD Toolbox
   \\    /   O peration     | Website:  https://openfoam.org
    \\  /    A nd           | Version:  12
     \\/     M anipulation  |
\*---------------------------------------------------------------------------*/
FoamFile
{
    format      ascii;
    class       surfaceScalarField;
    location    "2.28";
    object      phi;
}
// * * * * * * * * * * * * * * * * * * * * * * * * * * * * * * * * * * * * * //

dimensions      [1 0 -1 0 0 0 0];

internalField   nonuniform List<scalar> 
7429
(
-6.93556e-05
6.93556e-05
-0.000139442
7.00868e-05
-0.000210653
7.12109e-05
-0.000283119
7.24657e-05
-0.000356959
7.38401e-05
-0.000432305
7.53456e-05
-0.000509273
7.69686e-05
-0.000587961
7.8688e-05
-0.000668489
8.0528e-05
-0.000750869
8.23798e-05
-0.000835098
8.42286e-05
-0.000921172
8.60738e-05
-0.00100891
8.77373e-05
-0.00109823
8.93176e-05
-0.00118888
9.06556e-05
-0.00128055
9.16717e-05
-0.00137297
9.24158e-05
-0.00146568
9.27109e-05
-0.00155823
9.25498e-05
-0.00165012
9.18877e-05
-0.00174078
9.06629e-05
-0.00182958
8.87996e-05
-0.00191591
8.63247e-05
-0.00199907
8.31645e-05
-0.00207839
7.93183e-05
-0.00215316
7.47694e-05
-0.00222271
6.95507e-05
-0.00228635
6.36377e-05
-0.00234345
5.71042e-05
-0.00239338
4.99329e-05
-0.00243562
4.22403e-05
-0.0024697
3.40796e-05
-0.00249512
2.54182e-05
-0.00251152
1.64e-05
-0.00251846
6.9429e-06
-0.00251602
-2.44731e-06
-0.00250413
-1.18831e-05
-0.00248275
-2.13884e-05
-0.00245191
-3.08314e-05
-0.00241178
-4.01308e-05
-0.00236259
-4.91909e-05
-0.00230465
-5.79398e-05
-0.00223835
-6.62995e-05
-0.00216416
-7.41902e-05
-0.00208261
-8.15545e-05
-0.00199429
-8.83172e-05
-0.00189985
-9.44377e-05
-0.00180001
-9.9845e-05
-0.00169549
-0.000104516
-0.0015871
-0.000108393
-0.00147564
-0.000111454
-0.00136196
-0.000113682
-0.00124692
-0.000115046
-0.0011314
-0.00011552
-0.00101623
-0.000115162
-0.000902312
-0.000113922
-0.000790486
-0.000111826
-0.000681583
-0.000108903
-0.000576427
-0.000105156
-0.000475672
-0.000100755
-0.000380153
-9.55188e-05
-0.000290552
-8.96012e-05
-0.000207415
-8.31376e-05
-0.000131322
-7.60931e-05
-6.26722e-05
-6.86493e-05
-1.84262e-06
-6.08296e-05
5.07154e-05
-5.2558e-05
9.48528e-05
-4.41374e-05
0.000130434
-3.55815e-05
0.000157348
-2.69135e-05
0.000175598
-1.82499e-05
0.00018532
-9.72235e-06
0.000186887
-1.56746e-06
0.00018059
6.29797e-06
0.000166741
1.38481e-05
0.000145802
2.09392e-05
0.000118306
2.74967e-05
8.48606e-05
3.3445e-05
4.61517e-05
3.87089e-05
2.89551e-06
4.32562e-05
-4.41773e-05
4.70728e-05
-9.4289e-05
5.01117e-05
-0.000146628
5.23388e-05
-0.000200385
5.37576e-05
-0.000254768
5.43823e-05
-0.000308992
5.42239e-05
-0.000362277
5.32857e-05
-0.000413895
5.16178e-05
-0.000463169
4.92744e-05
-0.000509459
4.62893e-05
-0.000552195
4.27363e-05
-0.000590856
3.86614e-05
-0.000624998
3.41419e-05
-0.000654269
2.92708e-05
-0.00067836
2.40914e-05
-0.000697068
1.87078e-05
-0.000710262
1.31936e-05
-0.000717845
7.58282e-06
-0.000719913
2.0683e-06
-0.000716274
-3.63906e-06
-0.000707288
-8.98628e-06
-0.000693142
-1.41458e-05
-0.000674086
-1.90558e-05
-0.000650419
-2.36675e-05
-0.000622476
-2.79429e-05
-0.00059065
-3.18255e-05
-0.000555345
-3.53054e-05
-0.000516982
-3.83623e-05
-0.000476024
-4.09581e-05
-0.000432929
-4.30951e-05
-0.00038813
-4.47993e-05
-0.000342115
-4.60152e-05
-0.000295301
-4.68135e-05
-0.000248165
-4.71367e-05
-0.000201068
-4.70968e-05
-0.000154444
-4.66238e-05
-0.000108654
-4.57903e-05
-6.40695e-05
-4.45841e-05
-2.095e-05
-4.31195e-05
2.03152e-05
-4.12652e-05
5.95414e-05
-3.92262e-05
9.64798e-05
-3.69384e-05
0.000130947
-3.44671e-05
0.00016276
-3.18129e-05
0.000191802
-2.90421e-05
0.000217959
-2.61571e-05
0.000241187
-2.32275e-05
0.000261452
-2.02655e-05
0.000278741
-1.72889e-05
0.000293028
-1.42874e-05
0.000304401
-1.13728e-05
0.000312906
-8.50508e-06
0.000318636
-5.73017e-06
0.000321659
-3.02225e-06
0.000322106
-4.47253e-07
0.000320204
1.90158e-06
0.000316006
4.19863e-06
0.00030969
6.31591e-06
0.000301404
8.28596e-06
0.000291312
1.00915e-05
0.000279609
1.17034e-05
0.000266469
1.31404e-05
0.000252067
1.44015e-05
0.000236587
1.54796e-05
0.000220208
1.63791e-05
0.000203111
1.7097e-05
0.000185455
1.76568e-05
0.000167399
1.80559e-05
0.000149116
1.82828e-05
0.000130761
1.83547e-05
0.000112454
1.83073e-05
9.43453e-05
1.81086e-05
7.65688e-05
1.77765e-05
5.92209e-05
1.73479e-05
4.24141e-05
1.68068e-05
2.62379e-05
1.61762e-05
1.07723e-05
1.54656e-05
-3.91004e-06
1.46824e-05
-1.77526e-05
1.38426e-05
-3.07088e-05
1.29561e-05
-4.27332e-05
1.20244e-05
-5.3801e-05
1.10678e-05
-6.38901e-05
1.00891e-05
-7.29914e-05
9.10125e-06
-8.11002e-05
8.10882e-06
-8.82282e-05
7.12799e-06
-9.43949e-05
6.16669e-06
-9.96213e-05
5.22645e-06
-0.000103934
4.31249e-06
-0.00010737
3.43662e-06
-0.000109975
2.60432e-06
-0.00011179
1.81556e-06
-0.000112864
1.07368e-06
-0.000113242
3.77598e-07
-0.000112979
-2.62114e-07
-0.000112116
-8.63628e-07
-0.000110692
-1.42349e-06
-0.000108748
-1.94409e-06
-0.000106319
-2.4289e-06
-0.000103439
-2.88015e-06
-0.000100138
-3.30135e-06
-9.64456e-05
-3.69222e-06
-9.23931e-05
-4.05257e-06
-8.80119e-05
-4.38119e-06
-8.33366e-05
-4.6753e-06
-7.84048e-05
-4.93171e-06
-7.32573e-05
-5.14752e-06
-6.79365e-05
-5.3208e-06
-6.24853e-05
-5.45126e-06
-5.69453e-05
-5.54001e-06
-5.1351e-05
-5.59428e-06
-4.5728e-05
-5.62295e-06
-4.00931e-05
-5.63497e-06
-3.4451e-05
-5.64205e-06
-2.87969e-05
-5.65409e-06
-2.31231e-05
-5.67381e-06
-1.74166e-05
-5.70654e-06
-1.16664e-05
-5.75018e-06
-5.86332e-06
-5.80308e-06
-5.86332e-06
-5.51472e-05
0.000124503
-0.00011107
0.000126009
-0.000168346
0.000128487
-0.000227717
0.000131836
-0.000288978
0.000135101
-0.000353101
0.000139469
-0.000419866
0.000143733
-0.000490089
0.000148911
-0.000563592
0.000154031
-0.000640535
0.000159323
-0.00072134
0.000165034
-0.000805876
0.000170609
-0.000894118
0.00017598
-0.000985825
0.000181024
-0.00108076
0.00018559
-0.00117852
0.00018943
-0.00127854
0.000192437
-0.00138035
0.000194526
-0.00148342
0.000195616
-0.00158677
0.000195241
-0.00168949
0.000193377
-0.00179083
0.000190147
-0.00188974
0.000185231
-0.00198517
0.000178599
-0.00207619
0.000170333
-0.0021618
0.000160377
-0.00224107
0.000148826
-0.00231304
0.000135603
-0.00237682
0.000120891
-0.00243182
0.000104933
-0.00247729
8.77022e-05
-0.00251255
6.93404e-05
-0.00253718
5.00554e-05
-0.00255075
2.99647e-05
-0.00255289
9.08576e-06
-0.00254431
-1.10253e-05
-0.00252481
-3.13879e-05
-0.00249448
-5.17147e-05
-0.00245356
-7.17498e-05
-0.00240239
-9.13035e-05
-0.0023414
-0.000110181
-0.00227111
-0.000128232
-0.00219212
-0.000145291
-0.00210508
-0.000161229
-0.00201071
-0.000175919
-0.00190981
-0.000189219
-0.00180316
-0.000201087
-0.00169165
-0.000211363
-0.0015761
-0.000220064
-0.00145747
-0.000227021
-0.00133662
-0.000232304
-0.00121451
-0.000235787
-0.00109212
-0.000237436
-0.000970242
-0.000237402
-0.000849946
-0.000235458
-0.000731906
-0.000231961
-0.000617134
-0.000226598
-0.000506528
-0.000219508
-0.000400705
-0.000210979
-0.000300439
-0.000201021
-0.000206423
-0.000189536
-0.000119182
-0.000176841
-3.93702e-05
-0.00016295
3.25222e-05
-0.000147985
9.59191e-05
-0.000132046
0.000150626
-0.000115536
0.000196572
-9.85042e-05
0.000233555
-8.11206e-05
0.000261416
-6.34424e-05
0.000280262
-4.57594e-05
0.000290278
-2.82654e-05
0.000291629
-1.1074e-05
0.000284686
5.37573e-06
0.000269791
2.11934e-05
0.000247498
3.61412e-05
0.000218364
5.00726e-05
0.000183021
6.28401e-05
0.000142158
7.43078e-05
9.65128e-05
8.43542e-05
4.69026e-05
9.28665e-05
-5.90963e-06
9.9885e-05
-6.10526e-05
0.000105255
-0.000117733
0.000109019
-0.000175096
0.000111121
-0.000232352
0.000111638
-0.000288734
0.000110606
-0.000343458
0.00010801
-0.000395841
0.000104001
-0.000445246
9.86785e-05
-0.00049108
9.21239e-05
-0.000532835
8.44911e-05
-0.000570075
7.59016e-05
-0.000602426
6.64928e-05
-0.000629593
5.64375e-05
-0.000651394
4.58923e-05
-0.000667658
3.49719e-05
-0.000678376
2.39116e-05
-0.000683502
1.27096e-05
-0.000683026
1.59226e-06
-0.000677344
-9.32147e-06
-0.000666505
-1.98252e-05
-0.000650768
-2.98833e-05
-0.000630437
-3.93864e-05
-0.000605854
-4.82507e-05
-0.0005774
-5.63964e-05
-0.000545471
-6.3755e-05
-0.000510483
-7.02934e-05
-0.00047288
-7.59648e-05
-0.000433095
-8.07436e-05
-0.000391548
-8.46417e-05
-0.000348698
-8.76495e-05
-0.000304992
-8.97213e-05
-0.000260801
-9.1004e-05
-0.000216533
-9.14047e-05
-0.000172622
-9.10082e-05
-0.000129371
-8.98752e-05
-8.71253e-05
-8.80356e-05
-4.62112e-05
-8.54981e-05
-6.92605e-06
-8.24046e-05
3.06374e-05
-7.88287e-05
6.61352e-05
-7.47241e-05
9.93925e-05
-7.01957e-05
0.000130248
-6.53225e-05
0.000158584
-6.01494e-05
0.000184285
-5.47423e-05
0.000207297
-4.91697e-05
0.000227576
-4.35066e-05
0.000245114
-3.7803e-05
0.000259905
-3.20796e-05
0.000271979
-2.6362e-05
0.000281398
-2.07917e-05
0.000288216
-1.5323e-05
0.000292536
-1.00498e-05
0.000294422
-4.90835e-06
0.000294099
-1.24246e-07
0.000291591
4.40966e-06
0.000287073
8.71597e-06
0.000280676
1.27134e-05
0.000272558
1.64035e-05
0.000262884
1.97662e-05
0.000251794
2.27929e-05
0.000239453
2.54817e-05
0.000226036
2.78186e-05
0.000211708
2.98072e-05
0.000196629
3.14585e-05
0.000180927
3.27987e-05
0.000164784
3.38003e-05
0.000148346
3.44939e-05
0.000131751
3.48779e-05
0.000115115
3.49903e-05
9.86017e-05
3.48206e-05
8.2301e-05
3.44093e-05
6.63119e-05
3.37655e-05
5.07585e-05
3.29014e-05
3.57017e-05
3.18636e-05
2.12633e-05
3.06146e-05
7.46448e-06
2.92644e-05
-5.5939e-06
2.77407e-05
-1.78896e-05
2.61382e-05
-2.93756e-05
2.44422e-05
-4.00136e-05
2.26624e-05
-4.97839e-05
2.08382e-05
-5.86692e-05
1.89745e-05
-6.66641e-05
1.70961e-05
-7.37712e-05
1.52159e-05
-7.99968e-05
1.33536e-05
-8.53528e-05
1.15227e-05
-8.98723e-05
9.746e-06
-9.35844e-05
8.02459e-06
-9.65182e-05
6.37036e-06
-9.8707e-05
4.79309e-06
-0.000100199
3.30766e-06
-0.000101041
1.91549e-06
-0.000101275
6.12057e-07
-0.000100946
-5.91665e-07
-0.000100091
-1.71813e-06
-9.87497e-05
-2.76508e-06
-9.69554e-05
-3.73834e-06
-9.47392e-05
-4.64512e-06
-9.21291e-05
-5.49028e-06
-8.91498e-05
-6.28067e-06
-8.58264e-05
-7.01556e-06
-8.21847e-05
-7.69429e-06
-7.82516e-05
-8.31425e-06
-7.40573e-05
-8.86961e-06
-6.96354e-05
-9.35361e-06
-6.50228e-05
-9.76019e-06
-6.02591e-05
-1.00845e-05
-5.53848e-05
-1.03255e-05
-5.04404e-05
-1.04845e-05
-4.54585e-05
-1.05762e-05
-4.04628e-05
-1.06186e-05
-3.5467e-05
-1.06307e-05
-3.0473e-05
-1.06361e-05
-2.54731e-05
-1.0654e-05
-2.04573e-05
-1.06895e-05
-1.54121e-05
-1.07518e-05
-1.03254e-05
-1.08368e-05
-5.19042e-06
-1.09381e-05
-1.10537e-05
-2.63996e-05
0.000150902
-5.38029e-05
0.000153413
-8.33569e-05
0.000158041
-0.00011593
0.00016441
-0.000153031
0.000172201
-0.000195062
0.000181501
-0.00024348
0.00019215
-0.000298579
0.000204011
-0.000361504
0.000216957
-0.00043306
0.000230878
-0.000513069
0.000245043
-0.000602023
0.000259563
-0.000699742
0.000273698
-0.000806051
0.000287333
-0.000920242
0.000299781
-0.00104179
0.000310976
-0.00116969
0.000320341
-0.00130262
0.000327457
-0.00143914
0.000332131
-0.00157789
0.000333993
-0.0017173
0.00033279
-0.0018554
0.000328247
-0.00199049
0.000320318
-0.0021207
0.000308813
-0.00224423
0.000293854
-0.0023593
0.000275456
-0.00246428
0.000253804
-0.00255782
0.000229138
-0.00263865
0.000201728
-0.00270566
0.000171941
-0.00275825
0.00014029
-0.00279584
0.000106929
-0.00281822
7.24353e-05
-0.00282508
3.68244e-05
-0.00281698
9.8612e-07
-0.00279419
-3.38183e-05
-0.00275694
-6.86325e-05
-0.00270597
-0.000102685
-0.00264201
-0.00013571
-0.00256588
-0.000167438
-0.00247847
-0.000197585
-0.00238074
-0.000225968
-0.00227367
-0.000252357
-0.0021583
-0.000276602
-0.00203567
-0.000298549
-0.00190689
-0.000317999
-0.00177302
-0.000334957
-0.00163521
-0.000349169
-0.0014945
-0.000360775
-0.00135206
-0.000369459
-0.00120889
-0.000375477
-0.00106616
-0.000378519
-0.000924788
-0.000378808
-0.000785989
-0.000376201
-0.000650398
-0.000371049
-0.000519267
-0.000363093
-0.000393729
-0.000352136
-0.000274093
-0.000339144
-0.000161367
-0.000323704
-5.61716e-05
-0.000306216
4.06411e-05
-0.000286348
0.000128481
-0.000264682
0.000206931
-0.0002414
0.000275649
-0.000216703
0.00033449
-0.000190888
0.000383025
-0.000164071
0.000421162
-0.000136641
0.000448759
-0.000108717
0.000465965
-8.06483e-05
0.000473055
-5.28497e-05
0.000470304
-2.55137e-05
0.000458378
8.51768e-07
0.000437614
2.614e-05
0.000408601
5.02058e-05
0.000371964
7.27786e-05
0.000328531
9.35058e-05
0.000279054
0.000112317
0.000224452
0.000128909
0.000165613
0.000143194
0.000103475
0.000155004
3.89417e-05
0.000164418
-2.69672e-05
0.000171164
-9.33701e-05
0.000175422
-0.00015935
0.0001771
-0.000224052
0.00017634
-0.000286679
0.000173233
-0.000346463
0.000167794
-0.000402713
0.000160251
-0.000454849
0.000150815
-0.000502325
0.0001396
-0.000544717
0.000126882
-0.000581634
0.00011282
-0.000612819
9.76772e-05
-0.000638127
8.17458e-05
-0.000657399
6.51641e-05
-0.00067066
4.82334e-05
-0.000677914
3.11651e-05
-0.000679372
1.41681e-05
-0.00067524
-2.54023e-06
-0.000665791
-1.87708e-05
-0.000651254
-3.43623e-05
-0.000631974
-4.9163e-05
-0.000608345
-6.30149e-05
-0.000580766
-7.58304e-05
-0.000549683
-8.74794e-05
-0.000515538
-9.78995e-05
-0.000478778
-0.000107053
-0.000439876
-0.000114867
-0.000399251
-0.000121369
-0.000357399
-0.000126494
-0.000314686
-0.000130362
-0.000271549
-0.000132859
-0.00022839
-0.000134162
-0.000185596
-0.000134199
-0.000143458
-0.000133145
-0.000102334
-0.000131
-6.24595e-05
-0.00012791
-2.4129e-05
-0.000123829
1.24123e-05
-0.000118946
4.69777e-05
-0.000113394
7.93834e-05
-0.00010713
0.000109463
-0.000100276
0.000137163
-9.3022e-05
0.00016239
-8.53766e-05
0.000185055
-7.74068e-05
0.000205132
-6.92475e-05
0.000222604
-6.09786e-05
0.000237467
-5.26653e-05
0.000249699
-4.43123e-05
0.000259489
-3.61515e-05
0.000266808
-2.81109e-05
0.000271736
-2.02512e-05
0.00027439
-1.27033e-05
0.000274922
-5.44093e-06
0.000273416
1.38184e-06
0.000269981
7.84458e-06
0.000264766
1.39311e-05
0.00025792
1.95594e-05
0.000249564
2.47591e-05
0.000239863
2.94677e-05
0.000228979
3.36765e-05
0.000217043
3.74182e-05
0.000204191
4.06703e-05
0.000190582
4.34165e-05
0.000176354
4.56864e-05
0.00016165
4.75023e-05
0.000146626
4.88241e-05
0.000131404
4.97163e-05
0.000116123
5.01585e-05
0.000100886
5.02271e-05
8.57818e-05
4.99252e-05
7.09338e-05
4.92573e-05
5.6456e-05
4.82434e-05
4.23988e-05
4.69586e-05
2.88752e-05
4.53872e-05
1.58901e-05
4.35997e-05
3.57862e-06
4.15758e-05
-8.11111e-06
3.94305e-05
-1.90574e-05
3.70845e-05
-2.92438e-05
3.46286e-05
-3.86457e-05
3.20643e-05
-4.72494e-05
2.94418e-05
-5.50419e-05
2.6767e-05
-6.20219e-05
2.4076e-05
-6.81928e-05
2.13868e-05
-7.35675e-05
1.87283e-05
-7.81639e-05
1.6119e-05
-8.20053e-05
1.35874e-05
-8.51214e-05
1.11406e-05
-8.75455e-05
8.79448e-06
-8.93144e-05
6.56195e-06
-9.04699e-05
4.46315e-06
-9.1052e-05
2.49768e-06
-9.11046e-05
6.64655e-07
-9.06696e-05
-1.02672e-06
-8.97817e-05
-2.606e-06
-8.84761e-05
-4.07074e-06
-8.67826e-05
-5.43181e-06
-8.47268e-05
-6.70094e-06
-8.23307e-05
-7.8864e-06
-7.96131e-05
-8.99823e-06
-7.65936e-05
-1.0035e-05
-7.32928e-05
-1.09951e-05
-6.97331e-05
-1.1874e-05
-6.59401e-05
-1.26625e-05
-6.19442e-05
-1.33496e-05
-5.77789e-05
-1.39254e-05
-5.34831e-05
-1.43803e-05
-4.90966e-05
-1.4712e-05
-4.46611e-05
-1.492e-05
-4.02093e-05
-1.50279e-05
-3.57641e-05
-1.50639e-05
-3.13353e-05
-1.50596e-05
-2.69199e-05
-1.50514e-05
-2.25062e-05
-1.50678e-05
-1.80801e-05
-1.51156e-05
-1.36267e-05
-1.52052e-05
-9.1324e-06
-1.53311e-05
-4.59224e-06
-1.54782e-05
-1.5646e-05
3.22208e-05
0.000118681
6.25374e-05
0.000123096
8.90918e-05
0.000131487
0.000109153
0.000144348
0.000119946
0.000161409
0.000119556
0.00018189
0.000105835
0.000205871
7.66425e-05
0.000233203
3.08989e-05
0.0002627
-3.28504e-05
0.000294627
-0.00011485
0.000327043
-0.000215669
0.000360382
-0.000334518
0.000392547
-0.000470821
0.000423636
-0.000623626
0.000452586
-0.000790988
0.000478338
-0.00097087
0.000500223
-0.00116141
0.000518001
-0.00135987
0.000530583
-0.00156325
0.000537374
-0.00176843
0.000537972
-0.00197217
0.000531985
-0.00217106
0.000519213
-0.00236177
0.000499524
-0.00254099
0.000473073
-0.00270586
0.000440327
-0.00285353
0.000401465
-0.00298213
0.000357741
-0.00308961
0.00030921
-0.00317435
0.000256685
-0.00323527
0.00020121
-0.0032721
0.000143753
-0.00328495
8.52857e-05
-0.00327439
2.62635e-05
-0.00324419
-2.92108e-05
-0.00319434
-8.36677e-05
-0.0031262
-0.000136776
-0.00304099
-0.000187896
-0.00294012
-0.000236574
-0.00282512
-0.000282435
-0.00269756
-0.000325148
-0.00255897
-0.000364558
-0.00241097
-0.00040036
-0.00225506
-0.000432512
-0.00209273
-0.000460879
-0.00192551
-0.000485221
-0.00175471
-0.000505757
-0.00158175
-0.000522124
-0.00140798
-0.000534545
-0.00123462
-0.000542825
-0.00106286
-0.000547232
-0.000894088
-0.000547293
-0.000729012
-0.000543884
-0.000568902
-0.000536311
-0.000415271
-0.00052468
-0.000268642
-0.000509722
-0.000129574
-0.000491204
8.49779e-07
-0.000469568
0.000121567
-0.000444422
0.000232021
-0.00041667
0.000331774
-0.000386101
0.000420331
-0.000353239
0.000497184
-0.000318252
0.000561836
-0.000281355
0.000614301
-0.000243353
0.000654342
-0.000204112
0.000681982
-0.000164282
0.000697472
-0.000124207
0.000701223
-8.43992e-05
0.000693399
-4.50265e-05
0.000674739
-6.8533e-06
0.000646181
2.94095e-05
0.000608028
6.42938e-05
0.000561174
9.70597e-05
0.000506565
0.000127387
0.000445195
0.000154876
0.000378151
0.000179361
0.000306458
0.000200601
0.000231274
0.000218378
0.000153709
0.000232569
7.48426e-05
0.000243285
-4.19713e-06
0.000250203
-8.2409e-05
0.000253634
-0.000158761
0.000253453
-0.000232373
0.000249952
-0.000302399
0.000243259
-0.000368098
0.000233493
-0.000428804
0.000220958
-0.000483967
0.000205977
-0.000533092
0.000188726
-0.000575922
0.000169712
-0.000612148
0.000149046
-0.0006416
0.00012713
-0.000664268
0.000104413
-0.000680258
8.11545e-05
-0.000689624
5.75993e-05
-0.000692538
3.40791e-05
-0.000689379
1.10087e-05
-0.000680482
-1.14374e-05
-0.00066616
-3.30922e-05
-0.000646848
-5.36749e-05
-0.000622974
-7.30365e-05
-0.000595037
-9.09519e-05
-0.000563494
-0.000107373
-0.000528854
-0.00012212
-0.000491624
-0.000135129
-0.00045228
-0.000146398
-0.000411327
-0.000155819
-0.000369199
-0.000163497
-0.000326297
-0.000169395
-0.000283082
-0.000173578
-0.000239905
-0.000176036
-0.000197224
-0.000176844
-0.000155289
-0.000176134
-0.000114466
-0.000173968
-7.49352e-05
-0.000170531
-3.70516e-05
-0.000165794
-1.00501e-06
-0.000159875
3.31159e-05
-0.000153067
6.50011e-05
-0.000145279
9.46745e-05
-0.000136803
0.000122005
-0.000127606
0.000146847
-0.000117864
0.000169167
-0.000107696
0.000188962
-9.72018e-05
0.000206224
-8.65103e-05
0.000220962
-7.57158e-05
0.000233248
-6.49521e-05
0.000243191
-5.42548e-05
0.000250707
-4.36677e-05
0.000255968
-3.33719e-05
0.000259097
-2.33802e-05
0.000260141
-1.37477e-05
0.000259187
-4.48597e-06
0.000256501
4.06757e-06
0.000252081
1.22642e-05
0.000246095
1.99177e-05
0.000238667
2.69865e-05
0.000229958
3.34683e-05
0.000220111
3.93146e-05
0.000209229
4.45585e-05
0.000197487
4.9161e-05
0.000185007
5.31497e-05
0.000171929
5.64952e-05
0.000158392
5.92226e-05
0.000144532
6.13631e-05
0.000130447
6.29091e-05
0.000116272
6.38912e-05
0.000102054
6.43768e-05
8.79636e-05
6.4317e-05
7.41166e-05
6.37721e-05
6.05583e-05
6.28156e-05
4.73327e-05
6.1469e-05
3.45953e-05
5.9696e-05
2.23427e-05
5.76398e-05
1.06762e-05
5.52662e-05
-3.96077e-07
5.26481e-05
-1.07971e-05
4.98315e-05
-2.05207e-05
4.68081e-05
-2.95419e-05
4.36498e-05
-3.78364e-05
4.03588e-05
-4.53928e-05
3.69982e-05
-5.22019e-05
3.35761e-05
-5.82655e-05
3.01396e-05
-6.35897e-05
2.67111e-05
-6.8188e-05
2.33266e-05
-7.20898e-05
2.00209e-05
-7.53067e-05
1.68043e-05
-7.78732e-05
1.37072e-05
-7.98201e-05
1.07413e-05
-8.11919e-05
7.93375e-06
-8.20271e-05
5.29833e-06
-8.23603e-05
2.83093e-06
-8.22336e-05
5.37911e-07
-8.16859e-05
-1.57437e-06
-8.07536e-05
-3.5383e-06
-7.94682e-05
-5.35611e-06
-7.78551e-05
-7.04494e-06
-7.59345e-05
-8.62152e-06
-7.37222e-05
-1.00987e-05
-7.1231e-05
-1.14894e-05
-6.84747e-05
-1.27913e-05
-6.54691e-05
-1.40007e-05
-6.22324e-05
-1.51107e-05
-5.87863e-05
-1.61086e-05
-5.51578e-05
-1.6978e-05
-5.13774e-05
-1.77059e-05
-4.74842e-05
-1.82735e-05
-4.35183e-05
-1.86778e-05
-3.95248e-05
-1.89136e-05
-3.55379e-05
-1.90148e-05
-3.15801e-05
-1.90217e-05
-2.76566e-05
-1.89831e-05
-2.3759e-05
-1.8949e-05
-1.98696e-05
-1.89572e-05
-1.59695e-05
-1.90156e-05
-1.20435e-05
-1.91312e-05
-8.07671e-06
-1.9298e-05
-4.06272e-06
-1.94922e-05
-1.97087e-05
0.000142406
-2.37244e-05
0.000282899
-1.73973e-05
0.000415296
-9.10061e-07
0.000534714
2.49298e-05
0.000636964
5.91591e-05
0.000717777
0.000101077
0.000772949
0.000150699
0.000797749
0.000208404
0.00078779
0.000272659
0.000741651
0.000340765
0.00065729
0.000411404
0.000534839
0.000482834
0.000374463
0.000552923
0.000178347
0.000619752
-5.05808e-05
0.000681514
-0.000308635
0.000736392
-0.000591531
0.000783119
-0.000894048
0.000820518
-0.00121071
0.000847246
-0.00153567
0.00086233
-0.00186258
0.000864884
-0.00218489
0.000854301
-0.002496
0.000830319
-0.00278933
0.000792856
-0.00305859
0.000742335
-0.00329817
0.000679904
-0.00350346
0.000606752
-0.00367085
0.000525137
-0.00379897
0.00043733
-0.00388809
0.000345804
-0.00393962
0.000252734
-0.00395542
0.000159554
-0.00393793
6.77933e-05
-0.0038911
-2.05626e-05
-0.00381541
-0.000104899
-0.00371418
-0.000184898
-0.00359089
-0.000260064
-0.00344856
-0.000330233
-0.00329002
-0.000395114
-0.00311781
-0.000454644
-0.00293428
-0.000508678
-0.00274156
-0.000557274
-0.00254168
-0.000600245
-0.00233635
-0.00063784
-0.00212746
-0.000669767
-0.00191634
-0.000696344
-0.00170487
-0.000717229
-0.00149398
-0.000733008
-0.00128546
-0.000743065
-0.00108022
-0.000748063
-0.000879493
-0.00074796
-0.000684735
-0.00074205
-0.000497291
-0.000731329
-0.00031763
-0.000715972
-0.000146552
-0.000695759
1.49228e-05
-0.000671196
0.000165463
-0.000641745
0.000304489
-0.000608594
0.000431368
-0.000571301
0.000545436
-0.000530737
0.000646114
-0.000486779
0.000732673
-0.000439798
0.000805156
-0.000390735
0.000863226
-0.000339426
0.000906459
-0.000286586
0.000935241
-0.000232894
0.000950153
-0.000179193
0.00095132
-0.000125374
0.00093829
-7.137e-05
0.000913403
-2.01393e-05
0.000877092
2.94573e-05
0.000829423
7.70792e-05
0.000771719
0.000121998
0.000705066
0.000163713
0.000630646
0.000201807
0.000549767
0.000235755
0.000463648
0.000265479
0.000373724
0.000290525
0.000281302
0.0003108
0.000187686
0.000326186
9.40786e-05
0.000336892
1.70169e-06
0.00034258
-8.82674e-05
0.000343603
-0.000174756
0.000339942
-0.00025682
0.000332016
-0.000333593
0.000320032
-0.000404378
0.000304278
-0.000468606
0.000285186
-0.000525786
0.000263156
-0.000575501
0.000238441
-0.00061754
0.000211751
-0.00065184
0.000183346
-0.000678409
0.000153699
-0.000697538
0.000123542
-0.000709209
9.28257e-05
-0.000713564
6.19541e-05
-0.000711386
3.19008e-05
-0.000702886
2.50936e-06
-0.00068857
-2.57531e-05
-0.000668863
-5.27993e-05
-0.000644333
-7.82048e-05
-0.000615519
-0.000101851
-0.000583014
-0.000123457
-0.000547341
-0.000143047
-0.000509019
-0.000160442
-0.000468654
-0.000175495
-0.000426691
-0.00018836
-0.000383602
-0.000198909
-0.000339933
-0.000207166
-0.000296041
-0.000213287
-0.000252379
-0.00021724
-0.000209363
-0.000219052
-0.000167098
-0.000219109
-0.000126077
-0.000217155
-8.65616e-05
-0.000213483
-4.87369e-05
-0.000208355
-1.27863e-05
-0.000201744
2.12569e-05
-0.000193918
5.29847e-05
-0.000184795
8.2474e-05
-0.000174768
0.000109537
-0.000163866
0.000134116
-0.000152185
0.000156184
-0.000139932
0.000175814
-0.000127326
0.00019299
-0.000114378
0.000207713
-0.000101233
0.000220027
-8.80297e-05
0.000229893
-7.48179e-05
0.000237526
-6.18878e-05
0.000243046
-4.9188e-05
0.000246387
-3.6713e-05
0.000247808
-2.48013e-05
0.000247278
-1.32177e-05
0.000245142
-2.35e-06
0.000241315
7.8951e-06
0.000235975
1.76046e-05
0.000229285
2.66074e-05
0.000221353
3.4918e-05
0.000212322
4.24996e-05
0.000202321
4.93155e-05
0.000191482
5.5398e-05
0.000179935
6.07079e-05
0.000167806
6.52784e-05
0.000155224
6.90773e-05
0.000142308
7.21388e-05
0.000129157
7.45143e-05
0.000115895
7.61706e-05
0.000102612
7.71739e-05
8.94312e-05
7.75578e-05
7.6425e-05
7.73231e-05
6.36299e-05
7.65672e-05
5.11894e-05
7.52562e-05
3.91792e-05
7.34791e-05
2.7586e-05
7.12891e-05
1.65241e-05
6.87017e-05
6.02909e-06
6.57612e-05
-3.89943e-06
6.25766e-05
-1.31981e-05
5.91302e-05
-2.18454e-05
5.54555e-05
-2.98257e-05
5.163e-05
-3.71321e-05
4.76652e-05
-4.3755e-05
4.36211e-05
-4.96865e-05
3.95076e-05
-5.49316e-05
3.53847e-05
-5.94995e-05
3.1279e-05
-6.34175e-05
2.72446e-05
-6.6692e-05
2.32953e-05
-6.93505e-05
1.94629e-05
-7.14234e-05
1.57801e-05
-7.29517e-05
1.22697e-05
-7.39731e-05
8.95518e-06
-7.4516e-05
5.84123e-06
-7.46243e-05
2.93923e-06
-7.43389e-05
2.52436e-07
-7.36925e-05
-2.22077e-06
-7.27226e-05
-4.50821e-06
-7.14585e-05
-6.62014e-06
-6.99211e-05
-8.5824e-06
-6.81257e-05
-1.04169e-05
-6.60815e-05
-1.21429e-05
-6.37953e-05
-1.37756e-05
-6.12757e-05
-1.53109e-05
-5.85341e-05
-1.67423e-05
-5.55854e-05
-1.80594e-05
-5.24474e-05
-1.92467e-05
-4.91442e-05
-2.02812e-05
-4.5702e-05
-2.11481e-05
-4.21617e-05
-2.18138e-05
-3.85638e-05
-2.22757e-05
-3.49591e-05
-2.25183e-05
-3.13836e-05
-2.25902e-05
-2.78603e-05
-2.2545e-05
-2.43888e-05
-2.24546e-05
-2.09548e-05
-2.2383e-05
-1.75335e-05
-2.23785e-05
-1.41017e-05
-2.24474e-05
-1.06445e-05
-2.25885e-05
-7.14643e-06
-2.2796e-05
-3.59589e-06
-2.30428e-05
-2.33046e-05
0.000329788
-0.000353513
0.000655953
-0.000343562
0.000969361
-0.000314318
0.00126145
-0.000267164
0.00152225
-0.000201637
0.00174099
-0.000117663
0.00190725
-1.55632e-05
0.00201164
0.000104021
0.00204625
0.000238046
0.00200801
0.000379008
0.00189853
0.000520883
0.00172128
0.000660085
0.00148037
0.000793829
0.00118097
0.00091915
0.000829476
0.00103301
0.00043208
0.00113379
-3.30213e-06
0.0012185
-0.000468086
0.0012853
-0.000953917
0.00133308
-0.00145098
0.00135939
-0.00194919
0.00136309
-0.00243747
0.00134258
-0.00290532
0.00129818
-0.00334165
0.00122918
-0.0037357
0.00113639
-0.00407803
0.00102223
-0.00436056
0.000889277
-0.00457484
0.000739422
-0.00472002
0.000582504
-0.00479853
0.000424321
-0.00481582
0.000270023
-0.00477813
0.00012186
-0.00469422
-1.61171e-05
-0.00457579
-0.000138986
-0.00442647
-0.000254223
-0.00425091
-0.00036046
-0.0040535
-0.000457472
-0.00383836
-0.00054537
-0.00360933
-0.000624147
-0.0033696
-0.000694372
-0.00312225
-0.000756035
-0.00286963
-0.000809892
-0.00261425
-0.000855627
-0.00235778
-0.000894304
-0.00210203
-0.000925521
-0.00184834
-0.000950036
-0.00159828
-0.000967286
-0.00135279
-0.0009785
-0.00111323
-0.000982627
-0.000880866
-0.000980423
-0.00065599
-0.000972836
-0.000439699
-0.000958341
-0.000233073
-0.000937954
-3.72482e-05
-0.000911797
0.000147008
-0.000880015
0.000318343
-0.000842532
0.000476492
-0.000799894
0.000620644
-0.000752745
0.000749939
-0.000700596
0.000863993
-0.000644791
0.000962134
-0.000584921
0.00104367
-0.00052133
0.00110859
-0.000455662
0.00115722
-0.000388056
0.00118896
-0.000318321
0.00120483
-0.000248768
0.00120499
-0.00017935
0.00118862
-0.000109001
0.00115926
-4.20121e-05
0.00111614
2.29822e-05
0.0010599
8.56991e-05
0.000992043
0.000144932
0.00091395
0.000200091
0.000826764
0.000250899
0.00073224
0.000296332
0.000631808
0.000336186
0.000526994
0.000370294
0.000419283
0.000398236
0.000310116
0.000419967
0.000201146
0.000435156
9.38398e-05
0.000444199
-1.04687e-05
0.000446889
-0.000110676
0.00044381
-0.000205608
0.000434874
-0.00029435
0.000420758
-0.000376144
0.000401826
-0.000450241
0.000378375
-0.000516145
0.00035109
-0.000573536
0.000320547
-0.000622294
0.000287199
-0.00066224
0.000251696
-0.000693481
0.000214587
-0.000716023
0.000176241
-0.000730367
0.000137887
-0.000736488
9.89466e-05
-0.000735612
6.10786e-05
-0.000727643
2.39312e-05
-0.000713497
-1.16367e-05
-0.000693457
-4.57926e-05
-0.000668316
-7.79408e-05
-0.000638647
-0.000107874
-0.000605113
-0.000135385
-0.000568249
-0.00016032
-0.000528742
-0.000182554
-0.000487189
-0.000201994
-0.000444003
-0.000218681
-0.000399873
-0.00023249
-0.000355154
-0.000243628
-0.000310346
-0.000251974
-0.000265913
-0.000257721
-0.000222185
-0.000260967
-0.000179494
-0.000261744
-0.000138118
-0.000260485
-9.83424e-05
-0.000256931
-6.02806e-05
-0.000251545
-2.42167e-05
-0.000244419
9.79375e-06
-0.000235755
4.14837e-05
-0.000225608
7.08018e-05
-0.000214113
9.77878e-05
-0.000201755
0.000122278
-0.000188357
0.000144245
-0.000174153
0.000163837
-0.000159524
0.000180949
-0.000144438
0.000195596
-0.000129025
0.000207877
-0.000113514
0.000217882
-9.80351e-05
0.000225715
-8.26508e-05
0.000231312
-6.74845e-05
0.000234918
-5.27937e-05
0.000236671
-3.84661e-05
0.000236536
-2.4666e-05
0.000234811
-1.14936e-05
0.000231527
9.34675e-07
0.00022676
1.26617e-05
0.000220693
2.36722e-05
0.000213439
3.38615e-05
0.000205122
4.32341e-05
0.000195881
5.17413e-05
0.000185844
5.9352e-05
0.000175121
6.61216e-05
0.000163836
7.19926e-05
0.000152103
7.70119e-05
0.000140048
8.11316e-05
0.000127748
8.44392e-05
0.000115306
8.69563e-05
0.000102817
8.8659e-05
9.03924e-05
8.95989e-05
7.81161e-05
8.98341e-05
6.60787e-05
8.93605e-05
5.43506e-05
8.82954e-05
4.29563e-05
8.66505e-05
3.19683e-05
8.44671e-05
2.14779e-05
8.17795e-05
1.14838e-05
7.86958e-05
2.03219e-06
7.52128e-05
-6.8511e-06
7.14599e-05
-1.5135e-05
6.74141e-05
-2.28117e-05
6.31321e-05
-2.98726e-05
5.8691e-05
-3.62987e-05
5.40912e-05
-4.20902e-05
4.94127e-05
-4.7248e-05
4.46654e-05
-5.17759e-05
3.99126e-05
-5.56857e-05
3.51888e-05
-5.89911e-05
3.055e-05
-6.17169e-05
2.6021e-05
-6.38878e-05
2.16338e-05
-6.55377e-05
1.743e-05
-6.67058e-05
1.34377e-05
-6.74172e-05
9.66661e-06
-6.77133e-05
6.13727e-06
-6.76328e-05
2.85878e-06
-6.72155e-05
-1.64847e-07
-6.6492e-05
-2.9443e-06
-6.5499e-05
-5.50125e-06
-6.4265e-05
-7.85406e-06
-6.2806e-05
-1.00415e-05
-6.11331e-05
-1.20897e-05
-5.92487e-05
-1.40273e-05
-5.71539e-05
-1.58704e-05
-5.48522e-05
-1.76126e-05
-5.23518e-05
-1.92427e-05
-4.9665e-05
-2.07461e-05
-4.68061e-05
-2.21056e-05
-4.37966e-05
-2.32907e-05
-4.0657e-05
-2.42877e-05
-3.74308e-05
-2.50401e-05
-3.41588e-05
-2.55477e-05
-3.0899e-05
-2.57781e-05
-2.769e-05
-2.57991e-05
-2.4556e-05
-2.56791e-05
-2.14901e-05
-2.55204e-05
-1.84715e-05
-2.54016e-05
-1.54678e-05
-2.53822e-05
-1.24526e-05
-2.54627e-05
-9.41104e-06
-2.563e-05
-6.32822e-06
-2.58788e-05
-3.1863e-06
-2.61847e-05
-2.64909e-05
0.000652371
-0.00100588
0.00129895
-0.000990145
0.00192329
-0.000938656
0.00250864
-0.000852509
0.00303704
-0.000730037
0.00348993
-0.000570559
0.00384982
-0.000375455
0.0041052
-0.000151355
0.00424755
9.56947e-05
0.00423975
0.000386808
0.00408858
0.000672054
0.00380231
0.000946353
0.00339296
0.00120318
0.00287574
0.00143637
0.00226902
0.00163973
0.00159143
0.00181138
0.000860461
0.00194947
9.10139e-05
0.00205475
-0.000701712
0.0021258
-0.00150334
0.00216102
-0.00229817
0.00215793
-0.00307003
0.00211443
-0.00379968
0.00202783
-0.00446696
0.00189646
-0.00504997
0.00171941
-0.00552525
0.00149751
-0.00587163
0.00123566
-0.0060764
0.000944188
-0.00615848
0.000664585
-0.00613649
0.000402333
-0.0060269
0.000160435
-0.00585355
-5.14971e-05
-0.00563332
-0.000236339
-0.00537413
-0.000398183
-0.00508898
-0.000539374
-0.00478704
-0.000662395
-0.00447517
-0.000769348
-0.00415776
-0.000862771
-0.0038387
-0.000943211
-0.00352024
-0.00101283
-0.00320433
-0.00107195
-0.00289215
-0.00112207
-0.00258527
-0.00116251
-0.0022845
-0.00119508
-0.00198979
-0.00122023
-0.00170284
-0.00123698
-0.00142358
-0.00124655
-0.00115244
-0.00124964
-0.000890562
-0.00124451
-0.00063862
-0.00123237
-0.000397796
-0.00121366
-0.000168205
-0.00118793
4.97188e-05
-0.00115588
0.000254819
-0.0011169
0.000445987
-0.00107118
0.000622877
-0.00101942
0.000784075
-0.000961091
0.000929047
-0.000897717
0.00105618
-0.000827729
0.00116656
-0.000755168
0.00125891
-0.000677269
0.00133344
-0.000595862
0.00138951
-0.000511731
0.00142702
-0.000425571
0.00144615
-0.000337446
0.00144763
-0.000250249
0.00143087
-0.000162595
0.00139882
-7.69457e-05
0.00135095
5.85781e-06
0.00128836
8.55706e-05
0.00121238
0.000161679
0.0011244
0.00023291
0.00102612
0.000298369
0.000919339
0.000357682
0.000805628
0.000410042
0.000686757
0.000455058
0.000564483
0.000492568
0.000440358
0.000522361
0.000316623
0.000543702
0.00019471
0.000557069
7.5957e-05
0.000562951
-3.81177e-05
0.000560964
-0.000146278
0.00055197
-0.000247401
0.000535997
-0.000340704
0.000514061
-0.000425232
0.000486354
-0.000500397
0.00045354
-0.000566121
0.000416814
-0.000622084
0.000376509
-0.000667853
0.000332969
-0.000704108
0.000287951
-0.000730803
0.000241282
-0.000748553
0.000193991
-0.000757122
0.000146456
-0.000757976
9.9801e-05
-0.000751044
5.41464e-05
-0.000737236
1.01233e-05
-0.000717287
-3.15856e-05
-0.000691837
-7.12428e-05
-0.000661616
-0.000108161
-0.00062726
-0.00014223
-0.000589459
-0.000173185
-0.000548982
-0.000200798
-0.00050626
-0.000225276
-0.000462096
-0.000246158
-0.000416941
-0.000263836
-0.000371396
-0.000278034
-0.000325761
-0.000289263
-0.000280563
-0.000297171
-0.000236254
-0.00030203
-0.000192955
-0.000304266
-0.000151151
-0.000303547
-0.000110974
-0.000300663
-7.27349e-05
-0.000295169
-3.64896e-05
-0.00028779
-2.46726e-06
-0.000278442
2.93332e-05
-0.000267555
5.86903e-05
-0.000254965
8.57109e-05
-0.000241133
0.000110197
-0.00022624
0.000132159
-0.000210319
0.000151781
-0.000193774
0.000168891
-0.000176634
0.000183601
-0.000159147
0.000195977
-0.000141401
0.000206084
-0.000123622
0.000214023
-0.000105974
0.000219901
-8.85285e-05
0.00022386
-7.14433e-05
0.00022586
-5.47939e-05
0.00022619
-3.87961e-05
0.00022484
-2.33161e-05
0.000222052
-8.70589e-06
0.000217876
5.11118e-06
0.000212392
1.81454e-05
0.000205785
3.02791e-05
0.000198175
4.14712e-05
0.000189643
5.17669e-05
0.000180354
6.10294e-05
0.000170369
6.93378e-05
0.000159855
7.66352e-05
0.000148916
8.29316e-05
0.000137632
8.82956e-05
0.000126078
9.26858e-05
0.000114409
9.61083e-05
0.000102689
9.86767e-05
9.10158e-05
0.000100332
7.94685e-05
0.000101146
6.81125e-05
0.00010119
5.69725e-05
0.0001005
4.6178e-05
9.90899e-05
3.57641e-05
9.70644e-05
2.58075e-05
9.44238e-05
1.62731e-05
9.13138e-05
7.24133e-06
8.77277e-05
-1.2403e-06
8.36945e-05
-9.17537e-06
7.9395e-05
-1.6554e-05
7.47927e-05
-2.33601e-05
6.99382e-05
-2.95917e-05
6.49225e-05
-3.52399e-05
5.97395e-05
-4.03023e-05
5.44751e-05
-4.47779e-05
4.9141e-05
-4.86737e-05
4.38084e-05
-5.20021e-05
3.85172e-05
-5.47832e-05
3.33312e-05
-5.70378e-05
2.82756e-05
-5.8792e-05
2.3388e-05
-6.00867e-05
1.87247e-05
-6.09435e-05
1.42945e-05
-6.14002e-05
1.01233e-05
-6.14935e-05
6.23061e-06
-6.12621e-05
2.62737e-06
-6.07405e-05
-6.86472e-07
-5.9964e-05
-3.72077e-06
-5.89643e-05
-6.50097e-06
-5.77716e-05
-9.0468e-06
-5.63959e-05
-1.14171e-05
-5.48456e-05
-1.364e-05
-5.31154e-05
-1.57575e-05
-5.12013e-05
-1.77845e-05
-4.91024e-05
-1.97116e-05
-4.68244e-05
-2.15207e-05
-4.43786e-05
-2.3192e-05
-4.17758e-05
-2.47083e-05
-3.90349e-05
-2.60317e-05
-3.61694e-05
-2.71532e-05
-3.32252e-05
-2.79843e-05
-3.0244e-05
-2.85289e-05
-2.72917e-05
-2.87304e-05
-2.44109e-05
-2.86799e-05
-2.16263e-05
-2.84637e-05
-1.89251e-05
-2.82215e-05
-1.6278e-05
-2.80487e-05
-1.36456e-05
-2.80146e-05
-1.1e-05
-2.81083e-05
-8.32607e-06
-2.8304e-05
-5.60953e-06
-2.85953e-05
-2.82852e-06
-2.89657e-05
-2.93194e-05
0.00109905
-0.00210493
0.00219969
-0.00209079
0.00328634
-0.0020253
0.00434127
-0.00190743
0.0053414
-0.00173018
0.00625988
-0.00148904
0.00703877
-0.00115435
0.00757233
-0.000684912
0.00754099
0.00012703
0.00725806
0.000669741
0.0067786
0.00115152
0.00614615
0.0015788
0.00539738
0.00195195
0.00455965
0.00227411
0.00364979
0.00254959
0.0026813
0.00277987
0.00166495
0.00296582
0.000612278
0.00310742
-0.000465031
0.00320311
-0.00155434
0.00325033
-0.00264181
0.0032454
-0.00371098
0.0031836
-0.00474222
0.00305906
-0.00570776
0.002862
-0.00657141
0.00258306
-0.00728452
0.00221062
-0.00777578
0.00172692
-0.00785093
0.00101934
-0.00773753
0.000551186
-0.00747569
0.000140486
-0.00713968
-0.000175572
-0.00676043
-0.000430751
-0.0063563
-0.000640466
-0.00593885
-0.000815631
-0.00551647
-0.000961758
-0.00509533
-0.00108353
-0.00468025
-0.00118443
-0.00427492
-0.0012681
-0.00388162
-0.00133651
-0.00350128
-0.00139317
-0.00313421
-0.00143901
-0.00277982
-0.00147647
-0.00243863
-0.0015037
-0.0021092
-0.00152451
-0.00179217
-0.00153726
-0.00148634
-0.00154281
-0.0011913
-0.00154159
-0.000908196
-0.00153275
-0.000635913
-0.00151679
-0.000374684
-0.00149359
-0.000125633
-0.00146271
0.000110997
-0.00142456
0.000333722
-0.0013786
0.00054176
-0.00132494
0.000734538
-0.00126396
0.000911128
-0.00119601
0.00107083
-0.00112079
0.00121238
-0.00103927
0.00133577
-0.000951119
0.0014402
-0.000859595
0.00152511
-0.000762186
0.00158996
-0.000660711
0.00163435
-0.00055612
0.00165967
-0.000450892
0.00166543
-0.000343201
0.00165215
-0.000236977
0.00161973
-0.00013017
0.00156916
-2.63783e-05
0.00150383
7.11886e-05
0.00142301
0.000166393
0.00132837
0.000256312
0.00122215
0.000339132
0.00110562
0.000414906
0.000980807
0.000482492
0.000849542
0.000541307
0.000714272
0.000590327
0.000577016
0.000629824
0.000439506
0.000659871
0.000303698
0.00067951
0.000171239
0.000689528
4.39337e-05
0.000690256
-7.72119e-05
0.000682109
-0.000190715
0.000665473
-0.000295284
0.000640566
-0.000390394
0.000609172
-0.000475236
0.000571195
-0.000549836
0.00052814
-0.000613096
0.000480074
-0.000665691
0.000429104
-0.000707643
0.000374921
-0.000739183
0.000319491
-0.000760348
0.000262447
-0.000772164
0.000205807
-0.000775258
0.00014955
-0.000769954
9.44967e-05
-0.00075707
4.12617e-05
-0.000737927
-9.01934e-06
-0.000712733
-5.67794e-05
-0.000682479
-0.000101497
-0.000647685
-0.000142956
-0.000609403
-0.000180512
-0.000568284
-0.000214304
-0.00052489
-0.000244192
-0.000480108
-0.000270057
-0.000434126
-0.00029214
-0.000387827
-0.000310136
-0.0003415
-0.000324361
-0.00029577
-0.000334993
-0.000250922
-0.00034202
-0.00020733
-0.000345622
-0.000165095
-0.000346501
-0.000124652
-0.00034399
-8.6167e-05
-0.000339148
-4.97781e-05
-0.000331558
-1.56652e-05
-0.000321903
1.62479e-05
-0.000310355
4.56893e-05
-0.000296997
7.27017e-05
-0.000281978
9.72719e-05
-0.000265704
0.000119294
-0.000248262
0.000139001
-0.000230026
0.000156236
-0.00021101
0.000171087
-0.000191484
0.000183628
-0.000171689
0.000193945
-0.000151718
0.000202122
-0.000131799
0.000208258
-0.00011211
0.000212497
-9.2767e-05
0.000214911
-7.38578e-05
0.000215675
-5.55577e-05
0.000214791
-3.79121e-05
0.00021255
-2.10754e-05
0.000208901
-5.057e-06
0.000204052
9.96091e-06
0.000198108
2.40887e-05
0.000191123
3.72645e-05
0.000183293
4.93011e-05
0.000174714
6.03459e-05
0.000165497
7.02464e-05
0.000155731
7.91037e-05
0.000145562
8.68042e-05
0.000135009
9.34851e-05
0.000124208
9.9096e-05
0.000113283
0.000103611
0.000102284
0.000107107
9.13009e-05
0.00010966
8.04113e-05
0.000111221
6.96779e-05
0.00011188
5.91722e-05
0.000111696
4.89594e-05
0.000110713
3.90893e-05
0.00010896
2.96289e-05
0.000106525
2.05302e-05
0.000103523
1.19264e-05
9.99177e-05
3.81576e-06
9.58383e-05
-3.80381e-06
9.1314e-05
-1.08893e-05
8.64805e-05
-1.74499e-05
8.13533e-05
-2.34807e-05
7.5969e-05
-2.8975e-05
7.04168e-05
-3.39344e-05
6.46989e-05
-3.83536e-05
5.88943e-05
-4.22325e-05
5.30198e-05
-4.55789e-05
4.71548e-05
-4.84057e-05
4.1344e-05
-5.07354e-05
3.56609e-05
-5.25858e-05
3.01261e-05
-5.39979e-05
2.48e-05
-5.49857e-05
1.97126e-05
-5.55892e-05
1.4898e-05
-5.58392e-05
1.03733e-05
-5.57715e-05
6.16297e-06
-5.54244e-05
2.28023e-06
-5.48278e-05
-1.28309e-06
-5.40204e-05
-4.52813e-06
-5.30295e-05
-7.49193e-06
-5.18884e-05
-1.01878e-05
-5.0601e-05
-1.27045e-05
-4.91736e-05
-1.50675e-05
-4.75929e-05
-1.73382e-05
-4.58499e-05
-1.95275e-05
-4.39403e-05
-2.16212e-05
-4.18686e-05
-2.35924e-05
-3.96457e-05
-2.54148e-05
-3.72802e-05
-2.70739e-05
-3.47867e-05
-2.85252e-05
-3.21723e-05
-2.97676e-05
-2.94832e-05
-3.06733e-05
-2.67638e-05
-3.12483e-05
-2.40873e-05
-3.1407e-05
-2.15015e-05
-3.12657e-05
-1.9031e-05
-3.09342e-05
-1.66577e-05
-3.05948e-05
-1.43424e-05
-3.0364e-05
-1.20394e-05
-3.03176e-05
-9.72138e-06
-3.04263e-05
-7.3714e-06
-3.06539e-05
-4.97769e-06
-3.09891e-05
-2.51473e-06
-3.14287e-05
-3.18341e-05
0.00165846
-0.00376339
0.00332999
-0.00376232
0.00499932
-0.00369463
0.00664228
-0.0035504
0.00821811
-0.003306
0.00964978
-0.0029207
0.0108552
-0.00235975
0.011785
-0.00161477
0.0120078
-9.56938e-05
0.0117629
0.000914646
0.0111422
0.00177213
0.0102239
0.00249717
0.00907832
0.00309749
0.00776219
0.00359023
0.00631967
0.00399211
0.00478633
0.00431321
0.00318928
0.00456288
0.00155034
0.00474636
-0.000112235
0.00486568
-0.00178158
0.00491967
-0.00343968
0.0049035
-0.00506332
0.00480724
-0.0066204
0.00461615
-0.00806296
0.00430456
-0.0093202
0.00384031
-0.0103016
0.00319206
-0.0109009
0.00232614
-0.0106202
0.000738675
-0.0100518
-1.72165e-05
-0.00933024
-0.000581081
-0.00853842
-0.000967388
-0.00775107
-0.0012181
-0.00700795
-0.00138359
-0.00632467
-0.00149891
-0.00570204
-0.00158439
-0.00513566
-0.00164991
-0.0046178
-0.0017023
-0.00414143
-0.00174447
-0.00369903
-0.00177891
-0.00328642
-0.00180578
-0.00289846
-0.00182697
-0.00253127
-0.00184365
-0.00218244
-0.00185252
-0.00184909
-0.00185786
-0.00152906
-0.00185728
-0.00122106
-0.00185081
-0.00092543
-0.00183722
-0.0006413
-0.00181688
-0.000368629
-0.00178946
-0.000107964
-0.00175426
0.000140494
-0.00171117
0.000375603
-0.00165967
0.00059646
-0.00159946
0.000802691
-0.00153117
0.000992961
-0.00145423
0.00116647
-0.00136952
0.00132179
-0.00127612
0.00145793
-0.00117541
0.00157488
-0.00106807
0.00167095
-0.00095566
0.00174678
-0.000838016
0.00180217
-0.000716109
0.00183656
-0.00059051
0.00184859
-0.000462916
0.00184062
-0.000335229
0.0018118
-0.000208161
0.00176469
-8.30605e-05
0.0017006
3.77135e-05
0.00161766
0.000154123
0.00151958
0.000264473
0.00140788
0.000368013
0.00128449
0.000462522
0.00115184
0.000547557
0.00101167
0.000622663
0.00086634
0.000686638
0.000717784
0.000738883
0.000568236
0.000779372
0.000420103
0.000808004
0.000275176
0.000824437
0.000135269
0.000829435
2.17483e-06
0.00082335
-0.000122743
0.000807027
-0.000238601
0.000781331
-0.000344449
0.000746414
-0.000438825
0.000703547
-0.000522372
0.000654742
-0.000593613
0.000599381
-0.000653425
0.000539886
-0.000701489
0.000477168
-0.000738035
0.000411468
-0.000763872
0.000345328
-0.000779691
0.000278265
-0.000785588
0.000211704
-0.000782552
0.000146514
-0.000771519
8.34638e-05
-0.000753364
2.31068e-05
-0.000729208
-3.31748e-05
-0.000699552
-8.64353e-05
-0.000664988
-0.000136061
-0.000626749
-0.000181195
-0.000585536
-0.000221725
-0.000541851
-0.000257989
-0.000496717
-0.000289326
-0.000450363
-0.000316411
-0.000403817
-0.000338687
-0.000357251
-0.000356702
-0.000311096
-0.000370516
-0.000266013
-0.000380076
-0.000222184
-0.000385848
-0.000179661
-0.000388146
-0.000139093
-0.000387068
-0.00010044
-0.000382644
-6.40141e-05
-0.000375574
-2.97864e-05
-0.000365786
2.07937e-06
-0.000353769
3.16201e-05
-0.000339896
5.86613e-05
-0.000324038
8.33248e-05
-0.000306641
0.000105468
-0.000287847
0.000125309
-0.000268103
0.000142697
-0.000247414
0.000157709
-0.000226021
0.000170485
-0.000204261
0.000181118
-0.000182321
0.000189621
-0.000160222
0.000196133
-0.00013831
0.000200783
-0.00011676
0.000203629
-9.56136e-05
0.000204793
-7.50212e-05
0.000204468
-5.52334e-05
0.000202728
-3.61718e-05
0.000199655
-1.80027e-05
0.000195451
-8.52387e-07
0.000190132
1.52801e-05
0.000183862
3.03581e-05
0.000176772
4.43544e-05
0.000168876
5.71969e-05
0.000160418
6.88042e-05
0.000151377
7.92878e-05
0.00014196
8.852e-05
0.000132133
9.66313e-05
0.000122111
0.000103507
0.000111917
0.00010929
0.000101581
0.000113947
9.12784e-05
0.00011741
8.10351e-05
0.000119904
7.09272e-05
0.000121329
6.10174e-05
0.000121789
5.13544e-05
0.000121359
4.2009e-05
0.000120059
3.30065e-05
0.000117962
2.43399e-05
0.000115191
1.61258e-05
0.000111737
8.37141e-06
0.000107672
1.10978e-06
0.0001031
-5.73592e-06
9.81597e-05
-1.20562e-05
9.28007e-05
-1.78761e-05
8.71732e-05
-2.3208e-05
8.13009e-05
-2.80558e-05
7.52647e-05
-3.24085e-05
6.90516e-05
-3.62651e-05
6.27509e-05
-3.96255e-05
5.63803e-05
-4.24967e-05
5.0026e-05
-4.48914e-05
4.37387e-05
-4.68349e-05
3.76043e-05
-4.8354e-05
3.16452e-05
-4.9469e-05
2.5915e-05
-5.02086e-05
2.04521e-05
-5.06071e-05
1.52965e-05
-5.06943e-05
1.04605e-05
-5.05041e-05
5.97275e-06
-5.00725e-05
1.84864e-06
-4.94267e-05
-1.92888e-06
-4.86079e-05
-5.34693e-06
-4.76391e-05
-8.46076e-06
-4.6558e-05
-1.1269e-05
-4.53622e-05
-1.39003e-05
-4.40565e-05
-1.63732e-05
-4.26197e-05
-1.8775e-05
-4.10383e-05
-2.11089e-05
-3.93049e-05
-2.33546e-05
-3.7424e-05
-2.54733e-05
-3.54075e-05
-2.74313e-05
-3.32624e-05
-2.9219e-05
-3.09975e-05
-3.07901e-05
-2.86146e-05
-3.21506e-05
-2.61572e-05
-3.31307e-05
-2.36747e-05
-3.37308e-05
-2.1246e-05
-3.38356e-05
-1.89257e-05
-3.35861e-05
-1.67375e-05
-3.31224e-05
-1.46586e-05
-3.26737e-05
-1.26386e-05
-3.2384e-05
-1.06262e-05
-3.233e-05
-8.5965e-06
-3.2456e-05
-6.53103e-06
-3.27194e-05
-4.42212e-06
-3.3098e-05
-2.241e-06
-3.36098e-05
-3.40751e-05
0.00211201
-0.0058754
0.00429686
-0.00594718
0.00661699
-0.00601476
0.00915739
-0.00609079
0.0120469
-0.00619554
0.0154336
-0.00630742
0.0196766
-0.00660276
0.0255437
-0.00748178
0.0217511
0.00369683
0.0183264
0.00433942
0.0153677
0.00473079
0.0127798
0.00508511
0.0104798
0.0053975
0.00839958
0.00567043
0.00648265
0.00590904
0.00468097
0.00611489
0.00295443
0.00628942
0.00126749
0.0064333
-0.000411901
0.00654507
-0.00211551
0.00662328
-0.00387738
0.00666537
-0.00573687
0.00666673
-0.00774328
0.00662256
-0.00996266
0.00652393
-0.0124834
0.00636109
-0.015418
0.00612658
-0.0188281
0.00573627
-0.0148332
-0.00325621
-0.012175
-0.00267543
-0.0102981
-0.00245793
-0.00887735
-0.00238818
-0.00777107
-0.00232438
-0.00686412
-0.00229054
-0.0060952
-0.00226782
-0.00541768
-0.0022619
-0.00480686
-0.00226073
-0.00426075
-0.00224842
-0.00377194
-0.00223327
-0.0033299
-0.00222096
-0.00292534
-0.00221034
-0.00255075
-0.00220156
-0.00219977
-0.00219464
-0.00186561
-0.00218668
-0.00154563
-0.00217785
-0.00123891
-0.002164
-0.000943416
-0.0021463
-0.000658249
-0.00212239
-0.000382855
-0.00209227
-0.000117715
-0.0020546
0.000136754
-0.00200873
0.000379047
-0.00195346
0.000608879
-0.0018895
0.000824182
-0.00181476
0.00102545
-0.00173243
0.00121046
-0.00163924
0.00137802
-0.00153708
0.0015264
-0.0014245
0.00165611
-0.00130512
0.00176577
-0.00117772
0.00185509
-0.00104498
0.00192228
-0.000905204
0.00196653
-0.00076036
0.00198966
-0.000613641
0.00198963
-0.000462886
0.0019693
-0.0003149
0.00192791
-0.000166776
0.00186685
-2.1992e-05
0.00178706
0.000117495
0.00169025
0.000250942
0.00157782
0.000376897
0.00145207
0.000493766
0.00131493
0.000599655
0.00116883
0.000693661
0.00101615
0.000775339
0.000859024
0.000843768
0.000700549
0.000897359
0.000542009
0.000937912
0.000387106
0.000962907
0.000236248
0.000975295
9.25798e-05
0.000973103
-4.39711e-05
0.000959901
-0.000170716
0.000933772
-0.000286449
0.000897064
-0.000390298
0.000850264
-0.000482554
0.000795803
-0.000562172
0.00073436
-0.000629459
0.000666668
-0.000683909
0.000594335
-0.000726411
0.00051967
-0.000757724
0.000442782
-0.000777677
0.000365281
-0.000787257
0.000287845
-0.000787234
0.000211681
-0.000778744
0.000138024
-0.000762657
6.73774e-05
-0.000740372
8.21473e-07
-0.000711664
-6.18834e-05
-0.000678117
-0.000119982
-0.000640556
-0.000173622
-0.00059988
-0.000221871
-0.000556504
-0.000265102
-0.000511645
-0.000302848
-0.00046538
-0.000335591
-0.000418866
-0.000362925
-0.000372153
-0.0003854
-0.000326138
-0.000402716
-0.000281093
-0.000415561
-0.000236945
-0.000424225
-0.000194585
-0.000428208
-0.000154083
-0.000428647
-0.000115615
-0.000425536
-7.91974e-05
-0.000419062
-4.49155e-05
-0.000409856
-1.30379e-05
-0.000397664
1.66104e-05
-0.000383417
4.36788e-05
-0.000366964
6.84403e-05
-0.000348799
9.07049e-05
-0.000328906
0.000110649
-0.000307791
0.000128224
-0.000285677
0.000143519
-0.00026271
0.000156596
-0.000239098
0.000167557
-0.000215222
0.000176394
-0.000191159
0.000183314
-0.000167142
0.000188391
-0.000143387
0.000191697
-0.000120067
0.000193383
-9.72993e-05
0.000193598
-7.52363e-05
0.000192408
-5.40437e-05
0.000189978
-3.37413e-05
0.000186408
-1.44326e-05
0.000181813
3.74271e-06
0.000176282
2.08105e-05
0.000169862
3.67778e-05
0.000162724
5.14933e-05
0.000154972
6.49483e-05
0.000146698
7.70785e-05
0.000137989
8.79963e-05
0.000128942
9.75671e-05
0.000119645
0.000105929
0.000110154
0.000112998
0.000100549
0.000118895
9.09338e-05
0.000123563
8.13217e-05
0.000127022
7.18136e-05
0.000129412
6.2478e-05
0.000130665
5.33658e-05
0.000130902
4.45276e-05
0.000130197
3.59798e-05
0.000128607
2.77509e-05
0.000126191
1.99125e-05
0.00012303
1.24813e-05
0.000119168
5.49606e-06
0.000114657
-1.07038e-06
0.000109666
-7.13072e-06
0.00010422
-1.2745e-05
9.84151e-05
-1.79009e-05
9.2329e-05
-2.26129e-05
8.60129e-05
-2.68829e-05
7.95347e-05
-3.07043e-05
7.28729e-05
-3.40697e-05
6.61164e-05
-3.69788e-05
5.92893e-05
-3.9439e-05
5.24862e-05
-4.14665e-05
4.57662e-05
-4.3089e-05
3.92268e-05
-4.43226e-05
3.28787e-05
-4.51968e-05
2.67892e-05
-4.57345e-05
2.09899e-05
-4.59692e-05
1.55312e-05
-4.59332e-05
1.04245e-05
-4.56546e-05
5.69413e-06
-4.51645e-05
1.35855e-06
-4.44919e-05
-2.60155e-06
-4.36775e-05
-6.16133e-06
-4.27422e-05
-9.39603e-06
-4.17261e-05
-1.2285e-05
-4.06238e-05
-1.50026e-05
-3.94371e-05
-1.75599e-05
-3.81379e-05
-2.00742e-05
-3.6708e-05
-2.25388e-05
-3.5138e-05
-2.49245e-05
-3.34334e-05
-2.7178e-05
-3.16078e-05
-2.92568e-05
-2.96679e-05
-3.11589e-05
-2.76145e-05
-3.28435e-05
-2.54461e-05
-3.4319e-05
-2.32001e-05
-3.53766e-05
-2.09333e-05
-3.59977e-05
-1.87284e-05
-3.60405e-05
-1.66474e-05
-3.56671e-05
-1.47129e-05
-3.50569e-05
-1.28976e-05
-3.4489e-05
-1.11394e-05
-3.41422e-05
-9.38269e-06
-3.40867e-05
-7.60495e-06
-3.42338e-05
-5.78944e-06
-3.45349e-05
-3.93225e-06
-3.49552e-05
-2.00299e-06
-3.5539e-05
-3.60781e-05
0.00234591
-0.00822132
0.00483779
-0.00843905
0.00759629
-0.00877325
0.0107587
-0.00925322
0.0144805
-0.00991728
0.0189593
-0.0107862
0.0244612
-0.0121046
0.0311793
-0.0141999
0.0270352
0.0234419
0.0201482
0.0171158
0.0143006
0.0116632
0.00916751
0.0067797
0.00446788
0.00219972
-5.80157e-05
-0.00234
-0.00468348
-0.00713031
-0.00972768
-0.0125306
-0.0156056
-0.0190242
-0.0229446
-0.0178241
-0.00837673
-0.0139307
-0.00656883
-0.0110749
-0.00531376
-0.00896444
-0.00449864
-0.00738272
-0.0039061
-0.00619038
-0.00348288
-0.00527957
-0.00317864
-0.00457799
-0.00296349
-0.00402708
-0.00281164
-0.00357042
-0.00270507
-0.00317155
-0.00263214
-0.00280711
-0.0025854
-0.00246653
-0.00255091
-0.00214282
-0.00252528
-0.00183354
-0.00250392
-0.00153404
-0.00248618
-0.00124403
-0.00246786
-0.000960686
-0.00244735
-0.000684431
-0.00242256
-0.000414572
-0.00239225
-0.000152636
-0.00235421
0.000101051
-0.00230829
0.000344926
-0.0022526
0.000578978
-0.00218751
0.000800422
-0.00211095
0.00100984
-0.00202418
0.00120364
-0.00192624
0.00138076
-0.00181635
0.00154162
-0.00169794
0.00168447
-0.00156735
0.00180642
-0.00142707
0.00190862
-0.00127993
0.00198875
-0.00112512
0.00204612
-0.000962573
0.00208185
-0.000796089
0.00209363
-0.000625419
0.00208459
-0.00045385
0.00205219
-0.000282493
0.00199878
-0.00011337
0.00192602
5.07717e-05
0.00183442
0.00020909
0.00172523
0.000360133
0.001601
0.000501129
0.00146389
0.000630871
0.00131592
0.000747626
0.00115971
0.000849872
0.000998046
0.000937004
0.000833117
0.0010087
0.000667666
0.00106281
0.000504453
0.00110113
0.000344261
0.0011231
0.000191351
0.00112821
4.54016e-05
0.00111905
-9.0626e-05
0.00109593
-0.000215846
0.00105899
-0.00032927
0.00101049
-0.00043042
0.000951414
-0.000518192
0.000883574
-0.000592871
0.00080904
-0.000654598
0.000728395
-0.000703875
0.000643613
-0.000740567
0.000556362
-0.000765527
0.000467741
-0.000779456
0.000379209
-0.00078338
0.00029177
-0.00077831
0.00020661
-0.000765133
0.000124847
-0.000744805
4.70492e-05
-0.000718273
-2.57106e-05
-0.000686392
-9.37637e-05
-0.000650084
-0.000156291
-0.000610392
-0.000213313
-0.00056798
-0.000264283
-0.000523734
-0.000309347
-0.00047818
-0.000348402
-0.000432103
-0.000381668
-0.000385983
-0.000409045
-0.000340368
-0.000431015
-0.000295372
-0.000447712
-0.000251683
-0.00045925
-0.000209657
-0.000466251
-0.000169069
-0.000468796
-0.000130682
-0.000467035
-9.43351e-05
-0.000461882
-6.02562e-05
-0.000453141
-2.8507e-05
-0.000441605
9.66781e-07
-0.000427137
2.80212e-05
-0.000410471
5.27888e-05
-0.000391732
7.51431e-05
-0.000371154
9.52204e-05
-0.000348983
0.000112976
-0.000325547
0.000128533
-0.000301234
0.000141928
-0.000276105
0.000153193
-0.000250363
0.000162481
-0.00022451
0.000169857
-0.000198535
0.000175387
-0.000172671
0.000179231
-0.000147231
0.000181485
-0.000122322
0.000182278
-9.80923e-05
0.000181708
-7.46658e-05
0.00017993
-5.22656e-05
0.000177025
-3.08362e-05
0.000173085
-1.04933e-05
0.000168265
8.56267e-06
0.000162584
2.6492e-05
0.000156203
4.3159e-05
0.0001492
5.84958e-05
0.000141678
7.2471e-05
0.000133693
8.50637e-05
0.000125401
9.62883e-05
0.000116803
0.000106164
0.000108063
0.000114669
9.91387e-05
0.000121922
9.01727e-05
0.000127861
8.12306e-05
0.000132505
7.23198e-05
0.000135932
6.35433e-05
0.000138188
5.49603e-05
0.000139248
4.66112e-05
0.000139251
3.85362e-05
0.000138272
3.07746e-05
0.000136368
2.33274e-05
0.000133639
1.62174e-05
0.00013014
9.50335e-06
0.000125882
3.22532e-06
0.000120935
-2.64473e-06
0.000115536
-8.05357e-06
0.000109629
-1.30357e-05
0.000103397
-1.75973e-05
9.68906e-05
-2.17575e-05
9.01731e-05
-2.5519e-05
8.32962e-05
-2.88745e-05
7.62285e-05
-3.18126e-05
6.90545e-05
-3.43315e-05
6.18081e-05
-3.64397e-05
5.45945e-05
-3.81536e-05
4.74801e-05
-3.95024e-05
4.05756e-05
-4.05021e-05
3.38785e-05
-4.11799e-05
2.7467e-05
-4.15566e-05
2.13666e-05
-4.16664e-05
1.5641e-05
-4.1536e-05
1.02941e-05
-4.11946e-05
5.35275e-06
-4.0671e-05
8.34937e-07
-3.99904e-05
-3.28214e-06
-3.91923e-05
-6.95943e-06
-3.83e-05
-1.02883e-05
-3.73512e-05
-1.32338e-05
-3.63425e-05
-1.60114e-05
-3.52701e-05
-1.86323e-05
-3.41012e-05
-2.12432e-05
-3.28124e-05
-2.38276e-05
-3.13932e-05
-2.63437e-05
-2.98507e-05
-2.87205e-05
-2.82013e-05
-3.09062e-05
-2.64517e-05
-3.29085e-05
-2.45943e-05
-3.47009e-05
-2.26248e-05
-3.62885e-05
-2.05727e-05
-3.74287e-05
-1.85029e-05
-3.80675e-05
-1.65006e-05
-3.80429e-05
-1.46357e-05
-3.7532e-05
-1.2929e-05
-3.67636e-05
-1.13486e-05
-3.60694e-05
-9.82164e-06
-3.56692e-05
-8.28859e-06
-3.56198e-05
-6.7293e-06
-3.57931e-05
-5.1335e-06
-3.61307e-05
-3.49927e-06
-3.65894e-05
-1.79492e-06
-3.72434e-05
-3.7873e-05
0.000780507
-0.00900182
0.0015082
-0.00916674
0.00210634
-0.00937139
0.00251406
-0.00966095
0.0026572
-0.0100604
0.00252309
-0.0106521
0.00174878
-0.0113303
-0.0124511
-0.00205297
-0.00632375
-0.00325911
-0.00536269
-0.0038059
-0.00476697
-0.00406612
-0.00423841
-0.00409607
-0.00387616
-0.00397305
-0.0036059
-0.00374394
-0.00340775
-0.00346801
-0.00323942
-0.00317512
-0.00310452
-0.00287861
-0.00300158
-0.00258775
-0.002923
-0.00230753
-0.00286563
-0.00203381
-0.00282463
-0.00176507
-0.00279402
-0.00149915
-0.00276984
-0.00123583
-0.00274949
-0.000974665
-0.00272903
-0.000715805
-0.00270621
-0.000460296
-0.00267807
-0.00020862
-0.00264392
3.83317e-05
-0.00260116
0.000279006
-0.00254896
0.000511885
-0.00248548
0.000735456
-0.00241108
0.000948363
-0.00232386
0.00114846
-0.00222428
0.00133478
-0.00211256
0.00150585
-0.00198742
0.00165897
-0.00185106
0.00179368
-0.00170206
0.00190858
-0.00154197
0.00200242
-0.00137376
0.00207424
-0.00119694
0.00212323
-0.00101156
0.00214991
-0.000822777
0.00215434
-0.00062984
0.00213474
-0.000434255
0.00209311
-0.000240866
0.00203049
-5.07497e-05
0.0019479
0.000133369
0.0018459
0.000311083
0.00172765
0.000478385
0.00159451
0.000634266
0.00144872
0.000776664
0.00129326
0.00090309
0.00113057
0.00101256
0.000962606
0.00110497
0.000793015
0.00117829
0.000624002
0.00123182
0.000457386
0.00126774
0.000297336
0.00128315
0.000142915
0.00128263
-1.02898e-06
0.001263
-0.000134664
0.00122956
-0.000256547
0.00118088
-0.0003658
0.00111974
-0.000461842
0.00104746
-0.000544589
0.000966322
-0.000613682
0.000878132
-0.000669392
0.000784104
-0.000712297
0.000686518
-0.000742974
0.000587039
-0.000762081
0.000486847
-0.000770535
0.000387663
-0.00076949
0.000290725
-0.000759863
0.000196983
-0.000742642
0.000107625
-0.000718735
2.31427e-05
-0.000689211
-5.52353e-05
-0.000654975
-0.000127999
-0.000616879
-0.000194387
-0.000576039
-0.000254154
-0.000532952
-0.00030737
-0.000488644
-0.000353655
-0.000443443
-0.000393604
-0.000398256
-0.000426855
-0.000353115
-0.000454186
-0.000308768
-0.000475362
-0.000265689
-0.000490791
-0.000223929
-0.000501011
-0.000183903
-0.000506276
-0.000145937
-0.000506762
-0.000109791
-0.00050318
-7.592e-05
-0.000495754
-4.43059e-05
-0.000484755
-1.5038e-05
-0.000470873
1.19435e-05
-0.000454119
3.66607e-05
-0.000435189
5.90557e-05
-0.000414127
7.92296e-05
-0.000391328
9.71536e-05
-0.000366907
0.000112965
-0.000341359
0.000126616
-0.000314885
0.000138276
-0.000287764
0.000148033
-0.000260121
0.000155849
-0.000232325
0.000161893
-0.000204579
0.000166298
-0.000177076
0.000169111
-0.000150044
0.000170491
-0.000123702
0.000170531
-9.81323e-05
0.00016941
-7.3544e-05
0.000167171
-5.00271e-05
0.000163936
-2.76016e-05
0.000159865
-6.42229e-06
0.000154933
1.34947e-05
0.000149305
3.21206e-05
0.000143053
4.94106e-05
0.000136271
6.5278e-05
0.000129056
7.96864e-05
0.000121447
9.26722e-05
0.000113592
0.000104143
0.00010552
0.000114236
9.73314e-05
0.000122858
8.90379e-05
0.000130216
8.07328e-05
0.000136166
7.24259e-05
0.000140812
6.42191e-05
0.000144139
5.616e-05
0.000146247
4.83007e-05
0.000147107
4.06795e-05
0.000146872
3.33264e-05
0.000145625
2.62669e-05
0.000143428
1.95351e-05
0.00014037
1.31568e-05
0.000136518
7.13598e-06
0.000131903
1.47379e-06
0.000126598
-3.77716e-06
0.000120787
-8.5932e-06
0.000114445
-1.30071e-05
0.000107811
-1.70402e-05
0.000100924
-2.07103e-05
9.38432e-05
-2.40243e-05
8.66102e-05
-2.69727e-05
7.91769e-05
-2.95398e-05
7.16216e-05
-3.17218e-05
6.399e-05
-3.3528e-05
5.64007e-05
-3.49761e-05
4.89282e-05
-3.60966e-05
4.16962e-05
-3.69036e-05
3.46855e-05
-3.74228e-05
2.79861e-05
-3.76727e-05
2.16165e-05
-3.76864e-05
1.56547e-05
-3.74886e-05
1.00963e-05
-3.71089e-05
4.97309e-06
-3.6569e-05
2.95091e-07
-3.58955e-05
-3.95572e-06
-3.51223e-05
-7.73263e-06
-3.42799e-05
-1.11307e-05
-3.33985e-05
-1.41151e-05
-3.24816e-05
-1.69282e-05
-3.15177e-05
-1.95962e-05
-3.04707e-05
-2.22902e-05
-2.93123e-05
-2.49859e-05
-2.80314e-05
-2.76247e-05
-2.66375e-05
-3.01144e-05
-2.515e-05
-3.23937e-05
-2.35764e-05
-3.4482e-05
-2.19003e-05
-3.6377e-05
-2.01144e-05
-3.80744e-05
-1.82406e-05
-3.93026e-05
-1.63511e-05
-3.9957e-05
-1.45328e-05
-3.98612e-05
-1.28628e-05
-3.9202e-05
-1.13604e-05
-3.8266e-05
-9.98846e-06
-3.74413e-05
-8.66424e-06
-3.69934e-05
-7.32592e-06
-3.69581e-05
-5.95525e-06
-3.71637e-05
-4.55237e-06
-3.75336e-05
-3.1161e-06
-3.80256e-05
-1.61154e-06
-3.8748e-05
-3.94846e-05
0.000371493
-0.00937332
0.000738132
-0.00953338
0.00109005
-0.00972331
0.0013912
-0.0099621
0.00158138
-0.0102506
0.00152794
-0.0105987
0.0010635
-0.0108659
-0.0113876
-0.00134954
-0.00497421
-0.00215661
-0.00455562
-0.00254712
-0.00437645
-0.00269697
-0.00408857
-0.00273419
-0.00383894
-0.00271023
-0.00362985
-0.00265141
-0.00346657
-0.00255213
-0.0033387
-0.00241704
-0.00323961
-0.00225374
-0.00316488
-0.00206942
-0.00310733
-0.00187022
-0.00306483
-0.00165935
-0.00303549
-0.00144097
-0.00301239
-0.00121558
-0.00299524
-0.000985686
-0.00297938
-0.000752161
-0.00296255
-0.000516685
-0.00294168
-0.000280536
-0.00291422
-4.5544e-05
-0.00287891
0.000186777
-0.00283348
0.000414528
-0.00277671
0.000636193
-0.00270715
0.000849746
-0.00262464
0.00105326
-0.00252737
0.00124502
-0.00241604
0.00142281
-0.00229035
0.00158541
-0.00215002
0.00173078
-0.00199644
0.00185742
-0.0018287
0.00196533
-0.00164988
0.00205118
-0.00145961
0.00211533
-0.00126109
0.00215765
-0.00105388
0.0021759
-0.000841021
0.00217108
-0.000625026
0.00214444
-0.000407611
0.00209568
-0.000192105
0.00202584
1.90901e-05
0.00193548
0.000223728
0.0018269
0.000419664
0.00170172
0.000603558
0.00156285
0.000773139
0.00141236
0.000927155
0.00125176
0.00106369
0.0010846
0.00117972
0.000914124
0.00127544
0.000743029
0.00134938
0.000572761
0.00140209
0.000407842
0.00143266
0.000247566
0.00144343
9.73621e-05
0.00143283
-4.38893e-05
0.00140425
-0.000173367
0.00135904
-0.000290468
0.00129798
-0.000394256
0.00122353
-0.000484418
0.00113762
-0.000560839
0.00104274
-0.000623624
0.000940916
-0.000673132
0.000833613
-0.00070994
0.000723326
-0.000734841
0.000611941
-0.000748724
0.00050073
-0.000752277
0.000391216
-0.000746746
0.000285194
-0.000733188
0.000183426
-0.000712717
8.7154e-05
-0.00068615
-3.42437e-06
-0.000654554
-8.68308e-05
-0.000619026
-0.000163527
-0.000580028
-0.000233385
-0.000538855
-0.000295327
-0.000495985
-0.000350239
-0.000452293
-0.000397347
-0.000408156
-0.000437741
-0.000364335
-0.000470676
-0.000320922
-0.000497599
-0.000278619
-0.000517665
-0.000237553
-0.000531857
-0.000198121
-0.000540443
-0.000160528
-0.000543869
-0.000124998
-0.000542292
-9.14094e-05
-0.000536769
-6.00989e-05
-0.000527064
-3.10159e-05
-0.000513838
-4.3128e-06
-0.000497576
2.03728e-05
-0.000478804
4.27584e-05
-0.000457574
6.29586e-05
-0.000434327
8.10135e-05
-0.000409382
9.69911e-05
-0.000382885
0.000110954
-0.000355321
0.000122979
-0.00032691
0.000133085
-0.000297871
0.000141429
-0.000268464
0.000147995
-0.000238891
0.000152962
-0.000209546
0.000156389
-0.000180503
0.000158367
-0.000152022
0.000159064
-0.0001244
0.000158573
-9.76413e-05
0.000157006
-7.19765e-05
0.00015449
-4.7511e-05
0.000151086
-2.41983e-05
0.000146932
-2.26759e-06
0.000142064
1.83624e-05
0.000136571
3.76136e-05
0.000130514
5.54675e-05
0.000124016
7.17758e-05
0.000117149
8.65539e-05
0.000109995
9.98265e-05
0.000102616
0.000111522
9.51307e-05
0.000121722
8.7482e-05
0.000130507
7.98284e-05
0.000137869
7.21399e-05
0.000143854
6.44897e-05
0.000148462
5.69706e-05
0.000151658
4.9603e-05
0.000153615
4.24378e-05
0.000154272
3.55072e-05
0.000153803
2.88361e-05
0.000152296
2.24477e-05
0.000149816
1.6366e-05
0.000146452
1.06035e-05
0.00014228
5.17579e-06
0.00013733
1.27076e-07
0.000131646
-4.54843e-06
0.000125463
-8.82712e-06
0.000118724
-1.27322e-05
0.000111716
-1.62934e-05
0.000104485
-1.95299e-05
9.70797e-05
-2.24508e-05
8.9531e-05
-2.50436e-05
8.17697e-05
-2.72888e-05
7.38668e-05
-2.91801e-05
6.58813e-05
-3.07277e-05
5.79484e-05
-3.19515e-05
5.0152e-05
-3.28798e-05
4.26244e-05
-3.35316e-05
3.53373e-05
-3.39227e-05
2.83772e-05
-3.40742e-05
2.17681e-05
-3.40166e-05
1.5597e-05
-3.37747e-05
9.85448e-06
-3.33719e-05
4.57025e-06
-3.28318e-05
-2.44989e-07
-3.21766e-05
-4.61091e-06
-3.14348e-05
-8.47451e-06
-3.06461e-05
-1.19194e-05
-2.98314e-05
-1.49298e-05
-2.90032e-05
-1.77564e-05
-2.81409e-05
-2.04585e-05
-2.72069e-05
-2.32242e-05
-2.61683e-05
-2.60246e-05
-2.50136e-05
-2.87794e-05
-2.37555e-05
-3.13725e-05
-2.24164e-05
-3.37328e-05
-2.10046e-05
-3.58938e-05
-1.94962e-05
-3.78854e-05
-1.78797e-05
-3.96909e-05
-1.61707e-05
-4.10116e-05
-1.44468e-05
-4.1681e-05
-1.2796e-05
-4.1512e-05
-1.13018e-05
-4.06961e-05
-9.98208e-06
-3.95857e-05
-8.79423e-06
-3.86292e-05
-7.6472e-06
-3.81404e-05
-6.47772e-06
-3.81276e-05
-5.27011e-06
-3.83713e-05
-4.03653e-06
-3.87672e-05
-2.77616e-06
-3.9286e-05
-1.44857e-06
-4.00755e-05
-4.09332e-05
0.000205863
-0.00957918
0.000400774
-0.00972829
0.000565628
-0.00988816
0.000676498
-0.010073
0.000703147
-0.0102772
0.000609074
-0.0105046
0.000420916
-0.0106777
-0.0109667
-0.000738303
-0.00423591
-0.0012493
-0.00404462
-0.00163831
-0.00398745
-0.00188314
-0.00384374
-0.0020147
-0.00370738
-0.0020636
-0.00358095
-0.0020562
-0.00347396
-0.00200845
-0.00338645
-0.00192775
-0.00332031
-0.00182102
-0.00327161
-0.00169015
-0.0032382
-0.00153882
-0.00321615
-0.00136997
-0.00320434
-0.00118722
-0.00319515
-0.000992898
-0.00318956
-0.000789082
-0.0031832
-0.000578158
-0.00317347
-0.000362289
-0.00315755
-0.000143245
-0.00313326
7.6863e-05
-0.00309902
0.000295718
-0.00305233
0.000511482
-0.00299248
0.00072232
-0.00291798
0.000925275
-0.00282759
0.00111901
-0.0027211
0.00130161
-0.00259864
0.00147105
-0.00245979
0.00162491
-0.00230388
0.0017624
-0.00213393
0.00188163
-0.00194792
0.00198173
-0.00174997
0.0020605
-0.00153838
0.00211748
-0.00131808
0.00215278
-0.00108918
0.00216437
-0.000852611
0.00215418
-0.000614834
0.00212169
-0.000375121
0.00206684
-0.000137255
0.00199127
9.46542e-05
0.001896
0.000318996
0.00178325
0.000532423
0.00165447
0.000732337
0.00151166
0.00091595
0.00135744
0.00108137
0.00119544
0.0012257
0.00102749
0.00134766
0.000857784
0.00144515
0.000686973
0.00152019
0.000518833
0.00157023
0.00035611
0.00159538
0.000200034
0.0015995
5.38609e-05
0.001579
-8.20676e-05
0.00154018
-0.000205654
0.00148263
-0.000316561
0.00140888
-0.000413901
0.00132087
-0.000497488
0.0012212
-0.000567341
0.0011126
-0.000623706
0.000997281
-0.000667031
0.000876938
-0.000697997
0.000754292
-0.000717504
0.000631448
-0.000726479
0.000509705
-0.00072599
0.000390727
-0.000716892
0.000276096
-0.000700045
0.000166579
-0.000677155
6.42639e-05
-0.000649106
-3.14733e-05
-0.000616155
-0.000119781
-0.000579878
-0.000199805
-0.000541188
-0.000272075
-0.000500259
-0.000336256
-0.000458526
-0.000391973
-0.000415857
-0.000440016
-0.000373543
-0.000480055
-0.000331247
-0.000512972
-0.000290075
-0.000538772
-0.000250063
-0.000557677
-0.00021135
-0.000570569
-0.000174525
-0.000577269
-0.000139565
-0.000578829
-0.000106363
-0.000575494
-7.54787e-05
-0.000567654
-4.68084e-05
-0.000555734
-2.03591e-05
-0.000540287
4.23226e-06
-0.000522167
2.6509e-05
-0.000501081
4.66853e-05
-0.00047775
6.4821e-05
-0.000452463
8.09544e-05
-0.000425516
9.51306e-05
-0.000397061
0.000107441
-0.000367632
0.000117979
-0.000337448
0.000126709
-0.000306601
0.000133823
-0.000275578
0.000139344
-0.000244412
0.000143392
-0.000213594
0.000145994
-0.000183105
0.000147328
-0.000153356
0.000147495
-0.000124566
0.000146605
-9.67512e-05
0.00014476
-7.0132e-05
0.000142022
-4.47731e-05
0.000138556
-2.07321e-05
0.000134423
1.86543e-06
0.000129686
2.30996e-05
0.000124417
4.28823e-05
0.000118685
6.11997e-05
0.000112515
7.7946e-05
0.000106032
9.30368e-05
9.93437e-05
0.000106514
9.24907e-05
0.000118375
8.55112e-05
0.000128701
7.85195e-05
0.000137499
7.14259e-05
0.000144963
6.43782e-05
0.000150902
5.74029e-05
0.000155437
5.04927e-05
0.000158569
4.37699e-05
0.000160338
3.72546e-05
0.000160788
3.09757e-05
0.000160081
2.49466e-05
0.000158325
1.9186e-05
0.000155577
1.37121e-05
0.000151926
8.53848e-06
0.000147454
3.69625e-06
0.000142173
-8.62779e-07
0.000136205
-5.02755e-06
0.000129628
-8.82334e-06
0.000122519
-1.22742e-05
0.000115167
-1.54144e-05
0.000107625
-1.82682e-05
9.99335e-05
-2.0844e-05
9.21068e-05
-2.3126e-05
8.40517e-05
-2.50919e-05
7.58327e-05
-2.67325e-05
6.75219e-05
-2.80585e-05
5.92744e-05
-2.90941e-05
5.11875e-05
-2.98633e-05
4.33936e-05
-3.0386e-05
3.586e-05
-3.06781e-05
2.86694e-05
-3.07535e-05
2.18435e-05
-3.06445e-05
1.5488e-05
-3.03748e-05
9.58474e-06
-2.99641e-05
4.15961e-06
-2.94348e-05
-7.74293e-07
-2.88062e-05
-5.2395e-06
-2.81009e-05
-9.17989e-06
-2.7367e-05
-1.26532e-05
-2.66179e-05
-1.56789e-05
-2.58735e-05
-1.85007e-05
-2.51055e-05
-2.12265e-05
-2.42753e-05
-2.40543e-05
-2.3346e-05
-2.69539e-05
-2.23063e-05
-2.9819e-05
-2.11719e-05
-3.25069e-05
-1.99685e-05
-3.49362e-05
-1.87049e-05
-3.71574e-05
-1.7351e-05
-3.92392e-05
-1.58904e-05
-4.11516e-05
-1.4334e-05
-4.25679e-05
-1.27619e-05
-4.3253e-05
-1.12641e-05
-4.30098e-05
-9.92866e-06
-4.20315e-05
-8.77195e-06
-4.07424e-05
-7.74594e-06
-3.96552e-05
-6.75296e-06
-3.91334e-05
-5.72935e-06
-3.91512e-05
-4.6633e-06
-3.94374e-05
-3.5782e-06
-3.98523e-05
-2.47409e-06
-4.03901e-05
-1.30292e-06
-4.12467e-05
-4.22361e-05
9.81588e-05
-0.00967734
0.000186701
-0.00981684
0.000256131
-0.00995759
0.000295212
-0.0101121
0.000295044
-0.0102771
0.000240563
-0.0104502
0.000163937
-0.0106011
-0.0108027
-0.000439468
-0.00379644
-0.000779387
-0.0037047
-0.00108415
-0.00368268
-0.00131163
-0.00361626
-0.00147126
-0.00354775
-0.0015692
-0.00348302
-0.00161358
-0.00342958
-0.00161401
-0.00338602
-0.00157703
-0.0033573
-0.00150701
-0.00334163
-0.00141128
-0.00333393
-0.00129114
-0.00333629
-0.00115191
-0.00334357
-0.000994433
-0.00335263
-0.000822591
-0.0033614
-0.000639082
-0.00336671
-0.000446268
-0.00336629
-0.000246506
-0.00335732
-4.22751e-05
-0.00333749
0.000164214
-0.00330551
0.000370665
-0.00325878
0.000574817
-0.00319663
0.000774146
-0.00311731
0.000967329
-0.00302077
0.0011516
-0.00290538
0.00132485
-0.00277188
0.00148509
-0.00262004
0.00163109
-0.00244988
0.00176053
-0.00226337
0.00187223
-0.00205962
0.00196457
-0.00184232
0.0020361
-0.00160991
0.0020874
-0.00136937
0.00211599
-0.00111777
0.00212263
-0.000859253
0.00210721
-0.000599407
0.0020696
-0.000337516
0.0020111
-7.87502e-05
0.00193235
0.000173398
0.00183417
0.000417175
0.00171868
0.000647918
0.00158798
0.000863036
0.00144478
0.00105915
0.00129109
0.00123506
0.00112995
0.00138683
0.000964147
0.00151347
0.000795765
0.00161353
0.000628569
0.00168739
0.000465246
0.00173355
0.000306611
0.00175402
0.000156717
0.0017494
1.58439e-05
0.00171988
-0.000113483
0.0016695
-0.000230718
0.00159986
-0.000334726
0.00151289
-0.00042523
0.00141137
-0.00050195
0.00129792
-0.000565143
0.00117579
-0.000615204
0.00104734
-0.000652696
0.000914431
-0.000678193
0.000779788
-0.000692755
0.00064601
-0.000697451
0.000514401
-0.000693186
0.000386462
-0.000681258
0.000264168
-0.000662756
0.000148077
-0.000637988
3.9496e-05
-0.000608619
-6.08432e-05
-0.000575673
-0.000152726
-0.000539378
-0.0002361
-0.000501135
-0.000310318
-0.000461479
-0.000375912
-0.000420857
-0.000432594
-0.000380227
-0.000480646
-0.00033964
-0.000520642
-0.000299809
-0.000552803
-0.00026106
-0.000577521
-0.000223323
-0.000595414
-0.000187435
-0.000606458
-0.000153112
-0.000611591
-0.000120574
-0.000611366
-9.02504e-05
-0.000605818
-6.2089e-05
-0.000595816
-3.56668e-05
-0.000582157
-1.14523e-05
-0.000564501
1.0626e-05
-0.000544245
3.07143e-05
-0.000521169
4.88313e-05
-0.000495867
6.50384e-05
-0.00046867
7.94031e-05
-0.00043988
9.19854e-05
-0.000409643
0.000102792
-0.000378438
0.000111959
-0.000346615
0.000119574
-0.000314215
0.000125608
-0.000281613
0.000130252
-0.000249056
0.000133467
-0.000216809
0.000135451
-0.000185089
0.000136282
-0.000154188
0.000136038
-0.000124322
0.000134833
-9.55458e-05
0.000132787
-6.80867e-05
0.000130004
-4.19896e-05
0.000126563
-1.72915e-05
0.000122554
5.87472e-06
0.000118012
2.7641e-05
0.000112996
4.78987e-05
0.00010756
6.66361e-05
0.000101778
8.3728e-05
9.57468e-05
9.90677e-05
8.95184e-05
0.000112743
8.31659e-05
0.000124727
7.67815e-05
0.000135085
7.03061e-05
0.000143974
6.38637e-05
0.000151405
5.73814e-05
0.000157384
5.09897e-05
0.000161829
4.47477e-05
0.000164811
3.86431e-05
0.000166442
3.27408e-05
0.00016669
2.70681e-05
0.000165754
2.16302e-05
0.000163763
1.64428e-05
0.000160764
1.15207e-05
0.000156848
6.87043e-06
0.000152104
2.48377e-06
0.000146559
-1.56968e-06
0.000140259
-5.27684e-06
0.000133335
-8.64078e-06
0.000125883
-1.1687e-05
0.000118213
-1.44542e-05
0.000110392
-1.69697e-05
0.000102449
-1.92429e-05
9.438e-05
-2.12541e-05
8.60629e-05
-2.29773e-05
7.75559e-05
-2.44016e-05
6.89462e-05
-2.55388e-05
6.04117e-05
-2.64143e-05
5.2063e-05
-2.70522e-05
4.40316e-05
-2.7472e-05
3.62798e-05
-2.7684e-05
2.88814e-05
-2.77033e-05
2.18628e-05
-2.75599e-05
1.53446e-05
-2.72753e-05
9.30018e-06
-2.68672e-05
3.75148e-06
-2.63574e-05
-1.28409e-06
-2.57604e-05
-5.83648e-06
-2.50954e-05
-9.84491e-06
-2.44156e-05
-1.3333e-05
-2.373e-05
-1.63645e-05
-2.30637e-05
-1.9167e-05
-2.23825e-05
-2.19078e-05
-2.16467e-05
-2.47902e-05
-2.08164e-05
-2.77843e-05
-1.98811e-05
-3.07544e-05
-1.88592e-05
-3.35288e-05
-1.77794e-05
-3.6016e-05
-1.66506e-05
-3.82862e-05
-1.54385e-05
-4.04514e-05
-1.41204e-05
-4.24696e-05
-1.27053e-05
-4.3983e-05
-1.12736e-05
-4.46847e-05
-9.91546e-06
-4.4368e-05
-8.72273e-06
-4.32243e-05
-7.71073e-06
-4.17544e-05
-6.82621e-06
-4.05397e-05
-5.96665e-06
-3.9993e-05
-5.06885e-06
-4.0049e-05
-4.12616e-06
-4.03801e-05
-3.17109e-06
-4.08073e-05
-2.20555e-06
-4.13557e-05
-1.17242e-06
-4.22798e-05
-4.34085e-05
5.05216e-05
-0.00972786
9.60256e-05
-0.00986234
0.000130731
-0.0099923
0.000149312
-0.0101306
0.000147532
-0.0102753
0.000120232
-0.0104229
8.03549e-05
-0.0105612
-0.0107224
-0.00032333
-0.00347311
-0.000590434
-0.0034376
-0.000829779
-0.00344334
-0.00102224
-0.00342379
-0.00116855
-0.00340145
-0.00126971
-0.00338186
-0.00132854
-0.00337075
-0.00134677
-0.00336778
-0.00132976
-0.00337431
-0.00128296
-0.00338843
-0.00120794
-0.00340896
-0.00110843
-0.0034358
-0.000988576
-0.00346342
-0.00084891
-0.0034923
-0.000694039
-0.00351627
-0.000526344
-0.0035344
-0.000348243
-0.00354439
-0.000162251
-0.00354331
2.90411e-05
-0.00352878
0.000223143
-0.00349961
0.000417847
-0.00345349
0.000610707
-0.00338949
0.000799669
-0.00330628
0.000982122
-0.00320323
0.00115652
-0.00307977
0.00132029
-0.00293565
0.00147156
-0.00277131
0.00160883
-0.00258714
0.00172993
-0.00238447
0.00183422
-0.00216391
0.00191899
-0.00192709
0.00198509
-0.00167602
0.00203025
-0.00141453
0.00205339
-0.00114091
0.00205611
-0.000861969
0.00203639
-0.000579688
0.0019958
-0.000296922
0.00193465
-1.76092e-05
0.00185405
0.000254001
0.00175529
0.000515941
0.00163964
0.000763563
0.00150963
0.000993052
0.00136748
0.00120129
0.00121598
0.00138656
0.00105783
0.00154498
0.000895886
0.00167541
0.000731955
0.00177747
0.000569898
0.00184945
0.000411887
0.00189157
0.00026018
0.00190572
0.000117029
0.00189255
-1.66522e-05
0.00185356
-0.000138766
0.00179162
-0.00024866
0.00170976
-0.000345067
0.0016093
-0.000428225
0.00149453
-0.000497823
0.00136752
-0.000554511
0.00123248
-0.000598506
0.00109134
-0.000630479
0.000946404
-0.000651394
0.000800703
-0.000661966
0.000656581
-0.000663298
0.000515733
-0.000656356
0.00037952
-0.000642086
0.000249899
-0.000621711
0.000127701
-0.000596387
1.41726e-05
-0.000566987
-9.02433e-05
-0.000533825
-0.000185889
-0.000498476
-0.000271448
-0.00046144
-0.000347355
-0.000423124
-0.000414229
-0.00038465
-0.000471067
-0.000345776
-0.000519521
-0.000307685
-0.000558732
-0.000270182
-0.000590306
-0.000233911
-0.000613792
-0.000199132
-0.000630193
-0.000165501
-0.000640088
-0.000133959
-0.000643133
-0.000104266
-0.000641059
-7.62059e-05
-0.000633878
-5.0407e-05
-0.000621614
-2.66819e-05
-0.000605882
-4.90878e-06
-0.000586275
1.52344e-05
-0.000564389
3.33061e-05
-0.000539241
4.9536e-05
-0.000512097
6.4007e-05
-0.000483141
7.6733e-05
-0.000452606
8.78242e-05
-0.000420735
9.73409e-05
-0.000387955
0.000105356
-0.000354631
0.000111895
-0.000320753
0.000117064
-0.000286782
0.000120907
-0.000252899
0.000123538
-0.000219441
0.000124969
-0.000186519
0.000125367
-0.000154586
0.000124839
-0.000123794
0.000123467
-9.41736e-05
0.000121359
-6.59789e-05
0.000118547
-3.91783e-05
0.000115184
-1.39281e-05
0.000111335
9.72346e-06
0.000107029
3.1947e-05
0.000102316
5.2612e-05
9.7235e-05
7.17172e-05
9.18576e-05
8.91054e-05
8.62421e-05
0.000104683
8.04827e-05
0.000118502
7.46486e-05
0.000130561
6.87745e-05
0.00014096
6.28828e-05
0.000149866
5.69809e-05
0.000157307
5.10999e-05
0.000163265
4.5277e-05
0.000167652
3.95849e-05
0.000170503
3.40656e-05
0.000171961
2.87377e-05
0.000172018
2.36215e-05
0.00017087
1.87276e-05
0.000168657
1.40705e-05
0.000165421
9.65345e-06
0.000161265
5.47592e-06
0.000156282
1.56874e-06
0.000150467
-2.0526e-06
0.00014388
-5.34977e-06
0.000136632
-8.32798e-06
0.000128862
-1.10138e-05
0.000120899
-1.34511e-05
0.00011283
-1.56687e-05
0.000104667
-1.76761e-05
9.63874e-05
-1.94499e-05
8.78367e-05
-2.09622e-05
7.90682e-05
-2.22004e-05
7.01844e-05
-2.31762e-05
6.13875e-05
-2.39169e-05
5.28037e-05
-2.4447e-05
4.45617e-05
-2.47838e-05
3.66165e-05
-2.49335e-05
2.9031e-05
-2.49108e-05
2.18401e-05
-2.47447e-05
1.51785e-05
-2.44559e-05
9.01137e-06
-2.40588e-05
3.3544e-06
-2.35739e-05
-1.76905e-06
-2.30123e-05
-6.39807e-06
-2.23904e-05
-1.04668e-05
-2.17629e-05
-1.39606e-05
-2.1138e-05
-1.69894e-05
-2.05436e-05
-1.97615e-05
-1.9941e-05
-2.25103e-05
-1.92906e-05
-2.54406e-05
-1.855e-05
-2.85249e-05
-1.77096e-05
-3.15947e-05
-1.67899e-05
-3.44485e-05
-1.58219e-05
-3.6984e-05
-1.48155e-05
-3.92926e-05
-1.37328e-05
-4.15341e-05
-1.25457e-05
-4.36567e-05
-1.12611e-05
-4.52677e-05
-9.95807e-06
-4.59878e-05
-8.72763e-06
-4.55985e-05
-7.66387e-06
-4.4288e-05
-6.78009e-06
-4.26382e-05
-6.01897e-06
-4.13008e-05
-5.27455e-06
-4.07374e-05
-4.48529e-06
-4.08382e-05
-3.65039e-06
-4.1215e-05
-2.80898e-06
-4.16488e-05
-1.96634e-06
-4.21983e-05
-1.05504e-06
-4.31911e-05
-4.44635e-05
2.85854e-05
-0.00975644
5.40768e-05
-0.00988783
7.27877e-05
-0.010011
8.20631e-05
-0.0101399
7.96732e-05
-0.0102729
6.43443e-05
-0.0104075
4.17796e-05
-0.0105387
-0.0106806
-0.000253115
-0.00322
-0.000472937
-0.00321778
-0.000672588
-0.00324368
-0.000842029
-0.00325435
-0.000975833
-0.00326764
-0.0010727
-0.003285
-0.00113338
-0.00331006
-0.0011602
-0.00334097
-0.00115514
-0.00337937
-0.00112042
-0.00342315
-0.00105808
-0.00347129
-0.000971946
-0.00352194
-0.000863836
-0.00357153
-0.000738393
-0.00361774
-0.000596588
-0.00365808
-0.000441644
-0.00368934
-0.000275857
-0.00371018
-0.00010197
-0.0037172
7.73981e-05
-0.00370815
0.000259854
-0.00368207
0.00044324
-0.00363687
0.000625107
-0.00357136
0.000803167
-0.00348434
0.000975304
-0.00337536
0.00113956
-0.00324403
0.00129346
-0.00308955
0.00143547
-0.00291333
0.00156415
-0.00271582
0.00167702
-0.00249734
0.0017737
-0.00226058
0.00185204
-0.00200543
0.00191202
-0.001736
0.00195152
-0.00145403
0.00197085
-0.00116025
0.00196983
-0.00086095
0.00194786
-0.000557714
0.00190556
-0.000254619
0.00184376
4.41884e-05
0.0017629
0.000334857
0.00166461
0.000614238
0.00155084
0.000877325
0.0014226
0.00112129
0.00128386
0.00134004
0.00113609
0.00153432
0.000982659
0.00169842
0.000826187
0.00183188
0.000668337
0.00193532
0.000512984
0.0020048
0.000362139
0.00204241
0.000217946
0.00204992
8.25746e-05
0.00202792
-4.32633e-05
0.00197939
-0.000157462
0.00190582
-0.00025937
0.00181167
-0.000348409
0.00169834
-0.000424472
0.0015706
-0.000487557
0.00143061
-0.00053786
0.00128278
-0.000576194
0.00112967
-0.00060329
0.0009735
-0.000619997
0.00081741
-0.000627048
0.000663633
-0.000625343
0.000514029
-0.000616197
0.000370374
-0.000600516
0.000234218
-0.000579361
0.000106546
-0.000553958
-1.1231e-05
-0.000524408
-0.000119793
-0.000492248
-0.000218049
-0.000458295
-0.000305402
-0.000422538
-0.000383111
-0.000386366
-0.000450401
-0.000349615
-0.000507818
-0.000313429
-0.000555707
-0.000277532
-0.000594629
-0.000242873
-0.000624965
-0.000209001
-0.000647664
-0.000176716
-0.000662478
-0.000145955
-0.00067085
-0.000116917
-0.000672171
-8.96771e-05
-0.000668299
-6.43301e-05
-0.000659225
-4.07913e-05
-0.000645153
-1.92144e-05
-0.000627459
5.75545e-07
-0.000606065
1.84492e-05
-0.000582262
3.46174e-05
-0.000555409
4.90863e-05
-0.000526566
6.195e-05
-0.000496004
7.32475e-05
-0.000463904
8.30423e-05
-0.000430529
9.1392e-05
-0.000396305
9.83431e-05
-0.000361582
0.000104009
-0.000326419
0.000108416
-0.000291189
0.000111617
-0.0002561
0.000113697
-0.000221521
0.000114761
-0.000187583
0.000114832
-0.000154657
0.000114092
-0.000123053
0.000112597
-9.26788e-05
0.00011045
-6.38322e-05
0.00010775
-3.64786e-05
0.000104497
-1.06744e-05
0.000100851
1.33696e-05
9.68092e-05
3.59884e-05
9.24137e-05
5.70075e-05
8.76997e-05
7.64311e-05
8.27204e-05
9.40847e-05
7.75185e-05
0.000109885
7.22288e-05
0.000123792
6.68946e-05
0.000135895
6.15277e-05
0.000146326
5.61741e-05
0.000155219
5.08029e-05
0.000162678
4.54701e-05
0.000168598
4.01801e-05
0.000172942
3.50221e-05
0.000175661
3.00335e-05
0.00017695
2.52287e-05
0.000176823
2.06299e-05
0.000175469
1.62359e-05
0.000173051
1.20606e-05
0.000169596
8.10677e-06
0.000165219
4.36796e-06
0.000160021
8.75217e-07
0.000153959
-2.3591e-06
0.000147114
-5.28949e-06
0.000139562
-7.92491e-06
0.000131497
-1.02916e-05
0.000123266
-1.24371e-05
0.000114975
-1.43914e-05
0.000106621
-1.61659e-05
9.81619e-05
-1.7733e-05
8.94039e-05
-1.90612e-05
8.03964e-05
-2.01385e-05
7.12617e-05
-2.09759e-05
6.22249e-05
-2.16025e-05
5.34303e-05
-2.20441e-05
4.50033e-05
-2.23138e-05
3.68862e-05
-2.24162e-05
2.91334e-05
-2.23632e-05
2.1787e-05
-2.21853e-05
1.50007e-05
-2.18996e-05
8.72566e-06
-2.15187e-05
2.97353e-06
-2.10629e-05
-2.22487e-06
-2.0538e-05
-6.92293e-06
-1.99602e-05
-1.10446e-05
-1.93831e-05
-1.45378e-05
-1.88158e-05
-1.75567e-05
-1.82867e-05
-2.02905e-05
-1.77557e-05
-2.30414e-05
-1.71818e-05
-2.60145e-05
-1.65217e-05
-2.9185e-05
-1.57669e-05
-3.23496e-05
-1.49399e-05
-3.52755e-05
-1.40737e-05
-3.78502e-05
-1.3178e-05
-4.01882e-05
-1.22124e-05
-4.24997e-05
-1.11446e-05
-4.47245e-05
-9.98025e-06
-4.6432e-05
-8.7969e-06
-4.71711e-05
-7.68343e-06
-4.67119e-05
-6.73507e-06
-4.52364e-05
-5.96399e-06
-4.34093e-05
-5.30961e-06
-4.19552e-05
-4.66441e-06
-4.13826e-05
-3.96938e-06
-4.15333e-05
-3.22917e-06
-4.19552e-05
-2.48747e-06
-4.23905e-05
-1.75321e-06
-4.29326e-05
-9.49403e-07
-4.3995e-05
-4.54129e-05
1.86266e-05
-0.00977507
3.44877e-05
-0.00990369
4.55973e-05
-0.0100221
5.07466e-05
-0.0101451
4.85998e-05
-0.0102708
3.90114e-05
-0.0103979
2.45635e-05
-0.0105242
-0.0106561
-0.00021232
-0.00300768
-0.000401542
-0.00302856
-0.000575209
-0.00307002
-0.000726227
-0.00310334
-0.000848519
-0.00314535
-0.000939628
-0.00319389
-0.000999904
-0.00324978
-0.00102866
-0.00331221
-0.00102727
-0.00338076
-0.000998024
-0.00345239
-0.000942799
-0.00352652
-0.000866516
-0.00359822
-0.000768115
-0.00366993
-0.000652793
-0.00373306
-0.000521396
-0.00378947
-0.000376973
-0.00383377
-0.000221727
-0.00386542
-5.94561e-05
-0.00387947
0.000108458
-0.00387606
0.000279815
-0.00385342
0.000451942
-0.003809
0.000622699
-0.00374211
0.000790042
-0.00365168
0.000951832
-0.00353715
0.00110558
-0.00339777
0.00124978
-0.00323375
0.00138276
-0.0030463
0.00150259
-0.00283565
0.0016077
-0.00260245
0.00169689
-0.00234977
0.00176851
-0.00207705
0.00182315
-0.00179063
0.00185805
-0.00148894
0.00187369
-0.00117588
0.00187001
-0.00085727
0.00184657
-0.000534273
0.00180252
-0.000210572
0.00174045
0.000106263
0.00166067
0.000414632
0.00156475
0.000710164
0.00145415
0.000987918
0.00133123
0.00124421
0.00119673
0.00147454
0.00105411
0.00167695
0.000906593
0.00184593
0.000756705
0.00198177
0.000606377
0.00208564
0.00045893
0.00215225
0.000316898
0.00218444
0.000180372
0.00218644
5.36832e-05
0.00215461
-6.43842e-05
0.00209746
-0.000170222
0.00201165
-0.000264163
0.00190561
-0.000345629
0.0017798
-0.00041459
0.00163956
-0.000471208
0.00148722
-0.000515964
0.00132754
-0.000549313
0.00116302
-0.000572056
0.000996243
-0.000584884
0.000830238
-0.000588894
0.000667643
-0.000585084
0.000510218
-0.000574432
0.000359722
-0.000558046
0.000217832
-0.000536662
8.51618e-05
-0.000511111
-3.67812e-05
-0.000482562
-0.000148342
-0.000451746
-0.000248865
-0.00041892
-0.000338228
-0.000385225
-0.000416807
-0.000351013
-0.000484614
-0.00031669
-0.00054214
-0.000282841
-0.000589556
-0.0002496
-0.000627869
-0.000217361
-0.000657204
-0.000186328
-0.000678697
-0.000156616
-0.00069219
-0.000128523
-0.000698943
-0.000101933
-0.00069876
-7.71024e-05
-0.00069313
-5.41667e-05
-0.000682161
-3.28407e-05
-0.000666479
-1.33646e-05
-0.000646935
4.40872e-06
-0.000623838
2.04305e-05
-0.000598284
3.4879e-05
-0.000569858
4.77757e-05
-0.000539463
5.92142e-05
-0.000507443
6.92119e-05
-0.000473902
7.78608e-05
-0.000439178
8.51445e-05
-0.000403589
9.12145e-05
-0.000367652
9.61103e-05
-0.000331315
9.98579e-05
-0.000294937
0.000102533
-0.000258775
0.000104184
-0.000223172
0.000104898
-0.000188297
0.000104778
-0.000154537
0.000103885
-0.00012216
0.000102337
-9.1131e-05
0.000100217
-6.17121e-05
9.76009e-05
-3.38628e-05
9.45441e-05
-7.61755e-06
9.11132e-05
1.68005e-05
8.73503e-05
3.97514e-05
8.32798e-05
6.10779e-05
7.89326e-05
8.07784e-05
7.43358e-05
9.86815e-05
6.95568e-05
0.000114664
6.47151e-05
0.000128634
5.98507e-05
0.00014076
5.49781e-05
0.000151199
5.01251e-05
0.000160073
4.52601e-05
0.000167543
4.04244e-05
0.000173434
3.56393e-05
0.000177727
3.098e-05
0.00018032
2.6496e-05
0.000181434
2.21771e-05
0.000181142
1.80449e-05
0.000179601
1.41104e-05
0.000176985
1.03697e-05
0.000173337
6.8321e-06
0.000168757
3.496e-06
0.000163357
3.58704e-07
0.000157097
-2.53059e-06
0.000150004
-5.13356e-06
0.000142165
-7.46353e-06
0.000133827
-9.54728e-06
0.00012535
-1.14356e-05
0.000116864
-1.31587e-05
0.000108344
-1.47281e-05
9.97312e-05
-1.6114e-05
9.07898e-05
-1.72818e-05
8.15642e-05
-1.82201e-05
7.22e-05
-1.89398e-05
6.29446e-05
-1.94699e-05
5.39603e-05
-1.98386e-05
4.53721e-05
-2.00543e-05
3.7102e-05
-2.01215e-05
2.92006e-05
-2.00473e-05
2.17128e-05
-1.98645e-05
1.48179e-05
-1.95873e-05
8.44845e-06
-1.92263e-05
2.61255e-06
-1.88014e-05
-2.64975e-06
-1.83144e-05
-7.41002e-06
-1.77809e-05
-1.15781e-05
-1.72521e-05
-1.50665e-05
-1.67386e-05
-1.80701e-05
-1.62684e-05
-2.07608e-05
-1.58011e-05
-2.35087e-05
-1.52957e-05
-2.65199e-05
-1.4708e-05
-2.97726e-05
-1.40308e-05
-3.30268e-05
-1.32878e-05
-3.60185e-05
-1.25127e-05
-3.86254e-05
-1.17168e-05
-4.09842e-05
-1.08573e-05
-4.33592e-05
-9.89867e-06
-4.56831e-05
-8.84517e-06
-4.74855e-05
-7.77155e-06
-4.82447e-05
-6.76473e-06
-4.77188e-05
-5.92023e-06
-4.60809e-05
-5.24843e-06
-4.40811e-05
-4.68664e-06
-4.2517e-05
-4.1268e-06
-4.19424e-05
-3.51338e-06
-4.21467e-05
-2.85657e-06
-4.2612e-05
-2.20276e-06
-4.30443e-05
-1.56306e-06
-4.35723e-05
-8.54145e-07
-4.47039e-05
-4.62671e-05
1.50562e-05
-0.00979013
2.56011e-05
-0.00991424
3.2892e-05
-0.0100294
3.59447e-05
-0.0101481
3.40144e-05
-0.0102688
2.72045e-05
-0.0103911
1.66819e-05
-0.0105137
-0.0106394
-0.000187141
-0.00282054
-0.000353075
-0.00286262
-0.000506828
-0.00291627
-0.000646004
-0.00296416
-0.000757837
-0.00303352
-0.000841537
-0.00311019
-0.000899027
-0.00319229
-0.000927052
-0.00328419
-0.000927609
-0.00338021
-0.000902588
-0.00347741
-0.000853288
-0.00357582
-0.000781804
-0.00366971
-0.000693016
-0.00375872
-0.00058465
-0.00384143
-0.000461862
-0.00391226
-0.000327554
-0.00396808
-0.000182916
-0.00401006
-3.07058e-05
-0.00403168
0.00012676
-0.00403353
0.000287073
-0.00401374
0.000448158
-0.00397009
0.000608176
-0.00390213
0.000764621
-0.00380812
0.00091571
-0.00368824
0.00105961
-0.00354168
0.00119385
-0.00336799
0.00131761
-0.00317006
0.00142893
-0.00294697
0.00152572
-0.00269924
0.00160791
-0.00243196
0.00167386
-0.002143
0.00172235
-0.00183913
0.001754
-0.00152058
0.00176694
-0.00118882
0.00176062
-0.000850949
0.00173558
-0.000509233
0.00169113
-0.00016612
0.00163137
0.00016602
0.00155403
0.000491969
0.00146122
0.000802981
0.0013545
0.00109464
0.00123592
0.00136279
0.00110804
0.00160242
0.000972787
0.0018122
0.000831636
0.00198708
0.000689542
0.00212387
0.00054845
0.00222674
0.000408581
0.00229211
0.000274666
0.00231836
0.000147381
0.00231373
2.90951e-05
0.00227289
-7.98828e-05
0.00220644
-0.000177663
0.00210943
-0.000263806
0.00199175
-0.000338005
0.001854
-0.00039999
0.00170154
-0.000450564
0.0015378
-0.000490091
0.00136706
-0.000518963
0.00119189
-0.000537657
0.00101494
-0.000547447
0.000840029
-0.000549292
0.000669488
-0.000543986
0.000504912
-0.000532389
0.000348125
-0.000515396
0.000200839
-0.000494051
6.38174e-05
-0.000469367
-6.14658e-05
-0.000441934
-0.000175775
-0.000412556
-0.000278242
-0.000381527
-0.000369258
-0.000349871
-0.000448462
-0.000317788
-0.000516697
-0.000285937
-0.000573991
-0.000254488
-0.000621005
-0.000223906
-0.000658452
-0.000194202
-0.000686908
-0.000165802
-0.000707097
-0.00013861
-0.000719382
-0.000112968
-0.000724585
-8.87992e-05
-0.000722929
-6.62658e-05
-0.000715663
-4.55276e-05
-0.000702899
-2.62855e-05
-0.000685721
-8.78198e-06
-0.000664438
7.15311e-06
-0.000639773
2.14952e-05
-0.000612626
3.43668e-05
-0.000582729
4.58391e-05
-0.000550935
5.60009e-05
-0.000517605
6.48482e-05
-0.000482749
7.24422e-05
-0.000446772
7.88315e-05
-0.000409978
8.41237e-05
-0.000372944
8.83546e-05
-0.000335546
9.15484e-05
-0.00029813
9.37771e-05
-0.000261003
9.50816e-05
-0.000224477
9.55426e-05
-0.000188758
9.5255e-05
-0.000154249
9.42847e-05
-0.00012119
9.27335e-05
-8.95798e-05
9.06718e-05
-5.96505e-05
8.81887e-05
-3.13797e-05
8.53033e-05
-4.73207e-06
8.21228e-05
1.99809e-05
7.86441e-05
4.323e-05
7.48974e-05
6.48247e-05
7.08968e-05
8.47789e-05
6.6693e-05
0.000102885
6.23199e-05
0.000119037
5.79012e-05
0.000133052
5.34795e-05
0.000145182
4.9088e-05
0.00015559
4.46857e-05
0.000164475
4.03082e-05
0.000171921
3.59158e-05
0.000177826
3.16004e-05
0.000182042
2.74141e-05
0.000184506
2.33624e-05
0.000185486
1.94894e-05
0.000185015
1.57935e-05
0.000183297
1.22659e-05
0.000180513
8.90434e-06
0.000176699
5.74067e-06
0.00017192
2.76971e-06
0.000166328
-3.23848e-08
0.000159899
-2.59868e-06
0.00015257
-4.90979e-06
0.000144476
-6.9693e-06
0.000135886
-8.80365e-06
0.000127184
-1.04654e-05
0.000118525
-1.19846e-05
0.000109863
-1.33733e-05
0.00010112
-1.46003e-05
9.20168e-05
-1.56283e-05
8.25922e-05
-1.6446e-05
7.30176e-05
-1.70652e-05
6.35638e-05
-1.75138e-05
5.4409e-05
-1.78234e-05
4.56816e-05
-1.79952e-05
3.72738e-05
-1.80361e-05
2.92415e-05
-1.79475e-05
2.16242e-05
-1.77664e-05
1.46368e-05
-1.75003e-05
8.18235e-06
-1.71618e-05
2.27404e-06
-1.67697e-05
-3.04184e-06
-1.63199e-05
-7.8598e-06
-1.58294e-05
-1.20686e-05
-1.53465e-05
-1.55494e-05
-1.48829e-05
-1.85338e-05
-1.44655e-05
-2.11782e-05
-1.40552e-05
-2.3919e-05
-1.36106e-05
-2.69645e-05
-1.30878e-05
-3.02954e-05
-1.24806e-05
-3.3634e-05
-1.18138e-05
-3.66854e-05
-1.11211e-05
-3.9318e-05
-1.04147e-05
-4.16906e-05
-9.65048e-06
-4.41234e-05
-8.79081e-06
-4.65428e-05
-7.83881e-06
-4.84375e-05
-6.8663e-06
-4.92172e-05
-5.95729e-06
-4.86278e-05
-5.20596e-06
-4.68322e-05
-4.62084e-06
-4.46662e-05
-4.13835e-06
-4.29995e-05
-3.65201e-06
-4.24288e-05
-3.11037e-06
-4.26883e-05
-2.52638e-06
-4.3196e-05
-1.94985e-06
-4.36208e-05
-1.3934e-06
-4.41287e-05
-7.68236e-07
-4.5329e-05
-4.70353e-05
1.64891e-05
2.20731e-05
2.70667e-05
2.91969e-05
2.73568e-05
2.20256e-05
1.32665e-05
-0.000171606
-0.000321381
-0.000460841
-0.000592012
-0.000693105
-0.00077248
-0.000823673
-0.000848787
-0.00084916
-0.000825492
-0.000779981
-0.000713791
-0.000628614
-0.00052877
-0.00041477
-0.000288073
-0.000153707
-1.17071e-05
0.000135111
0.000284632
0.000434886
0.000583926
0.000729634
0.000870012
0.00100331
0.00112881
0.00124331
0.00134546
0.00143622
0.00151028
0.00157209
0.00161573
0.00164221
0.00165302
0.00164594
0.00162153
0.0015806
0.00152116
0.00144664
0.00135746
0.00125556
0.00114264
0.00102104
0.000892787
0.000760841
0.000626285
0.000492847
0.000363351
0.000237788
0.000120606
9.64447e-06
-9.07171e-05
-0.000180501
-0.000258855
-0.00032604
-0.000381999
-0.000427205
-0.000461703
-0.00048635
-0.000502047
-0.000509542
-0.000509349
-0.000502623
-0.000490603
-0.000474021
-0.00045337
-0.000429261
-0.000403084
-0.000375372
-0.000346237
-0.000316693
-0.000286954
-0.000257468
-0.000228495
-0.000200412
-0.000173239
-0.000147258
-0.000122549
-9.92082e-05
-7.7314e-05
-5.69356e-05
-3.82487e-05
-2.09341e-05
-5.25863e-06
9.03689e-06
2.18169e-05
3.32701e-05
4.34906e-05
5.24722e-05
6.03228e-05
6.69798e-05
7.26043e-05
7.71875e-05
8.08556e-05
8.36029e-05
8.5448e-05
8.64715e-05
8.67448e-05
8.63312e-05
8.53289e-05
8.3806e-05
8.18372e-05
7.95114e-05
7.68263e-05
7.38763e-05
7.06784e-05
6.72469e-05
6.35844e-05
5.97327e-05
5.57757e-05
5.17481e-05
4.77391e-05
4.37659e-05
3.98116e-05
3.58553e-05
3.19042e-05
2.80326e-05
2.42268e-05
2.05935e-05
1.71156e-05
1.38073e-05
1.0653e-05
7.66413e-06
4.84506e-06
2.18881e-06
-3.02255e-07
-2.58815e-06
-4.64029e-06
-6.45935e-06
-8.07371e-06
-9.53634e-06
-1.08757e-05
-1.21055e-05
-1.31946e-05
-1.4099e-05
-1.48141e-05
-1.53467e-05
-1.5726e-05
-1.59866e-05
-1.61235e-05
-1.61448e-05
-1.60491e-05
-1.58721e-05
-1.5621e-05
-1.53062e-05
-1.49457e-05
-1.45326e-05
-1.40837e-05
-1.36443e-05
-1.32265e-05
-1.28563e-05
-1.24966e-05
-1.21058e-05
-1.1641e-05
-1.10971e-05
-1.04991e-05
-9.88023e-06
-9.25404e-06
-8.57535e-06
-7.80551e-06
-6.94657e-06
-6.06731e-06
-5.24776e-06
-4.57973e-06
-4.0705e-06
-3.6567e-06
-3.23301e-06
-2.75305e-06
-2.23456e-06
-1.72734e-06
-1.24193e-06
-6.90281e-07
)
;

boundaryField
{
    freeSurface
    {
        type            calculated;
        value           nonuniform List<scalar> 
181
(
-0.00980662
-0.00991982
-0.0100344
-0.0101502
-0.010267
-0.0103858
-0.0105049
-0.0106261
-0.00264893
-0.00271285
-0.0027768
-0.00283299
-0.00293242
-0.00303081
-0.0031411
-0.00325907
-0.00337983
-0.00350108
-0.00362133
-0.0037359
-0.0038439
-0.00394127
-0.00402626
-0.00409477
-0.00414443
-0.00417368
-0.00418035
-0.00416326
-0.00412034
-0.00405117
-0.00395383
-0.00382862
-0.00367497
-0.00349349
-0.00328456
-0.00304912
-0.00279001
-0.00250601
-0.00220481
-0.00188277
-0.00154706
-0.00119963
-0.000843865
-0.000484825
-0.000125194
0.000225466
0.000566487
0.000892162
0.00119654
0.00147571
0.00172403
0.00194045
0.00211903
0.00225842
0.00236017
0.00242161
0.00244392
0.00243091
0.00238386
0.0023068
0.00219922
0.0020701
0.00192119
0.0017575
0.001583
0.00140156
0.00121654
0.00103063
0.000847524
0.000669294
0.000498186
0.000336105
0.000184257
4.31657e-05
-8.55749e-05
-0.000201951
-0.000305955
-0.000398393
-0.000478006
-0.000546436
-0.000603478
-0.000649978
-0.000686535
-0.000714081
-0.000733078
-0.000744091
-0.000747925
-0.000744824
-0.000736042
-0.000721586
-0.000703036
-0.000680114
-0.000654068
-0.000625406
-0.000594183
-0.000561156
-0.000526586
-0.0004906
-0.000453429
-0.000415602
-0.000377527
-0.000339214
-0.000300878
-0.000262848
-0.0002255
-0.000189032
-0.000153836
-0.000120187
-8.80569e-05
-5.76817e-05
-2.90539e-05
-2.04702e-06
2.2931e-05
4.64279e-05
6.82562e-05
8.84414e-05
0.000106737
0.000122994
0.00013708
0.000149191
0.000159564
0.000168429
0.000175877
0.000181777
0.000185914
0.000188312
0.000189119
0.000188492
0.000186606
0.000183667
0.000179688
0.000174739
0.000168984
0.00016239
0.000154856
0.000146529
0.000137706
0.000128798
0.000119988
0.000111202
0.00010235
9.3106e-05
8.34967e-05
7.37327e-05
6.40964e-05
5.47883e-05
4.59422e-05
3.74107e-05
2.92628e-05
2.15285e-05
1.44598e-05
7.93122e-06
1.95928e-06
-3.4024e-06
-8.27291e-06
-1.25175e-05
-1.59887e-05
-1.89516e-05
-2.15483e-05
-2.42787e-05
-2.73552e-05
-3.07602e-05
-3.41779e-05
-3.72834e-05
-3.99369e-05
-4.23168e-05
-4.48021e-05
-4.73126e-05
-4.92964e-05
-5.00965e-05
-4.94473e-05
-4.75002e-05
-4.51754e-05
-4.34133e-05
-4.28525e-05
-4.31683e-05
-4.37145e-05
-4.4128e-05
-4.46141e-05
-4.58807e-05
-4.77256e-05
)
;
    }
    walls
    {
        type            calculated;
        value           uniform 0;
    }
    floatingObject
    {
        type            calculated;
        value           nonuniform List<scalar> 
37
(
0.00784089
0.00793272
0.00802454
0.00811748
0.00821267
0.00830785
0.00840471
0.0085027
0.00860124
0.00870146
0.00880281
0.00890527
0.00900885
0.00911355
0.00921993
0.00932688
0.00943606
0.00954524
0.00965666
0
0
0
0
0
0
0
0
0
0
0
0
0
0
0
0
0
0
)
;
    }
    frontAndBack
    {
        type            empty;
    }
}


// ************************************************************************* //
