/*--------------------------------*- C++ -*----------------------------------*\
  =========                 |
  \\      /  F ield         | OpenFOAM: The Open Source CFD Toolbox
   \\    /   O peration     | Website:  https://openfoam.org
    \\  /    A nd           | Version:  12
     \\/     M anipulation  |
\*---------------------------------------------------------------------------*/
FoamFile
{
    format      ascii;
    class       surfaceScalarField;
    location    "18.3";
    object      phi;
}
// * * * * * * * * * * * * * * * * * * * * * * * * * * * * * * * * * * * * * //

dimensions      [1 0 -1 0 0 0 0];

internalField   nonuniform List<scalar> 
7429
(
-0.000135038
0.000135037
-0.000268312
0.000133274
-0.000405663
0.000137351
-0.000548811
0.000143147
-0.00069917
0.000150359
-0.000858209
0.000159039
-0.00102733
0.000169121
-0.00120782
0.000180492
-0.00140086
0.00019304
-0.00160743
0.000206564
-0.00182824
0.000220812
-0.00206379
0.000235548
-0.00231432
0.000250525
-0.00257963
0.000265311
-0.00285926
0.000279637
-0.00315242
0.000293155
-0.00345791
0.000305492
-0.00377427
0.000316353
-0.00409965
0.000325387
-0.00443195
0.000332292
-0.00476872
0.00033677
-0.00510731
0.000338594
-0.00544485
0.000337538
-0.00577829
0.000333442
-0.00610454
0.000326242
-0.00642032
0.000315788
-0.00672251
0.000302187
-0.00700794
0.000285428
-0.00727358
0.000265643
-0.00751652
0.000242934
-0.00773408
0.000217566
-0.00792375
0.000189671
-0.0080833
0.000159545
-0.00821074
0.000127441
-0.00830451
9.37723e-05
-0.00836339
5.88778e-05
-0.00838684
2.34454e-05
-0.00837037
-1.64664e-05
-0.00831248
-5.78935e-05
-0.00821441
-9.80663e-05
-0.00807736
-0.000137047
-0.00790282
-0.000174547
-0.00769259
-0.000210226
-0.00744832
-0.000244269
-0.00717182
-0.000276506
-0.00686488
-0.000306935
-0.0065296
-0.000335279
-0.00616827
-0.000361337
-0.00578362
-0.000384648
-0.00537874
-0.000404876
-0.00495682
-0.000421918
-0.00452158
-0.000435245
-0.00407658
-0.000445
-0.00362578
-0.000450797
-0.00317307
-0.000452715
-0.00272279
-0.000450281
-0.00227919
-0.000443591
-0.0018465
-0.000432694
-0.00142909
-0.000417412
-0.00103113
-0.000397958
-0.000656563
-0.000374568
-0.00030943
-0.000347133
6.50419e-06
-0.000315934
0.000287533
-0.000281028
0.000530432
-0.000242899
0.000732359
-0.000201928
0.000890921
-0.000158562
0.00100375
-0.000112828
0.00107023
-6.64804e-05
0.00108944
-1.92059e-05
0.00105595
3.34833e-05
0.000974159
8.1793e-05
0.000845847
0.000128312
0.000673465
0.000172383
0.000459228
0.000214237
0.000206574
0.000252654
-8.03651e-05
0.00028694
-0.000397006
0.000316641
-0.000737559
0.000340552
-0.00109548
0.000357917
-0.00146409
0.000368617
-0.00183599
0.000371894
-0.00220333
0.000367347
-0.00255818
0.000354849
-0.00289256
0.000334377
-0.00319814
0.000305576
-0.00346739
0.000269251
-0.00369285
0.000225462
-0.00386791
0.000175058
-0.00398677
0.000118865
-0.00404512
5.83495e-05
-0.00403369
-1.14361e-05
-0.00394891
-8.47796e-05
-0.003793
-0.000155908
-0.00356864
-0.000224359
-0.00327929
-0.000289352
-0.00292949
-0.000349803
-0.00252524
-0.000404246
-0.00207403
-0.000451214
-0.00158557
-0.000488456
-0.00107114
-0.000514433
-0.000543106
-0.00052803
-1.52709e-05
-0.000527835
0.000498107
-0.000513378
0.000982404
-0.000484297
0.00142309
-0.000440683
0.00180645
-0.000383362
0.00212007
-0.00031362
0.00235304
-0.000232967
0.00249665
-0.000143612
0.00254556
-4.89077e-05
0.00248738
5.81721e-05
0.0023275
0.000159884
0.00207312
0.000254378
0.00173376
0.00033936
0.00131941
0.000414353
0.000845798
0.00047361
0.000330537
0.000515261
-0.00020544
0.000535977
-0.000739397
0.000533957
-0.00124717
0.000507773
-0.00170524
0.000458065
-0.00209099
0.000385752
-0.00238429
0.000293307
-0.00256909
0.000184798
-0.00263401
6.49173e-05
-0.0025598
-7.42131e-05
-0.00235207
-0.00020773
-0.00202208
-0.000329981
-0.00158318
-0.000438904
-0.00105567
-0.000527507
-0.000464475
-0.000591198
0.00016025
-0.000624725
0.000783037
-0.000622787
0.00136815
-0.000585111
0.0018801
-0.000511949
0.00228621
-0.000406117
0.00255958
-0.000273363
0.00268069
-0.000121112
0.00262825
5.24425e-05
0.00240384
0.000224402
0.00202527
0.000378578
0.00151591
0.000509359
0.000906615
0.000609292
0.000240093
0.000666522
-0.000438184
0.000678276
-0.00107482
0.000636638
-0.00162012
0.000545303
-0.00203036
0.000410239
-0.00227135
0.000240981
-0.00232267
5.13275e-05
-0.00216071
-0.000161964
-0.00181136
-0.000349354
-0.00130501
-0.000506346
-0.00068576
-0.000619248
-9.78423e-06
-0.000675976
0.00065605
-0.000665834
0.00124683
-0.000590782
0.00170217
-0.000455337
0.00197542
-0.000273251
0.00203949
-6.40744e-05
0.00187104
0.000168458
0.00150318
0.000367852
0.000979148
0.000524035
0.000359782
0.000619367
-0.00027956
0.000639341
-0.000856143
0.000576583
-0.00129677
0.000440632
-0.00154551
0.000248738
-0.00157302
2.7504e-05
-0.00136235
-0.000210662
-0.000961394
-0.000400961
-0.000430996
-0.000530398
0.000146146
-0.000577142
0.000672676
-0.000526531
0.00106129
-0.000388614
0.00124501
-0.000183716
0.00117973
6.52794e-05
0.000873922
0.000305805
0.000380543
0.000493379
-0.000219342
0.000599885
-0.000815677
0.000596335
-0.00129692
0.000481238
-0.00157091
0.000273996
-0.00158419
1.32757e-05
-0.00131349
-0.0002707
-0.000820469
-0.000493018
-0.000197672
-0.000622797
0.000431166
-0.000628839
0.000932758
-0.000501592
0.00120501
-0.000272253
0.00119482
1.01922e-05
0.000913031
0.000281788
0.000442508
0.000470523
-9.07569e-05
0.000533265
-0.000538503
0.000447746
-0.000778381
0.000239878
-0.00074424
-3.41412e-05
-0.00045232
-0.00029192
-0.00045232
4.69246e-05
8.8112e-05
0.000107614
7.25839e-05
0.000164285
8.06788e-05
0.000213856
9.35758e-05
0.000253288
0.000110925
0.00027969
0.000132636
0.000289923
0.000158888
0.000281081
0.000189333
0.000250116
0.000224004
0.000194266
0.000262414
0.000111046
0.000304031
-1.31721e-06
0.000347911
-0.000144009
0.000393216
-0.000317538
0.000438839
-0.000521794
0.000483893
-0.000755898
0.000527258
-0.0010183
0.000567892
-0.00130681
0.000604861
-0.00161866
0.000637238
-0.00195054
0.000664168
-0.00229871
0.000684946
-0.00265904
0.000698919
-0.00302727
0.000705768
-0.00339887
0.00070504
-0.00376946
0.000696836
-0.00413412
0.000680442
-0.00448881
0.000656878
-0.00482873
0.000625353
-0.00514985
0.000586757
-0.00544801
0.000541101
-0.0057197
0.000489248
-0.0059614
0.000431377
-0.00617019
0.000368328
-0.00634345
0.000300702
-0.0064789
0.000229221
-0.00657473
0.000154706
-0.00662941
7.81262e-05
-0.00664702
1.14273e-06
-0.00663123
-7.36825e-05
-0.00657821
-0.000151088
-0.00648677
-0.000228482
-0.00635663
-0.000304689
-0.00618801
-0.000378843
-0.00598211
-0.00045017
-0.00574058
-0.000518035
-0.00546577
-0.000581752
-0.00516018
-0.000640867
-0.00482683
-0.000694684
-0.00446873
-0.000742752
-0.00408904
-0.000784568
-0.00369136
-0.000819597
-0.00327925
-0.000847355
-0.0028566
-0.000867648
-0.00242759
-0.000879807
-0.00199651
-0.000883795
-0.00156735
-0.000879437
-0.00114497
-0.00086597
-0.000733579
-0.00084409
-0.000337724
-0.000813267
3.83511e-05
-0.000774032
0.000389957
-0.000726173
0.000712974
-0.00067015
0.00100333
-0.00060629
0.00125695
-0.000534649
0.00147109
-0.000457038
0.00164231
-0.000373148
0.00176814
-0.00028439
0.00184667
-0.00019136
0.00187625
-9.60644e-05
0.00185056
6.48536e-06
0.00177351
0.00011054
0.00164666
0.000208642
0.00147146
0.000303513
0.00124982
0.000394024
0.000984208
0.000479844
0.000678756
0.000558106
0.000337424
0.000628272
-3.38835e-05
0.000687949
-0.000429665
0.000736334
-0.000842764
0.000771016
-0.00126613
0.000791988
-0.00169105
0.000796808
-0.0021096
0.000785895
-0.00251281
0.000758065
-0.00289191
0.000713472
-0.00323842
0.000652089
-0.00354376
0.000574596
-0.0038
0.000481699
-0.00399934
0.000374401
-0.00413638
0.000255901
-0.00420551
0.000127484
-0.00419838
-1.85681e-05
-0.00411265
-0.000170514
-0.00395013
-0.000318423
-0.00371288
-0.00046161
-0.00340391
-0.000598328
-0.00302805
-0.000725657
-0.00259189
-0.00084041
-0.00210432
-0.000938781
-0.00157595
-0.00101683
-0.00101947
-0.00107091
-0.00044839
-0.00109911
0.000122001
-0.00109823
0.000676289
-0.00106767
0.00119837
-0.00100637
0.00167213
-0.000914443
0.00208284
-0.000794076
0.00241638
-0.000647159
0.00266154
-0.000478126
0.00280886
-0.000290938
0.0028524
-9.24445e-05
0.00277917
0.000131401
0.00259694
0.000342119
0.00231291
0.000538408
0.00193396
0.000718309
0.00147494
0.000873368
0.000949572
0.000998981
0.000380706
0.00108413
-0.0002112
0.00112788
-0.000799203
0.00112196
-0.00135849
0.00106706
-0.00186181
0.000961388
-0.00228596
0.0008099
-0.00260744
0.00061479
-0.00280947
0.000386823
-0.00287869
0.000134141
-0.00279802
-0.000154883
-0.00257449
-0.000431258
-0.00221677
-0.000687705
-0.00173984
-0.000915835
-0.00116477
-0.00110258
-0.000520268
-0.0012357
0.000160323
-0.00130532
0.000838449
-0.00130091
0.00147518
-0.00122184
0.00203151
-0.00106828
0.00247187
-0.000846471
0.00276637
-0.00056786
0.00289388
-0.000248627
0.00283264
0.000113682
0.00258868
0.000468358
0.00217644
0.000790821
0.00162019
0.00106561
0.000956776
0.00127271
0.000229194
0.0013941
-0.000506737
0.00141421
-0.00119587
0.00132577
-0.00178528
0.00113472
-0.00222604
0.000850993
-0.0024813
0.000496238
-0.00252548
9.55119e-05
-0.00234439
-0.000343058
-0.00196006
-0.000733683
-0.0014048
-0.0010616
-0.000726305
-0.00129774
1.25357e-05
-0.00141482
0.00073842
-0.00139172
0.00137876
-0.00123112
0.00186891
-0.000945486
0.00215736
-0.000561695
0.0022137
-0.000120419
0.00202191
0.000360247
0.0016127
0.00077706
0.00103295
0.00110379
0.000351229
0.00130108
-0.000349585
0.00134015
-0.000978035
0.00120503
-0.00145348
0.000916078
-0.00171534
0.000510592
-0.00173094
4.31112e-05
-0.00148974
-0.000451865
-0.00103951
-0.000851193
-0.000447679
-0.00112223
0.000193943
-0.00121876
0.000777702
-0.00111029
0.00120717
-0.000818079
0.00140868
-0.000385226
0.00133685
0.000137109
0.00100366
0.000638991
0.000462716
0.00103433
-0.000195317
0.00125792
-0.000848757
0.00124978
-0.00137614
0.00100862
-0.00167534
0.000573191
-0.00168558
2.35184e-05
-0.00139253
-0.000563748
-0.000856527
-0.00102902
-0.000180392
-0.00129893
0.000499084
-0.00130831
0.00103666
-0.00103917
0.00132071
-0.000556305
0.00129278
3.81257e-05
0.000971464
0.000603103
0.000444959
0.000997028
-0.000145933
0.00112416
-0.000638176
0.000939989
-0.00089633
0.000498033
-0.000848443
-8.20281e-05
-0.000513434
-0.00062693
-0.000965753
0.000112182
-2.40709e-05
0.000225134
-4.03683e-05
0.000321285
-1.54736e-05
0.000396281
1.85789e-05
0.000446979
6.02266e-05
0.000465237
0.000114377
0.000442447
0.000181677
0.000372783
0.000258997
0.00024945
0.000347337
6.99805e-05
0.000441882
-0.000167887
0.000541898
-0.000463838
0.000643861
-0.000817284
0.000746661
-0.00122572
0.000847274
-0.00168598
0.000944153
-0.00219334
0.00103462
-0.00274254
0.00111709
-0.00332665
0.00118897
-0.00393912
0.0012497
-0.00457143
0.00129649
-0.00521517
0.00132868
-0.005861
0.00134475
-0.00649998
0.00134475
-0.00712243
0.0013275
-0.00771983
0.00129423
-0.00828355
0.00124416
-0.00880648
0.00117981
-0.00928171
0.00110058
-0.00970509
0.00101013
-0.0100723
0.000908289
-0.0103809
0.000797877
-0.0106289
0.000679407
-0.0108156
0.000555017
-0.0109406
0.000425687
-0.0110046
0.00029325
-0.0110093
0.000159353
-0.0109593
2.81612e-05
-0.0108323
-0.000125866
-0.0106374
-0.00026862
-0.0103834
-0.00040505
-0.0100768
-0.000535073
-0.00972223
-0.000659284
-0.0093239
-0.000777168
-0.00888471
-0.000889363
-0.00840876
-0.00099398
-0.00789842
-0.00109209
-0.00735846
-0.00118083
-0.00679274
-0.00126041
-0.0062055
-0.00132999
-0.00560076
-0.00138931
-0.00498293
-0.00143743
-0.00435764
-0.00147264
-0.00372996
-0.00149533
-0.00310386
-0.00150591
-0.00248528
-0.00150238
-0.00187908
-0.00148564
-0.00129071
-0.00145434
-0.00072387
-0.00141093
-0.000184927
-0.00135221
0.000322336
-0.0012813
0.000791712
-0.00119555
0.00121825
-0.00109668
0.00159841
-0.000986449
0.00192781
-0.000864051
0.00220294
-0.000732173
0.00242062
-0.000590824
0.00257873
-0.0004425
0.00267493
-0.000287558
0.00270894
-0.000130073
0.00267563
3.97864e-05
0.00258163
0.000204544
0.00242494
0.000365331
0.0022073
0.000521157
0.00193089
0.000670432
0.00160055
0.000810181
0.00122107
0.000937586
0.000798306
0.00105104
0.00033868
0.00114757
-0.000149789
0.0012248
-0.000659126
0.00128035
-0.00117974
0.0013126
-0.00170195
0.00131901
-0.00221558
0.00129953
-0.00271017
0.00125266
-0.00317483
0.00117813
-0.00359933
0.00107659
-0.00397334
0.00094861
-0.00428661
0.000794972
-0.00453199
0.000619772
-0.00470099
0.000424904
-0.00478577
0.000212263
-0.00478081
-2.35273e-05
-0.00468267
-0.000268649
-0.00449321
-0.000507886
-0.00421396
-0.000740856
-0.00384848
-0.000963816
-0.00340218
-0.00117195
-0.00288408
-0.00135851
-0.00230403
-0.00151883
-0.00167598
-0.00164489
-0.00101449
-0.0017324
-0.000336129
-0.00177747
0.000340587
-0.00177494
0.000996614
-0.00172369
0.00161318
-0.00162294
0.00217056
-0.00147182
0.00265178
-0.0012753
0.00303964
-0.00103501
0.00331925
-0.000757733
0.00348
-0.000451693
0.00351336
-0.0001258
0.00341331
0.000231451
0.00318499
0.00057044
0.00283376
0.000889633
0.00236876
0.00118331
0.00180627
0.00143585
0.00116623
0.00163903
0.000473392
0.00177696
-0.000244242
0.00184552
-0.000956744
0.00183446
-0.00163237
0.00174268
-0.00224025
0.00156927
-0.00275089
0.00132054
-0.00313741
0.00100131
-0.0033789
0.000628316
-0.00345942
0.000214661
-0.00336245
-0.000251853
-0.00309626
-0.000697452
-0.00266849
-0.00111547
-0.00209709
-0.00148723
-0.00140827
-0.0017914
-0.000635804
-0.00200816
0.000178126
-0.00211925
0.000989151
-0.00211194
0.00174876
-0.00198145
0.00241149
-0.00173101
0.00293293
-0.00136792
0.00327901
-0.000913936
0.00342427
-0.000393891
0.00334594
0.00019202
0.00305276
0.000761532
0.0025587
0.00128488
0.00189219
0.00173212
0.00109668
0.00206822
0.000230422
0.00226036
-0.000649339
0.00229397
-0.00147001
0.00214644
-0.00216764
0.00183235
-0.00268415
0.00136751
-0.00297537
0.000787457
-0.00301817
0.000138311
-0.00279096
-0.000570267
-0.00232194
-0.0012027
-0.00164911
-0.00173444
-0.000830825
-0.00211602
5.50297e-05
-0.00230067
0.000921816
-0.0022585
0.00168263
-0.00199194
0.00225938
-0.00152223
0.0025905
-0.000892814
0.00264106
-0.000170988
0.00239566
0.00060565
0.00189036
0.00128236
0.00118252
0.00181163
0.000355619
0.00212799
-0.000488075
0.00218385
-0.00123896
0.00195592
-0.00180113
0.00147824
-0.00210082
0.000810281
-0.00209418
3.64708e-05
-0.0017881
-0.000757942
-0.0012286
-0.00141069
-0.000499848
-0.00185098
0.000285432
-0.00200404
0.000996783
-0.00182164
0.00151821
-0.00133951
0.00176014
-0.000627151
0.00167231
0.000224934
0.00127003
0.00104127
0.000616705
0.00168765
-0.000177672
0.00205229
-0.000965805
0.00203791
-0.00159936
0.00164217
-0.00195719
0.000931024
-0.00196341
2.97361e-05
-0.0016127
-0.000914456
-0.000970809
-0.00167091
-0.000164146
-0.0021056
0.000641895
-0.00211436
0.00127175
-0.00166902
0.00159265
-0.000877203
0.00153639
9.43822e-05
0.00112881
0.00101068
0.000477754
0.00164809
-0.000244746
0.00184666
-0.000840292
0.00153553
-0.00114441
0.000802152
-0.00107147
-0.000154966
-0.000645437
-0.00105297
-0.00161119
0.000571467
-0.000595538
0.00115867
-0.000627576
0.00174309
-0.000599887
0.00231344
-0.000551776
0.00285464
-0.00048097
0.00336096
-0.000391945
0.0038202
-0.000277567
0.00422665
-0.00014745
0.00457231
1.67496e-06
0.00480657
0.000207615
0.00491908
0.000429393
0.004905
0.000657942
0.00476046
0.000891193
0.00448837
0.00111937
0.00409367
0.00133885
0.00358552
0.00154277
0.00297527
0.00172734
0.00227616
0.00188807
0.00150242
0.00202345
0.000672549
0.00212635
-0.000196534
0.00219776
-0.00108747
0.00223568
-0.00198487
0.00224215
-0.00287043
0.00221305
-0.00373151
0.00215531
-0.00455046
0.00206311
-0.00531991
0.00194926
-0.00602386
0.00180453
-0.006662
0.00164827
-0.00722236
0.00146865
-0.0077046
0.00128012
-0.00810366
0.00107847
-0.0084198
0.000871158
-0.00865225
0.000658128
-0.00880246
0.000443463
-0.00887201
0.000228903
-0.00885956
1.57126e-05
-0.00880351
-0.000181923
-0.00868773
-0.000384394
-0.00851041
-0.000582371
-0.00827199
-0.000773496
-0.00797489
-0.000956379
-0.00762252
-0.00112955
-0.00721967
-0.00129221
-0.00677031
-0.00144334
-0.00628048
-0.00158192
-0.00575387
-0.00170744
-0.0051955
-0.00181878
-0.00461037
-0.00191512
-0.00400405
-0.00199563
-0.00338204
-0.00205944
-0.00274892
-0.00210576
-0.00210973
-0.00213452
-0.00147119
-0.00214445
-0.000838606
-0.00213496
-0.000216927
-0.00210732
0.000386737
-0.00205801
0.000965721
-0.00198991
0.00151463
-0.00190112
0.00202785
-0.00179451
0.00250017
-0.00166787
0.00292572
-0.00152223
0.00329946
-0.00136019
0.00361654
-0.00118114
0.00387205
-0.00098768
0.00406258
-0.00078135
0.00418233
-0.000562256
0.00423333
-0.000338551
0.00421154
-0.000108286
0.00410811
0.000143218
0.00393229
0.000380363
0.00368454
0.000613079
0.00336729
0.000838412
0.00298252
0.0010552
0.00253492
0.00125778
0.00203029
0.00144221
0.00147561
0.00160572
0.00087933
0.00174386
0.000251057
0.00185308
-0.000398978
0.00193039
-0.00106064
0.00197426
-0.00172188
0.00198026
-0.00236959
0.00194724
-0.00299187
0.00187493
-0.00357491
0.00176117
-0.0041072
0.00160888
-0.0045756
0.00141701
-0.00496764
0.00118701
-0.00527523
0.000927355
-0.0054874
0.000637083
-0.00559436
0.000319213
-0.00559222
-2.56661e-05
-0.00547786
-0.000383005
-0.00525204
-0.000733705
-0.00491585
-0.00107705
-0.00447363
-0.00140604
-0.00393217
-0.00171341
-0.0033027
-0.00198798
-0.00259831
-0.00222322
-0.00183566
-0.00240754
-0.00103323
-0.00253483
-0.000210982
-0.00259971
0.000607609
-0.00259353
0.00140057
-0.00251666
0.00214359
-0.00236596
0.00281436
-0.00214259
0.00338811
-0.00184905
0.00384845
-0.00149535
0.00417713
-0.00108641
0.00436036
-0.000634923
0.00438951
-0.000154956
0.00425188
0.000369085
0.00395795
0.000864367
0.00351384
0.00133374
0.00293249
0.00176467
0.00223301
0.00213533
0.00144024
0.0024318
0.000584503
0.0026327
-0.000299691
0.00272971
-0.00117665
0.00271142
-0.00200637
0.00257241
-0.00275227
0.00231517
-0.00337677
0.00194504
-0.00384811
0.00147265
-0.00414129
0.000921494
-0.00423565
0.000309019
-0.0041165
-0.000371006
-0.00379021
-0.00102374
-0.00326679
-0.00163889
-0.00256792
-0.0021861
-0.00172611
-0.00263321
-0.000783479
-0.00295079
0.000210409
-0.00311313
0.00119787
-0.0030994
0.00212217
-0.00290575
0.00292593
-0.00253477
0.00355782
-0.00199981
0.00397332
-0.00132943
0.00413933
-0.000559906
0.0040384
0.000292953
0.00367557
0.00112436
0.00306852
0.00189193
0.00225272
0.00254792
0.00128186
0.00303908
0.000222584
0.00331964
-0.000842881
0.00335943
-0.00183618
0.00313974
-0.00267772
0.00267388
-0.00329857
0.00198836
-0.00363985
0.00112874
-0.00367228
0.000170743
-0.00338513
-0.00085742
-0.00280285
-0.00178498
-0.00197164
-0.00256565
-0.000968005
-0.00311966
0.000115953
-0.00338463
0.00117211
-0.00331466
0.00209387
-0.0029137
0.00278498
-0.00221334
0.00317289
-0.00128073
0.00321073
-0.000208831
0.00289574
0.000920641
0.00226226
0.00191584
0.00138209
0.0026918
0.000361817
0.00314826
-0.00067254
0.00321821
-0.00158757
0.00287095
-0.00226425
0.00215492
-0.00261498
0.00116101
-0.00258202
3.51875e-06
-0.00218729
-0.00115268
-0.0014814
-0.00211658
-0.000570366
-0.00276202
0.000406575
-0.00298098
0.00128715
-0.00270221
0.00192944
-0.0019818
0.00222353
-0.000921237
0.00211296
0.000335495
0.00161523
0.00153901
0.000809158
0.00249372
-0.000167414
0.00302887
-0.00113317
0.00300366
-0.00190872
0.00241772
-0.00234394
0.00136625
-0.00234564
3.14314e-05
-0.00191416
-0.00134593
-0.00112763
-0.00245744
-0.000143567
-0.00308966
0.000831854
-0.00308978
0.00158636
-0.00242353
0.00195751
-0.00124836
0.00186512
0.000186781
0.00134236
0.00153344
0.000524652
0.00246579
-0.000373717
0.00274503
-0.00110739
0.00226921
-0.00147358
0.00116834
-0.00136746
-0.000261091
-0.000820321
-0.0016001
-0.00243151
0.00131756
-0.0019131
0.00265548
-0.0019655
0.00396115
-0.00190556
0.00520475
-0.00179538
0.00634492
-0.00162114
0.00734556
-0.00139258
0.00813173
-0.00106374
0.0086616
-0.000677313
0.00882068
-0.000157412
0.00869527
0.000333024
0.00829626
0.00082841
0.007659
0.0012952
0.00680281
0.00174738
0.00575181
0.00217037
0.00452916
0.0025615
0.00316071
0.00291122
0.00167431
0.00321374
9.73231e-05
0.00346506
-0.00153999
0.00366076
-0.00320895
0.00379531
-0.00488124
0.00387005
-0.00651876
0.0038732
-0.00809116
0.00381455
-0.00956161
0.00368351
-0.0109077
0.00350142
-0.0120933
0.00324874
-0.013113
0.00296892
-0.0139408
0.00263227
-0.0146019
0.00230941
-0.0150988
0.00196552
-0.0154484
0.00162978
-0.0156602
0.00129029
-0.0157455
0.000956415
-0.0157149
0.000627534
-0.0155815
0.000310077
-0.0153511
-1.53372e-06
-0.0150046
-0.000330811
-0.01456
-0.000626489
-0.0140413
-0.000903129
-0.013459
-0.00116461
-0.0128196
-0.00141291
-0.0121296
-0.00164633
-0.0113943
-0.00186487
-0.010619
-0.00206756
-0.00980781
-0.0022545
-0.00896672
-0.00242301
-0.00810291
-0.00257125
-0.00722163
-0.00270006
-0.00632692
-0.00280982
-0.00542388
-0.00289868
-0.00451876
-0.00296456
-0.00361731
-0.00300721
-0.00272382
-0.00302801
-0.00184684
-0.00302142
-0.000990761
-0.00299105
-0.000161256
-0.00293682
0.000635767
-0.00285503
0.00139358
-0.00274773
0.00210452
-0.00261206
0.00276294
-0.00245293
0.00336393
-0.00226885
0.00390012
-0.00205842
0.00436587
-0.00182593
0.00475658
-0.00157185
0.00506754
-0.00129864
0.00529582
-0.00100963
0.00543686
-0.000703298
0.00548699
-0.000388679
0.00544563
-6.6929e-05
0.00531704
0.000271812
0.0050978
0.000599603
0.00478889
0.000921992
0.00439274
0.00123456
0.00391516
0.00153279
0.00336157
0.00181136
0.00273963
0.00206416
0.00205745
0.00228789
0.00132556
0.00247574
0.000554889
0.00262375
-0.00024139
0.00272667
-0.00104956
0.00278243
-0.0018559
0.0027866
-0.00264491
0.00273625
-0.00340149
0.00263151
-0.00411013
0.00246981
-0.0047556
0.00225435
-0.00532311
0.00198453
-0.00579787
0.00166177
-0.00616896
0.00129844
-0.00642255
0.000890678
-0.00655154
0.000448207
-0.0065481
-2.91051e-05
-0.00641084
-0.000520273
-0.00613815
-0.00100639
-0.00573292
-0.00148227
-0.00519944
-0.00193952
-0.00454732
-0.00236553
-0.00378953
-0.00274577
-0.00294231
-0.00307045
-0.00202565
-0.00332419
-0.00106171
-0.00349877
-7.58691e-05
-0.00358556
0.000904648
-0.00357405
0.00185312
-0.00346512
0.00273899
-0.00325183
0.00353686
-0.00294047
0.0042188
-0.00253099
0.00475933
-0.00203587
0.00513917
-0.00146626
0.00534443
-0.00084018
0.00535681
-0.000167336
0.00518169
0.000544204
0.00481666
0.00122939
0.00426973
0.00188067
0.00355746
0.00247693
0.0027035
0.0029893
0.00173844
0.00339686
0.000698322
0.00367281
-0.000373872
0.00380191
-0.0014358
0.00377335
-0.00243883
0.00357543
-0.00333934
0.00321569
-0.00409163
0.00269733
-0.00465716
0.00203818
-0.00500676
0.0012711
-0.0051133
0.000415553
-0.0049677
-0.000516606
-0.00457185
-0.00141959
-0.00393853
-0.00227221
-0.00309392
-0.00303071
-0.00207801
-0.00364912
-0.000942215
-0.00408659
0.000253999
-0.00430935
0.0014405
-0.0042859
0.00254956
-0.00401481
0.00351071
-0.00349592
0.00426472
-0.00275382
0.00475716
-0.00182187
0.00494875
-0.000751496
0.00482281
0.000418894
0.00438006
0.00156711
0.0036424
0.00262959
0.00265622
0.00353411
0.00148802
0.00420728
0.000215292
0.00459236
-0.00106498
0.00463971
-0.00225422
0.00432898
-0.00325682
0.00367648
-0.00399001
0.00272155
-0.00439212
0.00153086
-0.00441182
0.000190441
-0.00405529
-0.00121396
-0.00334148
-0.00249879
-0.00233285
-0.00357428
-0.00111606
-0.00433645
0.000191967
-0.00469265
0.0014612
-0.00458389
0.0025627
-0.00401521
0.00338356
-0.0030342
0.00383287
-0.00173004
0.00386199
-0.000237947
0.00346028
0.00132235
0.00267727
0.00269885
0.0016022
0.00376687
0.000362288
0.00438818
-0.000888997
0.00446949
-0.00198747
0.00396943
-0.00279124
0.00295869
-0.00319456
0.00156433
-0.00313624
-5.4796e-05
-0.00263724
-0.00165168
-0.00176327
-0.00299054
-0.000644748
-0.00388054
0.000547028
-0.00417276
0.00161817
-0.00377335
0.00239575
-0.00275938
0.00274755
-0.00127304
0.00260922
0.000473823
0.00200108
0.00214714
0.00102092
0.00347388
-0.0001634
0.00421319
-0.00133232
0.00417258
-0.00226637
0.00335178
-0.00278667
0.00188654
-0.0027833
2.80639e-05
-0.00225709
-0.00187214
-0.00130456
-0.00340997
-0.000117431
-0.00427679
0.00104976
-0.00425697
0.00194492
-0.00331868
0.00237226
-0.0016757
0.00223844
0.000320596
0.00158329
0.00218859
0.000575457
0.00347363
-0.000523036
0.00384352
-0.00141332
0.0031595
-0.00184949
0.00160451
-0.00170557
-0.000405011
-0.00102053
-0.00228514
-0.00345204
0.00184858
-0.00376168
0.00371429
-0.0038312
0.00559952
-0.00379079
0.00751511
-0.00371098
0.00946579
-0.00357182
0.0114666
-0.00339338
0.0133838
-0.00298099
0.0151236
-0.00241706
0.0164165
-0.00145038
0.0173065
-0.000556962
0.0176901
0.00044484
0.0175505
0.00143485
0.0169153
0.00238252
0.01584
0.00324573
0.0143847
0.00401671
0.0126126
0.00468342
0.0105856
0.00524066
0.00836789
0.0056828
0.00601715
0.00601151
0.00359912
0.00621334
0.00117233
0.00629684
-0.00120195
0.00624748
-0.00347907
0.00609167
-0.00559376
0.0057982
-0.0075231
0.00543076
-0.00918903
0.00491467
-0.0106136
0.00439345
-0.0116835
0.00370224
-0.0125849
0.00321082
-0.0132424
0.00262293
-0.0137265
0.00211388
-0.0140237
0.00158751
-0.0141606
0.0010933
-0.0141473
0.000614301
-0.0140059
0.00016863
-0.0137673
-0.000240134
-0.01346
-0.000638084
-0.0130698
-0.00101667
-0.0125989
-0.00137404
-0.0120545
-0.00170906
-0.0114452
-0.00202213
-0.0107783
-0.00231325
-0.0100612
-0.00258205
-0.00929988
-0.00282884
-0.00850086
-0.00305352
-0.00766919
-0.00325468
-0.00680861
-0.00343183
-0.0059235
-0.00358517
-0.0050214
-0.00371192
-0.00410696
-0.00381312
-0.0031854
-0.00388612
-0.00226256
-0.00393005
-0.00134532
-0.00394524
-0.000438215
-0.00392853
0.000449806
-0.00387907
0.00131219
-0.00379921
0.00214058
-0.00368342
0.00292809
-0.00353524
0.00366878
-0.00335274
0.00435636
-0.00314052
0.00497838
-0.00289087
0.0055314
-0.00261144
0.0060078
-0.00230233
0.00640085
-0.0019649
0.00670556
-0.00160335
0.00691783
-0.00122191
0.00703181
-0.000817269
0.00704249
-0.000399364
0.00694186
3.37055e-05
0.00674548
0.000468186
0.00644519
0.000899891
0.0060435
0.00132369
0.00554328
0.00173478
0.00494915
0.00212692
0.0042688
0.00249171
0.00351087
0.00282209
0.00268582
0.00311294
0.00180431
0.00335725
0.000880649
0.00354741
-7.12049e-05
0.00367852
-0.00103632
0.00374755
-0.00199582
0.00374609
-0.00293425
0.00367468
-0.00383118
0.00352845
-0.00467084
0.00330947
-0.00543366
0.00301717
-0.00610334
0.00265421
-0.00666298
0.00222141
-0.00709935
0.00173481
-0.00739609
0.00118742
-0.00754594
0.000598054
-0.00754054
-3.45032e-05
-0.00737836
-0.000682455
-0.0070568
-0.00132794
-0.00657796
-0.00196112
-0.0059487
-0.00256878
-0.00518144
-0.00313279
-0.00429026
-0.00363695
-0.00329557
-0.00406514
-0.00222111
-0.00439864
-0.00109093
-0.00462895
6.31701e-05
-0.00473966
0.00121012
-0.004721
0.00231775
-0.00457276
0.0033515
-0.00428558
0.00427689
-0.00386586
0.00506846
-0.00332256
0.00569427
-0.00266168
0.00612809
-0.00190008
0.00635155
-0.00106364
0.00635676
-0.000172546
0.00613704
0.000763932
0.00569412
0.00167231
0.00503856
0.00253624
0.00419064
0.00332486
0.00317593
0.004004
0.00203253
0.00454026
0.000801743
0.0049036
-0.000462963
0.00506661
-0.00171422
0.0050246
-0.0028943
0.00475551
-0.00395206
0.00427344
-0.0048339
0.00357917
-0.00549501
0.00269929
-0.0059012
0.00167728
-0.00601801
0.000532364
-0.00584346
-0.000691153
-0.00537374
-0.00188931
-0.00462582
-0.00302013
-0.00363026
-0.00402628
-0.00243447
-0.00484491
-0.00109836
-0.0054227
0.00030615
-0.00571386
0.00169821
-0.00567796
0.00299521
-0.00531181
0.00411921
-0.00461992
0.00499616
-0.00363077
0.00556585
-0.00239156
0.00578388
-0.000969529
0.00562561
0.000577163
0.00509969
0.00209303
0.00422936
0.00349992
0.0030664
0.00469707
0.00168977
0.00558391
0.000201318
0.00608081
-0.00130123
0.00614225
-0.00269126
0.00571901
-0.00385865
0.00484388
-0.00470654
0.00356944
-0.0051575
0.00198181
-0.00517396
0.000206902
-0.00473893
-0.00164899
-0.00388884
-0.00334888
-0.0026917
-0.00477141
-0.00125829
-0.00576987
0.000280012
-0.00623095
0.00176671
-0.00607058
0.00305552
-0.00530402
0.00400648
-0.00398517
0.00451751
-0.00224106
0.00452591
-0.000246347
0.0040392
0.00180905
0.00310017
0.00363789
0.00182049
0.00504655
0.000354897
0.00585377
-0.00111904
0.00594343
-0.00240695
0.00525734
-0.00334249
0.00389423
-0.00379735
0.00201919
-0.00371042
-0.000141726
-0.00309992
-0.00226218
-0.00205018
-0.00404028
-0.000716451
-0.00521427
0.000699196
-0.00558841
0.00196575
-0.00503991
0.00288104
-0.00367466
0.00328907
-0.00168107
0.00311928
0.000643616
0.00239384
0.00287258
0.00123126
0.00463646
-0.000166807
0.00561126
-0.00154228
0.00554805
-0.00263932
0.00444881
-0.00324645
0.00249368
-0.00323609
1.7708e-05
-0.00261028
-0.00249795
-0.00148433
-0.00453592
-8.61881e-05
-0.00567493
0.00127869
-0.00562185
0.00231865
-0.00435864
0.00280269
-0.00215974
0.00262346
0.000499825
0.00182967
0.00298239
0.000623845
0.00467945
-0.000682193
0.00514956
-0.00173495
0.00421225
-0.00224323
0.00211279
-0.00205835
-0.000589895
-0.0012286
-0.00311489
-0.00468064
0.00364418
-0.00740586
0.00735449
-0.00754152
0.0112323
-0.00766857
0.0154219
-0.00790056
0.0200722
-0.00822217
0.025206
-0.00852713
0.0302947
-0.0080697
0.0343583
-0.00648074
0.0355306
-0.00262264
0.0346927
0.000280958
0.0325407
0.00259678
0.0296722
0.00430334
0.026348
0.00570679
0.0226866
0.00690714
0.0187643
0.00793897
0.0146513
0.00879637
0.0104156
0.00947642
0.00611825
0.00998012
0.00182103
0.0103087
-0.00242664
0.010461
-0.00657192
0.0104421
-0.0105007
0.0101762
-0.0141452
0.00973621
-0.0173765
0.0090295
-0.020105
0.00815922
-0.022155
0.0069647
-0.0234693
0.00570775
-0.0238686
0.00410148
-0.0239274
0.00326967
-0.0237253
0.00242085
-0.0233582
0.00174677
-0.0228543
0.00108363
-0.0222454
0.000484401
-0.0215301
-0.000101068
-0.0207108
-0.000650586
-0.0198182
-0.0011328
-0.0188772
-0.00157909
-0.0178999
-0.00199391
-0.0168901
-0.00238383
-0.0158521
-0.00274711
-0.014789
-0.00308517
-0.0137059
-0.00339642
-0.012604
-0.00368388
-0.0114869
-0.003946
-0.0103583
-0.00418206
-0.00922154
-0.00439148
-0.00807749
-0.00457588
-0.0069315
-0.00473115
-0.00578534
-0.00485808
-0.00464474
-0.00495372
-0.00351175
-0.00501911
-0.00239179
-0.00505001
-0.00129124
-0.00504579
-0.000215815
-0.00500395
0.000830985
-0.00492587
0.00183938
-0.0048076
0.00280252
-0.00464656
0.00371459
-0.00444731
0.0045659
-0.00420406
0.00534822
-0.00392283
0.00605616
-0.00359882
0.00668131
-0.00323658
0.00721583
-0.00283685
0.00765284
-0.00240191
0.00798621
-0.00193672
0.00820869
-0.00144439
0.00831903
-0.000927608
0.0083124
-0.000392733
0.00818947
0.000156636
0.00794863
0.000709029
0.00758924
0.00125928
0.00711281
0.00180012
0.00652535
0.00232223
0.00583187
0.0028204
0.00504107
0.00328251
0.00416183
0.00370134
0.00320656
0.00406821
0.00218828
0.00437553
0.00112219
0.00461351
2.64003e-05
0.00477431
-0.0010835
0.00485745
-0.00218498
0.00484756
-0.00326178
0.00475148
-0.0042891
0.00455576
-0.00524999
0.00427036
-0.00612128
0.00388846
-0.00688504
0.00341796
-0.00752145
0.00285782
-0.00801661
0.00222997
-0.00835236
0.00152317
-0.00851912
0.000764811
-0.00850866
-4.49597e-05
-0.00831788
-0.000873238
-0.00794613
-0.0016997
-0.00739482
-0.00251243
-0.00667232
-0.00329128
-0.0057915
-0.0040136
-0.00477079
-0.00465767
-0.00363161
-0.00520432
-0.00240111
-0.00562914
-0.00111282
-0.00591724
0.000203306
-0.00605579
0.00151089
-0.00602859
0.00276826
-0.00583012
0.00394431
-0.00546164
0.0049943
-0.00491584
0.00588411
-0.00421237
0.00658608
-0.00336365
0.007073
-0.002387
0.00731937
-0.00131001
0.00731437
-0.000167546
0.00704879
0.00102951
0.00652985
0.00219125
0.00576772
0.00329837
0.00478676
0.00430582
0.00361714
0.00517362
0.00230444
0.00585295
0.000894024
0.00631402
-0.00055856
0.0065192
-0.00199128
0.00645732
-0.00334119
0.00610542
-0.00454812
0.00548038
-0.00555287
0.00458391
-0.00630466
0.00345108
-0.00676159
0.00213422
-0.00689056
0.000661335
-0.00668503
-0.000896689
-0.00614237
-0.00243197
-0.00528126
-0.00388124
-0.00413741
-0.00517013
-0.00276697
-0.00621535
-0.00123832
-0.00695135
0.000364117
-0.00731629
0.00195216
-0.00726601
0.00343057
-0.00679022
0.00470801
-0.00589735
0.00570023
-0.004623
0.00634015
-0.00303148
0.00658175
-0.00121113
0.00639329
0.000765632
0.00578455
0.00270176
0.0047834
0.00450107
0.00345151
0.00602896
0.00187631
0.00715911
0.000169067
0.00778805
-0.00153424
0.00784556
-0.00311362
0.00729839
-0.00443975
0.00617001
-0.00539807
0.00452775
-0.00590025
0.002484
-0.00590126
0.000207911
-0.00539388
-0.00215637
-0.00440859
-0.00433417
-0.00303233
-0.00614768
-0.00138624
-0.00741596
0.000373394
-0.00799058
0.00207258
-0.00776977
0.00353416
-0.0067656
0.00460909
-0.00506009
0.00517788
-0.00280986
0.00517128
-0.000239742
0.0045918
0.00238853
0.00350077
0.00472892
0.00202205
0.00652526
0.000333526
0.0075423
-0.00135408
0.00763103
-0.00282193
0.00672519
-0.00387701
0.00494931
-0.00438219
0.00252437
-0.00426381
-0.0002601
-0.00354227
-0.00298372
-0.00231982
-0.00526274
-0.000775791
-0.0067583
0.00085271
-0.00721691
0.00230592
-0.00649312
0.00335271
-0.00472145
0.00381359
-0.00214195
0.00361169
0.000845509
0.00277063
0.00371364
0.00143162
0.00597547
-0.000174389
0.00721727
-0.00175076
0.00712442
-0.0030035
0.00570156
-0.00369205
0.00318222
-0.0036741
-2.38413e-07
-0.00294884
-0.00322321
-0.00165325
-0.00583151
-4.79374e-05
-0.00728025
0.00150383
-0.00717361
0.00268227
-0.00553708
0.00321941
-0.00269689
0.00299433
0.000724908
0.00206441
0.0039123
0.000665287
0.00607857
-0.000842296
0.00665714
-0.00205196
0.00542192
-0.00262903
0.00268986
-0.00240376
-0.000815168
-0.00143271
-0.00408595
-0.00611335
0.00285048
-0.0102563
0.00581459
-0.0105056
0.00945999
-0.011314
0.0144045
-0.0128451
0.0211852
-0.0150028
0.0299279
-0.0172698
0.0398101
-0.0179519
0.0494516
-0.0161222
0.0531758
-0.00634685
0.052871
0.000585766
0.0503507
0.00511713
0.046353
0.00830103
0.0414734
0.0105864
0.0361355
0.0122451
0.0305817
0.0134927
0.0249466
0.0144315
0.0192983
0.0151247
0.013665
0.0156134
0.00807623
0.0158975
0.00254173
0.0159955
-0.00288335
0.0158672
-0.00809341
0.0153863
-0.013028
0.0146708
-0.0175069
0.0135084
-0.02138
0.0120323
-0.0242849
0.00986967
-0.0259434
0.00736622
-0.0246219
0.00277999
-0.0238931
0.00254083
-0.023126
0.00165381
-0.0225269
0.00114765
-0.0218458
0.000402507
-0.02112
-0.000241385
-0.0203439
-0.000877133
-0.0195176
-0.00147695
-0.0186307
-0.00201972
-0.0176873
-0.0025225
-0.0167069
-0.00297432
-0.0156986
-0.00339205
-0.0146724
-0.00377334
-0.0136311
-0.00412644
-0.0125765
-0.00445102
-0.0115088
-0.00475163
-0.0104302
-0.0050246
-0.00933847
-0.00527378
-0.00823256
-0.00549739
-0.00711491
-0.00569353
-0.00598861
-0.00585746
-0.00485245
-0.00599424
-0.00370939
-0.00609678
-0.00256929
-0.00615922
-0.00143531
-0.00618399
-0.000311497
-0.0061696
0.000794537
-0.00610999
0.00187279
-0.00600413
0.00291602
-0.00585083
0.00391387
-0.00564441
0.0048603
-0.00539373
0.00574471
-0.00508848
0.00656147
-0.00473959
0.00729664
-0.00433399
0.00794313
-0.00388308
0.00849431
-0.00338803
0.00893938
-0.00284698
0.00927147
-0.00226881
0.00948866
-0.00166158
0.00957942
-0.00101837
0.00954308
-0.000356395
0.00937749
0.000322229
0.0090821
0.00100442
0.00865703
0.00168434
0.00810518
0.00235197
0.00743102
0.00299639
0.00664028
0.00361114
0.00574248
0.00418031
0.00475029
0.00469353
0.00367336
0.00514514
0.00252839
0.0055205
0.00133352
0.00580838
0.000103613
0.00600421
-0.0011355
0.00609657
-0.00236684
0.0060789
-0.00356712
0.00595176
-0.00471244
0.00570108
-0.00578207
0.00533999
-0.00675041
0.0048568
-0.0075983
0.00426585
-0.00830309
0.00356261
-0.00884951
0.00277639
-0.00921818
0.00189184
-0.00939843
0.000945061
-0.00938237
-6.10175e-05
-0.00916575
-0.00108986
-0.00874505
-0.0021204
-0.00812484
-0.00313265
-0.00731681
-0.00409931
-0.00633296
-0.00499746
-0.00519301
-0.00579761
-0.0039264
-0.00647093
-0.002559
-0.00699654
-0.00112188
-0.00735437
0.000337994
-0.00751566
0.00178891
-0.0074795
0.00318417
-0.00722538
0.00448444
-0.00676191
0.0056473
-0.0060787
0.00663123
-0.0051963
0.00740007
-0.00413249
0.0079279
-0.00291483
0.00818811
-0.00157022
0.00816235
-0.000141789
0.0078608
0.00133107
0.00727479
0.00277726
0.00641631
0.00415684
0.00531606
0.00540607
0.00400602
0.00648366
0.00253968
0.00731929
0.000964353
0.00788935
-0.000656665
0.00814021
-0.00224983
0.00805049
-0.00375147
0.00760706
-0.00509337
0.00682228
-0.00620538
0.00569593
-0.0070379
0.00428359
-0.00753869
0.00263501
-0.00767702
0.000799672
-0.00744132
-0.00113239
-0.00683102
-0.00304226
-0.0058666
-0.00484566
-0.00459
-0.00644672
-0.003061
-0.00774435
-0.00135945
-0.0086529
0.000422759
-0.0090985
0.00218631
-0.00902955
0.00382573
-0.00842964
0.00524239
-0.00731401
0.00633866
-0.00571927
0.00704283
-0.00373565
0.00729752
-0.00146582
0.00708135
0.000981803
0.0063934
0.00338972
0.00527275
0.00562172
0.00378734
0.00751437
0.00203693
0.00890951
0.000134429
0.00969056
-0.0017544
0.00973439
-0.00350038
0.00904437
-0.00496505
0.00763468
-0.00602258
0.00558528
-0.00657352
0.00303494
-0.00655313
0.00018752
-0.00597542
-0.00273408
-0.00486999
-0.0054396
-0.00332948
-0.00768819
-0.00149277
-0.00925267
0.00046855
-0.0099519
0.00235329
-0.00965452
0.00397601
-0.00838831
0.00515986
-0.00624394
0.00577476
-0.00342476
0.00574915
-0.000214132
0.00508632
0.00305136
0.00385092
0.00596433
0.00219106
0.00818512
0.000303414
0.00942995
-0.00157637
0.00951081
-0.0032042
0.00835302
-0.00437093
0.00611604
-0.00491391
0.00306734
-0.00476457
-0.000409443
-0.00393945
-0.00380883
-0.00255731
-0.00664488
-0.000824348
-0.00849126
0.000999335
-0.00904059
0.00262134
-0.00811513
0.00378381
-0.00588392
0.00429111
-0.00264925
0.00405602
0.00108059
0.00310736
0.0046623
0.00160654
0.0074763
-0.000186307
0.00901011
-0.00194173
0.00887984
-0.00333474
0.00709457
-0.00409563
0.00394312
-0.00406796
-2.79091e-05
-0.00325179
-0.00403938
-0.0018034
-0.00727989
-1.68476e-05
-0.0090668
0.00171107
-0.00890154
0.00301491
-0.00684091
0.00359862
-0.00328059
0.00332911
0.000994421
0.00227333
0.00496808
0.000697159
0.00765474
-0.000993739
0.00834804
-0.00234611
0.00677429
-0.00298511
0.00332886
-0.00272125
-0.00107902
-0.00161952
-0.00518768
-0.00773286
0.00439949
-0.0146558
0.00916654
-0.0152727
0.0152295
-0.0173769
0.0234719
-0.0210874
0.034381
-0.025912
0.0476917
-0.0305805
0.0626314
-0.0328916
0.0777522
-0.031243
0.0809305
-0.00952513
0.0785312
0.00298514
0.0719361
0.0117122
0.0636325
0.0166046
0.0546713
0.0195475
0.0455808
0.0213357
0.0365616
0.0225118
0.0276891
0.0233041
0.0189785
0.0238352
0.0104266
0.0241653
0.00201949
0.0243046
-0.00623542
0.0242504
-0.014264
0.0238957
-0.0220189
0.0231412
-0.0294149
0.0220668
-0.0361827
0.0202762
-0.0418941
0.0177437
-0.04564
0.0136156
-0.046465
0.00819115
-0.0402189
-0.00346608
-0.0349431
-0.002735
-0.0314519
-0.00183732
-0.0291798
-0.00112452
-0.0275525
-0.00122479
-0.0259841
-0.00180976
-0.0244445
-0.00241673
-0.0229152
-0.00300626
-0.0214519
-0.00348296
-0.0200329
-0.00394159
-0.0186646
-0.00434255
-0.0173217
-0.00473501
-0.0160074
-0.00508761
-0.0147231
-0.00541073
-0.0134582
-0.00571595
-0.012214
-0.00599582
-0.0109737
-0.0062649
-0.00973582
-0.00651165
-0.00849966
-0.00673354
-0.00726252
-0.00693067
-0.00602152
-0.00709845
-0.00478442
-0.00723134
-0.00354769
-0.0073335
-0.00231534
-0.00739157
-0.00109452
-0.00740482
0.0001114
-0.00737552
0.00129395
-0.00729254
0.00244306
-0.00715323
0.00355622
-0.00696399
0.00462274
-0.00671093
0.00563103
-0.00640203
0.00657294
-0.00603038
0.00743587
-0.00560251
0.00821391
-0.00511203
0.00889641
-0.00456557
0.00947212
-0.00396374
0.00993565
-0.00331052
0.010279
-0.00261211
0.0104902
-0.00187285
0.0105712
-0.00109931
0.0105149
-0.000300116
0.0103197
0.000517399
0.00998381
0.00134032
0.00950716
0.00216099
0.00889354
0.0029656
0.00814822
0.00374171
0.00727942
0.00447994
0.00629474
0.00516499
0.00520595
0.00578232
0.00402947
0.00632162
0.00278123
0.00676875
0.00147687
0.00711273
0.000141794
0.00733929
-0.00120694
0.0074453
-0.00254572
0.00741768
-0.00384686
0.0072529
-0.00508923
0.00694345
-0.00624808
0.00649884
-0.00729625
0.00590497
-0.00821291
0.00518251
-0.00897375
0.00432345
-0.00955995
0.00336259
-0.00995507
0.00228697
-0.0101441
0.00113412
-0.0101218
-8.33507e-05
-0.00988017
-0.00133149
-0.00941778
-0.00258278
-0.00874013
-0.00381029
-0.00785633
-0.00498311
-0.00678407
-0.00606972
-0.00554499
-0.0070367
-0.00416586
-0.00785006
-0.0026788
-0.00848359
-0.00112431
-0.00890886
0.000462214
-0.00910218
0.00203265
-0.00904994
0.00354385
-0.00873658
0.00494493
-0.008163
0.00620051
-0.00733428
0.00725945
-0.00625524
0.00808856
-0.0049616
0.00865089
-0.00347716
0.00892266
-0.001842
0.00888913
-0.000108254
0.00854616
0.00167403
0.00789712
0.0034263
0.00695582
0.00509814
0.00575384
0.00660805
0.00432618
0.00791132
0.00272634
0.00891913
0.00101305
0.00960263
-0.000748381
0.00990165
-0.00247856
0.00978066
-0.00410735
0.00923586
-0.00556057
0.0082755
-0.00676364
0.00689899
-0.00766194
0.00518189
-0.00819678
0.00316986
-0.00834008
0.000942965
-0.00807879
-0.00139368
-0.00741101
-0.00371004
-0.0063566
-0.00590007
-0.0049644
-0.00783893
-0.00330095
-0.0094078
-0.001453
-0.0105008
0.00048054
-0.011032
0.00238985
-0.0109389
0.00416358
-0.0102034
0.00569323
-0.00884367
0.00687604
-0.00690207
0.0076309
-0.00449051
0.00789459
-0.00172952
0.00765721
0.00121918
0.00690233
0.0041446
0.00567871
0.00684534
0.00406291
0.00913017
0.0021637
0.0108087
0.000110996
0.0117433
-0.00194283
0.0117882
-0.00383586
0.0109374
-0.00541364
0.00921246
-0.00654831
0.00671996
-0.00713418
0.00362081
-0.00710545
0.000158786
-0.00646522
-0.0033743
-0.00525115
-0.00665367
-0.00356893
-0.00937041
-0.00157162
-0.01125
0.000557608
-0.0120811
0.00260202
-0.0116989
0.00435501
-0.0101413
0.00562998
-0.00751891
0.00628564
-0.00408042
0.00623847
-0.000166958
0.00549934
0.00379048
0.00414266
0.00732101
0.00232539
0.0100024
0.000266282
0.0114891
-0.00177406
0.0115512
-0.00353845
0.0101174
-0.00479399
0.00737158
-0.00537078
0.00364414
-0.00518881
-0.00059141
-0.00427262
-0.00472503
-0.00275234
-0.00816516
-0.000857229
-0.0103864
0.00113067
-0.0110285
0.00289518
-0.00987964
0.0041549
-0.00714364
0.0046999
-0.00319425
0.00443379
0.0013467
0.0033915
0.0057046
0.00175154
0.00911625
-0.000199944
0.0109616
-0.00210861
0.0107885
-0.00361774
0.0086037
-0.004438
0.00476338
-0.00440111
-6.4805e-05
-0.00350477
-0.00493572
-0.00192428
-0.00886039
1.20186e-05
-0.0110031
0.00189135
-0.0107809
0.00330033
-0.00824989
0.00392178
-0.00390205
0.003612
0.00130421
0.00244676
0.00613332
0.000717884
0.00938361
-0.0011293
0.0101952
-0.00260264
0.00824763
-0.0032934
0.00401962
-0.00299565
-0.00137677
-0.00178124
-0.00640208
-0.00951411
0.00538448
-0.0200403
0.0107138
-0.020602
0.0163294
-0.0229926
0.022787
-0.027545
0.0314256
-0.0345505
0.044572
-0.043727
0.0673215
-0.0556411
0.101617
-0.0655388
0.0819724
0.0101198
0.0650936
0.0198639
0.0526851
0.0241207
0.0431095
0.0261802
0.0353487
0.0273084
0.0286831
0.0280013
0.0226542
0.0285407
0.0169501
0.0290082
0.0113584
0.0294269
0.00572799
0.0297957
-7.36706e-05
0.0301063
-0.00616895
0.0303457
-0.0127257
0.0304524
-0.0199808
0.0303963
-0.0281329
0.0302189
-0.0376014
0.0297448
-0.0488013
0.0289435
-0.0625331
0.0273474
-0.0774187
0.0230768
-0.053858
-0.0270268
-0.0396172
-0.0169758
-0.0327352
-0.00871933
-0.0287192
-0.00514047
-0.0264736
-0.00347044
-0.0246742
-0.00360909
-0.023177
-0.00391401
-0.0216483
-0.00453494
-0.0201483
-0.0049829
-0.0186637
-0.00542624
-0.0172741
-0.00573218
-0.0159806
-0.00602849
-0.0147549
-0.00631326
-0.0135666
-0.00659902
-0.0124052
-0.00687734
-0.011255
-0.0071461
-0.0101026
-0.0074173
-0.00894093
-0.00767328
-0.00776618
-0.00790829
-0.00657635
-0.0081205
-0.00537703
-0.00829778
-0.00416238
-0.00844598
-0.00294201
-0.00855388
-0.00171144
-0.00862214
-0.000484855
-0.0086314
0.00072946
-0.00858984
0.00192673
-0.00848981
0.00309953
-0.00832603
0.00423402
-0.00809848
0.00532234
-0.00779925
0.0063538
-0.00743348
0.00731702
-0.0069936
0.00820191
-0.0064874
0.00899773
-0.00590785
0.00969378
-0.00526163
0.0102804
-0.00455032
0.0107482
-0.00377837
0.0110903
-0.00295421
0.011297
-0.00207949
0.0113642
-0.00116658
0.0112874
-0.000223274
0.011063
0.000741802
0.0106907
0.00171263
0.0101707
0.00268098
0.00950662
0.00362967
0.00870398
0.00454435
0.00776988
0.00541405
0.00671469
0.00622017
0.00555284
0.00694417
0.0042974
0.00757705
0.00296598
0.00810017
0.00157919
0.00849953
0.000158438
0.00876003
-0.00127535
0.00887909
-0.002697
0.00883934
-0.00407712
0.00863302
-0.00539382
0.00826015
-0.00661923
0.00772425
-0.00772845
0.00701419
-0.00869706
0.00615112
-0.00950105
0.00512744
-0.0101143
0.00397587
-0.0105287
0.00270134
-0.0107242
0.00132959
-0.0106937
-0.000113798
-0.0104314
-0.00159385
-0.00993378
-0.00308037
-0.00920794
-0.00453614
-0.00826506
-0.00592599
-0.00712261
-0.00721217
-0.00580457
-0.00835474
-0.00433739
-0.00931723
-0.00275966
-0.0100613
-0.00111165
-0.0105569
0.000571606
-0.0107854
0.00223382
-0.0107122
0.00383304
-0.0103358
0.00531684
-0.00964679
0.00663713
-0.00865457
0.00775594
-0.00737406
0.00862532
-0.00583098
0.00921274
-0.00406457
0.00949321
-0.00212247
0.0094499
-6.49487e-05
0.00907688
0.00204706
0.00837876
0.00412442
0.0073696
0.0061073
0.00608509
0.00789256
0.00456236
0.00943406
0.00285583
0.0106257
0.00103842
0.01142
-0.000830288
0.0117704
-0.00266726
0.0116176
-0.00439484
0.0109634
-0.0059311
0.00981176
-0.00720421
0.00817209
-0.00814973
0.00612741
-0.00871223
0.00373236
-0.00885914
0.00108988
-0.00857447
-0.00167835
-0.00785695
-0.00442756
-0.0067328
-0.00702422
-0.00525214
-0.00931958
-0.00348429
-0.0111757
-0.00152141
-0.0124637
0.000528116
-0.0130816
0.00255092
-0.0129617
0.00443077
-0.0120832
0.00604548
-0.0104584
0.00729552
-0.00815211
0.00808784
-0.00528284
0.00836151
-0.00200319
0.00809812
0.00148257
0.00729167
0.00495105
0.00598722
0.00814979
0.00426658
0.0108508
0.0022482
0.0128271
7.51122e-05
0.0139163
-0.00209724
0.0139606
-0.00409905
0.0129392
-0.00576902
0.0108824
-0.00696048
0.00791142
-0.00757246
0.00423279
-0.00753265
0.000118979
-0.00684094
-0.00406601
-0.00554149
-0.00795313
-0.00374651
-0.0111654
-0.00161926
-0.0133772
0.000637239
-0.0143376
0.00280363
-0.0138653
0.00465705
-0.0119947
0.00599964
-0.00886149
0.00668257
-0.00476335
0.00661968
-0.000104076
0.0058184
0.00459177
0.00435947
0.00877994
0.00241646
0.0119454
0.000230224
0.0136753
-0.00194115
0.0137225
-0.00381023
0.0119865
-0.00513189
0.00869324
-0.00573195
0.0042442
-0.00552147
-0.000801888
-0.00452917
-0.00571733
-0.00289822
-0.0097961
-0.000875134
-0.0124095
0.00124164
-0.0131453
0.00311654
-0.0117545
0.00445056
-0.00847766
0.00502296
-0.00376665
0.00473079
0.00163887
0.00361214
0.00682325
0.00186053
0.0108679
-0.000214152
0.0130363
-0.00223984
0.0128142
-0.00384016
0.010204
-0.00470537
0.00562859
-0.0046586
-0.00011158
-0.00369837
-0.00589594
-0.00201299
-0.0105458
4.44562e-05
-0.0130606
0.0020385
-0.0127749
0.00352828
-0.00973967
0.00417634
-0.00455011
0.0038321
0.00164845
0.00257842
0.007387
0.000727668
0.0112344
-0.00124297
0.0121659
-0.00281176
0.00981642
-0.00354263
0.00475048
-0.00321624
-0.00170316
-0.00191058
-0.00770775
-0.0114247
0.00793898
-0.0279793
0.0159663
-0.0286292
0.0241065
-0.0311328
0.032523
-0.0359616
0.0420591
-0.0440866
0.0544209
-0.0560888
0.0727639
-0.0739841
0.101244
-0.0940188
0.0780671
0.0642446
0.0542889
0.0459981
0.0384313
0.0311531
0.024003
0.0169044
0.00980597
0.00265078
-0.00462421
-0.0120949
-0.0198987
-0.0282032
-0.0371369
-0.0469989
-0.0581258
-0.0713124
-0.0892428
-0.0695513
-0.0467183
-0.0558853
-0.0306418
-0.0457525
-0.0188521
-0.0379501
-0.0129429
-0.0320201
-0.00940046
-0.0274642
-0.00816499
-0.0240662
-0.00731198
-0.0214659
-0.00713524
-0.0195029
-0.00694588
-0.0179353
-0.00699386
-0.0165952
-0.00707233
-0.0153702
-0.00725343
-0.0142094
-0.00747407
-0.0130816
-0.00772683
-0.0119675
-0.00799147
-0.010847
-0.0082666
-0.00971953
-0.00854475
-0.00857515
-0.00881765
-0.00741212
-0.00907132
-0.00622939
-0.00930323
-0.0050258
-0.00950137
-0.00380382
-0.00966797
-0.00257289
-0.00978481
-0.00133616
-0.00985886
-9.69043e-05
-0.00987066
0.00113558
-0.00982232
0.00234904
-0.00970327
0.00353967
-0.00951665
0.00469425
-0.00925306
0.0058015
-0.0089065
0.00685091
-0.0084829
0.0078313
-0.00797399
0.00873139
-0.00738749
0.00953947
-0.00671594
0.0102454
-0.00596751
0.0108384
-0.00514333
0.0113091
-0.00424909
0.0116478
-0.00329292
0.0118488
-0.00228046
0.0119051
-0.00122292
0.0118116
-0.000129772
0.0115663
0.000987103
0.0111679
0.00211106
0.0106169
0.00323189
0.00991726
0.00432935
0.009074
0.00538761
0.00809535
0.0063927
0.00699204
0.00732348
0.00577757
0.00815864
0.00446606
0.00888856
0.00307828
0.00948796
0.0016338
0.009944
0.000153855
0.01024
-0.00133762
0.0103706
-0.00281377
0.0103155
-0.0042488
0.010068
-0.00561622
0.00962758
-0.00688548
0.00899351
-0.00803591
0.00816461
-0.00903669
0.00715191
-0.00986681
0.00595756
-0.0105015
0.00461052
-0.0109259
0.00312574
-0.0111231
0.00152684
-0.0110837
-0.000153209
-0.0108044
-0.00187318
-0.0102808
-0.00360398
-0.00952027
-0.00529663
-0.00853449
-0.00691177
-0.0073421
-0.00840455
-0.00596771
-0.00972914
-0.00444139
-0.0108436
-0.00280012
-0.0117026
-0.00108103
-0.012276
0.000662545
-0.012529
0.00238683
-0.0124364
0.00404572
-0.0119947
0.00558428
-0.0111854
0.00695301
-0.0100233
0.00810856
-0.00852961
0.00900512
-0.00672754
0.00960632
-0.00466577
0.00989109
-0.00240724
0.00983613
-9.99181e-06
0.00943906
0.00244413
0.00870295
0.00486052
0.00764697
0.00716329
0.00630228
0.00923726
0.00471552
0.0110208
0.00293501
0.0124062
0.00104327
0.0133118
-0.000899617
0.0137133
-0.00280956
0.0135276
-0.00460331
0.0127572
-0.00619483
0.0114033
-0.00751657
0.00949384
-0.00849385
0.00710469
-0.00907294
0.00431145
-0.00921963
0.00123656
-0.00891658
-0.0019814
-0.00816288
-0.00518126
-0.00698868
-0.00819843
-0.0054422
-0.0108661
-0.00360328
-0.0130146
-0.00156419
-0.0145028
0.000567521
-0.0152133
0.00266846
-0.0150626
0.00461885
-0.0140336
0.00629116
-0.0121307
0.00758323
-0.00944418
0.00839973
-0.00609933
0.00868083
-0.00228429
0.00839392
0.00176948
0.00755108
0.00579389
0.00618978
0.0095111
0.00439783
0.0126428
0.00229659
0.0149284
4.07361e-05
0.0161722
-0.00221422
0.0162155
-0.00428933
0.0150143
-0.00601784
0.0126109
-0.00725126
0.00914484
-0.00787484
0.00485637
-0.00782623
7.03602e-05
-0.00709339
-0.00479884
-0.00573491
-0.0093116
-0.00386142
-0.0130389
-0.00164345
-0.0155952
0.0007033
-0.0166844
0.00295339
-0.0161154
0.00487599
-0.0139173
0.006265
-0.0102505
0.00696085
-0.0054592
0.00688319
-2.64181e-05
0.006032
0.00544295
0.00450084
0.0103111
0.00246716
0.0139791
0.000174832
0.0159676
-0.00207214
0.0159695
-0.00400988
0.0139242
-0.00537886
0.0100622
-0.00598869
0.00485403
-0.00575475
-0.00103584
-0.00470504
-0.00676704
-0.00299191
-0.0115092
-0.000872066
-0.0145293
0.00132855
-0.0153459
0.00327926
-0.0137053
0.00466496
-0.00986335
0.00525431
-0.004356
0.0049403
0.00195287
0.00376547
0.00799809
0.00193347
0.0126999
-0.000226801
0.0151966
-0.00233456
0.014922
-0.00399727
0.0118667
-0.00489134
0.00652266
-0.00483539
-0.000167534
-0.00382799
-0.00690334
-0.00206667
-0.0123071
7.52441e-05
-0.0152025
0.00214783
-0.0148475
0.00369216
-0.011284
0.00435646
-0.0052144
0.00398476
0.00202015
0.00266577
0.00870599
0.000726562
0.0131736
-0.00133134
0.0142238
-0.00296735
0.0114524
-0.00372546
0.0055086
-0.00337717
-0.00205145
-0.00200486
-0.00908005
-0.0134296
0.00648842
-0.0344677
0.0128438
-0.0349847
0.0185732
-0.0368622
0.0231097
-0.0404981
0.0252748
-0.0462516
0.0238508
-0.0546648
0.0151215
-0.0652549
-0.0788973
-0.0140832
-0.0326352
-0.0221926
-0.0225324
-0.0238376
-0.017207
-0.0237476
-0.0130329
-0.022463
-0.0106851
-0.0211638
-0.00946413
-0.0197498
-0.00872598
-0.0184485
-0.00843657
-0.0172088
-0.00818557
-0.0160611
-0.00814155
-0.0149744
-0.00815901
-0.0139544
-0.0082735
-0.0129694
-0.00845908
-0.0120011
-0.00869507
-0.0110141
-0.00897849
-0.0100166
-0.00926413
-0.00899184
-0.00956947
-0.00793746
-0.00987203
-0.0068488
-0.01016
-0.00572462
-0.0104274
-0.00456879
-0.0106572
-0.00338583
-0.0108509
-0.0021803
-0.0109903
-0.00096339
-0.0110758
0.000260966
-0.011095
0.00148195
-0.0110433
0.00269326
-0.0109146
0.00387947
-0.0107029
0.00503195
-0.0104055
0.00613906
-0.0100136
0.00719042
-0.00953426
0.00817207
-0.00895564
0.0090733
-0.00828871
0.00988186
-0.0075245
0.0105869
-0.00667258
0.0111778
-0.00573418
0.0116444
-0.00471571
0.0119778
-0.00362629
0.012171
-0.00247371
0.0122171
-0.00126903
0.0121113
-2.39551e-05
0.0118512
0.00124724
0.0114351
0.00252709
0.010864
0.00380303
0.0101418
0.00505153
0.00927347
0.00625595
0.00826756
0.0073986
0.00713442
0.00845662
0.0058899
0.00940316
0.00454892
0.0102295
0.00312832
0.0109086
0.00165032
0.011422
0.000137459
0.0117528
-0.00138596
0.011894
-0.0028907
0.0118202
-0.00435475
0.0115321
-0.00574827
0.0110211
-0.00704225
0.0102875
-0.00821337
0.00933573
-0.00922888
0.00816741
-0.0100714
0.00680012
-0.0107148
0.00525393
-0.0111432
0.0035541
-0.011339
0.0017226
-0.0112932
-0.000198969
-0.010998
-0.00216839
-0.0104591
-0.00414284
-0.00967705
-0.00607871
-0.00866546
-0.00792336
-0.00744268
-0.00962733
-0.00603766
-0.0111342
-0.00447839
-0.0124028
-0.00280199
-0.013379
-0.00104839
-0.0140296
0.000733699
-0.0143111
0.00249443
-0.0141972
0.00418455
-0.0136848
0.00575101
-0.0127518
0.00714404
-0.0114163
0.00831417
-0.00969973
0.00922382
-0.00763719
0.00983169
-0.00527364
0.0101142
-0.00268974
0.0100491
5.50711e-05
0.0096368
0.00285646
0.00887531
0.00562201
0.0077927
0.0082459
0.00641052
0.0106194
0.0047886
0.0126427
0.00296915
0.0142256
0.00102656
0.0152544
-0.000953825
0.0156936
-0.00290185
0.0154756
-0.00473102
0.0145864
-0.00635275
0.013025
-0.00769858
0.0108397
-0.00869172
0.00809784
-0.00927868
0.0048984
-0.00942295
0.00138083
-0.0091052
-0.00229915
-0.0083294
-0.00595705
-0.00712466
-0.00940317
-0.00554109
-0.0124496
-0.00365979
-0.0148959
-0.00157858
-0.016584
0.000596402
-0.0173883
0.00274041
-0.0172066
0.00472754
-0.0160207
0.00643064
-0.0138338
0.00774335
-0.0107569
0.00857123
-0.00692721
0.00885255
-0.00256561
0.00855039
0.00207164
0.00768209
0.00666219
0.00628764
0.0109056
0.00445595
0.0144744
0.00230965
0.0170746
7.42393e-06
0.0184744
-0.00229066
0.0185136
-0.00440507
0.0171287
-0.00616286
0.0143687
-0.00741612
0.0103981
-0.00804384
0.0054841
-0.00798499
1.15114e-05
-0.00722793
-0.00555591
-0.00582866
-0.0107109
-0.00391079
-0.0149567
-0.00164411
-0.0178619
0.000754397
-0.0190829
0.00305004
-0.0184111
0.00500916
-0.0158764
0.00641932
-0.0116607
0.00712076
-0.00616064
0.00702922
6.51174e-05
0.0061457
0.00632647
0.00456762
0.0118892
0.00248037
0.0160663
0.000133122
0.0183149
-0.00216139
0.018264
-0.00413755
0.0159004
-0.005529
0.0114537
-0.0061416
0.00546662
-0.0058884
-0.00128904
-0.00479964
-0.00785579
-0.00303543
-0.0132734
-0.00086117
-0.0167036
0.00138916
-0.0175962
0.00338216
-0.0156983
0.00479558
-0.0112768
0.00539214
-0.00495256
0.00506217
0.00228284
0.00385184
0.00920842
0.0019709
0.0145808
-0.000237249
0.0174047
-0.00238997
0.0170747
-0.00408661
0.0135634
-0.00499549
0.00743154
-0.00493137
-0.00023165
-0.00389456
-0.00794016
-0.00208772
-0.0141139
0.000102462
-0.0173927
0.00221817
-0.0169632
0.00379123
-0.0128571
0.00446123
-0.0058844
0.00406969
0.00241168
0.00270936
0.0100663
0.000715795
0.0151671
-0.00139291
0.0163325
-0.00306803
0.0131276
-0.00384079
0.00628135
-0.0034773
-0.00241494
-0.002063
-0.0104943
-0.0154926
0.00409194
-0.0385596
0.00820307
-0.0390958
0.0119628
-0.040622
0.0149744
-0.0435097
0.0163711
-0.0476483
0.0153552
-0.053649
0.0100909
-0.0599905
-0.0688064
-0.00933531
-0.0232999
-0.0146705
-0.0171972
-0.016521
-0.0153566
-0.0169975
-0.0125564
-0.0166261
-0.0110565
-0.0161411
-0.0099491
-0.0155977
-0.00926936
-0.0151
-0.00893427
-0.014543
-0.00874263
-0.0139463
-0.00873823
-0.0133017
-0.0088036
-0.0126019
-0.0089733
-0.0118575
-0.00920342
-0.0110653
-0.0094873
-0.0102315
-0.00981232
-0.00934111
-0.0101545
-0.0084044
-0.0105062
-0.00741704
-0.0108594
-0.00638468
-0.0111923
-0.00531084
-0.0115012
-0.00419579
-0.0117722
-0.00304993
-0.0119968
-0.00187632
-0.012164
-0.000684468
-0.0122676
0.000517448
-0.0122969
0.00171967
-0.0122455
0.00291274
-0.0121077
0.00408454
-0.0118747
0.0052257
-0.0115467
0.00632201
-0.0111099
0.00736252
-0.0105748
0.00833448
-0.0099276
0.00922663
-0.00918086
0.0100269
-0.0083248
0.0107235
-0.00736918
0.0113059
-0.00631657
0.0117644
-0.00517415
0.0120898
-0.00395176
0.0122744
-0.00265828
0.012312
-0.00130658
0.0121971
9.09372e-05
0.011928
0.00151635
0.0115029
0.00295215
0.010922
0.00438391
0.0101896
0.005784
0.00931272
0.00713278
0.00829772
0.0084136
0.00715633
0.00959801
0.00590169
0.0106578
0.00454997
0.0115813
0.00312036
0.0123382
0.00163409
0.0129083
0.000114267
0.0132727
-0.00141587
0.0134241
-0.00292764
0.013332
-0.00439644
0.0130009
-0.00579364
0.0124183
-0.00709098
0.0115848
-0.00826268
0.0105074
-0.00928025
0.00918498
-0.0101216
0.00764149
-0.0107632
0.00589554
-0.0111884
0.00397931
-0.01138
0.00191415
-0.0113284
-0.000250535
-0.0110276
-0.00246927
-0.0104759
-0.00469453
-0.00968465
-0.00686993
-0.00866398
-0.00894403
-0.00743519
-0.0108561
-0.0060209
-0.0125484
-0.00445198
-0.0139717
-0.00276515
-0.0150658
-0.00100494
-0.0157898
0.000785648
-0.0161017
0.00255303
-0.0159646
0.00424718
-0.0153789
0.00581791
-0.0143226
0.00721278
-0.0128112
0.00838484
-0.0108718
0.00928952
-0.00854187
0.00989676
-0.00588087
0.010172
-0.00296495
0.0101001
0.000126991
0.00967917
0.00327734
0.00890719
0.00639399
0.00781342
0.00933968
0.00641907
0.0120138
0.0047859
0.0142759
0.00295463
0.0160569
0.00100054
0.0172085
-0.000989257
0.0176834
-0.00294507
0.0174314
-0.00478053
0.0164218
-0.00640765
0.0146521
-0.00775605
0.0121881
-0.00874967
0.00909145
-0.00933458
0.00548332
-0.00947416
0.00152041
-0.00914859
-0.00262472
-0.00836339
-0.00674225
-0.00714749
-0.0106191
-0.00555294
-0.0140442
-0.00366061
-0.0167882
-0.00156836
-0.0186763
0.00061554
-0.0195722
0.00276765
-0.0193587
0.00475947
-0.0180126
0.00646868
-0.015543
0.00778066
-0.0120689
0.00860695
-0.0077535
0.00888327
-0.00284193
0.00857281
0.0023821
0.00769221
0.00754279
0.0062878
0.01231
0.00444495
0.0163173
0.00229048
0.0192291
-2.27965e-05
0.0207877
-0.00232722
0.020818
-0.00444674
0.0192482
-0.00620833
0.0161303
-0.00746104
0.0116508
-0.00808555
0.00610861
-0.00801822
-5.582e-05
-0.00724995
-0.00632419
-0.00583494
-0.0121259
-0.00389689
-0.0168948
-0.00162028
-0.0201385
0.00078933
-0.0214925
0.00309373
-0.0207155
0.00505856
-0.0178413
0.00647009
-0.0130722
0.00716687
-0.00685742
0.00706335
0.000168637
0.00616359
0.00722624
0.00456392
0.0134889
0.00245497
0.0181753
9.04174e-05
0.0206794
-0.00221025
0.0205647
-0.00419431
0.0178845
-0.00558745
0.0128468
-0.00619391
0.00607309
-0.00592722
-0.00155573
-0.00481895
-0.00896406
-0.00303216
-0.0150602
-0.000838108
-0.0188976
0.0014234
-0.0198577
0.00342725
-0.0177021
0.00484616
-0.0126957
0.00544071
-0.00554711
0.00510083
0.00262271
0.00387523
0.010434
0.00197535
0.0164807
-0.000244857
0.0196249
-0.00240793
0.0192378
-0.0041116
0.015267
-0.00502122
0.00834115
-0.00495043
-0.000302433
-0.00390134
-0.00898925
-0.00207803
-0.0159372
0.000125224
-0.0195959
0.00225041
-0.0190884
0.00382795
-0.0144346
0.00449394
-0.00655039
0.0040901
0.00281552
0.00271166
0.0114448
0.000696833
0.017182
-0.00142791
0.0184572
-0.00311527
0.0148149
-0.00389059
0.00705668
-0.00351869
-0.00278684
-0.00208655
-0.0119265
-0.0175791
0.0031472
-0.0417068
0.00626366
-0.0422122
0.00906117
-0.0434195
0.011143
-0.0455915
0.0118637
-0.0483689
0.0107079
-0.0524932
0.00684531
-0.0561279
-0.0619611
-0.00615727
-0.0171426
-0.00981873
-0.0135357
-0.0119215
-0.0132538
-0.0130255
-0.0114524
-0.0133647
-0.0107173
-0.0134335
-0.00988027
-0.0132503
-0.00945264
-0.0130237
-0.00916084
-0.0127074
-0.0090589
-0.0123451
-0.00910052
-0.0119063
-0.00924244
-0.0113962
-0.00948337
-0.0108187
-0.00978099
-0.0101655
-0.0101405
-0.00944754
-0.0105303
-0.00866274
-0.0109393
-0.00781133
-0.0113576
-0.00690218
-0.0117685
-0.00593623
-0.0121583
-0.00491831
-0.0125192
-0.00385636
-0.0128342
-0.00275545
-0.0130977
-0.0016231
-0.0132963
-0.00046835
-0.0134224
0.0007006
-0.0134659
0.00187283
-0.0134178
0.00303718
-0.013272
0.00418329
-0.0130208
0.00529902
-0.0126624
0.0063729
-0.0121838
0.00739184
-0.0115937
0.00834405
-0.0108798
0.00921787
-0.0100547
0.0100008
-0.00910768
0.0106813
-0.00804977
0.0112497
-0.00688495
0.0116954
-0.00561983
0.0120095
-0.00426587
0.0121853
-0.0028341
0.0122157
-0.00133691
0.0120956
0.000211027
0.0118225
0.00178945
0.0113944
0.00338017
0.010816
0.00496239
0.0100862
0.00651376
0.00921326
0.00800572
0.00820352
0.00942335
0.00706908
0.0107324
0.00582351
0.0119034
0.00448285
0.0129219
0.00306537
0.0137556
0.00159209
0.0143815
8.65681e-05
0.0147782
-0.00142708
0.0149378
-0.00292353
0.0148284
-0.00437638
0.0144538
-0.0057572
0.0137991
-0.0070393
0.0128669
-0.00819614
0.0116643
-0.00920103
0.0101899
-0.0100304
0.00847082
-0.0106632
0.00652835
-0.0110771
0.00439324
-0.0112627
0.00209976
-0.0112062
-0.000307014
-0.0109035
-0.00277195
-0.0103546
-0.00524344
-0.00956612
-0.00765844
-0.00855213
-0.00995802
-0.00733024
-0.012078
-0.00592509
-0.0139536
-0.00436985
-0.015527
-0.00269288
-0.0167428
-0.000955442
-0.0175272
0.000817952
-0.0178751
0.00256645
-0.0177131
0.00424231
-0.0170548
0.00579431
-0.0158746
0.00717165
-0.0141885
0.00832822
-0.0120284
0.00921845
-0.0094321
0.00981486
-0.00647729
0.0100827
-0.00323276
0.0100064
0.000203275
0.00958157
0.00370216
0.00881114
0.00716441
0.00772326
0.0104276
0.00634039
0.0133967
0.00471617
0.0159001
0.00290099
0.0178721
0.000967872
0.0191416
-0.0010061
0.0196574
-0.00294284
0.0193682
-0.00475877
0.0182377
-0.00636983
0.0162632
-0.00770028
0.0135185
-0.00867957
0.0100707
-0.00925488
0.00605863
-0.00938857
0.0016541
-0.00906088
-0.00295241
-0.00827809
-0.00752504
-0.00706827
-0.0118289
-0.00548674
-0.0156257
-0.00361137
-0.0186636
-0.00153735
-0.0207503
0.000624131
-0.0217336
0.00275335
-0.0214879
0.00472212
-0.0199813
0.00641238
-0.0172332
0.00770765
-0.0133641
0.00852114
-0.00856699
0.00878816
-0.00310896
0.00847574
0.00269453
0.00759699
0.00842154
0.00619896
0.013708
0.00437306
0.0181432
0.00223972
0.0213625
-4.86141e-05
0.023076
-0.00232672
0.0230961
-0.00442214
0.0213437
-0.00616284
0.017871
-0.00739777
0.0128857
-0.00801166
0.0067225
-0.00793786
-0.000129619
-0.00717043
-0.00709162
-0.00576085
-0.0135355
-0.00383452
-0.0188211
-0.00157332
-0.0223997
0.000808251
-0.0238741
0.00308902
-0.0229962
0.0050328
-0.019785
0.00642584
-0.0144652
0.00710801
-0.0075396
0.00699623
0.000280418
0.00609381
0.00812866
0.00449951
0.0150832
0.00240092
0.0202739
6.8343e-05
0.023012
-0.00222107
0.0228541
-0.0041863
0.0198497
-0.00556173
0.0142223
-0.00615467
0.00666603
-0.00587967
-0.00183073
-0.0047699
-0.0100738
-0.00298788
-0.0168423
-0.000805286
-0.0210802
0.00143285
-0.0220958
0.00341892
-0.0196882
0.00482332
-0.0141001
0.00540783
-0.00613162
0.00506418
0.00296636
0.00384179
0.0116564
0.00195085
0.0183716
-0.000249198
0.021825
-0.0023911
0.0213797
-0.00407789
0.0169538
-0.00497552
0.00923878
-0.00489985
-0.000378107
-0.00385459
-0.0100345
-0.00204123
-0.0177506
0.000143171
-0.0217803
0.00224735
-0.0211926
0.00380752
-0.0159948
0.00446105
-0.00720391
0.00405214
0.00322443
0.00267704
0.0128199
0.000670995
0.019188
-0.00143805
0.0205662
-0.00311317
0.01649
-0.0038803
0.0078238
-0.00350622
-0.00316092
-0.00207819
-0.0133545
-0.0196573
0.00191497
-0.0436218
0.0038304
-0.0441277
0.00552071
-0.0451098
0.00668089
-0.0467517
0.00699552
-0.0486836
0.00612934
-0.051627
0.00392218
-0.0539208
-0.0580389
-0.00366291
-0.0134797
-0.00603627
-0.0111624
-0.00795684
-0.0113332
-0.00924979
-0.0101595
-0.0101101
-0.00985701
-0.0106834
-0.00930697
-0.010988
-0.00914809
-0.0111315
-0.00901729
-0.011108
-0.00908239
-0.0109704
-0.00923817
-0.0107198
-0.00949305
-0.0103672
-0.00983595
-0.00991841
-0.0102298
-0.00938253
-0.0106764
-0.0087599
-0.0111529
-0.00805708
-0.0116421
-0.00728147
-0.0121332
-0.00643726
-0.0126128
-0.00553268
-0.0130629
-0.00457018
-0.0134817
-0.00355904
-0.0138453
-0.00250606
-0.0141507
-0.00141909
-0.0143833
-0.000305236
-0.0145362
0.000819847
-0.014591
0.00195202
-0.0145499
0.00307879
-0.0143988
0.00418877
-0.0141308
0.00527022
-0.0137439
0.00631059
-0.0132242
0.00729999
-0.0125831
0.00822372
-0.0118035
0.00907028
-0.0109012
0.00982859
-0.009866
0.0104877
-0.00870893
0.0110362
-0.00743337
0.0114653
-0.006049
0.0117669
-0.00456743
0.0119328
-0.00299996
0.0119575
-0.00136163
0.0118349
0.000333644
0.0115631
0.00206117
0.0111416
0.00380174
0.0105702
0.00553381
0.00985305
0.00723087
0.00899615
0.00886262
0.00800563
0.0104139
0.00689326
0.0118448
0.005673
0.0131236
0.00435979
0.0142351
0.00297215
0.0151433
0.00153129
0.0158224
5.92593e-05
0.0162502
-0.00141986
0.0164169
-0.00288245
0.016291
-0.00430077
0.0158721
-0.00564946
0.0151478
-0.00690031
0.0141178
-0.00802837
0.0127923
-0.00900805
0.0111696
-0.00981568
0.00927845
-0.0104301
0.00714273
-0.0108318
0.00479498
-0.0110089
0.0022769
-0.0109489
-0.000367049
-0.0106481
-0.00307271
-0.0101074
-0.00578416
-0.00933313
-0.00843274
-0.00833777
-0.0109534
-0.00713943
-0.0132763
-0.00576337
-0.0153297
-0.00424068
-0.0170497
-0.00260453
-0.0183789
-0.000900016
-0.0192317
0.000832214
-0.0196073
0.00254121
-0.019422
0.00417794
-0.0186915
0.00569294
-0.0173896
0.0070362
-0.0155318
0.00816278
-0.0131549
0.00903096
-0.0103003
0.00960861
-0.00705495
0.00986585
-0.00349
0.00978672
0.000282414
0.00936521
0.00412366
0.00860921
0.00792042
0.00753809
0.0114987
0.00618348
0.0147513
0.00458964
0.017494
0.00281419
0.0196475
0.000923915
0.0210318
-0.00100716
0.0215885
-0.00290064
0.0212616
-0.00467379
0.0200109
-0.00624903
0.0178384
-0.00754516
0.0148147
-0.00850079
0.0110264
-0.0090592
0.00661704
-0.00918606
0.00178097
-0.00886072
-0.00327775
-0.00809083
-0.00829493
-0.00690284
-0.0130169
-0.00535388
-0.0171747
-0.00351813
-0.0204993
-0.00148896
-0.0227795
0.000623349
-0.023846
0.00270282
-0.0235674
0.00462579
-0.0219043
0.00627565
-0.0188831
0.00753871
-0.0146272
0.00832955
-0.00935783
0.00858506
-0.00336447
0.00827626
0.00300332
0.00741103
0.00928678
0.00604006
0.015079
0.00424902
0.0199342
0.00216391
0.0234476
-7.00284e-05
0.02531
-0.00229388
0.02532
-0.00433973
0.0233895
-0.00603819
0.0195695
-0.00724192
0.0140895
-0.00783864
0.00731922
-0.00776037
-0.000207889
-0.00700311
-0.00784888
-0.00561872
-0.0149199
-0.00372845
-0.0207114
-0.00150888
-0.0246193
0.000812147
-0.0261951
0.003042
-0.0252261
0.00494121
-0.0216843
0.00629968
-0.0158237
0.0069605
-0.00820041
0.00684297
0.000397945
0.00595079
0.00902084
0.00438264
0.0166513
0.00232209
0.0223344
4.16084e-05
0.0252925
-0.00219915
0.0250949
-0.00412133
0.0217718
-0.00546297
0.0155639
-0.00603622
0.00723927
-0.00575806
-0.00210889
-0.00466235
-0.0111695
-0.00290821
-0.0185964
-0.000765236
-0.0232232
0.00142012
-0.0242812
0.00336415
-0.0216322
0.00473681
-0.0154727
0.00530466
-0.00669947
0.00496254
0.00330848
0.00375979
0.0128592
0.00190206
0.0202293
-0.000250276
0.0239773
-0.00234396
0.0234733
-0.0039934
0.0186033
-0.00486851
0.0101139
-0.00478948
-0.000457135
-0.00376199
-0.011062
-0.00198207
-0.0195305
0.000156404
-0.0239188
0.00221332
-0.0232495
0.00373751
-0.017519
0.00437148
-0.00783789
0.00396395
0.00363197
0.00261091
0.0141729
0.000640175
0.0211587
-0.00142608
0.0226325
-0.0030679
0.0181319
-0.00381745
0.00857335
-0.00344683
-0.00353153
-0.00204225
-0.0147591
-0.0216995
0.00124663
-0.0448684
0.00251322
-0.0453943
0.00363696
-0.0462335
0.00439571
-0.0475105
0.00460504
-0.0488929
0.00399242
-0.0510144
0.00257751
-0.0525059
-0.0554614
-0.00273513
-0.0107446
-0.00459089
-0.0093066
-0.00625759
-0.00966651
-0.00746171
-0.00895534
-0.00838232
-0.0089364
-0.00905019
-0.0086391
-0.00950446
-0.00869383
-0.00978911
-0.00873263
-0.00990708
-0.00896443
-0.00989336
-0.00925189
-0.0097472
-0.00963921
-0.00949881
-0.0100843
-0.00913838
-0.0105902
-0.00868071
-0.011134
-0.00813315
-0.0117004
-0.00750018
-0.0122751
-0.00678831
-0.0128451
-0.00600338
-0.0133977
-0.00515275
-0.0139135
-0.00424732
-0.0143871
-0.00328948
-0.0148032
-0.00228937
-0.0151508
-0.00125277
-0.0154199
-0.000192437
-0.0155966
0.000888422
-0.0156718
0.00197407
-0.0156356
0.00305523
-0.0154799
0.00412119
-0.0151967
0.00515992
-0.0147826
0.00616026
-0.0142245
0.00711037
-0.0135332
0.00799744
-0.0126906
0.00881085
-0.0117147
0.00953853
-0.0105937
0.0101703
-0.00934068
0.0106955
-0.00795859
0.0111053
-0.00645883
0.0113921
-0.00485421
0.0115477
-0.00315552
0.0115665
-0.00138045
0.0114452
0.000454954
0.011179
0.00232738
0.0107674
0.00421327
0.010212
0.00608924
0.00951579
0.00792708
0.00868295
0.00969547
0.00772456
0.0113723
0.00664669
0.0129227
0.00546481
0.0143055
0.0041935
0.0155064
0.0028505
0.0164863
0.00145714
0.0172157
3.42153e-05
0.0176732
-0.00139477
0.0178459
-0.0028083
0.0177045
-0.00417839
0.0172422
-0.00547906
0.0164485
-0.00668658
0.0153253
-0.00777474
0.0138805
-0.00871889
0.0121137
-0.00949775
0.0100573
-0.0100878
0.00773281
-0.0104723
0.00517943
-0.0106411
0.00244569
-0.0105791
-0.000429078
-0.010284
-0.00336775
-0.00975748
-0.0063107
-0.00900557
-0.00918465
-0.00803997
-0.011919
-0.00687858
-0.0144377
-0.00554686
-0.0166614
-0.00407198
-0.0185245
-0.00249081
-0.0199601
-0.000842091
-0.0208804
0.000830407
-0.0212798
0.00248317
-0.0210748
0.00406409
-0.0202725
0.00552674
-0.0188522
0.00682242
-0.0168275
0.00790667
-0.0142392
0.00874526
-0.0111389
0.00929892
-0.00760861
0.00954324
-0.00373432
0.00946288
0.000362779
0.00905058
0.00453595
0.00831661
0.0086544
0.00727544
0.0125398
0.00596329
0.0160634
0.00441507
0.0190422
0.00270079
0.0213618
0.000872251
0.0228604
-0.000994095
0.0234548
-0.00282442
0.023092
-0.00453688
0.0217234
-0.00605877
0.0193603
-0.00730828
0.0160642
-0.00823051
0.0119486
-0.00876711
0.00715364
-0.00888585
0.0018997
-0.00856748
-0.00359611
-0.00781918
-0.00904323
-0.0066677
-0.0141684
-0.00516638
-0.018676
-0.00338979
-0.0222759
-0.00142678
-0.0247425
0.00061344
-0.0258862
0.00262205
-0.025576
0.00447981
-0.0237621
0.00607224
-0.0204755
0.00729048
-0.0158454
0.0080511
-0.0101185
0.00829359
-0.00360696
0.0079915
0.00330541
0.00715058
0.0101277
0.00582178
0.0164078
0.00408502
0.021671
0.00206832
0.0254643
-8.65359e-05
0.0274648
-0.00223328
0.0274667
-0.00420938
0.0253656
-0.00584842
0.0212085
-0.00700939
0.0152504
-0.0075824
0.00789223
-0.00750251
-0.00028778
-0.0067633
-0.00858808
-0.00542196
-0.0162612
-0.00358715
-0.0225462
-0.00143742
-0.026769
0.000803057
-0.0284356
0.00295895
-0.027382
0.00479457
-0.0235199
0.00610452
-0.0171337
0.00673859
-0.00883448
0.0066179
0.000518637
0.00574747
0.00989127
0.00422381
0.018175
0.00222259
0.0243356
1.61642e-05
0.0274989
-0.00214909
0.0272601
-0.00400837
0.0236311
-0.00530285
0.0168584
-0.00585144
0.00778786
-0.00557466
-0.00238567
-0.00450648
-0.0122377
-0.00279959
-0.0203033
-0.000721554
-0.0253012
0.0013884
-0.0263912
0.00327008
-0.0235139
0.00459686
-0.0167995
0.00514266
-0.00724527
0.00480679
0.00364435
0.00363767
0.0140283
0.00183368
0.0220333
-0.00024831
0.0260593
-0.00227141
0.0254964
-0.00386658
0.0201984
-0.00471034
0.0109577
-0.00462968
-0.000537787
-0.0036315
-0.0120602
-0.00190505
-0.0212569
0.000165149
-0.025989
0.00215303
-0.0252374
0.00362594
-0.0189919
0.00423466
-0.00844661
0.00383408
0.00403255
0.00251889
0.0154881
0.000605215
0.0230724
-0.00139513
0.0246328
-0.00298606
0.0197228
-0.00371045
0.00929774
-0.00334802
-0.00389397
-0.00198301
-0.0161241
-0.0236826
0.000823865
-0.0456923
0.00167246
-0.0462428
0.00241637
-0.0469775
0.00289801
-0.0479921
0.00303478
-0.0490297
0.00260133
-0.050581
0.00172661
-0.0516311
-0.0537348
-0.00207934
-0.00866521
-0.00358044
-0.00780551
-0.00506041
-0.00818654
-0.00619115
-0.0078246
-0.00714269
-0.00798486
-0.0078575
-0.0079243
-0.00838741
-0.00816391
-0.00874231
-0.00837773
-0.00894522
-0.00876152
-0.00900106
-0.00919605
-0.00892951
-0.00971076
-0.00874003
-0.0102738
-0.00844331
-0.0108869
-0.00804618
-0.0115312
-0.00755501
-0.0121916
-0.00697726
-0.0128528
-0.00631656
-0.0135058
-0.00558805
-0.0141262
-0.00479499
-0.0147066
-0.00393998
-0.0152421
-0.00303705
-0.0157061
-0.0020921
-0.0160957
-0.00110953
-0.0164025
-0.000100873
-0.0166052
0.000924902
-0.0166976
0.001957
-0.0166677
0.00298673
-0.0165097
0.00400127
-0.0162113
0.00499114
-0.0157725
0.00594406
-0.0151774
0.00684949
-0.0144387
0.0076946
-0.0135357
0.00846891
-0.012489
0.00916138
-0.0112861
0.00976213
-0.00994144
0.01026
-0.00845642
0.0106481
-0.006847
0.0109195
-0.00512556
0.011064
-0.00330005
0.0110811
-0.00139757
0.0109598
0.000576243
0.0107016
0.00258565
0.0103051
0.00460979
0.00977132
0.00662297
0.0091031
0.00859529
0.00830528
0.0104933
0.00738417
0.0122934
0.00635054
0.0139563
0.00521722
0.0154388
0.00399871
0.016725
0.00271223
0.0177728
0.00137784
0.0185501
1.60427e-05
0.019035
-0.00135206
0.019214
-0.00270273
0.0190552
-0.0040124
0.0185518
-0.00525692
0.017693
-0.00640904
0.0164774
-0.00745008
0.0149215
-0.00834894
0.0130126
-0.00909491
0.0108033
-0.00965612
0.00829403
-0.0100196
0.00554296
-0.0101811
0.00260711
-0.0101174
-0.000492724
-0.00983141
-0.00365376
-0.00932441
-0.0068177
-0.0086021
-0.00990696
-0.00767553
-0.0128455
-0.00656157
-0.0155517
-0.00528578
-0.0179372
-0.00386758
-0.0199427
-0.00235821
-0.0214695
-0.000779683
-0.022459
0.000820651
-0.0228802
0.00240058
-0.0226547
0.00391302
-0.0217849
0.00531078
-0.02025
0.0065484
-0.0180651
0.00758371
-0.0152745
0.00838352
-0.0119387
0.0089102
-0.00813529
0.00913918
-0.00396331
0.00905989
0.000442072
0.00866104
0.00493481
0.00795573
0.00935971
0.00695467
0.0135409
0.00569672
0.0173214
0.00421205
0.0205268
0.00256872
0.0230051
0.000818015
0.0246111
-0.000967347
0.0252402
-0.00271824
0.0248429
-0.00435744
0.0233626
-0.0058126
0.0208155
-0.0070065
0.0172581
-0.00788672
0.0128288
-0.00839734
0.00766427
-0.00850899
0.00201136
-0.00820024
-0.00390487
-0.00748043
-0.00976304
-0.00637607
-0.0152727
-0.00493619
-0.0201159
-0.00323379
-0.0239783
-0.00135351
-0.0266228
0.000596749
-0.0278364
0.00251799
-0.0274973
0.004295
-0.0255391
0.00581698
-0.0219975
0.00698065
-0.0170091
0.00770518
-0.010843
0.00793466
-0.00383643
0.0076412
0.00359887
0.00683378
0.0109351
0.00555804
0.0176835
0.00389291
0.0233361
0.00195781
0.0273994
-9.82009e-05
0.0295208
-0.0021505
0.029519
-0.00404027
0.0272554
-0.005607
0.0227753
-0.00671588
0.0163593
-0.00726083
0.00843718
-0.00718069
-0.000367916
-0.00646819
-0.00930059
-0.00518089
-0.0175485
-0.00341896
-0.0243081
-0.00135685
-0.0288311
0.00078309
-0.0305755
0.00284726
-0.0294462
0.00460414
-0.0252767
0.00585476
-0.0183843
0.00645821
-0.00943793
0.00633695
0.000639893
0.00549687
0.0107314
0.0040305
0.0196413
0.00210958
0.0262565
-5.79308e-06
0.0296143
-0.00207591
0.0293302
-0.00385689
0.0254121
-0.00509375
0.0180953
-0.00561427
0.00830839
-0.00534247
-0.00265747
-0.00431279
-0.0132674
-0.00267117
-0.0219449
-0.000672947
-0.0272994
0.0013412
-0.0284053
0.00314488
-0.0253176
0.0044147
-0.0180693
0.00493445
-0.00776502
0.00460843
0.00397036
0.00348414
0.0151526
0.00175038
0.0237671
-0.000243593
0.0280533
-0.00217859
0.0274314
-0.0037063
0.0217262
-0.00451196
0.0117633
-0.00443108
-0.000618658
-0.00347163
-0.0130196
-0.00181434
-0.0229142
0.000169898
-0.0279732
0.00207172
-0.0271392
0.00348136
-0.0204015
0.00406052
-0.00902577
0.00367152
0.00442154
0.00240679
0.0167528
0.000568318
0.0249109
-0.00134877
0.0265499
-0.00287492
0.0212489
-0.00356811
0.00999092
-0.00321773
-0.00424435
-0.00190526
-0.0174366
-0.0255878
0.000568328
-0.0462606
0.00115637
-0.0468309
0.00166873
-0.0474898
0.00198589
-0.0483093
0.00209159
-0.0491354
0.00177597
-0.0502653
0.00121857
-0.0510737
-0.0525162
-0.00171558
-0.00694963
-0.00300422
-0.00651686
-0.00432212
-0.00686864
-0.00535373
-0.00679298
-0.00627383
-0.00706476
-0.00697812
-0.00722001
-0.00752862
-0.00761341
-0.00790599
-0.00800036
-0.00813766
-0.00852985
-0.00823201
-0.00910171
-0.00819887
-0.0097439
-0.00804999
-0.0104227
-0.00779563
-0.0111413
-0.00744348
-0.0118833
-0.00699964
-0.0126355
-0.00646763
-0.0133849
-0.00585872
-0.0141147
-0.00517594
-0.014809
-0.00442905
-0.0154534
-0.00363275
-0.0160384
-0.00278582
-0.016553
-0.00189182
-0.0169897
-0.000970981
-0.0173233
-2.11431e-05
-0.017555
0.000949428
-0.0176682
0.00192095
-0.0176392
0.00289599
-0.0174847
0.00385278
-0.017168
0.00478856
-0.0167083
0.0056925
-0.0160814
0.00654794
-0.0152941
0.00734563
-0.0143334
0.00807605
-0.0132194
0.00872849
-0.0119386
0.00929778
-0.0105107
0.00976642
-0.00892506
0.0101286
-0.00720913
0.0103863
-0.00538332
0.0105174
-0.00343114
0.0105348
-0.00141501
0.0104148
0.000696337
0.010168
0.00283242
0.00978927
0.00498851
0.00928057
0.00713167
0.00864476
0.0092311
0.00788585
0.0112522
0.00701105
0.0131682
0.00602913
0.0149382
0.0049522
0.0165158
0.00379491
0.0178822
0.00257465
0.018993
0.00130776
0.019817
1.60832e-05
0.0203266
-0.00128187
0.0205119
-0.00256255
0.0203359
-0.0038042
0.0197935
-0.00498301
0.0188718
-0.00607379
0.0175682
-0.00706041
0.0159082
-0.00791178
0.0138639
-0.00861705
0.0115086
-0.00914829
0.00882528
-0.00949267
0.00588733
-0.0096406
0.00275504
-0.00957853
-0.000554796
-0.00930446
-0.00392783
-0.00882093
-0.00730123
-0.00813369
-0.0105942
-0.00725299
-0.0137262
-0.00619357
-0.0166111
-0.00498293
-0.0191478
-0.00364102
-0.0212847
-0.00220493
-0.0229056
-0.00070079
-0.0239631
0.000810383
-0.0243913
0.00230698
-0.0241513
0.00374053
-0.0232185
0.00506528
-0.0215747
0.00623668
-0.0192365
0.00721607
-0.0162539
0.00797248
-0.0126951
0.00846943
-0.00863223
0.00868394
-0.00417783
0.00860474
0.000521273
0.00822297
0.00531658
0.007551
0.0100317
0.00659807
0.0144938
0.00540279
0.0185166
0.00399148
0.0219382
0.00243016
0.0245665
0.000768596
0.0262727
-0.000923803
0.0269326
-0.00258379
0.0265028
-0.00413975
0.0249185
-0.00551895
0.0221947
-0.00665042
0.0183895
-0.00748288
0.0136613
-0.00796565
0.00814704
-0.00806888
0.00211459
-0.00777321
-0.00420054
-0.00708675
-0.0104495
-0.00603875
-0.0163207
-0.00467245
-0.0214822
-0.00305365
-0.0255971
-0.00126814
-0.0284083
0.000577855
-0.0296824
0.00239962
-0.029319
0.00408433
-0.0272238
0.0055265
-0.0234397
0.00662831
-0.0181109
0.00731243
-0.0115271
0.00752786
-0.00405186
0.00724552
0.00388121
0.00647807
0.0117026
0.00526397
0.0188976
0.00368148
0.0249186
0.00184039
0.0292405
-0.000103362
0.0314646
-0.00204779
0.0314635
-0.00384015
0.0290477
-0.00532574
0.0242608
-0.00637432
0.0174079
-0.0068886
0.00895145
-0.00681002
-0.00044649
-0.00613104
-0.00997957
-0.00490599
-0.0187735
-0.00323222
-0.0259819
-0.00126923
-0.0307941
0.000755675
-0.0326004
0.00271481
-0.0314053
0.00438154
-0.0269435
0.00556565
-0.0195684
0.00613514
-0.0100074
0.00601475
0.000760284
0.00521282
0.0115333
0.00381437
0.0210398
0.00198619
0.0280847
-2.32718e-05
0.0316237
-0.00198404
0.031291
-0.00367559
0.0271036
-0.00484706
0.0192667
-0.00533711
0.00879844
-0.0050735
-0.00292108
-0.00409102
-0.0142499
-0.00252719
-0.0235088
-0.000619225
-0.0292074
0.00128218
-0.0303067
0.00299618
-0.0270316
0.00420083
-0.019274
0.00469179
-0.00825598
0.00437846
0.00428369
0.00330746
0.0162236
0.00165656
0.025418
-0.00023642
0.0299462
-0.00207043
0.0292654
-0.00352098
0.0231767
-0.00428365
0.012526
-0.00420384
-0.00069847
-0.00329021
-0.0139333
-0.00171386
-0.0244906
0.000171194
-0.0298583
0.00197434
-0.0289423
0.00331197
-0.0217392
0.00385852
-0.00957232
0.00348482
0.00479524
0.00228011
0.0179575
0.000530003
0.026661
-0.00129044
0.0283704
-0.00274135
0.0226998
-0.00339897
0.0106485
-0.00306372
-0.0045796
-0.00181358
-0.0186867
-0.0274014
0.000415677
-0.0466763
0.000840699
-0.0472559
0.00120392
-0.047853
0.0014198
-0.0485251
0.00149312
-0.0492087
0.00125403
-0.0500262
0.000877332
-0.050697
-0.0516389
-0.00148026
-0.00546937
-0.00261979
-0.00537734
-0.00381302
-0.00567541
-0.00475361
-0.0058524
-0.00561186
-0.00620651
-0.00628045
-0.00655142
-0.00682028
-0.00707358
-0.00719298
-0.00762767
-0.00743062
-0.00829221
-0.00753336
-0.00899897
-0.00752012
-0.00975713
-0.00739472
-0.0105481
-0.00716559
-0.0113704
-0.0068452
-0.0122037
-0.00643826
-0.0130424
-0.00594878
-0.0138743
-0.00538586
-0.0146776
-0.00475314
-0.0154417
-0.00405992
-0.0161467
-0.00331045
-0.0167879
-0.00251477
-0.0173487
-0.00168701
-0.0178175
-0.000821129
-0.0181892
7.07955e-05
-0.018447
0.000977522
-0.0185749
0.00189473
-0.0185564
0.00280427
-0.0183942
0.00370573
-0.0180695
0.00458576
-0.0175883
0.00542878
-0.0169244
0.00623214
-0.0160974
0.006983
-0.0150843
0.00767048
-0.0139069
0.0082822
-0.0125503
0.00880865
-0.0110372
0.00924964
-0.00936605
0.00959303
-0.00755252
0.00982516
-0.00561546
0.00995273
-0.00355872
0.00995699
-0.00141927
0.00984744
0.000805888
0.00961288
0.00306698
0.0092585
0.0053429
0.00877834
0.00761183
0.00817745
0.00983198
0.00746097
0.0119687
0.00663557
0.0139936
0.00571065
0.0158632
0.00469729
0.0175291
0.00360767
0.0189719
0.00245938
0.0201413
0.00126609
0.0210103
4.88054e-05
0.0215439
-0.00117304
0.0217338
-0.00237786
0.0215407
-0.00354448
0.0209601
-0.00465225
0.0199796
-0.0056822
0.0185981
-0.00660314
0.0168291
-0.00740999
0.0146708
-0.00806526
0.0121638
-0.00856767
0.00932768
-0.00889175
0.00621141
-0.0090228
0.00288608
-0.00896307
-0.000614521
-0.00870625
-0.00418465
-0.00824997
-0.00775752
-0.00760144
-0.0112427
-0.00677091
-0.0145568
-0.00577429
-0.0176077
-0.0046317
-0.0202904
-0.00337384
-0.0225425
-0.00202128
-0.0242581
-0.000612887
-0.0253715
0.000812957
-0.0258172
0.00222236
-0.0255607
0.00357177
-0.0245679
0.00481498
-0.0228179
0.00591486
-0.0203364
0.00683369
-0.0171727
0.00754333
-0.0134047
0.00800901
-0.00909791
0.00820886
-0.00437768
0.0081292
0.000600925
0.0077694
0.00567639
0.00713205
0.010669
0.0062342
0.0153917
0.00510544
0.0196454
0.00377661
0.023267
0.0023051
0.026038
0.00073887
0.0278389
-0.000852526
0.028524
-0.00241558
0.0280659
-0.00387998
0.0263829
-0.00517749
0.0234922
-0.00624258
0.0194546
-0.00702161
0.0144403
-0.00747591
0.00860134
-0.00756754
0.00220622
-0.0072883
-0.00447978
-0.00664412
-0.0110937
-0.0056572
-0.0173076
-0.00437135
-0.022768
-0.00284575
-0.0271227
-0.00115923
-0.0300948
0.000570207
-0.0314119
0.00228339
-0.0310322
0.003867
-0.0288074
0.00522332
-0.024796
0.00625749
-0.0191451
0.00689807
-0.0121677
0.00709576
-0.00424955
0.00682964
0.00414733
0.0061055
0.0124267
0.00496012
0.020043
0.00346697
0.0264117
0.00173231
0.0309751
-9.38276e-05
0.0332907
-0.00192146
0.0332911
-0.0036097
0.030736
-0.00500825
0.0256594
-0.00599224
0.0183919
-0.00647309
0.00943231
-0.00639703
-0.000522553
-0.0057575
-0.0106191
-0.0046007
-0.0199303
-0.00302477
-0.0275578
-0.00117182
-0.0326471
0.000727705
-0.0344999
0.00257309
-0.0332507
0.00414173
-0.0285121
0.00525438
-0.020681
0.00578692
-0.01054
0.00566896
0.000878243
0.00490948
0.0122928
0.0035881
0.0223612
0.0018608
0.029812
-3.3136e-05
0.0335177
-0.00187509
0.0331329
-0.0034694
0.028698
-0.00457076
0.0203681
-0.00502814
0.00925582
-0.00477609
-0.00317313
-0.00384708
-0.0151789
-0.00237073
-0.0249851
-0.000568452
-0.0310097
0.00121627
-0.0320914
0.00283212
-0.0286474
0.00396689
-0.0204087
0.00442558
-0.00871467
0.00412846
0.00458081
0.00311659
0.0172355
0.00155677
0.0269778
-0.000226807
0.0317298
-0.00195121
0.0309898
-0.00331775
0.0245432
-0.00403352
0.0132417
-0.00395537
-0.000776619
-0.00309304
-0.0147956
-0.00160699
-0.0259766
0.000169458
-0.0316347
0.00186527
-0.0306381
0.00312534
-0.0229992
0.0036374
-0.0100844
0.00328223
0.00515041
0.00214431
0.0190955
0.000491514
0.0283138
-0.00122379
0.0300857
-0.00259238
0.0240684
-0.00321063
0.0112668
-0.00289194
-0.00489829
-0.00171104
-0.0198676
-0.0291124
0.000350645
0.000670619
0.000948657
0.0011146
0.00116295
0.000961028
0.000664974
-0.00128014
-0.00231241
-0.0033874
-0.00423599
-0.00502616
-0.00567244
-0.00618341
-0.0065442
-0.0067802
-0.00687399
-0.00686425
-0.00674615
-0.00654549
-0.00625513
-0.00588157
-0.00543041
-0.00490285
-0.00431203
-0.00366672
-0.00297505
-0.00224135
-0.00146647
-0.00066109
0.000169475
0.00101623
0.00187054
0.00272112
0.0035622
0.00438321
0.00517497
0.00592671
0.00662842
0.00727003
0.00784316
0.0083381
0.00875061
0.00907014
0.00928863
0.00940675
0.00941257
0.00930716
0.0090882
0.00875529
0.00830657
0.00774451
0.00707567
0.00630419
0.00543808
0.0044886
0.00346974
0.00239358
0.00128119
0.000144817
-0.00099578
-0.00212092
-0.00321187
-0.00424468
-0.00520694
-0.00606661
-0.00682001
-0.00743415
-0.00789901
-0.00820272
-0.00832833
-0.0082721
-0.00802942
-0.00760258
-0.00699821
-0.00622528
-0.00529715
-0.00423592
-0.0030589
-0.00179597
-0.000485422
0.000846384
0.00216124
0.00342218
0.00458476
0.00561271
0.00647339
0.00713638
0.00756871
0.00775821
0.00768025
0.0073427
0.00674665
0.00590533
0.00484702
0.00361181
0.0022258
0.000753577
-0.000722548
-0.00218354
-0.00355153
-0.00476319
-0.00576039
-0.00649033
-0.00691266
-0.00699817
-0.00674016
-0.00614108
-0.00522166
-0.00401794
-0.00258721
-0.00101481
0.000588743
0.00219019
0.00366995
0.00493928
0.00590542
0.00650377
0.00668765
0.00643434
0.00575448
0.00468449
0.00329197
0.00167158
-4.26167e-05
-0.00174453
-0.00332345
-0.00463071
-0.00554968
-0.00600022
-0.00592969
-0.00533479
-0.0042543
-0.00278031
-0.0010567
0.000716442
0.00244255
0.00391156
0.00495185
0.00544874
0.00533531
0.00462028
0.00338071
0.00176118
-1.6942e-05
-0.00173141
-0.00322322
-0.00425111
-0.00467635
-0.0044398
-0.00357224
-0.00219416
-0.00050746
0.00115363
0.00266856
0.00373272
0.00416203
0.00388193
0.00293165
0.00146667
-0.000205526
-0.00181524
-0.00309228
-0.00375685
-0.00368005
-0.00287464
-0.00148974
0.000165873
0.00174704
0.00292935
0.00341201
0.0030798
0.00201092
0.000455805
-0.00115342
-0.00243494
-0.00300686
-0.00270102
-0.00159507
)
;

boundaryField
{
    freeSurface
    {
        type            calculated;
        value           nonuniform List<scalar> 
181
(
-0.047027
-0.0475759
-0.0481311
-0.0486911
-0.049257
-0.0498243
-0.050401
-0.0509739
-0.00418923
-0.00434507
-0.00460042
-0.00500381
-0.00541633
-0.00590515
-0.00656261
-0.00726687
-0.00805621
-0.00890519
-0.00976687
-0.0106662
-0.0115711
-0.0124941
-0.013416
-0.0143255
-0.0152052
-0.0160325
-0.016792
-0.0174796
-0.0180824
-0.0185924
-0.0189946
-0.0192775
-0.0194217
-0.0194107
-0.0192448
-0.0189106
-0.0184093
-0.0177162
-0.0168492
-0.015786
-0.0145485
-0.0131234
-0.0115321
-0.00977856
-0.00787205
-0.00583394
-0.00367684
-0.00142508
0.000911302
0.00328594
0.0056758
0.00806055
0.010394
0.0126375
0.014765
0.0167293
0.0184786
0.0199907
0.0212175
0.0221227
0.0226803
0.0228744
0.0226659
0.0220511
0.0210124
0.0195604
0.0176888
0.0154242
0.012778
0.00979255
0.00651512
0.00301169
-0.000670753
-0.00442732
-0.00818435
-0.0118471
-0.0153297
-0.0185359
-0.0213516
-0.0237196
-0.025521
-0.0266821
-0.027149
-0.0268756
-0.0258288
-0.0239805
-0.0213643
-0.0180334
-0.0140677
-0.00953024
-0.00456717
0.000678876
0.00601394
0.0112651
0.016233
0.0207037
0.0245022
0.027424
0.0293111
0.0300001
0.0295269
0.0277509
0.0247038
0.0204518
0.0151702
0.00902368
0.00229173
-0.0047378
-0.0116928
-0.0182271
-0.0239717
-0.0285534
-0.0316672
-0.0330154
-0.0326337
-0.0302871
-0.0260653
-0.0201112
-0.012766
-0.00443343
0.00440063
0.0131066
0.021113
0.0278043
0.0325955
0.0350049
0.034993
0.0323149
0.0269667
0.0193109
0.00988285
-0.000593078
-0.011214
-0.0210108
-0.0290318
-0.0343707
-0.0362731
-0.0349768
-0.0299811
-0.0217213
-0.0110368
0.000991668
0.0130078
0.0236007
0.0314316
0.0352958
0.0348474
0.0301898
0.021396
0.00968105
-0.00340968
-0.0160464
-0.0263632
-0.0326964
-0.0337525
-0.0301624
-0.0214729
-0.00914397
0.0048609
0.0181857
0.0284428
0.033402
0.0325996
0.0258203
0.0139063
-0.000853414
-0.015601
-0.0273615
-0.0332903
-0.0322193
-0.0241815
-0.0105671
0.00548263
0.0201643
0.0298689
0.0316949
0.02535
0.0118387
-0.00520413
-0.0209736
-0.0307075
)
;
    }
    walls
    {
        type            calculated;
        value           uniform 0;
    }
    floatingObject
    {
        type            calculated;
        value           nonuniform List<scalar> 
37
(
0.0332965
0.0336864
0.0340764
0.034471
0.0348752
0.0352794
0.0356908
0.0361069
0.0365253
0.0369509
0.0373813
0.0378164
0.0382562
0.0387009
0.0391526
0.0396067
0.0400704
0.040534
0.0410072
0
0
0
0
0
0
0
0
0
0
0
0
0
0
0
0
-2.11758e-22
3.38813e-21
)
;
    }
    frontAndBack
    {
        type            empty;
    }
}


// ************************************************************************* //
