/*--------------------------------*- C++ -*----------------------------------*\
  =========                 |
  \\      /  F ield         | OpenFOAM: The Open Source CFD Toolbox
   \\    /   O peration     | Website:  https://openfoam.org
    \\  /    A nd           | Version:  12
     \\/     M anipulation  |
\*---------------------------------------------------------------------------*/
FoamFile
{
    format      ascii;
    class       surfaceScalarField;
    location    "9.06";
    object      phi;
}
// * * * * * * * * * * * * * * * * * * * * * * * * * * * * * * * * * * * * * //

dimensions      [1 0 -1 0 0 0 0];

internalField   nonuniform List<scalar> 
7429
(
8.06944e-05
-8.06945e-05
0.000162827
-8.21332e-05
0.00024539
-8.25624e-05
0.00032813
-8.27403e-05
0.000410844
-8.27149e-05
0.000493435
-8.25906e-05
0.000575993
-8.25587e-05
0.000658859
-8.28662e-05
0.000741448
-8.25887e-05
0.000823157
-8.17092e-05
0.000903531
-8.03744e-05
0.000982274
-7.8743e-05
0.00105917
-7.68942e-05
0.00113409
-7.4919e-05
0.00120705
-7.29602e-05
0.00127813
-7.10825e-05
0.00134753
-6.94059e-05
0.00141559
-6.80565e-05
0.0014827
-6.71137e-05
0.00154935
-6.6646e-05
0.00161608
-6.67341e-05
0.0016835
-6.7416e-05
0.00175223
-6.87311e-05
0.00182288
-7.0648e-05
0.00189607
-7.31888e-05
0.00197232
-7.62523e-05
0.00205213
-7.98056e-05
0.00213586
-8.37389e-05
0.0022238
-8.79313e-05
0.00231605
-9.22496e-05
0.00241257
-9.65211e-05
0.00251319
-0.000100626
0.00261757
-0.000104375
0.00272513
-0.000107567
0.00283512
-0.000109989
0.00294607
-0.000110949
0.00305749
-0.00011142
0.00316941
-0.000111916
0.00328103
-0.000111617
0.00339137
-0.000110345
0.00349922
-0.000107854
0.00360328
-0.000104059
0.00370203
-9.87426e-05
0.00379371
-9.16793e-05
0.00387684
-8.31363e-05
0.00394996
-7.31187e-05
0.00401097
-6.10039e-05
0.00405798
-4.70148e-05
0.00408958
-3.16044e-05
0.00410405
-1.44691e-05
0.0040974
6.65013e-06
0.0040687
2.87041e-05
0.00401728
5.14251e-05
0.00394241
7.48622e-05
0.00384374
9.86721e-05
0.00372098
0.000122766
0.00357437
0.000146607
0.00340417
0.000170203
0.00321116
0.00019301
0.00299599
0.000215171
0.00275982
0.000236166
0.00250382
0.000255995
0.00222959
0.000274232
0.00193913
0.000290465
0.00163465
0.000304473
0.00131899
0.000315662
0.000995061
0.000323932
0.00066618
0.000328881
0.000335996
0.000330184
8.19789e-06
0.000327798
-0.000312892
0.00032109
-0.000623456
0.000310564
-0.000919329
0.000295873
-0.00119642
0.000277088
-0.00145057
0.000254158
-0.00167782
0.000227244
-0.00187464
0.000196823
-0.0020376
0.000162956
-0.00216386
0.000126266
-0.002251
8.71392e-05
-0.00229752
4.65153e-05
-0.00230251
4.99312e-06
-0.00225853
-4.39835e-05
-0.00217013
-8.83948e-05
-0.00203944
-0.000130693
-0.00186886
-0.000170584
-0.00166126
-0.000207595
-0.00141994
-0.000241319
-0.00114919
-0.000270752
-0.000854047
-0.000295144
-0.000540366
-0.000313681
-0.000214667
-0.000325699
0.000115963
-0.00033063
0.000444259
-0.000328296
0.000762426
-0.000318167
0.00106284
-0.000300413
0.00133802
-0.000275179
0.00158066
-0.000242638
0.0017844
-0.000203745
0.00194343
-0.000159031
0.00205305
-0.00010962
0.00210997
-5.69169e-05
0.00210928
6.8874e-07
0.00204836
6.0916e-05
0.00193148
0.000116882
0.00176226
0.000169226
0.00154486
0.000217397
0.00128485
0.000260013
0.000989574
0.000295271
0.000667761
0.000321813
0.000329408
0.000338353
-1.45934e-05
0.000344002
-0.00035302
0.000338426
-0.000674247
0.000321228
-0.000967077
0.00029283
-0.00122118
0.000254106
-0.00142728
0.000206098
-0.00157773
0.000150452
-0.001667
8.92707e-05
-0.00169276
2.57533e-05
-0.00164743
-4.53259e-05
-0.0015378
-0.000109628
-0.0013698
-0.000168001
-0.00115056
-0.000219243
-0.000889581
-0.000260978
-0.000598491
-0.00029109
-0.000290834
-0.000307657
1.95939e-05
-0.000310428
0.000317772
-0.000298178
0.000589888
-0.000272116
0.000822977
-0.000233089
0.00100646
-0.000183481
0.00113233
-0.000125875
0.00119586
-6.35252e-05
0.00119379
2.06787e-06
0.00112802
6.57709e-05
0.00100731
0.000120709
0.000840895
0.000166415
0.000640833
0.000200062
0.000421478
0.000219355
0.000198325
0.000223153
-1.29027e-05
0.000211228
-0.000197702
0.000184799
-0.000343714
0.000146012
-0.000441679
9.79648e-05
-0.000486603
4.49245e-05
-0.000474741
-1.18621e-05
-0.000410951
-6.37898e-05
-0.000303909
-0.000107042
-0.00016449
-0.00013942
-6.39064e-06
-0.000158099
0.000155528
-0.000161919
0.00030566
-0.000150131
0.000430254
-0.000124595
0.000518465
-8.82109e-05
0.000563163
-4.46977e-05
0.000560695
2.46741e-06
0.000512271
4.8425e-05
0.000425995
8.62759e-05
0.000311561
0.000114433
0.000181526
0.000130036
4.95734e-05
0.000131952
-7.07944e-05
0.000120368
-0.00016788
9.70861e-05
-0.00023313
6.52495e-05
-0.000262047
2.89167e-05
-0.000252982
-9.06426e-06
-0.000210876
-4.21064e-05
-0.000143373
-6.75029e-05
-6.05764e-05
-8.27967e-05
2.58139e-05
-8.63903e-05
0.000103984
-7.81705e-05
0.000163591
-5.96065e-05
0.00019673
-3.31387e-05
0.000198381
-1.65166e-06
0.000166401
3.198e-05
0.000105247
6.11545e-05
2.10077e-05
8.42392e-05
-7.76547e-05
9.86624e-05
-0.000179881
0.000102227
-0.000274624
9.47428e-05
-0.000351385
7.67608e-05
-0.000401496
5.01108e-05
-0.000418844
1.73479e-05
-0.000399214
-1.96292e-05
-0.000343933
-5.52818e-05
-0.000256792
-8.71406e-05
-0.000144493
-0.000112299
-1.61744e-05
-0.000128319
0.00011739
-0.000133564
0.00024471
-0.00012732
0.000354697
-0.000109988
0.000437544
-8.28464e-05
0.000485506
-4.79619e-05
0.000493948
-8.44261e-06
0.000460701
3.32471e-05
0.000387932
7.27695e-05
0.000280798
0.000107134
0.000147777
0.000133021
0.000147777
0.000109893
-0.000190588
0.000222159
-0.0001944
0.000334418
-0.000194821
0.000445928
-0.000194251
0.000555906
-0.000192693
0.000663491
-0.000190176
0.000767648
-0.000186717
0.0008672
-0.000182418
0.000961993
-0.000177382
0.00105213
-0.000171851
0.00113783
-0.000166075
0.00121987
-0.000160775
0.00129955
-0.000156575
0.00137583
-0.000151207
0.0014478
-0.000144923
0.0015152
-0.000138488
0.00157819
-0.000132395
0.00163721
-0.000127079
0.00169294
-0.000122847
0.00174623
-0.000119933
0.00179807
-0.000118576
0.00184955
-0.000118897
0.00190181
-0.000120984
0.00195594
-0.000124784
0.00201303
-0.000130279
0.00207403
-0.000137251
0.00213963
-0.000145405
0.00221036
-0.000154473
0.0022863
-0.000163867
0.00236697
-0.000172924
0.00245127
-0.000180816
0.00253996
-0.000189313
0.00263429
-0.000198714
0.00273477
-0.000208043
0.0028415
-0.000216716
0.00295469
-0.000224143
0.00307317
-0.000229899
0.00319491
-0.000233659
0.00331827
-0.000234976
0.00344162
-0.00023369
0.00356319
-0.000229422
0.00368114
-0.000222019
0.0037936
-0.0002112
0.00389884
-0.000196921
0.00399474
-0.00017903
0.00407925
-0.000157629
0.00415073
-0.000132486
0.00420756
-0.000103842
0.00424789
-7.19317e-05
0.00427037
-3.69558e-05
0.00426759
9.43546e-06
0.00423879
5.7503e-05
0.00418457
0.00010564
0.00410493
0.000154501
0.00399946
0.000204152
0.0038683
0.000253923
0.00371156
0.000303349
0.00352948
0.000352282
0.0033227
0.000399787
0.00309176
0.00044611
0.00283767
0.000490256
0.00256193
0.000531736
0.00226621
0.000569952
0.0019529
0.000603781
0.00162443
0.000632936
0.00128387
0.000656225
0.000934523
0.000673281
0.000580168
0.000683235
0.00022474
0.000685613
-0.000127283
0.000679821
-0.000472173
0.000665981
-0.000804939
0.00064333
-0.00112099
0.000611928
-0.00141604
0.000572134
-0.00168564
0.000523755
-0.0019254
0.000467004
-0.00213154
0.000402964
-0.00230049
0.000331909
-0.002429
0.000254775
-0.00251462
0.000172759
-0.00255552
8.74154e-05
-0.00254639
-4.13968e-06
-0.00248966
-0.000100712
-0.00238576
-0.000192291
-0.00223649
-0.000279962
-0.00204395
-0.000363125
-0.00181136
-0.000440189
-0.00154246
-0.000510218
-0.00124208
-0.000571128
-0.000915996
-0.00062123
-0.000570613
-0.000659064
-0.000213221
-0.000683091
0.000148447
-0.000692298
0.000506394
-0.000686243
0.000852058
-0.000663831
0.00117725
-0.0006256
0.00147384
-0.000571776
0.00173393
-0.000502728
0.00195049
-0.000420302
0.00211758
-0.000326118
0.00223031
-0.000222349
0.00228463
-0.000111238
0.00227522
1.00966e-05
0.00220332
0.00013281
0.00207148
0.000248724
0.00188281
0.0003579
0.00164198
0.000458222
0.00135545
0.000546542
0.00103168
0.000619043
0.00068037
0.000673126
0.000312306
0.000706417
-6.02535e-05
0.000716561
-0.000425116
0.000703288
-0.000769508
0.00066562
-0.00108158
0.000604903
-0.00135009
0.00052262
-0.00156524
0.000421246
-0.00171901
0.000304216
-0.00180555
0.000175812
-0.00182109
4.12931e-05
-0.00176251
-0.000103908
-0.0016357
-0.000236439
-0.00144613
-0.000357569
-0.00120195
-0.000463416
-0.000914042
-0.000548891
-0.000595755
-0.000609376
-0.000261301
-0.000642111
7.296e-05
-0.000644689
0.000391653
-0.000616871
0.000679445
-0.000559908
0.000922689
-0.000476333
0.00111016
-0.000370951
0.00123363
-0.000249342
0.00128838
-0.000118276
0.0012708
1.96437e-05
0.00118699
0.000149584
0.00104429
0.00026341
0.00085317
0.000357533
0.000627659
0.000425573
0.000383843
0.000463171
0.00013882
0.000468175
-9.02565e-05
0.000440305
-0.000287786
0.000382328
-0.000440542
0.000298768
-0.000538995
0.000196418
-0.000577977
8.39063e-05
-0.000554794
-3.50449e-05
-0.000476215
-0.000142369
-0.000350934
-0.000232323
-0.000191722
-0.000298631
-1.39714e-05
-0.00033585
0.000164874
-0.000340764
0.000328599
-0.000313856
0.000462304
-0.0002583
0.000554473
-0.000180379
0.000597904
-8.81291e-05
0.000588889
1.1483e-05
0.00053161
0.000105704
0.000433772
0.000184114
0.000306734
0.000241471
0.000164588
0.000272182
2.21809e-05
0.000274359
-0.000104706
0.000247255
-0.00020499
0.00019737
-0.00026967
0.00012993
-0.000294457
5.37036e-05
-0.000278741
-2.47804e-05
-0.000228324
-9.25239e-05
-0.000151513
-0.000144314
-5.98279e-05
-0.000174482
3.47151e-05
-0.000180933
0.00011922
-0.000162675
0.000183007
-0.000123394
0.000218108
-6.82399e-05
0.000219501
-3.04478e-06
0.000186663
6.48181e-05
0.000123508
0.000124309
3.66656e-05
0.000171082
-6.45271e-05
0.000199855
-0.000168928
0.000206628
-0.000265318
0.000191133
-0.000343082
0.000154525
-0.00039376
0.000100789
-0.0004114
3.49879e-05
-0.000392593
-3.84358e-05
-0.000338594
-0.000109281
-0.000253333
-0.000172402
-0.000143618
-0.000222014
-1.8592e-05
-0.000253345
0.000111121
-0.000263278
0.000234344
-0.000250542
0.000340512
-0.000216155
0.000420173
-0.000162507
0.000466119
-9.39078e-05
0.0004738
-1.61244e-05
0.000441699
6.53482e-05
0.000371706
0.000142763
0.000268939
0.000209901
0.000141514
0.000260446
0.000289291
0.000126554
-0.000317142
0.000252994
-0.00032084
0.000377594
-0.000319421
0.000498679
-0.000315337
0.000614584
-0.000308598
0.000723848
-0.00029944
0.00082525
-0.00028812
0.000918305
-0.000275474
0.00100331
-0.000262392
0.00108076
-0.000249297
0.00114768
-0.000232998
0.00119959
-0.000212684
0.00123368
-0.000190668
0.00125069
-0.000168216
0.00125218
-0.000146407
0.00124002
-0.000126331
0.00121632
-0.000108692
0.00118366
-9.442e-05
0.00114477
-8.39587e-05
0.0011028
-7.79654e-05
0.00106101
-7.67823e-05
0.0010228
-8.06909e-05
0.000991369
-8.95513e-05
0.000969693
-0.000103109
0.0009603
-0.000120887
0.000965393
-0.000142344
0.000986615
-0.000166627
0.0010254
-0.000193261
0.00108271
-0.000221175
0.00115969
-0.000249907
0.00125729
-0.000278413
0.00137399
-0.000306015
0.00150662
-0.000331341
0.00165077
-0.000352189
0.0018059
-0.00037185
0.00197319
-0.000391432
0.00215179
-0.000408504
0.00233976
-0.000421624
0.00253476
-0.000429976
0.00273406
-0.000432993
0.00293508
-0.000430444
0.00313467
-0.000421605
0.00332926
-0.000405792
0.0035162
-0.000383864
0.00369184
-0.000354667
0.00385344
-0.000319227
0.00399629
-0.000275331
0.00411805
-0.000225608
0.00421614
-0.00017002
0.00428869
-0.000109504
0.00434067
-4.25504e-05
0.00435807
4.01075e-05
0.00434375
0.000119956
0.00429653
0.000201722
0.00421562
0.000285066
0.00410065
0.000368896
0.00395159
0.000452406
0.00376849
0.000535383
0.00355197
0.000616302
0.00330289
0.000695194
0.00302286
0.000770286
0.00271385
0.000840743
0.00237869
0.000905113
0.00202063
0.000961844
0.00164307
0.00101049
0.00125019
0.00104911
0.000845979
0.00107749
0.000435225
0.00109399
2.30555e-05
0.00109778
-0.000385366
0.00108824
-0.000784901
0.00106552
-0.00116973
0.00102816
-0.00153429
0.000976486
-0.00187318
0.000911029
-0.00218133
0.000831904
-0.00245326
0.000738935
-0.00268441
0.000634109
-0.00287097
0.000518474
-0.00300861
0.000392411
-0.0030954
0.000259553
-0.00312914
0.000121155
-0.00310167
-3.16112e-05
-0.00301889
-0.000183493
-0.00288156
-0.000329617
-0.00269085
-0.000470677
-0.00244914
-0.000604829
-0.00216004
-0.000729293
-0.0018285
-0.000841759
-0.00146057
-0.000939061
-0.0010634
-0.0010184
-0.000644939
-0.00107752
-0.000213945
-0.00111409
0.000220459
-0.0011267
0.000648436
-0.00111422
0.00105973
-0.00107513
0.00144464
-0.00101051
0.00179358
-0.000920712
0.00209747
-0.000806619
0.00234794
-0.000670775
0.00253735
-0.000515525
0.0026599
-0.000344898
0.00271311
-0.000164451
0.00268986
3.33506e-05
0.00259426
0.000228407
0.00242777
0.000415212
0.00219388
0.000591792
0.00189851
0.000753587
0.00155021
0.000894848
0.00115917
0.00101008
0.000737287
0.00109501
0.000298511
0.00114519
-0.000143381
0.00115845
-0.000573475
0.00113338
-0.00097657
0.00106872
-0.00133872
0.000967049
-0.00164674
0.000830646
-0.00188919
0.000663693
-0.00205689
0.000471913
-0.00214377
0.000262696
-0.00214473
4.22477e-05
-0.00206003
-0.000188599
-0.00189549
-0.000400985
-0.0016577
-0.000595362
-0.00135695
-0.000764164
-0.00100706
-0.00089878
-0.000624152
-0.000992283
-0.000225855
-0.00104041
0.000168133
-0.00103868
0.000539519
-0.000988258
0.000870272
-0.000890661
0.00114467
-0.000750735
0.00134976
-0.000576041
0.00147651
-0.000376088
0.00151956
-0.000161328
0.00147736
6.18417e-05
0.00135791
0.000269039
0.00116966
0.000451656
0.000926297
0.000600898
0.00064564
0.000706231
0.000347117
0.000761693
5.17025e-05
0.00076359
-0.000219857
0.000711864
-0.000449329
0.000611801
-0.000621312
0.000470751
-0.000725562
0.000300668
-0.000756251
0.000114596
-0.00071334
-7.79555e-05
-0.000604773
-0.000250936
-0.000441545
-0.000395551
-0.000240364
-0.000499813
-2.07609e-05
-0.000555452
0.00019681
-0.000558335
0.000392149
-0.000509195
0.000547993
-0.000414144
0.000651359
-0.000283746
0.000694354
-0.000131124
0.000674313
3.15239e-05
0.000597925
0.000182092
0.000474454
0.000307585
0.00031871
0.000397215
0.000148242
0.00044265
-1.83926e-05
0.000440994
-0.000164782
0.000393644
-0.000276374
0.000308962
-0.000343841
0.000197397
-0.000363447
7.33098e-05
-0.000335947
-5.22799e-05
-0.000268649
-0.000159822
-0.000172269
-0.000240694
-6.01204e-05
-0.00028663
5.23413e-05
-0.000293395
0.000151472
-0.000261806
0.000225137
-0.000197058
0.000264863
-0.000107966
0.000265618
-3.79948e-06
0.000228455
0.000101981
0.000157435
0.000195329
6.06754e-05
0.000267842
-5.11313e-05
0.000311662
-0.000165632
0.000321129
-0.000270538
0.000296038
-0.000354735
0.000238722
-0.000409165
0.000155219
-0.000428162
5.39845e-05
-0.000408888
-5.77102e-05
-0.000352762
-0.000165407
-0.000264309
-0.000260854
-0.000151075
-0.000335248
-2.27328e-05
-0.000381687
0.000109868
-0.000395878
0.000235212
-0.000375887
0.000342608
-0.000323551
0.000422742
-0.000242641
0.000468564
-0.00013973
0.000475697
-2.32575e-05
0.000443019
9.80264e-05
0.000372464
0.000213319
0.000269281
0.000313083
0.000141598
0.000388129
0.000430889
0.000239453
-0.000556595
0.000480297
-0.000561685
0.000718062
-0.000557187
0.000949549
-0.000546823
0.00117109
-0.00053014
0.0013793
-0.000507649
0.00156957
-0.000478391
0.00173845
-0.000444352
0.00188001
-0.000403958
0.00199093
-0.000360216
0.00207084
-0.000312904
0.00212305
-0.000264898
0.00214958
-0.000217193
0.00215309
-0.000171729
0.00213516
-0.000128481
0.00209735
-8.85197e-05
0.00204227
-5.36158e-05
0.00197333
-2.54763e-05
0.0018949
-5.52729e-06
0.00181102
5.91224e-06
0.00172108
1.31593e-05
0.00162932
1.1063e-05
0.00153648
3.28947e-06
0.00144571
-1.23356e-05
0.00136191
-3.70896e-05
0.0012916
-7.20321e-05
0.0012428
-0.000117825
0.00122672
-0.000177185
0.00124413
-0.000238586
0.00129206
-0.00029784
0.00136788
-0.00035423
0.00147395
-0.000412081
0.0016103
-0.000467694
0.0017777
-0.000519586
0.00197219
-0.000566338
0.00218768
-0.000606926
0.00241953
-0.000640358
0.00266378
-0.000665869
0.0029164
-0.000682594
0.00317342
-0.000690011
0.00343043
-0.000687464
0.00368352
-0.00067469
0.00392899
-0.00065126
0.00416252
-0.000617398
0.00438039
-0.000572535
0.00457745
-0.000516286
0.00475321
-0.000451097
0.00490458
-0.00037697
0.00502687
-0.000292316
0.00511671
-0.00019934
0.00517277
-9.86168e-05
0.00518671
2.6176e-05
0.00515804
0.000148624
0.00508888
0.000270881
0.00497995
0.000393999
0.00483058
0.000518268
0.00464089
0.000642089
0.00441049
0.000765785
0.00413994
0.000886855
0.00383039
0.00100475
0.00348418
0.00111649
0.00310386
0.00122106
0.00269294
0.00131603
0.00225481
0.00139998
0.00179433
0.00147097
0.00131578
0.00152766
0.000824824
0.00156845
0.000327118
0.0015917
-0.000171227
0.00159613
-0.000663504
0.00158052
-0.00114359
0.0015456
-0.00160446
0.00148903
-0.00203937
0.00141139
-0.00244235
0.00131401
-0.00280645
0.00119601
-0.00312561
0.0010581
-0.00339439
0.000902882
-0.00360724
0.000731329
-0.00375982
0.000544988
-0.00384867
0.000348404
-0.00387195
0.000144433
-0.00382332
-8.02394e-05
-0.00370841
-0.000298398
-0.00352705
-0.000510981
-0.00328094
-0.000716791
-0.00297312
-0.000912645
-0.00260868
-0.00109373
-0.00219408
-0.00125637
-0.00173669
-0.00139645
-0.00124538
-0.00150971
-0.000730107
-0.00159279
-0.000201406
-0.00164279
0.000328799
-0.00165691
0.000849113
-0.00163453
0.00134684
-0.00157285
0.00181008
-0.00147375
0.00222768
-0.00133832
0.00258822
-0.00116715
0.00288242
-0.000964976
0.0031019
-0.000735009
0.00323993
-0.000482925
0.00328928
-0.000213805
0.00324776
7.48707e-05
0.00311886
0.00035731
0.00290403
0.000630037
0.00260815
0.000887673
0.00223908
0.00112266
0.00180761
0.00132631
0.0013263
0.0014914
0.00081056
0.00161075
0.000276135
0.00167962
-0.00025825
0.00169284
-0.000775323
0.00165046
-0.00125659
0.00154998
-0.00168513
0.00139559
-0.00204547
0.00119099
-0.00232402
0.000942235
-0.00251011
0.000658005
-0.00259667
0.000349262
-0.00257757
2.3146e-05
-0.0024579
-0.000308271
-0.00224214
-0.000616747
-0.00193895
-0.000898545
-0.00156194
-0.00114118
-0.00112922
-0.0013315
-0.000659748
-0.00146175
-0.000177114
-0.00152304
0.000296945
-0.00151274
0.000738975
-0.00143029
0.0011273
-0.00127899
0.0014432
-0.00106663
0.00167142
-0.000804263
0.00180155
-0.000506215
0.00182968
-0.000189465
0.00175576
0.000135763
0.00158872
0.000436087
0.00133975
0.000700622
0.00102751
0.00091314
0.000673744
0.00105999
0.000302952
0.00113249
-5.80597e-05
0.0011246
-0.000385422
0.00103923
-0.000656781
0.00088316
-0.000854074
0.000668043
-0.000965416
0.00041201
-0.000986014
0.000135194
-0.000915838
-0.000148131
-0.000766335
-0.00040044
-0.000552668
-0.000609217
-0.000295482
-0.000756999
-1.90417e-05
-0.000831893
0.000248477
-0.000825854
0.000484857
-0.000745575
0.000669334
-0.000598621
0.000785983
-0.000400394
0.000827746
-0.000172888
0.000792267
6.70027e-05
0.00068871
0.00028565
0.000530385
0.00046591
0.000336214
0.000591385
0.000128042
0.000650822
-7.17493e-05
0.000640786
-0.000242723
0.000564618
-0.00036883
0.000435069
-0.000439837
0.000268404
-0.000452019
8.54913e-05
-0.000408813
-9.54851e-05
-0.000319399
-0.000249237
-0.000197447
-0.000362646
-5.96065e-05
-0.000424471
7.63857e-05
-0.000429387
0.000194001
-0.000379421
0.000279933
-0.00028299
0.00032477
-0.000152803
0.000324172
-3.20124e-06
0.000280153
0.000145999
0.000197933
0.000277549
8.72923e-05
0.000378482
-3.90018e-05
0.000437956
-0.00016721
0.000449337
-0.00028365
0.000412478
-0.000376283
0.000331355
-0.00043576
0.000214696
-0.00045603
7.42541e-05
-0.00043531
-7.84298e-05
-0.000375277
-0.000225441
-0.000281252
-0.000354879
-0.000161634
-0.000454866
-2.68259e-05
-0.000516495
0.000111465
-0.000534169
0.000241489
-0.000505911
0.000352138
-0.0004342
0.000434153
-0.000324656
0.00048053
-0.000186107
0.000487104
-2.98315e-05
0.000452965
0.000132166
0.000380357
0.000285926
0.000274755
0.000418685
0.00014442
0.000518463
0.00057531
0.000441124
-0.00099772
0.000881923
-0.00100248
0.0013169
-0.000992165
0.0017404
-0.000970321
0.00214283
-0.000932574
0.00251404
-0.000878858
0.00283866
-0.000803013
0.00310664
-0.00071233
0.00330045
-0.000597769
0.00341503
-0.000474799
0.00344194
-0.000339816
0.00337694
-0.000199897
0.00320924
-4.94919e-05
0.00295347
8.4041e-05
0.0026565
0.000168487
0.00232096
0.00024702
0.00195417
0.000313172
0.00156452
0.000364176
0.00116089
0.000398109
0.000752642
0.000414156
0.000354814
0.000410987
-2.16277e-05
0.000387504
-0.000364374
0.000346036
-0.000660405
0.000283694
-0.000904155
0.00020666
-0.00109078
0.000114595
-0.00119186
-1.67494e-05
-0.0011866
-0.000182446
-0.00110542
-0.000319764
-0.000961165
-0.000442095
-0.000771947
-0.000543448
-0.000547424
-0.000636605
-0.000287239
-0.000727879
1.06439e-05
-0.00081747
0.000342738
-0.000898432
0.00070471
-0.000968898
0.00109118
-0.00102683
0.00149613
-0.00107082
0.00191324
-0.0010997
0.0023356
-0.00111237
0.0027577
-0.00110956
0.00317201
-0.001089
0.00357196
-0.00105121
0.00395222
-0.00099766
0.0043095
-0.000929812
0.00463782
-0.00084461
0.00492824
-0.00074151
0.00517704
-0.000625769
0.00538172
-0.000497002
0.00554268
-0.000360302
0.00565398
-0.000209916
0.00572186
-4.17002e-05
0.00573711
0.00013337
0.00569922
0.00030877
0.00560649
0.00048673
0.00545813
0.000666628
0.00525482
0.000845395
0.00499772
0.00102289
0.00468833
0.00119624
0.00432919
0.00136389
0.0039235
0.00152218
0.00347521
0.00166935
0.00298873
0.00180252
0.00246926
0.00191945
0.0019219
0.00201833
0.00135314
0.00209642
0.000769501
0.00215209
0.00017815
0.00218305
-0.000413271
0.00218755
-0.000997183
0.00216443
-0.0015655
0.00211392
-0.00211015
0.00203368
-0.00262261
0.00192384
-0.00309455
0.00178595
-0.00351871
0.00162017
-0.003888
0.00142738
-0.00419563
0.00121051
-0.00443549
0.000971188
-0.00460339
0.000712893
-0.00469422
0.00043923
-0.00470457
0.000154786
-0.00463054
-0.000154271
-0.00447689
-0.000452046
-0.0042437
-0.000744172
-0.00393334
-0.00102714
-0.00354991
-0.00129608
-0.0030998
-0.00154384
-0.00259044
-0.00176573
-0.00203145
-0.00195543
-0.00143365
-0.00210752
-0.000809048
-0.00221739
-0.000170757
-0.00228108
0.000467692
-0.00229536
0.00109187
-0.00225871
0.00168674
-0.00216772
0.00223786
-0.00202487
0.00273106
-0.00183152
0.00315374
-0.00158983
0.00349447
-0.0013057
0.00374281
-0.000983355
0.00389059
-0.000630697
0.00393739
-0.000260607
0.00387442
0.000137842
0.00370636
0.000525364
0.00343524
0.000901158
0.00306765
0.00125526
0.00261394
0.00157637
0.00208712
0.00185313
0.00150347
0.00207505
0.000880947
0.00223327
0.000239777
0.00232079
-0.000398889
0.0023315
-0.00101359
0.00226516
-0.00158178
0.00211817
-0.00208372
0.00189753
-0.00250101
0.00160827
-0.00281797
0.0012592
-0.00302233
0.00086237
-0.0031065
0.000433427
-0.00306241
-2.09444e-05
-0.00290153
-0.000469146
-0.00262547
-0.000892809
-0.00224695
-0.00127707
-0.00178332
-0.00160481
-0.00125548
-0.00185934
-0.000689365
-0.00202787
-0.00010984
-0.00210257
0.000453276
-0.00207585
0.000973332
-0.00195034
0.00142471
-0.00173037
0.00178527
-0.00142719
0.00203761
-0.0010566
0.0021706
-0.000639209
0.00218095
-0.000199811
0.00206826
0.000248455
0.00184443
0.000659911
0.00152517
0.00101988
0.00113383
0.00130448
0.000697219
0.00149661
0.000246067
0.00158364
-0.000189153
0.00155982
-0.000577889
0.00142796
-0.000894259
0.00119953
-0.00111766
0.000891442
-0.00123446
0.000528815
-0.00123924
0.000139967
-0.00113733
-0.000250039
-0.000939812
-0.000597957
-0.000667561
-0.000881468
-0.00034725
-0.00107731
-8.97991e-06
-0.00117016
0.000316105
-0.00115094
0.000598087
-0.00102756
0.000812899
-0.000813434
0.000943389
-0.000530884
0.000980039
-0.000209538
0.000925772
0.00012127
0.000789968
0.000421453
0.000590881
0.000664997
0.000352096
0.00083017
0.000101029
0.000901889
-0.000134767
0.000876581
-0.000332284
0.000762135
-0.000473259
0.000576043
-0.000546489
0.000341634
-0.000549081
8.80828e-05
-0.000487411
-0.000157155
-0.000372377
-0.00036427
-0.000221698
-0.000513325
-5.5739e-05
-0.00059043
0.000105558
-0.000590684
0.00024248
-0.000516344
0.000340486
-0.000380996
0.000389896
-0.000202213
0.000386944
-2.49645e-07
0.000334354
0.00019859
0.000239136
0.000372768
0.000113187
0.000504431
-2.90636e-05
0.000580207
-0.000171902
0.000592175
-0.000300413
0.00054099
-0.000401696
0.000432638
-0.000465898
0.000278899
-0.000486973
9.53292e-05
-0.000464149
-0.000101254
-0.000399266
-0.000290325
-0.000298798
-0.000455347
-0.000171981
-0.000581683
-3.00963e-05
-0.00065838
0.000114509
-0.000678775
0.000249533
-0.000640935
0.00036376
-0.000548428
0.00044779
-0.000408686
0.000494663
-0.000232981
0.000500529
-3.56967e-05
0.000464659
0.000168036
0.000389698
0.000360887
0.00028118
0.000527203
0.000147696
0.000651947
0.000723006
0.000613516
-0.00161124
0.00122221
-0.00161117
0.00181711
-0.00158707
0.00238792
-0.00154113
0.00292273
-0.00146738
0.00342092
-0.00137705
0.00385748
-0.00123957
0.00425896
-0.00111381
0.00455902
-0.00089783
0.00478268
-0.000698458
0.00490896
-0.000466102
0.0049554
-0.000246334
0.00494602
-4.01109e-05
0.00485607
0.000173989
0.00462196
0.000402601
0.00426778
0.000601192
0.00381708
0.000763874
0.00329143
0.000889822
0.00271399
0.000975553
0.00210848
0.00101967
0.00149949
0.00101998
0.000911698
0.000975292
0.000368379
0.000889355
-0.000101517
0.00075359
-0.000486132
0.000591274
-0.000736221
0.000364684
-0.000903798
0.000150828
-0.00100119
-8.50558e-05
-0.00107481
-0.000246145
-0.00105218
-0.000464724
-0.000938082
-0.000657545
-0.000719844
-0.000854843
-0.000416769
-0.00103095
-4.58131e-05
-0.00118843
0.000380077
-0.00132432
0.000847023
-0.00143584
0.00134252
-0.00152233
0.00185538
-0.00158368
0.00237556
-0.00161989
0.00289495
-0.00163176
0.00340433
-0.00161894
0.00389811
-0.00158278
0.00436917
-0.00152227
0.00481092
-0.00143941
0.0052155
-0.00133439
0.00558033
-0.00120944
0.00590394
-0.00106512
0.00618338
-0.000905208
0.00641257
-0.000726194
0.00658135
-0.000529081
0.00668923
-0.000317796
0.00675234
-0.000104812
0.00674191
0.000143803
0.00667141
0.000379272
0.0065394
0.000618739
0.00634533
0.000860695
0.00608898
0.00110175
0.00577034
0.00134153
0.00539271
0.00157387
0.00495856
0.00179805
0.00447182
0.00200892
0.00393651
0.00220465
0.00335764
0.00238139
0.00274168
0.0025354
0.00209474
0.00266527
0.00142435
0.00276682
0.000737928
0.0028385
4.41568e-05
0.00287682
-0.00064815
0.00287985
-0.00132993
0.00284622
-0.00199218
0.00277616
-0.00262452
0.00266602
-0.00321703
0.00251636
-0.00376166
0.00233059
-0.00424925
0.00210775
-0.00467078
0.00184891
-0.00501768
0.00155741
-0.00528369
0.0012372
-0.00546381
0.000893014
-0.00555373
0.000529144
-0.00554888
0.000149936
-0.00544896
-0.000254185
-0.00525501
-0.000645996
-0.00496668
-0.0010325
-0.00458782
-0.00140601
-0.00412449
-0.00175941
-0.00358432
-0.002084
-0.00297712
-0.00237293
-0.0023131
-0.00261946
-0.00160544
-0.00281518
-0.000868903
-0.00295392
-0.000118436
-0.00303154
0.000629375
-0.00304317
0.00135809
-0.00298743
0.00205088
-0.00286051
0.00268981
-0.00266381
0.00325895
-0.00240066
0.00374321
-0.00207409
0.00412968
-0.00169217
0.00440898
-0.00126266
0.00457166
-0.000793376
0.00460476
-0.00029371
0.0045164
0.000226206
0.00430393
0.000737828
0.00397162
0.00123347
0.00352805
0.00169883
0.00298537
0.00211905
0.0023594
0.00247911
0.00166923
0.00276522
0.000936458
0.00296604
0.00018558
0.00307167
-0.00055937
0.00307645
-0.00127286
0.00297865
-0.00192842
0.00277374
-0.00250348
0.00247258
-0.00297666
0.00208146
-0.00332998
0.00161252
-0.0035496
0.00108199
-0.00362671
0.000510532
-0.00355802
-8.96328e-05
-0.00335005
-0.00067711
-0.00300926
-0.0012336
-0.00255115
-0.00173518
-0.00199597
-0.00215999
-0.00137015
-0.00248516
-0.000703009
-0.00269501
-2.57214e-05
-0.00277986
0.000628071
-0.00272964
0.00122692
-0.00254919
0.00174093
-0.00224438
0.00214489
-0.00183114
0.002419
-0.00133072
0.00255238
-0.00077259
0.00253724
-0.000184674
0.00238344
0.000402263
0.00209876
0.000944589
0.00170673
0.00141192
0.00123278
0.00177843
0.000710029
0.00201936
0.000176011
0.00211766
-0.000333712
0.00206955
-0.000784206
0.00187846
-0.00114505
0.00156038
-0.00139257
0.00113896
-0.00151195
0.000648196
-0.00149758
0.000125597
-0.00135948
-0.000388137
-0.00111069
-0.000846745
-0.000776121
-0.00121604
-0.000389213
-0.00146422
1.40536e-05
-0.00157343
0.000396638
-0.00153352
0.000723812
-0.00135473
0.000967639
-0.00105726
0.00110845
-0.000671694
0.00113866
-0.000239751
0.00106162
0.000198313
0.000890181
0.000592892
0.000647569
0.000907609
0.000362919
0.00111482
6.84055e-05
0.0011964
-0.00020389
0.00114888
-0.000427158
0.000985404
-0.000581145
0.00073003
-0.000654539
0.000415029
-0.000646373
7.99171e-05
-0.000563739
-0.00023979
-0.000421955
-0.000506054
-0.000241835
-0.000693444
-4.73347e-05
-0.000784931
0.000137838
-0.000775857
0.000292867
-0.000671373
0.000401751
-0.00048988
0.000454402
-0.000254864
0.000447888
6.26395e-06
0.000385804
0.000260674
0.00027719
0.000481381
0.000135964
0.000645657
-2.16535e-05
0.000737824
-0.000178265
0.000748786
-0.000317809
0.000680534
-0.000426558
0.000541387
-0.000494553
0.000346894
-0.00051602
0.000116797
-0.00049041
-0.000126864
-0.000420652
-0.000360082
-0.000313964
-0.000562034
-0.000180457
-0.00071519
-3.22083e-05
-0.000806628
0.000117885
-0.000828867
0.000257187
-0.000780237
0.000374178
-0.000665419
0.000459583
-0.000494091
0.000506599
-0.000279997
0.000511566
-4.06632e-05
0.000474132
0.00020547
0.000397049
0.00043797
0.000286221
0.000638032
0.000150247
0.00078792
0.000873253
0.00144301
-0.00305425
0.00288268
-0.00305084
0.00430411
-0.00300849
0.0056852
-0.00292223
0.00699576
-0.00277794
0.00821428
-0.00259558
0.00924062
-0.00226591
0.0100731
-0.00194633
0.010423
-0.00124774
0.0103893
-0.000664705
0.00996867
-4.54782e-05
0.0092721
0.000450233
0.00834756
0.000884434
0.00726016
0.00126138
0.00607903
0.00158374
0.00483342
0.0018468
0.00354637
0.00205092
0.00224206
0.00219413
0.000942484
0.00227513
-0.000328468
0.00229062
-0.00155255
0.00224406
-0.00269054
0.00211328
-0.00371954
0.00191836
-0.0045973
0.00163134
-0.00530066
0.00129464
-0.0057921
0.000856118
-0.00607621
0.000434944
-0.00597906
-0.000182215
-0.00564329
-0.000581907
-0.00511888
-0.000989141
-0.00451162
-0.0012648
-0.00384649
-0.00151998
-0.00313213
-0.00174532
-0.00238039
-0.00194016
-0.00160518
-0.00209953
-0.000816823
-0.0022242
-2.46647e-05
-0.00231449
0.000763871
-0.00237221
0.00154019
-0.00239621
0.0022948
-0.00238636
0.00302144
-0.00234559
0.00371176
-0.0022731
0.00435936
-0.00216987
0.00495964
-0.00203969
0.0055065
-0.00188125
0.00599571
-0.00169865
0.00642297
-0.00149238
0.00678655
-0.00126878
0.00707765
-0.0010173
0.00729915
-0.000750579
0.0074545
-0.000473149
0.00752442
-0.000174726
0.00753677
0.000131453
0.00747193
0.000444106
0.00732974
0.000760933
0.00711097
0.00107946
0.00681739
0.00139533
0.00645218
0.00170673
0.00601832
0.00200773
0.00551913
0.00229724
0.00495941
0.00256864
0.0043445
0.00281957
0.00368058
0.00304531
0.0029745
0.00324147
0.00223397
0.0034058
0.00146752
0.00353327
0.000683888
0.00362213
-0.000106887
0.00366759
-0.000894712
0.00366768
-0.00166845
0.00361995
-0.00241778
0.00352549
-0.00313202
0.00338026
-0.00380135
0.00318569
-0.00441314
0.00294238
-0.00495808
0.00265269
-0.00542564
0.00231647
-0.00581125
0.00194303
-0.00610174
0.00152768
-0.00629248
0.00108376
-0.00638018
0.000616841
-0.00635471
0.000124466
-0.00622666
-0.000382233
-0.00598934
-0.000883322
-0.00564677
-0.00137507
-0.00520164
-0.00185114
-0.00466016
-0.00230089
-0.00403236
-0.0027118
-0.00332937
-0.00307592
-0.0025638
-0.00338502
-0.00175005
-0.00362893
-0.0009047
-0.00379927
-4.67866e-05
-0.00388946
0.000805369
-0.00389532
0.00163302
-0.00381508
0.00241713
-0.00364461
0.00313859
-0.00338528
0.00377913
-0.00304119
0.00432155
-0.00261651
0.00475072
-0.00212134
0.00505109
-0.00156303
0.0052149
-0.00095718
0.00524353
-0.000322345
0.0051272
0.000342539
0.00486968
0.000995351
0.00447611
0.00162704
0.00395629
0.00221864
0.00332591
0.00274944
0.00260332
0.0032017
0.00181098
0.00355756
0.000972534
0.00380448
0.000113975
0.00393023
-0.000730792
0.00392122
-0.00153627
0.00378413
-0.00227409
0.00351156
-0.00291752
0.00311601
-0.00344147
0.00260541
-0.00382586
0.00199691
-0.00405587
0.001312
-0.00412232
0.000576981
-0.00402693
-0.000185018
-0.00377119
-0.000932852
-0.00336524
-0.00163955
-0.00282775
-0.00227267
-0.00218328
-0.00280446
-0.00146224
-0.0032062
-0.000697858
-0.00345939
7.25366e-05
-0.00355025
0.000812377
-0.00346948
0.001484
-0.00322081
0.00205531
-0.00281569
0.00249761
-0.00227345
0.00278981
-0.00162292
0.00291873
-0.00090151
0.0028783
-0.000144242
0.00267957
0.000600987
0.00233441
0.00128975
0.0018678
0.00187853
0.00131384
0.00233239
0.000709654
0.00262354
9.4657e-05
0.00273265
-0.000485171
0.00264937
-0.000992764
0.00238605
-0.00139335
0.00196096
-0.00166106
0.00140667
-0.00177995
0.000767082
-0.00174574
9.13909e-05
-0.00156877
-0.000565114
-0.00126676
-0.00114875
-0.000870732
-0.00161206
-0.000418468
-0.00191648
4.73579e-05
-0.00203926
0.000484645
-0.00197081
0.000853336
-0.00172342
0.00112248
-0.00132641
0.00127136
-0.000820568
0.00129162
-0.000260009
0.00118957
0.000300354
0.000981616
0.000800851
0.00069546
0.00119377
0.000365915
0.00144437
2.95583e-05
0.00153276
-0.000275616
0.00145405
-0.000521622
0.00123141
-0.000686122
0.000894529
-0.000758012
0.000486919
-0.000736456
5.83611e-05
-0.00063268
-0.000343566
-0.000464669
-0.000674066
-0.000256891
-0.000901221
-3.5394e-05
-0.00100643
0.00017133
-0.000982581
0.000342049
-0.000842092
0.000459693
-0.000607523
0.00051359
-0.000308762
0.000502572
1.72827e-05
0.000430897
0.000332349
0.000309613
0.000602665
0.000154187
0.000801084
-1.68286e-05
0.000908839
-0.00018517
0.000917127
-0.000333682
0.000829046
-0.000448242
0.000655947
-0.000518718
0.000417369
-0.000539768
0.000137847
-0.000511214
-0.000155418
-0.000436951
-0.000434345
-0.000324953
-0.000674032
-0.000186091
-0.000854053
-3.29835e-05
-0.000959736
0.000120989
-0.000982839
0.00026296
-0.000922209
0.000381517
-0.000783976
0.000467329
-0.000579902
0.000513947
-0.000326615
0.000517879
-4.45954e-05
0.000479181
0.000244168
0.000400709
0.000516441
0.000288543
0.000750198
0.000151382
0.000925081
0.00102464
0.00132108
-0.00437533
0.00263337
-0.00436314
0.00395735
-0.00433247
0.0053056
-0.00427048
0.00671011
-0.00418245
0.00828078
-0.00416625
0.0099637
-0.00394882
0.0120796
-0.00406222
0.0128951
-0.00206322
0.0133373
-0.00110693
0.0131955
9.63066e-05
0.0128054
0.00084033
0.0121109
0.00157895
0.0111539
0.0022184
0.00996034
0.00277728
0.00855013
0.00325701
0.00696195
0.0036391
0.00524584
0.00391024
0.00345477
0.0040662
0.00164321
0.00410218
-0.000130798
0.00401806
-0.00180743
0.00378991
-0.00333161
0.00344254
-0.00462203
0.00292177
-0.00567499
0.0023476
-0.00634197
0.0015231
-0.006661
0.000753974
-0.00600859
-0.000834625
-0.00574608
-0.000844422
-0.00520342
-0.0015318
-0.00465432
-0.0018139
-0.00395094
-0.00222335
-0.00318099
-0.00251527
-0.00233313
-0.00278803
-0.00143624
-0.00299642
-0.000514037
-0.0031464
0.000409912
-0.00323844
0.00131621
-0.00327851
0.00219224
-0.00327224
0.00302643
-0.00322055
0.00381862
-0.00313778
0.00456237
-0.00301685
0.00524806
-0.00285556
0.00587525
-0.00266688
0.00644397
-0.00244997
0.00694846
-0.00220313
0.00738506
-0.00192899
0.00774635
-0.00163007
0.00804024
-0.00131119
0.00825891
-0.000969241
0.00839559
-0.000609833
0.00845587
-0.000235004
0.00843504
0.000152279
0.00833381
0.000545342
0.00815027
0.000944472
0.00788551
0.00134422
0.00754033
0.00174051
0.00711748
0.00212958
0.00661975
0.00250546
0.00605126
0.00286573
0.00541711
0.00320279
0.00472306
0.00351362
0.00397618
0.00379219
0.00318405
0.0040336
0.00235535
0.00423451
0.00149936
0.00438926
0.000626249
0.00449524
-0.000253515
0.00454736
-0.00112802
0.00454219
-0.00198568
0.00447761
-0.00281513
0.00435494
-0.00360349
0.00416862
-0.00433808
0.00392027
-0.00500947
0.00361378
-0.0056054
0.00324862
-0.00611448
0.00282556
-0.00652812
0.00235666
-0.0068373
0.00183687
-0.00703824
0.00128469
-0.00711621
0.000694816
-0.00707781
8.60641e-05
-0.00692095
-0.000539094
-0.00664391
-0.00116036
-0.00624715
-0.00177182
-0.00573878
-0.00235951
-0.00512602
-0.00291365
-0.00441714
-0.00342069
-0.00362671
-0.00386635
-0.0027687
-0.00424303
-0.00186009
-0.00453755
-0.000917406
-0.00474195
3.75352e-05
-0.0048444
0.000984149
-0.00484194
0.00190121
-0.00473214
0.00276619
-0.00450959
0.00355895
-0.00417803
0.00425938
-0.00374163
0.00484836
-0.00320549
0.00531005
-0.00258303
0.00563144
-0.00188442
0.00580514
-0.00113088
0.00581425
-0.000331452
0.00567033
0.00048646
0.00536905
0.00129663
0.00491694
0.00207914
0.00432791
0.00280768
0.00361742
0.00345993
0.00280621
0.00401291
0.00191936
0.00444441
0.00098638
0.00473746
3.5733e-05
0.00488087
-0.000900662
0.00485761
-0.00178881
0.00467227
-0.00259852
0.00432127
-0.00329875
0.00381625
-0.00386485
0.00317151
-0.00427506
0.00240712
-0.00451275
0.00154969
-0.00456874
0.000632972
-0.0044434
-0.00031036
-0.00413981
-0.00123645
-0.00367312
-0.00210623
-0.00306197
-0.00288383
-0.00233515
-0.00353129
-0.00152702
-0.00401432
-0.000674924
-0.00431149
0.000179073
-0.00440425
0.000993525
-0.00428394
0.00172916
-0.00395645
0.00234935
-0.00343588
0.00282289
-0.00274698
0.00312737
-0.0019274
0.00324734
-0.00102148
0.00318223
-7.91369e-05
0.00293885
0.00084437
0.00253596
0.00169264
0.00200145
0.00241305
0.00137185
0.00296199
0.000691474
0.00330392
7.17584e-06
0.00341695
-0.000635482
0.00329203
-0.00119248
0.00294305
-0.00162618
0.00239466
-0.00190898
0.00168947
-0.00202396
0.00088206
-0.00196802
3.54502e-05
-0.0017524
-0.000780734
-0.00140035
-0.0015008
-0.000946793
-0.00206562
-0.000434318
-0.00242896
8.8537e-05
-0.00256211
0.000573708
-0.00245598
0.000978464
-0.00212818
0.00126812
-0.00161606
0.001421
-0.000973454
0.00142931
-0.00026831
0.0013015
0.000428158
0.00105824
0.00104412
0.000731357
0.00152064
0.000360932
0.00181479
-1.07722e-05
0.00190446
-0.000345989
0.00178927
-0.000610601
0.00149602
-0.000782143
0.00106607
-0.000849739
0.000554515
-0.000814797
2.34187e-05
-0.000690255
-0.000468107
-0.000498039
-0.000866282
-0.000264728
-0.00113453
-2.01124e-05
-0.00125104
0.000203822
-0.00120652
0.000386927
-0.0010252
0.000510415
-0.000731011
0.000564524
-0.000362871
0.000548243
3.35634e-05
0.00046745
0.000413142
0.000334856
0.000735258
0.00016792
0.00096802
-1.42538e-05
0.00109101
-0.000191589
0.00109446
-0.000346603
0.000984061
-0.000464888
0.000774231
-0.000536385
0.000488867
-0.000556302
0.000157764
-0.000524953
-0.000186767
-0.000446989
-0.00051231
-0.000331016
-0.000790004
-0.000188543
-0.000996526
-3.25754e-05
-0.0011157
0.000123297
-0.00113871
0.000266176
-0.00106509
0.000384729
-0.00090253
0.000469911
-0.000665084
0.0005155
-0.000372203
0.000518388
-4.74841e-05
0.000478831
0.000283726
0.000399865
0.000595407
0.000287663
0.0008624
0.000150808
0.00106194
0.00117544
0.00277321
-0.00714854
0.00556791
-0.00715783
0.00846496
-0.00722952
0.0115507
-0.00735619
0.0151629
-0.00779467
0.0198424
-0.00884573
0.0255253
-0.00963176
0.0307801
-0.00931697
0.0311317
-0.00241486
0.0293266
0.000698159
0.0263017
0.00312119
0.0228371
0.0043049
0.019264
0.00515214
0.0157313
0.00575105
0.012292
0.00621658
0.00897964
0.00656937
0.00580325
0.00681549
0.00274721
0.00696628
-0.000206805
0.00702021
-0.00308361
0.00697899
-0.00593061
0.00686507
-0.00869337
0.00655267
-0.0113375
0.0060867
-0.0136865
0.00527077
-0.0155688
0.00422983
-0.0165853
0.0025396
-0.0164078
0.0005765
-0.014469
-0.00277345
-0.0125298
-0.00278363
-0.0107582
-0.00330338
-0.00896711
-0.00360497
-0.00724136
-0.0039491
-0.00557928
-0.00417735
-0.00404985
-0.00431746
-0.00263308
-0.00441319
-0.00133167
-0.00444781
-0.000117482
-0.00445262
0.00101997
-0.00441597
0.00208713
-0.0043394
0.00308725
-0.00422066
0.00401424
-0.00406477
0.00486987
-0.00387248
0.00565753
-0.00364322
0.0063703
-0.00337965
0.00700708
-0.00308675
0.00756648
-0.00276253
0.00804687
-0.00240938
0.00844636
-0.00202956
0.00876135
-0.00162619
0.00899081
-0.0011987
0.00913327
-0.000752293
0.00918865
-0.000290386
0.00915646
0.000184469
0.00903295
0.000668858
0.00882032
0.00115709
0.00851913
0.00164542
0.00813158
0.00212806
0.00766021
0.00260095
0.00710878
0.00305689
0.00648133
0.00349318
0.0057838
0.00390032
0.00502251
0.0042749
0.00420505
0.00460965
0.00334004
0.00489861
0.00243655
0.005138
0.00150496
0.00532085
0.000556134
0.00544407
-0.000398002
0.00550149
-0.00134518
0.00548937
-0.00227247
0.00540489
-0.00316737
0.00524985
-0.00401638
0.00501763
-0.00480662
0.00471052
-0.00552639
0.00433355
-0.00616216
0.00388439
-0.00670399
0.00336739
-0.0071395
0.00279217
-0.0074637
0.00216107
-0.00766328
0.00148428
-0.00773908
0.000770616
-0.00768329
3.02712e-05
-0.00749904
-0.000723345
-0.0071838
-0.0014756
-0.00674209
-0.00221353
-0.00617739
-0.00292421
-0.0055003
-0.00359074
-0.00472349
-0.0041975
-0.00385717
-0.00473267
-0.00292042
-0.00517978
-0.00193046
-0.00552751
-0.000907203
-0.00576521
0.000128945
-0.00588055
0.00115323
-0.00586622
0.00214311
-0.00572203
0.00307514
-0.00544162
0.00392681
-0.0050297
0.00467618
-0.004491
0.00530334
-0.00383265
0.00579165
-0.00307134
0.00612685
-0.00221963
0.00629453
-0.00129856
0.00629426
-0.000331177
0.0061225
0.000658215
0.00578034
0.00163879
0.0052777
0.00258179
0.00462676
0.00345862
0.00384601
0.00424067
0.00295864
0.00490028
0.00199212
0.00541093
0.000976352
0.00575323
-5.19768e-05
0.0059092
-0.00106193
0.00586757
-0.00201778
0.00562812
-0.00288481
0.0051883
-0.00363166
0.0045631
-0.00423038
0.00377022
-0.00465777
0.00283451
-0.00489863
0.00179054
-0.00494154
0.000675881
-0.00478704
-0.000464856
-0.00444065
-0.00158283
-0.00391731
-0.00262958
-0.00324299
-0.00355814
-0.00244544
-0.00432885
-0.00156373
-0.00489603
-0.000636919
-0.0052383
0.000286019
-0.00532719
0.00116291
-0.00516083
0.0019501
-0.00474364
0.00260833
-0.00409411
0.00310452
-0.00324318
0.00341542
-0.0022383
0.00352535
-0.00113141
0.00343427
1.19455e-05
0.00314979
0.00112884
0.00269481
0.00214762
0.00210021
0.00300764
0.001407
0.0036552
0.000662303
0.00404861
-8.25878e-05
0.00416184
-0.00077677
0.00398621
-0.00137331
0.00353959
-0.00183247
0.00285382
-0.0021247
0.0019817
-0.00223271
0.000990076
-0.00215511
-4.21471e-05
-0.00190399
-0.00103186
-0.00150654
-0.00189824
-0.00100182
-0.00257035
-0.000437694
-0.00299308
0.000133856
-0.00313366
0.000659165
-0.00298129
0.00109253
-0.00256154
0.00139667
-0.00192021
0.00154988
-0.00112666
0.00154475
-0.000263187
0.00139226
0.000580654
0.00111639
0.00131999
0.0007543
0.00188273
0.000349035
0.00222006
-5.39444e-05
0.00230744
-0.000411958
0.00214728
-0.000689944
0.00177401
-0.000864733
0.00124086
-0.000926289
0.000616071
-0.000877653
-2.52178e-05
-0.000734385
-0.000611374
-0.000520655
-0.00108001
-0.000266883
-0.0013883
-6.15344e-06
-0.00151177
0.000233533
-0.0014462
0.000425444
-0.00121711
0.000552248
-0.000857815
0.000604877
-0.000415501
0.000583042
5.53986e-05
0.000494256
0.000501928
0.000352451
0.000877064
0.00017631
0.00114416
-1.35532e-05
0.00128088
-0.000196861
0.00127777
-0.00035563
0.00114283
-0.000475495
0.000894096
-0.000546704
0.000560076
-0.000564969
0.000176029
-0.000531101
-0.000220635
-0.000450431
-0.00059298
-0.000332106
-0.000908329
-0.000187899
-0.00114073
-3.11332e-05
-0.00127247
0.000124534
-0.00129438
0.000266442
-0.00120699
0.000383519
-0.00101961
0.000467041
-0.000748606
0.000511114
-0.000416277
0.000512956
-4.93259e-05
0.000473009
0.000323673
0.000394484
0.000673932
0.000283549
0.000973335
0.000148568
0.00119692
0.00132401
0.00147023
-0.00861878
0.0026701
-0.0083577
0.00352084
-0.00808025
0.00396074
-0.00779609
0.00464309
-0.00847702
0.00717421
-0.0113769
0.0167829
-0.0192404
0.0377706
-0.0303046
0.0325417
0.002814
0.0279087
0.0053312
0.0242654
0.00676441
0.021078
0.00749237
0.0181987
0.00803141
0.0154899
0.00845981
0.0128678
0.00883873
0.0102686
0.00916852
0.00764526
0.00943886
0.0049679
0.00964364
0.00222135
0.00976677
-0.0006055
0.00980584
-0.00348003
0.00973959
-0.00647074
0.00954338
-0.00962215
0.00923811
-0.013096
0.00874463
-0.0169731
0.0081069
-0.0215764
0.00714295
-0.0268547
0.00585474
-0.013835
-0.0157932
-0.00884699
-0.0077716
-0.0078363
-0.00431406
-0.00689927
-0.004542
-0.00604309
-0.00480529
-0.00478666
-0.00543377
-0.00348415
-0.00561998
-0.00206204
-0.0058353
-0.000702183
-0.00580767
0.000594086
-0.00574889
0.0017913
-0.00561319
0.00288597
-0.00543407
0.00388629
-0.00522098
0.00480392
-0.0049824
0.00565364
-0.0047222
0.00642138
-0.00441097
0.00711794
-0.00407621
0.00774033
-0.00370914
0.00828501
-0.00330722
0.00875147
-0.00287583
0.00913697
-0.00241506
0.00943756
-0.00192678
0.00965212
-0.00141326
0.00977809
-0.000878264
0.00981275
-0.000325047
0.00975457
0.000242648
0.00960353
0.000819896
0.00935932
0.0014013
0.00902266
0.00198207
0.00859629
0.00255443
0.00808163
0.00311562
0.00748349
0.00365503
0.00680684
0.00416983
0.0060565
0.00465066
0.00524
0.00509141
0.00436524
0.00548441
0.0034415
0.00582234
0.00247847
0.00610103
0.00148721
0.00631211
0.000479331
0.00645195
-0.000532935
0.00651376
-0.00153614
0.00649257
-0.00251684
0.00638559
-0.00346176
0.00619477
-0.00435669
0.00591256
-0.00518788
0.0055417
-0.00594199
0.00508767
-0.00660708
0.00454948
-0.00717072
0.00393102
-0.00762159
0.00324303
-0.00795377
0.00249326
-0.00815469
0.00168519
-0.00822167
0.000837593
-0.0081508
-4.05926e-05
-0.00794178
-0.000932368
-0.00759443
-0.00182295
-0.00711272
-0.00269523
-0.00650422
-0.00353272
-0.00577662
-0.00431834
-0.00494274
-0.00503138
-0.00401795
-0.00565745
-0.00301811
-0.00617963
-0.00196436
-0.00658126
-0.000877109
-0.00685246
0.000220029
-0.00697768
0.00130488
-0.00695107
0.0023506
-0.00676774
0.00333267
-0.00642369
0.00422723
-0.00592425
0.00501186
-0.00527564
0.00566703
-0.00448782
0.00617176
-0.00357606
0.00651239
-0.00256026
0.00667805
-0.00146422
0.00666269
-0.000315818
0.00646584
0.000855067
0.00608982
0.00201481
0.00554327
0.00312833
0.00484121
0.00416069
0.0040045
0.00507737
0.00305762
0.00584716
0.00202934
0.00643921
0.000952406
0.00683017
-0.00013904
0.00700065
-0.00120565
0.00693418
-0.00221227
0.00663473
-0.00312142
0.00609745
-0.00390093
0.00534261
-0.00452179
0.00439108
-0.00496001
0.00327273
-0.00519799
0.00202853
-0.0052267
0.000704585
-0.005046
-0.000645552
-0.00466273
-0.00196611
-0.00409455
-0.00319776
-0.00336497
-0.00428771
-0.00251212
-0.0051817
-0.00156965
-0.00583849
-0.000590001
-0.00621795
0.000388031
-0.00630522
0.00131181
-0.00608461
0.00213659
-0.00556842
0.00282144
-0.00477896
0.00333145
-0.00375318
0.00364311
-0.00254997
0.00374127
-0.00122957
0.00362522
0.000128002
0.00330507
0.00144899
0.00280622
0.00264647
0.00216206
0.0036518
0.00141706
0.0044002
0.000621804
0.00484387
-0.000169515
0.00495316
-0.000902565
0.00471926
-0.00152759
0.00416461
-0.0020039
0.00333013
-0.00229981
0.0022776
-0.00239905
0.00108932
-0.00230046
-0.000140733
-0.00201812
-0.00131421
-0.00158183
-0.00233453
-0.00103512
-0.00311706
-0.00042971
-0.00359849
0.000179899
-0.00374327
0.000735722
-0.00353711
0.00118937
-0.00301519
0.00150241
-0.00223325
0.00165236
-0.00127661
0.00163361
-0.00024444
0.00145844
0.000755824
0.0011547
0.00162373
0.000762882
0.00227455
0.000329657
0.00265328
-9.63789e-05
0.00273348
-0.000470296
0.0025212
-0.000756298
0.00206001
-0.000930873
0.00141543
-0.000984906
0.000670104
-0.000923236
-8.68878e-05
-0.000763687
-0.000770924
-0.000532743
-0.00131096
-0.000263849
-0.0016572
1.06142e-05
-0.00178624
0.000259338
-0.00169493
0.000456208
-0.00141398
0.000583738
-0.000985345
0.000633606
-0.000465368
0.00060651
8.24942e-05
0.000510987
0.000597451
0.000362421
0.00102563
0.00018022
0.00132636
-1.41597e-05
0.00147526
-0.000200322
0.00146393
-0.00036025
0.00130276
-0.000479706
0.00101355
-0.000549443
0.000629813
-0.000565682
0.000192268
-0.000529779
-0.000256537
-0.000447571
-0.000675188
-0.000328488
-0.00102741
-0.000184537
-0.00128468
-2.91931e-05
-0.00142781
0.000124485
-0.00144806
0.000263718
-0.00134623
0.00037802
-0.00113391
0.000458936
-0.000829522
0.000501032
-0.000458373
0.000501914
-5.02082e-05
0.000462075
0.000363512
0.000384889
0.000751118
0.000276408
0.00108182
0.000144752
0.00132857
0.00146876
0.0016961
-0.0103149
0.00359671
-0.0102583
0.00596751
-0.0104511
0.0089202
-0.0107488
0.0129063
-0.0124631
0.0187165
-0.0171871
0.0287275
-0.0292513
0.0476412
-0.0492184
0.0387787
0.0322966
0.0271109
0.0225148
0.018316
0.0144039
0.0107264
0.00723282
0.00386282
0.000548335
-0.00279393
-0.00624972
-0.00992601
-0.0139544
-0.0184465
-0.0235914
-0.0295365
-0.0366083
-0.0451341
-0.029848
-0.0310793
-0.0204849
-0.0171347
-0.014206
-0.010593
-0.00980173
-0.00894627
-0.00664888
-0.00795813
-0.00427416
-0.00780849
-0.00245276
-0.00744138
-0.000996904
-0.00729116
0.000253466
-0.00705804
0.00138225
-0.00687768
0.00243745
-0.00666838
0.00345604
-0.00645266
0.00442102
-0.00618596
0.00533028
-0.00589166
0.00615631
-0.00554823
0.00692643
-0.00518109
0.00762218
-0.00477195
0.00824318
-0.00433014
0.00878617
-0.00385021
0.00925055
-0.00334021
0.00963029
-0.0027948
0.0099219
-0.00221838
0.0101248
-0.00161618
0.010235
-0.000988479
0.0102512
-0.000341221
0.0101724
0.000321425
0.00999809
0.000994238
0.00972815
0.00167125
0.00936359
0.00234663
0.00890597
0.00301205
0.00835891
0.00366268
0.00772623
0.00428772
0.00701157
0.00488449
0.00622296
0.00543927
0.00536657
0.00594779
0.00445106
0.00639993
0.00348576
0.00678764
0.00248097
0.00710582
0.00144797
0.00734511
0.000398724
0.0075012
-0.000653379
0.00756586
-0.00169479
0.00753398
-0.00271129
0.0074021
-0.00368941
0.00717289
-0.00461414
0.00683729
-0.00547136
0.00639892
-0.00624774
0.00586404
-0.00693008
0.00523182
-0.0075071
0.00450804
-0.00796648
0.00370241
-0.00829755
0.00282433
-0.00849636
0.001884
-0.0085545
0.000895742
-0.0084699
-0.000125193
-0.00824024
-0.00116203
-0.00786798
-0.00219521
-0.00735646
-0.00320676
-0.0067131
-0.00417608
-0.00594773
-0.00508371
-0.00507328
-0.00590583
-0.00410576
-0.00662496
-0.00306185
-0.00722354
-0.00196222
-0.00768089
-0.000831373
-0.00798331
0.000308996
-0.00811805
0.0014321
-0.00807417
0.00251444
-0.00785008
0.00352938
-0.00743864
0.00445173
-0.00684661
0.00525863
-0.00608253
0.00592656
-0.00515575
0.00643981
-0.00408932
0.00678167
-0.00290211
0.00694144
-0.00162399
0.00691266
-0.000287033
0.00669436
0.00107337
0.00629055
0.00241861
0.00571148
0.00370741
0.00497271
0.00489945
0.00409474
0.00595534
0.00310371
0.00683819
0.00203045
0.00751247
0.000910015
0.0079506
-0.000221447
0.00813211
-0.00132635
0.00803909
-0.00236506
0.00767344
-0.003301
0.00703339
-0.00409983
0.00614145
-0.00473174
0.005023
-0.00517225
0.00371323
-0.00540343
0.00225971
-0.00541776
0.000718919
-0.00521418
-0.000849133
-0.00480229
-0.002378
-0.00419946
-0.00380058
-0.00343242
-0.00505476
-0.00253616
-0.00607796
-0.00155501
-0.00681964
-0.000533998
-0.00723896
0.000480458
-0.00731967
0.00143458
-0.00703873
0.00228245
-0.00641629
0.0029818
-0.00547831
0.00349781
-0.00426919
0.00380429
-0.00285645
0.00388999
-0.00131527
0.00375097
0.000267015
0.00340339
0.00179658
0.00286922
0.00318064
0.00218743
0.00433359
0.00140282
0.00518481
0.000571539
0.00567514
-0.000249746
0.00577444
-0.00100798
0.0054775
-0.0016504
0.00480703
-0.00213522
0.00381495
-0.00243015
0.00257254
-0.00251892
0.00117808
-0.00240165
-0.000258004
-0.0020932
-0.00162266
-0.00162691
-0.00280082
-0.00104764
-0.00369633
-0.000410803
-0.00423532
0.000223838
-0.00437791
0.000799906
-0.00411318
0.00126549
-0.00348077
0.00158168
-0.00254944
0.00172593
-0.00142085
0.0016937
-0.000212218
0.00149903
0.000950497
0.00117319
0.00194957
0.000758298
0.00268944
0.00030488
0.0031067
-0.000135753
0.00317411
-0.000518761
0.00290421
-0.000807601
0.00234885
-0.000978988
0.00158682
-0.00102463
0.00071575
-0.00095146
-0.000160062
-0.000778599
-0.000943784
-0.000535268
-0.00155429
-0.000254545
-0.00193792
2.7214e-05
-0.00206799
0.000280305
-0.00194802
0.000478397
-0.00161207
0.000604333
-0.00111128
0.000650583
-0.000511619
0.000618667
0.000114411
0.000518291
0.000697827
0.000365383
0.00117854
0.000180332
0.00151141
-1.56033e-05
0.00167119
-0.000201729
0.00165006
-0.000360357
0.00146139
-0.000477679
0.00113087
-0.000544991
0.000697125
-0.00055903
0.000206307
-0.000521642
-0.000293925
-0.000439003
-0.000757828
-0.000320796
-0.00114562
-0.00017892
-0.00142656
-2.64431e-05
-0.00158029
0.000123151
-0.00159765
0.000258269
-0.00148135
0.000368566
-0.00124421
0.000446163
-0.000907119
0.000486009
-0.000498219
0.000485964
-5.01628e-05
0.000446716
0.00040276
0.000371689
0.000826145
0.000266696
0.00118681
0.000139596
0.00145567
0.00160836
0.0032951
-0.01361
0.0067509
-0.0137141
0.0104645
-0.0141647
0.0145891
-0.0148734
0.0183944
-0.0162684
0.0205062
-0.0192989
0.0153573
-0.0241025
-0.0338611
-0.010461
-0.0206182
-0.013036
-0.0145598
-0.0110004
-0.0126286
-0.00893442
-0.0110122
-0.00655058
-0.010342
-0.00460391
-0.00975516
-0.00273452
-0.00931077
-0.00112098
-0.0089047
0.000380503
-0.00855952
0.00171186
-0.00820904
0.00290651
-0.00786302
0.00396204
-0.00750819
0.00492662
-0.00715054
0.0058147
-0.00677975
0.00662826
-0.00636179
0.00736779
-0.00592062
0.00803902
-0.00544319
0.00863621
-0.00492733
0.00915902
-0.00437303
0.0096012
-0.00378238
0.00996087
-0.00315448
0.0102355
-0.00249298
0.0104199
-0.00180059
0.0105125
-0.00108114
0.0105108
-0.000339525
0.0104135
0.000418737
0.0102204
0.00118735
0.00993035
0.00196131
0.00954435
0.00273263
0.00906527
0.00349112
0.00849613
0.00423182
0.00783954
0.0049443
0.00710134
0.00562269
0.00628809
0.00625251
0.00540682
0.00682907
0.00446619
0.00734055
0.00347588
0.00777795
0.00244695
0.00813475
0.0013901
0.00840196
0.000318039
0.00857326
-0.0007558
0.0086397
-0.00181741
0.00859558
-0.00285263
0.00843732
-0.00384728
0.00816754
-0.00478636
0.00777637
-0.0056554
0.00726796
-0.00644102
0.00664967
-0.00712991
0.0059207
-0.00770872
0.00508686
-0.00816821
0.0041619
-0.00849789
0.00315401
-0.00868993
0.00207603
-0.00873908
0.00094489
-0.00864172
-0.000222545
-0.00839725
-0.00140651
-0.00800652
-0.00258593
-0.00747478
-0.00373849
-0.00680916
-0.0048417
-0.00601977
-0.00587311
-0.0051202
-0.0068054
-0.00412615
-0.00761901
-0.00305709
-0.0082926
-0.00193298
-0.008805
-0.000776462
-0.00913982
0.000386985
-0.0092815
0.00153166
-0.00921885
0.00263246
-0.00895088
0.00366245
-0.00846863
0.00459666
-0.00778081
0.00541116
-0.00689704
0.00608375
-0.00582834
0.00659704
-0.0046026
0.00693459
-0.00323966
0.00708573
-0.00177513
0.00704437
-0.00024567
0.00681005
0.00130768
0.00638649
0.00284218
0.00578473
0.00430917
0.00502091
0.00566327
0.00411726
0.00685899
0.00310111
0.00785435
0.00200305
0.00861052
0.0008588
0.00909486
-0.000296312
0.00928722
-0.0014196
0.00916237
-0.00247397
0.00872782
-0.0034206
0.00798002
-0.00422573
0.00694658
-0.00485802
0.00565528
-0.00529553
0.00415073
-0.00551856
0.00248275
-0.0055192
0.000719554
-0.00529756
-0.00107076
-0.00486317
-0.00281239
-0.0042343
-0.00442946
-0.0034438
-0.00584526
-0.00252233
-0.00699943
-0.00151629
-0.00782569
-0.000469147
-0.0082861
0.000560204
-0.00834903
0.00152802
-0.00800654
0.00238478
-0.00727305
0.00308732
-0.00618085
0.0036012
-0.00478307
0.00389998
-0.00315523
0.00397133
-0.00138661
0.00381501
0.000423334
0.00344469
0.00216689
0.00288559
0.00373975
0.00217842
0.00504075
0.00137256
0.00599067
0.000520406
0.0065273
-0.000319617
0.00661447
-0.00109001
0.00624789
-0.00173955
0.00545657
-0.00222487
0.00430027
-0.00251458
0.00286226
-0.00259226
0.00125576
-0.00245917
-0.0003911
-0.00213108
-0.00195075
-0.00164413
-0.00328777
-0.00104383
-0.00429663
-0.00038691
-0.00489225
0.000262972
-0.00502779
0.000849204
-0.00469941
0.00131897
-0.00395054
0.0016335
-0.00286397
0.00176988
-0.00155723
0.00172525
-0.000167592
0.00151543
0.00116032
0.00117299
0.00229201
0.000743103
0.00311933
0.00027776
0.00357204
-0.000170161
0.00362203
-0.000556107
0.00329015
-0.000843111
0.00263585
-0.00100874
0.00175245
-0.00104598
0.000752994
-0.000963047
-0.000242994
-0.000780649
-0.00112618
-0.000528569
-0.00180637
-0.000243067
-0.00222342
4.24174e-05
-0.00235348
0.000295748
-0.00220135
0.000491899
-0.00180822
0.000614348
-0.00123373
0.000656468
-0.000553739
0.000620451
0.000150428
0.00051691
0.000801369
0.000362291
0.00133316
0.000177008
0.0016967
-1.74997e-05
0.0018657
-0.000200991
0.00183355
-0.000356229
0.00161662
-0.000469957
0.0012446
-0.000534095
0.000761263
-0.000545906
0.000218118
-0.000507635
-0.000332196
-0.000425673
-0.000839789
-0.000309686
-0.00126161
-0.000171457
-0.00156479
-2.38508e-05
-0.0017279
0.00012061
-0.00174211
0.000250384
-0.00161112
0.000355814
-0.00134964
0.000429507
-0.000980811
0.000466865
-0.000535577
0.000466023
-4.93206e-05
0.000427797
0.000440986
0.000355578
0.000898363
0.000254936
0.00128745
0.000133383
0.00157723
0.00174174
0.00156934
-0.0151793
0.00322798
-0.0153727
0.0048656
-0.0158023
0.00660749
-0.0166153
0.00788664
-0.0175476
0.00826864
-0.0196809
0.00618271
-0.0220166
-0.0276784
-0.00356249
-0.0170557
-0.00434464
-0.0137776
-0.00386671
-0.0131065
-0.0030421
-0.0118368
-0.0020792
-0.0113049
-0.00115144
-0.0106829
-0.000178831
-0.0102834
0.000771319
-0.00985485
0.00172012
-0.00950832
0.00267107
-0.00915998
0.00360853
-0.00880048
0.0045193
-0.00841896
0.00538458
-0.00801582
0.00619376
-0.00758893
0.006952
-0.00712003
0.0076512
-0.00661982
0.00828684
-0.00607883
0.00885561
-0.0054961
0.00935242
-0.00486984
0.00977246
-0.00420242
0.0101121
-0.0034941
0.0103675
-0.00274835
0.0105349
-0.00196798
0.0106111
-0.00115743
0.0105941
-0.000322525
0.0104826
0.000530228
0.0102747
0.0013953
0.00997106
0.00226496
0.00957275
0.00313094
0.00908106
0.00398281
0.00849851
0.00481438
0.00783079
0.00561202
0.00708184
0.00637164
0.00625819
0.00707616
0.00536728
0.00771998
0.00441777
0.00829006
0.00341946
0.00877627
0.0023822
0.00917201
0.00131877
0.00946538
0.000240967
0.00965106
-0.00083759
0.00971826
-0.00190286
0.00966085
-0.00294023
0.00947469
-0.00393588
0.00916319
-0.00487467
0.00871516
-0.00574221
0.0081355
-0.00652503
0.00743249
-0.00720975
0.00660543
-0.00778379
0.00566089
-0.00823674
0.00461485
-0.00855886
0.00347613
-0.00874273
0.00225989
-0.00878328
0.000985446
-0.00867593
-0.000329892
-0.00842072
-0.00166173
-0.00801922
-0.00298743
-0.00747645
-0.00428126
-0.00679974
-0.00551841
-0.00599955
-0.00667329
-0.00509
-0.00771495
-0.00408685
-0.00862217
-0.00300879
-0.00937066
-0.0018776
-0.00993619
-0.000715418
-0.010302
0.000452789
-0.0104497
0.00160053
-0.0103666
0.00270253
-0.0100529
0.00373185
-0.00949795
0.00466384
-0.0087128
0.00547417
-0.00770737
0.00614168
-0.00649585
0.00664724
-0.00510817
0.00697596
-0.00356838
0.00711735
-0.00191653
0.00706511
-0.000193422
0.00681774
0.00155505
0.00638352
0.00327639
0.00577038
0.00492231
0.00499551
0.00643814
0.0040815
0.007773
0.00305544
0.0088804
0.00194873
0.00971723
0.000795087
0.0102485
-0.000359861
0.0104422
-0.0014845
0.010287
-0.0025378
0.00978111
-0.00348114
0.00892336
-0.00428056
0.007746
-0.00490602
0.00628074
-0.00533275
0.00457746
-0.00554354
0.00269354
-0.00553159
0.0007076
-0.0052967
-0.00130565
-0.00485014
-0.00325895
-0.00421052
-0.00506909
-0.00340589
-0.00664989
-0.00247487
-0.00793044
-0.0014596
-0.00884095
-0.000412686
-0.00933302
0.000623362
-0.00938507
0.00159071
-0.00897389
0.00244381
-0.00812615
0.00314
-0.00687704
0.00364358
-0.00528666
0.00393159
-0.00344324
0.00398934
-0.00144436
0.00381909
0.000593584
0.00343275
0.00255324
0.00286165
0.00431085
0.00214337
0.00575902
0.00132675
0.00680729
0.000467915
0.00738614
-0.000377351
0.00745973
-0.00114802
0.00701856
-0.00179471
0.00610327
-0.00227365
0.0047792
-0.0025544
0.00314301
-0.00262137
0.00132272
-0.00247498
-0.000537488
-0.0021352
-0.00229053
-0.00163538
-0.00378758
-0.00102431
-0.0049077
-0.000360981
-0.00555557
0.000295422
-0.0056842
0.000882702
-0.00528669
0.00134982
-0.00441766
0.00165795
-0.0031721
0.00178522
-0.00168449
0.0017297
-0.000112073
0.00150889
0.00138113
0.00115628
0.00264461
0.000719604
0.003556
0.000250248
0.0040414
-0.000198806
0.00407109
-0.000581758
0.0036731
-0.000863016
0.00291711
-0.00102102
0.00191045
-0.00104998
0.000781959
-0.000959118
-0.000333861
-0.000770429
-0.00131487
-0.000515251
-0.00206155
-0.000227501
-0.00251117
5.57163e-05
-0.0026367
0.000305559
-0.00245119
0.000497053
-0.00199972
0.00061455
-0.00135123
0.000652217
-0.000591406
0.000613112
0.000189533
0.000508015
0.000906466
0.00035385
0.00148732
0.000170919
0.00187963
-1.94685e-05
0.00205609
-0.000198114
0.0020122
-0.000348242
0.00176675
-0.000457224
0.00135358
-0.000517697
0.000821735
-0.000527361
0.000227782
-0.000488787
-0.00037077
-0.000408463
-0.000920114
-0.000295919
-0.00137415
-0.000162636
-0.00169807
-2.07202e-05
-0.00186981
0.000116987
-0.00187982
0.000240473
-0.00173461
0.000340345
-0.00144951
0.000409774
-0.00105024
0.000444492
-0.000570296
0.000442988
-4.78166e-05
0.000406139
0.000477835
0.000337266
0.000967237
0.000241623
0.00138309
0.000126367
0.00169248
0.00186811
0.00125553
-0.0164348
0.00254226
-0.0166595
0.00375725
-0.0170173
0.00486055
-0.0177186
0.00556286
-0.0182499
0.00556712
-0.0196851
0.00411476
-0.0205642
-0.0235636
-0.00226798
-0.0147878
-0.00279485
-0.0132507
-0.00262829
-0.0132731
-0.00207348
-0.0123916
-0.00123957
-0.0121388
-0.000385122
-0.0115374
0.000532295
-0.0112008
0.00144364
-0.0107662
0.00233491
-0.0103996
0.00320953
-0.0100346
0.00405979
-0.00965074
0.00488052
-0.0092397
0.00566964
-0.00880494
0.00641718
-0.00833646
0.00712742
-0.00783027
0.00778228
-0.00727468
0.00837974
-0.00667629
0.00891463
-0.00603098
0.00938268
-0.0053379
0.00977819
-0.00459793
0.0100964
-0.00381236
0.0103329
-0.00298485
0.0104843
-0.0021193
0.0105465
-0.00121968
0.0105163
-0.000292274
0.0103942
0.000652265
0.0101776
0.00161188
0.00986699
0.0025756
0.00946276
0.00353517
0.00896752
0.00447804
0.0083832
0.0053987
0.00771466
0.00628056
0.00696634
0.00711995
0.00614504
0.00789746
0.00525789
0.00860713
0.00431353
0.00923442
0.00332147
0.00976833
0.00229223
0.0102013
0.00123764
0.01052
0.000170015
0.0107187
-0.000897562
0.0107858
-0.00195115
0.0107144
-0.00297629
0.0104998
-0.00395919
0.0101461
-0.004885
0.00964097
-0.0057392
0.00898969
-0.00650865
0.00820194
-0.00718029
0.00727707
-0.00774178
0.00622238
-0.00818301
0.00505608
-0.00849441
0.00378754
-0.00866882
0.00243431
-0.0087001
0.00101673
-0.00858583
-0.000444163
-0.00832485
-0.00192271
-0.00791923
-0.00339305
-0.00737447
-0.00482602
-0.0066974
-0.00619548
-0.00589903
-0.00747166
-0.00499282
-0.00862117
-0.00399537
-0.00961961
-0.00292483
-0.0104412
-0.00180222
-0.0110588
-0.00065128
-0.0114529
0.000504241
-0.0116052
0.00163905
-0.0115014
0.00272654
-0.0111404
0.00374172
-0.0105131
0.0046588
-0.00962989
0.00545452
-0.00850309
0.00610754
-0.00714887
0.00659971
-0.00560034
0.0069164
-0.00388506
0.00704698
-0.00204711
0.00698629
-0.000132724
0.00673332
0.00180802
0.00629287
0.00371684
0.00567661
0.00553857
0.00490327
0.00721148
0.00399242
0.00868385
0.00297142
0.00990141
0.00187412
0.0108145
0.000735938
0.0113867
-0.00041032
0.0115884
-0.00152092
0.0113976
-0.0025583
0.0108185
-0.00348673
0.00985179
-0.00426987
0.00852915
-0.00487999
0.00689086
-0.00529261
0.00499009
-0.00549159
0.00289252
-0.0054688
0.000684807
-0.00522575
-0.0015487
-0.00477248
-0.00371222
-0.00412903
-0.00571254
-0.00332655
-0.00745237
-0.00239909
-0.00885791
-0.0013919
-0.00984814
-0.00034856
-0.0103764
0.000670049
-0.0104037
0.00162341
-0.00992725
0.0024613
-0.00896404
0.00314233
-0.00755807
0.00363137
-0.00577569
0.00390459
-0.00371646
0.00395063
-0.00149041
0.00376904
0.000775179
0.00337744
0.00294483
0.0028009
0.00488739
0.0020799
0.00648003
0.00126449
0.0076227
0.000410229
0.0082404
-0.000422219
0.00829218
-0.00118266
0.00777899
-0.00181725
0.00673786
-0.00228403
0.00524598
-0.00255304
0.00341202
-0.0026097
0.00137938
-0.00245476
-0.000692427
-0.00210757
-0.00263772
-0.00160301
-0.00429214
-0.000990401
-0.00552031
-0.000327911
-0.00621806
0.000320765
-0.00633287
0.000900671
-0.0058666
0.00135875
-0.00487574
0.00165678
-0.00347012
0.00177405
-0.00180176
0.00170975
-4.77744e-05
0.0014823
0.00160857
0.00112585
0.00300106
0.00068848
0.00399338
0.00022231
0.00450757
-0.00022123
0.00451463
-0.000596106
0.00404798
-0.000868262
0.00318927
-0.00101728
0.00205947
-0.00103845
0.000803122
-0.000942219
-0.00043009
-0.000750886
-0.0015062
-0.000495341
-0.00231709
-0.000211875
-0.00279464
6.6652e-05
-0.00291522
0.000309933
-0.00269447
0.000494587
-0.00218437
0.000606091
-0.00146273
0.000639267
-0.000624582
0.000597872
0.000230928
0.000493091
0.00101125
0.000341249
0.00163916
0.000162675
0.0020582
-2.12975e-05
0.00224006
-0.000193284
0.00218418
-0.000336933
0.0019104
-0.000440358
0.00145701
-0.000496815
0.000878193
-0.000504529
0.000235496
-0.000466185
-0.000409115
-0.000388332
-0.000997967
-0.000280255
-0.00148223
-0.000152876
-0.00182545
-1.79963e-05
-0.00200469
0.000112429
-0.00201024
0.000228967
-0.00185114
0.000322853
-0.00154339
0.000387744
-0.00111513
0.000419858
-0.000602409
0.000417821
-4.57799e-05
0.000382618
0.000513038
0.00031742
0.00103244
0.000227285
0.00147323
0.000118822
0.00180095
0.00198693
0.000660954
-0.0170958
0.0013151
-0.0173136
0.001877
-0.0175792
0.00235038
-0.0181919
0.00260149
-0.018501
0.00248506
-0.0195687
0.00182235
-0.0199015
-0.0217413
-0.000652915
-0.0141348
-0.000712583
-0.0131911
-0.000649879
-0.0133358
-0.000316224
-0.0127253
0.000130946
-0.0125859
0.000708627
-0.0121151
0.00136992
-0.0118621
0.00208787
-0.0114841
0.00283704
-0.0111488
0.00358794
-0.0107855
0.00433796
-0.0104008
0.00508531
-0.00998705
0.00580634
-0.00952596
0.00649756
-0.00902769
0.00715103
-0.00848374
0.00776239
-0.00788604
0.00832304
-0.00723694
0.00882616
-0.0065341
0.00926624
-0.00577798
0.00963722
-0.0049689
0.0099349
-0.00411005
0.0101534
-0.00320333
0.0102888
-0.00225469
0.0103388
-0.0012697
0.0103012
-0.000254651
0.010172
0.000781462
0.0099512
0.00183265
0.00963916
0.00288764
0.00923609
0.00393823
0.00874425
0.00496989
0.00816678
0.00597617
0.00750733
0.00694001
0.00677031
0.00785698
0.00596259
0.00870518
0.00509116
0.00947855
0.00416445
0.0101611
0.00319225
0.0107405
0.00218387
0.0112096
0.00115146
0.0115524
0.000106956
0.0117632
-0.000936768
0.0118296
-0.0019658
0.0117435
-0.00296632
0.0115003
-0.0039246
0.0111044
-0.00482616
0.0105425
-0.00565706
0.00982059
-0.0064046
0.00894948
-0.00705585
0.00792832
-0.00759884
0.00676537
-0.00802357
0.0054808
-0.00832131
0.00408528
-0.00848502
0.00259802
-0.00850912
0.00104082
-0.00838988
-0.000563395
-0.0081275
-0.00218509
-0.00772425
-0.0037963
-0.00718515
-0.00536512
-0.00651695
-0.00686368
-0.00573134
-0.00825727
-0.00484047
-0.00951204
-0.0038616
-0.0105985
-0.00281238
-0.0114904
-0.00171296
-0.0121582
-0.000586005
-0.0125799
0.000542676
-0.0127339
0.00164995
-0.0126087
0.00271058
-0.012201
0.00369871
-0.0115013
0.00459024
-0.0105214
0.00536241
-0.00927526
0.00599415
-0.00778062
0.00646832
-0.00607451
0.00676975
-0.00418649
0.00688993
-0.0021673
0.00682079
-6.35848e-05
0.00656687
0.00206194
0.00612908
0.00415463
0.00552061
0.00614704
0.00475745
0.00797464
0.00386218
0.00957911
0.00286149
0.0109021
0.00178622
0.0118898
0.000671182
0.0125017
-0.000448051
0.0127077
-0.00153053
0.0124801
-0.00254197
0.0118299
-0.00344277
0.0107526
-0.00420217
0.00928856
-0.0047904
0.00747909
-0.00518395
0.00538363
-0.00537011
0.00307868
-0.00533853
0.000653225
-0.00509138
-0.00179585
-0.00463837
-0.00416523
-0.00400424
-0.00634666
-0.00321274
-0.00824388
-0.00230039
-0.00977025
-0.0013141
-0.0108344
-0.000298252
-0.0113922
0.000700414
-0.0114023
0.00162881
-0.0108557
0.00244256
-0.00977779
0.00310079
-0.0082163
0.0035696
-0.0062445
0.00382806
-0.00397492
0.0038625
-0.00152485
0.00367579
0.00096189
0.00328107
0.00333955
0.00271012
0.00545835
0.00200009
0.00719005
0.00119924
0.00842356
0.000362935
0.0090767
-0.000454397
0.00910951
-0.001195
0.00851959
-0.00181098
0.00735384
-0.00226108
0.00569608
-0.00251634
0.00366728
-0.00256271
0.00142575
-0.00240244
-0.000852702
-0.0020545
-0.00298566
-0.00155452
-0.00479212
-0.000949847
-0.00612498
-0.00029929
-0.00686862
0.000338189
-0.00697035
0.000903849
-0.00643226
0.00134799
-0.00531989
0.00163341
-0.00375554
0.00174049
-0.00190885
0.00166933
2.33869e-05
0.0014386
0.00183931
0.00108415
0.00335551
0.000651157
0.00442638
0.000193274
0.00496545
-0.00023729
0.00494519
-0.000600032
0.00441072
-0.000860534
0.00344977
-0.000999707
0.00219864
-0.00101402
0.00081744
-0.000914321
-0.000529793
-0.000723326
-0.0016972
-0.000472026
-0.00256839
-0.000193947
-0.00307272
7.51195e-05
-0.00318429
0.00030931
-0.00292866
0.000485522
-0.00236058
0.000590336
-0.00156754
0.000619239
-0.000653485
0.000576508
0.000273659
0.000473169
0.00111459
0.000325729
0.0017866
0.000153462
0.00223047
-2.27758e-05
0.0024163
-0.000186774
0.00234818
-0.000322968
0.00204659
-0.000420264
0.00155431
-0.000472583
0.000930511
-0.000478519
0.000241433
-0.000440905
-0.000446729
-0.000366189
-0.00107268
-0.000263295
-0.00158512
-0.000142712
-0.00194603
-1.55543e-05
-0.00213185
0.000107144
-0.00213294
0.00021634
-0.00196034
0.000304005
-0.00163106
0.000364272
-0.0011754
0.000393727
-0.000631864
0.000391295
-4.33481e-05
0.000357967
0.000546367
0.000296743
0.00109366
0.000212345
0.00155763
0.000110972
0.00190232
0.0020979
0.000384764
-0.0174806
0.000754745
-0.0176836
0.00108782
-0.0179123
0.00131962
-0.0184237
0.00146342
-0.0186448
0.00133133
-0.0194366
0.000987891
-0.0195581
-0.0207534
-0.000302991
-0.0138319
-0.000218757
-0.0132753
-8.30406e-05
-0.0134715
0.000259657
-0.013068
0.000680747
-0.013007
0.00121006
-0.0126444
0.00178377
-0.0124358
0.00241756
-0.0121179
0.00308105
-0.0118122
0.00376355
-0.011468
0.00444914
-0.0110864
0.00512535
-0.0106633
0.00579319
-0.0101938
0.00643631
-0.00967081
0.00704514
-0.00909257
0.00761772
-0.00845862
0.00814232
-0.00776154
0.00861386
-0.00700564
0.00902619
-0.00619031
0.00937403
-0.00531674
0.00965045
-0.00438647
0.00985319
-0.00340607
0.00997598
-0.00237748
0.0100162
-0.00130989
0.00997133
-0.000209806
0.00983869
0.000914106
0.00961819
0.00205315
0.00930952
0.00319631
0.00891368
0.00433408
0.00843274
0.00545083
0.00786882
0.0065401
0.0072264
0.00758243
0.00650962
0.00857375
0.00572482
0.00948998
0.00487907
0.0103243
0.00398047
0.0110597
0.00303841
0.0116826
0.00206183
0.0121862
0.00106268
0.0125515
5.27175e-05
0.0127732
-0.000956144
0.0128384
-0.00195003
0.0127374
-0.00291546
0.0124658
-0.00383959
0.0120285
-0.00470849
0.0114114
-0.00550809
0.0106202
-0.0062265
0.00966789
-0.00685138
0.0085532
-0.00737112
0.00728511
-0.00777617
0.00588585
-0.0080581
0.00436721
-0.0082107
0.00275062
-0.00822848
0.0010586
-0.00810678
-0.000685098
-0.00784702
-0.00244485
-0.00745128
-0.00419204
-0.00692468
-0.00589172
-0.00627356
-0.00751481
-0.0055093
-0.00902153
-0.00464414
-0.0103772
-0.00369435
-0.0115483
-0.00267832
-0.0125065
-0.00161408
-0.0132225
-0.000525011
-0.013669
0.000566352
-0.0138253
0.00163544
-0.0136778
0.00265832
-0.0132239
0.00361024
-0.0124532
0.0044679
-0.0113791
0.00520898
-0.0100163
0.00581442
-0.00838606
0.00626636
-0.00652645
0.00655113
-0.00447126
0.00666084
-0.002277
0.0065882
9.05348e-06
0.00633268
0.00231745
0.0059047
0.00458262
0.0053106
0.00674113
0.00456788
0.00871737
0.00369826
0.0104487
0.00272762
0.0118727
0.00168597
0.0129315
0.000605802
0.0135819
-0.000473162
0.0137866
-0.00151792
0.0135248
-0.00249143
0.0128034
-0.0033577
0.0116189
-0.00408568
0.0100165
-0.00464772
0.00804112
-0.00502151
0.00575742
-0.00519248
0.00324965
-0.00515389
0.000614635
-0.0049074
-0.00204233
-0.00446372
-0.00460892
-0.00384229
-0.00696809
-0.0030697
-0.00901646
-0.00218729
-0.0106527
-0.00122719
-0.0117945
-0.000247127
-0.0123723
0.000715622
-0.0123651
0.00160997
-0.01175
0.00239174
-0.0105596
0.00302125
-0.00884581
0.0034682
-0.00669145
0.00370927
-0.00421599
0.00373408
-0.00154966
0.00354466
0.00115131
0.00315637
0.00372785
0.0025958
0.00601892
0.00190168
0.00788417
0.00112247
0.00920277
0.000310833
0.00988833
-0.000474268
0.00989461
-0.00118814
0.00923347
-0.0017795
0.0079452
-0.00220891
0.0061255
-0.00244901
0.00390738
-0.00248709
0.00146384
-0.00232441
-0.00101539
-0.00198051
-0.00332955
-0.00148957
-0.00528307
-0.000899338
-0.00671521
-0.00026567
-0.00750229
0.000348388
-0.00758441
0.000894109
-0.00697798
0.00132007
-0.00574584
0.00159062
-0.00402609
0.00168752
-0.00200576
0.00161168
9.92312e-05
0.0013822
0.00206879
0.00103307
0.00370464
0.000611689
0.00484776
0.000167695
0.00540945
-0.000247303
0.00536019
-0.000594591
0.00475801
-0.00084172
0.0036969
-0.000970612
0.00232754
-0.000978863
0.00082569
-0.000877551
-0.000631104
-0.000689498
-0.00188525
-0.000444809
-0.00281308
-0.000177617
-0.00333991
8.1109e-05
-0.00344302
0.000304353
-0.0031519
0.000470997
-0.00252723
0.000568609
-0.00166515
0.000593514
-0.000678391
0.000550236
0.000316937
0.000449799
0.00121502
0.000308118
0.00192828
0.000143568
0.00239502
-2.3834e-05
0.0025837
-0.000178878
0.00250322
-0.000306971
0.00217469
-0.000397815
0.00164515
-0.000445968
0.000978664
-0.000450345
0.00024581
-0.000413885
-0.000483189
-0.000342807
-0.00114376
-0.000245671
-0.00168226
-0.00013234
-0.00205937
-1.29062e-05
-0.00225128
0.000101324
-0.00224717
0.000202986
-0.002062
0.000284311
-0.00171239
0.000339946
-0.00123103
0.000366903
-0.00065882
0.000364188
-4.06337e-05
0.000332828
0.000577727
0.000275702
0.00115078
0.000197183
0.00163615
0.000103014
0.00199649
0.00220092
0.000230831
-0.0177114
0.000445514
-0.0178983
0.000645392
-0.0181121
0.00075132
-0.0185297
0.000825889
-0.0187194
0.000700422
-0.0193111
0.000543441
-0.0194011
-0.0202099
-2.80582e-05
-0.0138038
0.000141119
-0.0134445
0.000315487
-0.0136459
0.000646479
-0.013399
0.00101575
-0.0133763
0.0014866
-0.0131152
0.0020066
-0.0129558
0.00257669
-0.012688
0.00317654
-0.0124121
0.00379404
-0.0120855
0.00442337
-0.0117157
0.00505322
-0.0112931
0.00567058
-0.0108112
0.00626811
-0.0102683
0.00683827
-0.00966273
0.00737257
-0.00899291
0.00786213
-0.0082511
0.00830281
-0.00744632
0.00868903
-0.00657654
0.00901391
-0.00564162
0.00927228
-0.00464484
0.00945884
-0.00359263
0.00956879
-0.00248743
0.00960115
-0.00134225
0.00955121
-0.000159865
0.00941892
0.00104639
0.00920216
0.00226991
0.0089018
0.00349666
0.00851739
0.00471849
0.00805229
0.00591593
0.00750853
0.00708385
0.00688995
0.00820101
0.00619996
0.00926374
0.00544529
0.0102446
0.00463317
0.0111364
0.00377127
0.0119216
0.00286797
0.0125859
0.00193181
0.0131224
0.00097423
0.0135091
7.75445e-06
0.0137396
-0.00095792
0.0138041
-0.00190848
0.0136879
-0.00283123
0.0133885
-0.00371357
0.0129108
-0.00454289
0.0122408
-0.00530492
0.0113822
-0.00598906
0.010352
-0.00658319
0.00914733
-0.00707622
0.00777813
-0.00745911
0.00626874
-0.00772364
0.00463175
-0.00786513
0.00289211
-0.00787811
0.00107158
-0.00775554
-0.000807667
-0.0075018
-0.0026986
-0.00711775
-0.00457609
-0.00660823
-0.00640125
-0.00598194
-0.00814109
-0.00524625
-0.00975722
-0.0044149
-0.0112086
-0.0035037
-0.0124595
-0.00252906
-0.0134811
-0.00150893
-0.0142426
-0.000466526
-0.0147114
0.000577517
-0.0148693
0.00159953
-0.0146998
0.00257636
-0.0142007
0.00348458
-0.0133614
0.00430181
-0.0121963
0.00500721
-0.0107217
0.00558181
-0.00896065
0.00600783
-0.00695248
0.00627577
-0.0047392
0.00637445
-0.00237568
0.00629995
8.3554e-05
0.00605072
0.00256668
0.00563231
0.00500103
0.00506037
0.00731307
0.00434528
0.00943245
0.00350937
0.0112846
0.00257758
0.0128045
0.00157766
0.0139314
0.000546087
0.0146135
-0.000486789
0.0148195
-0.00148481
0.0145229
-0.00241288
0.0137315
-0.00323868
0.0124447
-0.00392984
0.0107077
-0.0044624
0.00857369
-0.00481394
0.00610895
-0.00497111
0.00340683
-0.00492774
0.000571273
-0.00468482
-0.00228526
-0.00425367
-0.00504007
-0.00365163
-0.00757014
-0.00291203
-0.00975606
-0.00206126
-0.0115034
-0.0011443
-0.0127115
-0.000199069
-0.0133175
0.000717118
-0.0132813
0.00157022
-0.0126031
0.00231479
-0.0113041
0.00291253
-0.00944355
0.00333359
-0.00711251
0.00355686
-0.00443926
0.00357434
-0.00156714
0.00338478
0.00134087
0.00300647
0.00410616
0.00246479
0.00656059
0.00179713
0.00855183
0.0010485
0.0099514
0.00027134
0.0106655
-0.000483265
0.0106492
-0.00116428
0.00991448
-0.00172729
0.00850821
-0.00213375
0.00653196
-0.00235795
0.00413157
-0.00238802
0.00149391
-0.00222558
-0.00117783
-0.00189083
-0.0036643
-0.00141609
-0.00575781
-0.000845816
-0.00728548
-0.000236356
-0.00811175
0.00035152
-0.00817229
0.000873042
-0.0074995
0.00127804
-0.00615084
0.00153255
-0.00428059
0.0016197
-0.00209291
0.00154079
0.000178142
0.00131502
0.00229456
0.00097692
0.00404274
0.000570185
0.00525449
0.000144633
0.005835
-0.00025179
0.00575661
-0.000581411
0.00508763
-0.000813701
0.00392919
-0.000932437
0.00244627
-0.000935398
0.000828651
-0.00083453
-0.000731973
-0.000651902
-0.00206788
-0.000416218
-0.00304876
-0.000159844
-0.00359628
8.48366e-05
-0.0036877
0.000295806
-0.00336287
0.000452095
-0.00268352
0.000542421
-0.00175548
0.000563702
-0.000699672
0.000520643
0.000359997
0.000424049
0.00131162
0.000288897
0.00206344
0.000133275
0.00255064
-2.44422e-05
0.00274142
-0.00016991
0.00264869
-0.000289529
0.00229431
-0.000373792
0.00172941
-0.000417866
0.00102274
-0.000420925
0.000248868
-0.000385938
-0.000518176
-0.000318862
-0.00121084
-0.00022781
-0.00177331
-0.000121919
-0.00216526
-1.08119e-05
-0.00236239
9.5146e-05
-0.00235313
0.00018926
-0.00215612
0.000264292
-0.00178742
0.000315426
-0.00128217
0.000339938
-0.000683333
0.000337032
-3.77274e-05
0.000307758
0.000607
0.000254765
0.00120378
0.000182125
0.00170879
9.51219e-05
0.00208349
0.00229604
0.000143957
-0.0178553
0.000277335
-0.0180317
0.00040703
-0.0182418
0.000457356
-0.01858
0.000506846
-0.0187689
0.000402818
-0.0192071
0.000330331
-0.0193286
-0.0198796
5.74253e-05
-0.0138612
0.000281837
-0.0136689
0.000480592
-0.0138446
0.000810443
-0.0137288
0.00116605
-0.0137319
0.00160679
-0.013556
0.00207908
-0.0134281
0.00259988
-0.0132088
0.00315394
-0.0129662
0.00372684
-0.0126584
0.00430902
-0.0122979
0.00488938
-0.0118735
0.00546518
-0.011387
0.00602477
-0.0108279
0.00655327
-0.0101912
0.00704922
-0.00948886
0.00750832
-0.0087102
0.00791913
-0.00785714
0.00827901
-0.00693641
0.00858317
-0.00594579
0.00882176
-0.00488343
0.00899527
-0.00376613
0.00909441
-0.00258657
0.00911967
-0.00136751
0.00906733
-0.00010752
0.00893741
0.00117631
0.00872648
0.00248084
0.00843721
0.00378593
0.00806878
0.00508692
0.00762316
0.00636155
0.00710335
0.00760366
0.00651278
0.00879158
0.0058563
0.00992022
0.00513883
0.0109621
0.0043663
0.011909
0.0035463
0.0127416
0.00268767
0.0134445
0.00179674
0.0140133
0.000889783
0.0144161
-2.83849e-05
0.0146578
-0.000943453
0.0147192
-0.00184573
0.0145902
-0.00271956
0.0142624
-0.0035545
0.0137458
-0.00434008
0.0130263
-0.00506013
0.0121023
-0.00570619
0.0109981
-0.00626629
0.00970742
-0.00673041
0.00824226
-0.00708955
0.00662788
-0.00733602
0.00487821
-0.0074683
0.00302438
-0.00747402
0.00107731
-0.00735385
-0.000927841
-0.00710904
-0.0029434
-0.00674068
-0.00494445
-0.00625463
-0.0068873
-0.00565543
-0.00874029
-0.00495478
-0.0104579
-0.00416269
-0.0120006
-0.0032961
-0.0133261
-0.00236816
-0.014409
-0.00140108
-0.0152097
-0.000412083
-0.0157004
0.00057779
-0.0158592
0.00154584
-0.0156678
0.00247113
-0.015126
0.00333047
-0.0142208
0.00410315
-0.012969
0.00476862
-0.0113872
0.00530938
-0.00950142
0.00571064
-0.00735374
0.00595834
-0.00498689
0.0060486
-0.00246594
0.00597189
0.000160269
0.00573032
0.00280824
0.00533067
0.00540069
0.0047803
0.00786344
0.00409899
0.0101138
0.00330305
0.0120806
0.00241514
0.0136924
0.00146889
0.0148776
0.000489402
0.015593
-0.000490218
0.0157991
-0.00143526
0.0154679
-0.00231377
0.01461
-0.00309313
0.013224
-0.00374535
0.0113599
-0.00424449
0.00907283
-0.00457321
0.00643767
-0.00471679
0.00355041
-0.00467015
0.000524633
-0.00443394
-0.00252147
-0.00401855
-0.00545546
-0.00344555
-0.00814313
-0.00273889
-0.0104627
-0.00192648
-0.0123158
-0.00105747
-0.0135805
-0.000164319
-0.0142107
0.000707389
-0.014153
0.00151488
-0.0134106
0.00221767
-0.0120069
0.00278008
-0.010006
0.00317367
-0.0075061
0.00338116
-0.00464675
0.00339064
-0.00157662
0.00320582
0.00152569
0.00283936
0.00447261
0.00232007
0.00707989
0.00168356
0.00918834
0.000970456
0.0106645
0.000230867
0.0114051
-0.000482634
0.0113627
-0.00112744
0.0105593
-0.00165843
0.0090392
-0.00204004
0.00691357
-0.00224792
0.00433945
-0.00227142
0.00151741
-0.00211268
-0.00133657
-0.0017888
-0.00398818
-0.00133438
-0.00621222
-0.00079079
-0.00782907
-0.000211055
-0.00869149
0.000348735
-0.00873207
0.000842912
-0.00799368
0.00122474
-0.00653267
0.00146232
-0.00451817
0.0015402
-0.00217078
0.0014601
0.00025824
0.0012415
0.00251316
0.000915844
0.00436839
0.000527694
0.00564264
0.000122358
0.00624033
-0.000251484
0.00613045
-0.000561841
0.00539799
-0.000778728
0.00414608
-0.000887261
0.00255481
-0.000886117
0.000827508
-0.000787104
-0.000830986
-0.000611466
-0.00224352
-0.000387239
-0.00327299
-0.000144269
-0.00383925
8.6487e-05
-0.00391845
0.000284361
-0.00356075
0.000429954
-0.00282911
0.000512984
-0.00183851
0.000530996
-0.000717684
0.000488818
0.000402174
0.000396691
0.00140374
0.000268952
0.00219118
0.00012269
0.0026969
-2.46185e-05
0.00288872
-0.000160214
0.00278429
-0.000271214
0.00240531
-0.000348936
0.00180713
-0.000389063
0.00106287
-0.000391034
0.000250838
-0.000357764
-0.000551447
-0.000294912
-0.00127369
-0.000210097
-0.00185812
-0.000111911
-0.00226344
-9.16956e-06
-0.00246513
8.87763e-05
-0.00245108
0.000175468
-0.00224281
0.000244383
-0.00185633
0.000291145
-0.00132893
0.000313348
-0.000705536
0.000310388
-3.47674e-05
0.000283189
0.000634199
0.000234281
0.00125269
0.000167411
0.00177566
8.74148e-05
0.00216349
0.00238345
8.97627e-05
-0.0179451
0.000184613
-0.0181265
0.000280124
-0.0183373
0.00030728
-0.0186071
0.000345807
-0.0188074
0.000260769
-0.0191221
0.000224668
-0.0192925
-0.0196549
0.000101074
-0.0139623
0.000342113
-0.0139099
0.000555211
-0.0140577
0.000876038
-0.0140497
0.00121264
-0.0140685
0.00162893
-0.0139722
0.00207069
-0.0138699
0.00255478
-0.0136929
0.00305984
-0.0134712
0.0035874
-0.013186
0.00413082
-0.0128413
0.00467408
-0.0124167
0.0052075
-0.0119204
0.00572558
-0.011346
0.00622146
-0.0106871
0.00668331
-0.00995071
0.00710753
-0.00913442
0.00749256
-0.00824217
0.00782905
-0.0072729
0.00810816
-0.00622489
0.00832971
-0.00510498
0.00848533
-0.00392175
0.00857578
-0.00267702
0.00859483
-0.00138656
0.00854294
-5.56277e-05
0.00841568
0.00130357
0.00821538
0.00268114
0.00793903
0.00406228
0.00758913
0.00543682
0.00716711
0.00678357
0.00667478
0.00809598
0.0061164
0.00934997
0.00549575
0.0105409
0.00481798
0.0116399
0.00408862
0.0126383
0.00331498
0.0135153
0.00250515
0.0142543
0.00166898
0.0148495
0.000811926
0.0152731
-5.16244e-05
0.0155213
-0.000913897
0.0155814
-0.00176139
0.0154377
-0.0025846
0.0150856
-0.00337038
0.0145316
-0.0041042
0.0137602
-0.0047805
0.0127786
-0.00538702
0.0116046
-0.0059119
0.0102323
-0.00634558
0.00867594
-0.00668053
0.00696283
-0.00690998
0.00510767
-0.00702704
0.00314144
-0.00702916
0.00107943
-0.00691431
-0.00104269
-0.00667989
-0.00317783
-0.00633175
-0.00529259
-0.00586959
-0.00734945
-0.00530536
-0.00930453
-0.00464113
-0.0111221
-0.00389563
-0.0127461
-0.00307725
-0.0141444
-0.00220329
-0.015283
-0.00129157
-0.0161214
-0.000360871
-0.0166311
0.000570535
-0.0167906
0.00148098
-0.0165783
0.00235032
-0.0159953
0.00315739
-0.0150278
0.00388203
-0.0136936
0.00450579
-0.012011
0.00500965
-0.0100053
0.00538353
-0.00772762
0.00561442
-0.00521778
0.00569201
-0.00254353
0.00561724
0.000235039
0.00538655
0.00303893
0.00500642
0.00578081
0.00448729
0.00838256
0.00384166
0.0107594
0.00308949
0.0128328
0.00225386
0.0145281
0.00135966
0.0157718
0.000437048
0.0165156
-0.000483643
0.0167198
-0.00137299
0.0163573
-0.00219649
0.0154335
-0.00292851
0.013956
-0.00353847
0.0119699
-0.00400462
0.00953897
-0.00430855
0.00674161
-0.00443922
0.00368107
-0.0043898
0.000475219
-0.00416298
-0.0027483
-0.0037704
-0.00584804
-0.00322638
-0.00868715
-0.00255757
-0.0111315
-0.00179389
-0.0130795
-0.000968989
-0.0144054
-0.00013066
-0.015049
0.000688003
-0.0149717
0.0014464
-0.014169
0.00210505
-0.0126656
0.00263058
-0.0105315
0.0029983
-0.00787382
0.00318717
-0.00483563
0.00319053
-0.00157997
0.00301237
0.00170385
0.00266425
0.00482074
0.0021704
0.00757373
0.00156552
0.00979322
0.000891273
0.0113388
0.000193211
0.0121031
-0.000474839
0.0120308
-0.0010796
0.011164
-0.00157755
0.00953715
-0.00193355
0.00726957
-0.00212537
0.00453127
-0.00214274
0.00153479
-0.00198898
-0.00149033
-0.00168054
-0.00429662
-0.00124762
-0.00664515
-0.000732107
-0.00834458
-0.000182938
-0.00924065
0.000341001
-0.00925601
0.00080589
-0.00845857
0.00116351
-0.00689029
0.0013835
-0.00473816
0.00145274
-0.00224003
0.00137324
0.000337741
0.00116287
0.00272352
0.00085389
0.00467737
0.000485435
0.0060111
0.000103094
0.00662267
-0.000247176
0.00648072
-0.00053742
0.00568823
-0.000738597
0.00434725
-0.000837282
0.00265349
-0.000832766
0.000822991
-0.000736758
-0.000926994
-0.000569381
-0.0024109
-0.00035754
-0.00348483
-0.000129755
-0.00406704
8.63909e-05
-0.0041346
0.000270798
-0.00374515
0.000405538
-0.00296385
0.000481471
-0.00191444
0.000496631
-0.000732844
0.000455761
0.000443044
0.000368724
0.00149078
0.000248981
0.00231092
0.000112067
0.00283381
-2.44098e-05
0.0030252
-0.000150052
0.00290993
-0.0002525
0.00250776
-0.000323806
0.00187844
-0.000360217
0.00109928
-0.000361287
0.000251908
-0.000329923
-0.000582811
-0.000271403
-0.00133221
-0.000192848
-0.00193668
-0.000102145
-0.00235415
-7.28818e-06
-0.00255999
8.23635e-05
-0.00254073
0.000161859
-0.0023223
0.000224891
-0.00191936
0.000267486
-0.00137152
0.000287572
-0.000725621
0.000284575
-3.17707e-05
0.000259446
0.000659328
0.000214533
0.0012976
0.000153241
0.00183695
8.0003e-05
0.00223673
0.00246346
5.02775e-05
0.000131736
0.000215237
0.000233624
0.000266425
0.000194637
0.000169733
0.000128457
0.000349789
0.000557855
0.000870044
0.00119148
0.00158246
0.00199205
0.00244263
0.00291383
0.00340997
0.00391244
0.00442176
0.00492516
0.00541031
0.00587041
0.0063012
0.00669967
0.00705788
0.00736823
0.00762963
0.00783551
0.00797936
0.00806257
0.00807832
0.00802594
0.00790575
0.00771541
0.00745432
0.00712441
0.00672693
0.0062645
0.00574075
0.00515896
0.00452384
0.00384107
0.00311735
0.00235854
0.00157523
0.000775444
-3.31054e-05
-0.000838192
-0.00163126
-0.00239944
-0.00313242
-0.00381697
-0.00444897
-0.00501388
-0.00550242
-0.00590555
-0.00621603
-0.00642901
-0.00653613
-0.00653658
-0.00642628
-0.00620552
-0.00587896
-0.00544632
-0.00491689
-0.00429779
-0.00360037
-0.00283676
-0.00202192
-0.00117043
-0.000299494
0.000567588
0.00141723
0.00222816
0.00298075
0.00365663
0.0042386
0.00470708
0.00505502
0.00526706
0.0053379
0.00526353
0.00504496
0.00468679
0.0041984
0.00359252
0.0028877
0.0021046
0.00126762
0.000404614
-0.000455577
-0.00128652
-0.00205454
-0.00273716
-0.0033049
-0.00373836
-0.00401985
-0.00413841
-0.00408924
-0.00387509
-0.00350488
-0.00299397
-0.00236682
-0.00165374
-0.000884436
-9.73652e-05
0.000663617
0.00137139
0.00198485
0.00247373
0.00281444
0.00298754
0.00298748
0.00281572
0.00248698
0.00202268
0.00145546
0.000823236
0.000170881
-0.000455732
-0.00102041
-0.00148448
-0.00181501
-0.00199145
-0.00200447
-0.00185738
-0.00156648
-0.00115988
-0.000675218
-0.000159738
0.000329053
0.000763611
0.00109663
0.00129993
0.00136158
0.00128352
0.00108393
0.000792028
0.000446728
8.89712e-05
-0.000238676
-0.000508598
-0.000694337
-0.000783839
-0.000777207
-0.000685055
-0.000527206
-0.000328353
-0.000115277
8.48236e-05
0.000255684
0.000379844
0.000449027
0.000461766
0.00042267
0.000341096
0.000229625
0.00010241
-2.36575e-05
-0.0001395
-0.000233632
-0.000298821
-0.000331737
-0.000332137
-0.000302782
-0.000248622
-0.000176256
-9.3013e-05
-5.9359e-06
7.60077e-05
0.000148627
0.000206074
0.000244764
0.000262891
0.000259929
0.000236846
0.000195742
0.000139774
7.2958e-05
)
;

boundaryField
{
    freeSurface
    {
        type            calculated;
        value           nonuniform List<scalar> 
181
(
-0.0179954
-0.018208
-0.0184208
-0.0186255
-0.0188402
-0.0190503
-0.0192676
-0.0194852
-0.0140908
-0.0141313
-0.0142658
-0.0143619
-0.0143899
-0.0143632
-0.0142794
-0.0141435
-0.0139424
-0.0136821
-0.0133438
-0.012926
-0.0124238
-0.0118312
-0.0111472
-0.0103815
-0.00953289
-0.00860038
-0.00758325
-0.00648629
-0.00531086
-0.0040656
-0.00276023
-0.00140231
-3.25103e-06
0.00142376
0.00287149
0.00432336
0.00576673
0.00718105
0.00855841
0.00987372
0.0111227
0.012275
0.0133211
0.014239
0.0150132
0.0156328
0.0160729
0.0163299
0.0163865
0.0162308
0.0158538
0.0152645
0.0144447
0.0134106
0.0121695
0.0107209
0.00907907
0.00727331
0.00532064
0.00324857
0.00107988
-0.00115299
-0.00339858
-0.00561915
-0.00778208
-0.00983396
-0.0117412
-0.0134436
-0.014908
-0.0160978
-0.0169729
-0.017502
-0.0176577
-0.0174279
-0.0168063
-0.0157804
-0.0143695
-0.0125929
-0.0104738
-0.00807557
-0.00542982
-0.00261437
0.000309417
0.00325749
0.00613899
0.00887095
0.0113653
0.0135376
0.0153112
0.0166088
0.0173786
0.01758
0.0171882
0.0162015
0.0146387
0.0125376
0.00997243
0.00702309
0.00379964
0.000426049
-0.00296245
-0.00621825
-0.00919805
-0.0117587
-0.0137926
-0.0151747
-0.0158361
-0.0157326
-0.0148768
-0.013279
-0.0110204
-0.00821453
-0.00500872
-0.00157992
0.00187561
0.00514948
0.00803803
0.0103604
0.011971
0.0127555
0.0126574
0.0117287
0.0100012
0.0076001
0.00470771
0.00154781
-0.00163741
-0.00458753
-0.00705174
-0.00882925
-0.00975613
-0.0097448
-0.00889313
-0.00722331
-0.00494146
-0.00230168
0.000415803
0.00292311
0.00496928
0.0063564
0.00698043
0.00680837
0.00595815
0.00453299
0.00274299
0.000816359
-0.00101915
-0.00256874
-0.00368368
-0.00428012
-0.0043347
-0.00391601
-0.00308801
-0.00198363
-0.000745582
0.00048214
0.00157235
0.00242239
0.00296103
0.00315127
0.00302577
0.00260189
0.00194363
0.00113219
0.000252308
-0.000612165
-0.00138637
-0.00200904
-0.00243739
-0.00264707
-0.00262267
-0.00239492
-0.00197681
-0.00141021
-0.000743748
-2.88091e-05
0.000682411
0.0013387
0.00189292
0.00230354
0.00253641
)
;
    }
    walls
    {
        type            calculated;
        value           uniform 0;
    }
    floatingObject
    {
        type            calculated;
        value           nonuniform List<scalar> 
37
(
0.0116766
0.0118133
0.0119501
0.0120885
0.0122302
0.012372
0.0125162
0.0126621
0.0128089
0.0129581
0.013109
0.0132616
0.0134159
0.0135718
0.0137302
0.0138895
0.0140521
0.0142147
0.0143806
5.42101e-20
0
0
2.71051e-20
1.35525e-20
0
0
0
0
0
0
0
0
0
0
0
0
0
)
;
    }
    frontAndBack
    {
        type            empty;
    }
}


// ************************************************************************* //
