/*--------------------------------*- C++ -*----------------------------------*\
  =========                 |
  \\      /  F ield         | OpenFOAM: The Open Source CFD Toolbox
   \\    /   O peration     | Website:  https://openfoam.org
    \\  /    A nd           | Version:  12
     \\/     M anipulation  |
\*---------------------------------------------------------------------------*/
FoamFile
{
    format      ascii;
    class       volScalarField;
    location    "300";
    object      p;
}
// * * * * * * * * * * * * * * * * * * * * * * * * * * * * * * * * * * * * * //

dimensions      [0 2 -2 0 0 0 0];

internalField   nonuniform List<scalar> 
5000
(
0.587197
0.431782
0.34326
0.30993
0.286177
0.261397
0.23868
0.219036
0.201429
0.185088
0.169689
0.155086
0.141094
0.127642
0.114626
0.10193
0.0895809
0.0774846
0.0655269
0.0536801
0.0419188
0.0301483
0.0182074
0.00587293
-0.0111787
0.586956
0.431981
0.343292
0.30987
0.286167
0.261416
0.238682
0.219013
0.201337
0.184923
0.169525
0.154995
0.141099
0.127707
0.11472
0.102043
0.0896753
0.0775526
0.0655744
0.0537115
0.0419369
0.030155
0.0182024
0.00585978
-0.0111077
0.58693
0.432033
0.343288
0.309843
0.28616
0.26142
0.238685
0.219016
0.201382
0.185024
0.169632
0.155081
0.141188
0.127758
0.114676
0.101968
0.0896405
0.0775331
0.0655517
0.053683
0.0419053
0.0301247
0.0181742
0.00583004
-0.0111184
0.586921
0.432037
0.343293
0.309839
0.286153
0.261413
0.238668
0.219001
0.201386
0.185037
0.169642
0.155069
0.141161
0.127722
0.114654
0.101989
0.0896841
0.0775803
0.0655988
0.0537268
0.0419457
0.0301511
0.0181612
0.00579627
-0.0111215
0.586921
0.432039
0.343299
0.309837
0.286149
0.261404
0.238656
0.218964
0.201256
0.184862
0.169522
0.155045
0.141231
0.12785
0.11478
0.102075
0.0897397
0.0776109
0.0656087
0.0537204
0.0419247
0.0301279
0.0181677
0.00582221
-0.0111162
0.586922
0.432042
0.343301
0.309837
0.286146
0.261401
0.238643
0.218922
0.20122
0.184858
0.169529
0.155045
0.141233
0.127862
0.11482
0.10214
0.0897818
0.0776323
0.0656159
0.0537168
0.0419097
0.0301038
0.0181402
0.00580517
-0.0111023
0.586925
0.432044
0.343303
0.309839
0.286148
0.261403
0.238646
0.218927
0.201234
0.184875
0.169547
0.155064
0.141254
0.127888
0.114842
0.102148
0.0897788
0.0776241
0.0655986
0.053689
0.0418748
0.0300678
0.0181105
0.00578496
-0.0111053
0.586928
0.432047
0.343308
0.309843
0.286152
0.261411
0.23866
0.218976
0.201312
0.184943
0.169584
0.155082
0.141261
0.127861
0.114794
0.102138
0.0898103
0.0776539
0.0656149
0.0536898
0.0418659
0.0300561
0.018093
0.00574529
-0.011141
0.586932
0.432051
0.343312
0.309848
0.28616
0.261422
0.238669
0.218964
0.201283
0.184923
0.169586
0.155104
0.141288
0.127899
0.114857
0.102187
0.089822
0.0776226
0.0655526
0.0536079
0.0417768
0.0299678
0.0180199
0.00571393
-0.0111429
0.586936
0.432056
0.343317
0.309856
0.28617
0.26144
0.238698
0.21902
0.20139
0.18504
0.169646
0.155102
0.141241
0.127833
0.114803
0.102145
0.0897757
0.0775973
0.0655507
0.0535997
0.0417593
0.0299417
0.0179883
0.00568562
-0.011149
0.58694
0.432061
0.343323
0.309865
0.286183
0.261461
0.238742
0.219109
0.201536
0.185219
0.169805
0.155174
0.141201
0.127726
0.114671
0.102009
0.0896473
0.0774788
0.065457
0.0535619
0.041763
0.0299463
0.0179894
0.00568178
-0.01116
0.586944
0.432065
0.343329
0.309872
0.286196
0.261482
0.238779
0.219192
0.201644
0.185311
0.169902
0.155283
0.141285
0.127741
0.114612
0.101919
0.0895534
0.0773855
0.0653709
0.0534895
0.0417163
0.0299528
0.018024
0.00570236
-0.0111628
0.586948
0.43207
0.343334
0.309879
0.286204
0.261491
0.238787
0.219176
0.201612
0.185275
0.169846
0.155214
0.141211
0.127667
0.114564
0.101898
0.089553
0.0773985
0.065394
0.0535232
0.0417622
0.0300005
0.0180513
0.00572493
-0.0111467
0.586951
0.432073
0.343339
0.309882
0.28621
0.261492
0.238787
0.219169
0.201521
0.185101
0.169692
0.155143
0.141232
0.127761
0.114676
0.101991
0.0896169
0.0774509
0.0654382
0.0535582
0.0417873
0.0300276
0.0180963
0.00576243
-0.0111358
0.586953
0.432075
0.34334
0.309885
0.28621
0.261492
0.238774
0.219157
0.201549
0.185162
0.16976
0.155191
0.141238
0.12773
0.114643
0.101967
0.0896187
0.0774806
0.0654786
0.0535902
0.0418012
0.0300223
0.0180882
0.00577076
-0.0111292
0.586955
0.432076
0.34334
0.309885
0.286209
0.261481
0.238753
0.219102
0.201435
0.185007
0.169583
0.155036
0.141158
0.127738
0.114721
0.102084
0.089756
0.0776257
0.0655934
0.0536694
0.041847
0.030038
0.0180785
0.00575125
-0.0111247
0.586957
0.432075
0.343335
0.309885
0.286208
0.261474
0.238731
0.219032
0.201346
0.184967
0.1696
0.155072
0.141177
0.12775
0.11475
0.102106
0.0897421
0.0775957
0.0655793
0.0536777
0.0418744
0.0300764
0.0181221
0.00579637
-0.0111066
0.586967
0.432072
0.343329
0.309888
0.286208
0.261469
0.238724
0.219027
0.201358
0.184996
0.169626
0.155085
0.141165
0.127728
0.114744
0.102107
0.0897386
0.0775901
0.0655769
0.0536805
0.0418816
0.0300862
0.0181279
0.00579841
-0.0111088
0.586994
0.43202
0.343332
0.309914
0.28621
0.261461
0.238725
0.219062
0.201453
0.185095
0.169665
0.155058
0.141077
0.127608
0.114634
0.102035
0.0897085
0.0775775
0.0655865
0.0537115
0.0419303
0.0301381
0.0181506
0.00579124
-0.0111303
0.587235
0.43182
0.343299
0.309972
0.286219
0.261441
0.238724
0.21907
0.201444
0.185079
0.169659
0.155075
0.141141
0.127687
0.114656
0.102002
0.0896641
0.0775299
0.0655388
0.0536676
0.0418913
0.03011
0.0181605
0.00583107
-0.011192
0.440679
0.376239
0.327552
0.305475
0.285522
0.264092
0.243972
0.225781
0.208888
0.192802
0.1774
0.162653
0.148495
0.134802
0.121485
0.10867
0.0962396
0.083947
0.0717255
0.0596326
0.0477031
0.0359274
0.024274
0.0131626
0.00118301
0.440802
0.376341
0.327536
0.305394
0.28548
0.264076
0.24395
0.225753
0.208843
0.192739
0.177322
0.162599
0.148456
0.134774
0.121474
0.108676
0.0962997
0.0840003
0.0717644
0.0596592
0.0477232
0.0359446
0.0242876
0.0131612
0.00117503
0.440825
0.376355
0.327517
0.305366
0.28547
0.264074
0.243945
0.225737
0.208841
0.192763
0.177387
0.16267
0.148497
0.134807
0.121527
0.108702
0.0962374
0.0839352
0.0717113
0.0596161
0.0476888
0.0359206
0.0242792
0.013166
0.00120079
0.44083
0.376367
0.327524
0.305364
0.285465
0.264068
0.243937
0.225744
0.208855
0.192765
0.177397
0.162692
0.148514
0.134804
0.121487
0.108659
0.0962263
0.0839386
0.0717201
0.0596263
0.0476999
0.0359417
0.0243206
0.0131887
0.00119933
0.440833
0.376372
0.327527
0.305362
0.285459
0.264057
0.243915
0.225695
0.208762
0.192664
0.177324
0.162653
0.148513
0.134846
0.121587
0.108773
0.0963107
0.0839972
0.0717566
0.0596448
0.0477017
0.035921
0.0242719
0.0131569
0.00120004
0.440836
0.376375
0.327529
0.305362
0.285457
0.26405
0.243894
0.225652
0.208711
0.192647
0.177314
0.162655
0.148528
0.134871
0.121615
0.108798
0.0963809
0.0840495
0.0717876
0.0596603
0.047706
0.035915
0.0242552
0.0131332
0.0011687
0.440838
0.376378
0.327532
0.305365
0.285459
0.264053
0.243896
0.225654
0.208713
0.192652
0.17732
0.162667
0.14855
0.1349
0.121653
0.108833
0.0964069
0.0840567
0.0717769
0.0596348
0.0476697
0.0358751
0.0242194
0.01311
0.00115845
0.440841
0.376381
0.327536
0.305369
0.285465
0.264064
0.243922
0.225703
0.208771
0.192705
0.177368
0.162705
0.148582
0.134938
0.121673
0.108781
0.0963207
0.0840046
0.071744
0.0596118
0.0476517
0.0358643
0.0242253
0.0131421
0.00118855
0.440845
0.376385
0.32754
0.305375
0.285472
0.264073
0.243933
0.22572
0.208811
0.192738
0.177402
0.162727
0.148592
0.13493
0.12164
0.10877
0.0963245
0.0840279
0.0717442
0.0595934
0.047619
0.035822
0.0241713
0.0130684
0.00115554
0.440849
0.37639
0.327546
0.305382
0.285482
0.264092
0.24397
0.225789
0.208925
0.192877
0.177494
0.162752
0.148581
0.134881
0.121559
0.108671
0.0962176
0.0839145
0.0716754
0.0595816
0.0476202
0.0358326
0.0241829
0.0130801
0.0011649
0.440853
0.376395
0.327551
0.30539
0.285495
0.264114
0.24401
0.225857
0.209013
0.192978
0.177596
0.162834
0.148597
0.134823
0.121473
0.108566
0.0961034
0.0838034
0.0715702
0.0594768
0.0475668
0.0358426
0.0242085
0.0131098
0.00118048
0.440858
0.376399
0.327557
0.305398
0.285507
0.264133
0.24404
0.2259
0.209042
0.192989
0.177605
0.162844
0.148622
0.134879
0.121508
0.108549
0.0960696
0.0837618
0.0715261
0.0594308
0.0475194
0.0357876
0.0241966
0.0131424
0.00119753
0.440861
0.376403
0.327562
0.305403
0.285514
0.26414
0.244046
0.225903
0.209056
0.192979
0.177583
0.16282
0.14858
0.134817
0.12142
0.10851
0.0960592
0.0837654
0.0715417
0.0594551
0.0475523
0.0358302
0.0242551
0.0131694
0.0011981
0.440864
0.376406
0.327566
0.305407
0.285518
0.264142
0.24404
0.225878
0.208997
0.192899
0.177474
0.16273
0.148525
0.134798
0.121469
0.108611
0.0962015
0.0838861
0.0716342
0.0595203
0.0475891
0.0358362
0.0242311
0.0131647
0.00120427
0.440866
0.376408
0.327567
0.305409
0.285518
0.264139
0.244031
0.225865
0.208968
0.192882
0.177485
0.162741
0.148541
0.134827
0.121504
0.108639
0.0962106
0.0839164
0.0716827
0.0595698
0.0476288
0.0358581
0.0242249
0.0131354
0.00119275
0.440867
0.376408
0.327567
0.305409
0.285517
0.26413
0.244009
0.225819
0.208913
0.192813
0.177392
0.162659
0.148489
0.13481
0.121518
0.108678
0.0962795
0.084012
0.0718035
0.0596659
0.0476942
0.0358936
0.0242313
0.0131136
0.00115813
0.440866
0.376404
0.327564
0.30541
0.285516
0.26412
0.243978
0.225754
0.208827
0.192753
0.177377
0.162666
0.14852
0.134856
0.12156
0.10873
0.0963501
0.0840432
0.0717908
0.0596578
0.0476948
0.0358983
0.024236
0.0131145
0.00116145
0.440861
0.376393
0.327558
0.30541
0.285516
0.264118
0.243976
0.225753
0.208829
0.192755
0.177376
0.162658
0.148518
0.13486
0.121554
0.108727
0.0963485
0.0840379
0.0717804
0.0596495
0.0476899
0.035898
0.0242393
0.0131157
0.00116008
0.440838
0.376379
0.327576
0.305436
0.285523
0.26412
0.243993
0.225802
0.208908
0.192811
0.177411
0.162669
0.148517
0.134834
0.121472
0.108622
0.0962253
0.083959
0.0717413
0.0596412
0.0477071
0.0359431
0.0243174
0.0131807
0.00118995
0.440716
0.376277
0.327591
0.305517
0.285564
0.264133
0.244008
0.225801
0.208895
0.192801
0.177403
0.162665
0.148502
0.134835
0.121535
0.108684
0.0962266
0.0839404
0.071721
0.0596248
0.0476925
0.0359193
0.0242759
0.0131672
0.00118395
0.379216
0.361448
0.332201
0.305959
0.283689
0.262954
0.243536
0.225395
0.208354
0.192138
0.17665
0.16182
0.147543
0.133718
0.120096
0.107198
0.0950743
0.082901
0.0706743
0.0586094
0.0467723
0.0351795
0.0239515
0.0133916
0.00392672
0.37919
0.361403
0.33218
0.305946
0.28369
0.262964
0.243544
0.2254
0.208356
0.192135
0.176644
0.161818
0.147545
0.133729
0.12011
0.107207
0.0950874
0.0829123
0.0706811
0.0586123
0.0467738
0.0351814
0.0239541
0.0133924
0.00392667
0.379188
0.361396
0.332179
0.305942
0.28369
0.262966
0.243543
0.225396
0.208353
0.19214
0.176662
0.161842
0.147559
0.133736
0.120131
0.107225
0.0950774
0.0828914
0.0706588
0.0585911
0.0467553
0.0351673
0.023946
0.0133902
0.00392933
0.379188
0.361394
0.332174
0.305936
0.283685
0.262961
0.243537
0.22539
0.208348
0.192136
0.176664
0.161852
0.147571
0.133749
0.120142
0.107231
0.0950844
0.0828986
0.0706629
0.058591
0.0467518
0.0351636
0.0239455
0.0133886
0.00392726
0.37919
0.361394
0.332173
0.305935
0.283682
0.262956
0.243527
0.225373
0.208323
0.192112
0.176653
0.161856
0.147588
0.133776
0.120175
0.107265
0.0951124
0.0829157
0.0706689
0.0585876
0.0467415
0.0351482
0.0239274
0.0133763
0.00392441
0.379192
0.361396
0.332173
0.305935
0.283681
0.262952
0.243518
0.225357
0.208304
0.192103
0.176655
0.16187
0.147611
0.133805
0.120202
0.107286
0.0951375
0.0829337
0.0706769
0.0585865
0.0467336
0.0351362
0.0239139
0.0133645
0.00391617
0.379195
0.361399
0.332176
0.305937
0.283683
0.262954
0.24352
0.22536
0.208308
0.192112
0.176668
0.161887
0.147633
0.133827
0.120222
0.1073
0.0951402
0.0829234
0.070656
0.0585587
0.0467027
0.0351065
0.02389
0.0133499
0.00391073
0.379198
0.361402
0.332179
0.305941
0.283688
0.262963
0.243534
0.225382
0.208337
0.192146
0.176702
0.161915
0.147655
0.133849
0.120238
0.107287
0.095105
0.0828892
0.0706246
0.0585305
0.0466782
0.0350873
0.0238786
0.0133487
0.00391264
0.379201
0.361406
0.332183
0.305946
0.283696
0.262973
0.243551
0.225408
0.208375
0.192183
0.176735
0.16194
0.147671
0.133855
0.120221
0.107255
0.0950732
0.0828591
0.0705908
0.0584955
0.0466444
0.0350579
0.0238547
0.0133307
0.00390794
0.379205
0.36141
0.332188
0.305953
0.283705
0.262988
0.243576
0.225448
0.208431
0.192243
0.17678
0.161963
0.147675
0.133845
0.120193
0.107209
0.0950193
0.082806
0.0705475
0.0584656
0.0466232
0.0350457
0.0238493
0.0133306
0.00390909
0.379209
0.361415
0.332194
0.30596
0.283716
0.263005
0.243602
0.225486
0.208475
0.192289
0.176816
0.161977
0.147662
0.133805
0.120145
0.107158
0.0949621
0.0827514
0.0704993
0.0584253
0.0465999
0.0350411
0.0238555
0.0133413
0.00391474
0.379213
0.361419
0.332199
0.305967
0.283726
0.263019
0.243622
0.225509
0.208497
0.192307
0.176828
0.161981
0.147659
0.133795
0.120131
0.107142
0.0949435
0.0827314
0.0704808
0.0584104
0.0465902
0.0350362
0.0238613
0.0133536
0.00391995
0.379217
0.361423
0.332204
0.305972
0.283732
0.263026
0.243629
0.225514
0.208498
0.192296
0.176809
0.161959
0.147633
0.133771
0.120104
0.107125
0.0949418
0.0827405
0.0704974
0.0584313
0.0466132
0.0350595
0.0238849
0.0133695
0.00392526
0.37922
0.361426
0.332207
0.305976
0.283735
0.263028
0.243625
0.225503
0.208478
0.192268
0.176774
0.161932
0.147619
0.133772
0.120119
0.107156
0.094993
0.0827925
0.0705435
0.0584683
0.046639
0.0350728
0.0238861
0.0133666
0.00392354
0.379222
0.361428
0.332209
0.305978
0.283736
0.263025
0.243617
0.225487
0.208453
0.192246
0.176761
0.161923
0.147617
0.133776
0.120135
0.107184
0.0950224
0.0828274
0.0705832
0.0585064
0.0466701
0.035093
0.0238928
0.0133631
0.00392055
0.379223
0.361429
0.332211
0.305979
0.283735
0.263019
0.243603
0.225462
0.208422
0.192208
0.176721
0.16189
0.147601
0.133783
0.120153
0.107207
0.0950609
0.0828783
0.0706397
0.0585554
0.0467056
0.035113
0.0238975
0.0133562
0.00391317
0.379223
0.36143
0.332213
0.30598
0.283734
0.263013
0.243588
0.225436
0.208387
0.192176
0.1767
0.16188
0.147604
0.13379
0.120162
0.107231
0.0950967
0.0829113
0.0706669
0.0585809
0.0467283
0.0351308
0.0239089
0.0133612
0.0039155
0.379223
0.361433
0.332218
0.305984
0.283736
0.263011
0.243584
0.225431
0.208379
0.192165
0.176687
0.161865
0.147594
0.133784
0.120155
0.107229
0.0950996
0.0829162
0.0706718
0.0585865
0.0467342
0.0351366
0.0239141
0.0133637
0.00391587
0.379226
0.36144
0.332219
0.305987
0.283733
0.263007
0.243585
0.225438
0.20839
0.19217
0.176682
0.161853
0.147579
0.133767
0.120136
0.107205
0.0950712
0.0829008
0.0706689
0.0585939
0.0467495
0.0351581
0.0239401
0.0133853
0.00392527
0.379252
0.361485
0.332239
0.305999
0.283732
0.262996
0.243574
0.225425
0.208377
0.192156
0.17667
0.161842
0.147563
0.133752
0.120133
0.107209
0.0950661
0.0828901
0.0706588
0.0585872
0.0467461
0.0351557
0.0239367
0.0133864
0.00392503
0.343275
0.334275
0.313388
0.291376
0.272917
0.256014
0.239231
0.222863
0.207228
0.192205
0.177639
0.16346
0.149644
0.136167
0.122993
0.110231
0.0977959
0.0854442
0.0732011
0.0611566
0.0493387
0.0376665
0.0264393
0.0148472
0.00600649
0.34327
0.334291
0.313429
0.291396
0.272914
0.256007
0.239226
0.222856
0.207218
0.192192
0.177624
0.163446
0.149633
0.13616
0.12299
0.11023
0.0977979
0.0854471
0.0732033
0.061158
0.0493397
0.0376683
0.0264397
0.0148541
0.00600067
0.343271
0.334297
0.313439
0.291395
0.272907
0.256002
0.239222
0.222851
0.207214
0.192192
0.177631
0.163457
0.149643
0.136168
0.122998
0.110235
0.0977941
0.0854384
0.0731922
0.0611463
0.0493291
0.0376604
0.0264352
0.014854
0.00599964
0.343272
0.334299
0.313442
0.291398
0.272908
0.256001
0.239219
0.222847
0.207209
0.192189
0.177632
0.163462
0.149649
0.136173
0.123004
0.110239
0.0977964
0.0854382
0.0731892
0.0611415
0.0493239
0.0376567
0.0264338
0.0148549
0.00599962
0.343274
0.334301
0.313444
0.2914
0.272908
0.255999
0.239215
0.22284
0.207201
0.192183
0.177631
0.163468
0.149661
0.13619
0.123022
0.110255
0.0978056
0.0854395
0.0731836
0.0611302
0.0493091
0.0376409
0.0264197
0.0148455
0.00599685
0.343276
0.334303
0.313446
0.291402
0.272909
0.255998
0.239213
0.222837
0.207198
0.192185
0.17764
0.163482
0.149678
0.136209
0.123039
0.110268
0.0978143
0.0854411
0.0731787
0.0611199
0.0492956
0.0376265
0.0264066
0.0148357
0.00599173
0.343278
0.334305
0.313449
0.291405
0.272912
0.256002
0.239217
0.222842
0.207206
0.192197
0.177654
0.163498
0.149694
0.136222
0.123047
0.110268
0.0978056
0.0854252
0.0731578
0.0610962
0.049272
0.0376057
0.0263913
0.014827
0.00598854
0.343281
0.334308
0.313452
0.291409
0.272917
0.256009
0.239227
0.222857
0.207225
0.192218
0.177675
0.163515
0.149706
0.136228
0.123043
0.110251
0.0977815
0.0853996
0.0731332
0.0610753
0.0492562
0.0375965
0.0263893
0.014832
0.00599202
0.343285
0.334312
0.313457
0.291414
0.272924
0.256019
0.239241
0.222876
0.207249
0.192242
0.177695
0.163529
0.149712
0.136225
0.123029
0.110228
0.0977525
0.0853679
0.073102
0.061047
0.0492325
0.0375787
0.0263777
0.0148259
0.0059901
0.343288
0.334316
0.313462
0.29142
0.272933
0.256031
0.239259
0.2229
0.207279
0.192272
0.177718
0.16354
0.149711
0.136212
0.123005
0.110196
0.0977183
0.0853355
0.0730753
0.0610287
0.0492227
0.0375772
0.0263827
0.0148355
0.00599529
0.343292
0.334321
0.313467
0.291427
0.272942
0.256043
0.239277
0.222924
0.207305
0.192297
0.177736
0.163546
0.149702
0.13619
0.122976
0.110162
0.0976844
0.0853052
0.0730492
0.0610091
0.0492125
0.0375769
0.0263896
0.0148462
0.00600168
0.343296
0.334325
0.313471
0.291433
0.27295
0.256054
0.23929
0.22294
0.207321
0.192311
0.177746
0.163551
0.149703
0.136186
0.122968
0.110153
0.0976762
0.0852984
0.0730431
0.061004
0.0492092
0.0375762
0.0263928
0.0148512
0.00600448
0.343299
0.334328
0.313475
0.291437
0.272955
0.25606
0.239295
0.222943
0.207321
0.192305
0.177735
0.163538
0.149688
0.136174
0.122959
0.110151
0.097682
0.0853097
0.0730577
0.0610194
0.0492238
0.0375891
0.0264032
0.0148575
0.00600638
0.343302
0.334331
0.313478
0.29144
0.272957
0.256061
0.239294
0.222938
0.20731
0.192289
0.177717
0.163523
0.149681
0.136176
0.122971
0.110173
0.09771
0.0853387
0.0730847
0.061041
0.0492382
0.0375953
0.0264021
0.0148518
0.00600267
0.343304
0.334333
0.31348
0.291442
0.272958
0.256059
0.239289
0.222928
0.207297
0.192276
0.177706
0.163515
0.149679
0.136181
0.122984
0.110192
0.097734
0.0853659
0.0731129
0.0610665
0.0492575
0.0376061
0.0264039
0.0148471
0.00599972
0.343305
0.334334
0.313481
0.291441
0.272956
0.256055
0.23928
0.222913
0.207277
0.192253
0.177684
0.163498
0.14967
0.136184
0.122997
0.110213
0.0977623
0.0853986
0.0731465
0.0610957
0.0492785
0.0376168
0.0264041
0.0148393
0.00599306
0.343305
0.334334
0.31348
0.291439
0.272954
0.256051
0.239272
0.2229
0.20726
0.192238
0.177673
0.163493
0.149674
0.136194
0.12301
0.110232
0.0977831
0.0854191
0.0731654
0.0611123
0.0492916
0.0376253
0.0264076
0.0148384
0.00599282
0.343305
0.334333
0.313476
0.291435
0.272951
0.256047
0.239267
0.222894
0.207254
0.19223
0.177667
0.163488
0.149672
0.136194
0.123012
0.110236
0.0977905
0.0854287
0.0731753
0.0611217
0.0492993
0.0376309
0.026411
0.0148387
0.00599274
0.343305
0.334327
0.313467
0.291436
0.272956
0.25605
0.239268
0.222896
0.207256
0.19223
0.177663
0.163482
0.149664
0.136185
0.123003
0.110227
0.0977854
0.0854301
0.0731815
0.061132
0.0493129
0.0376463
0.026427
0.0148519
0.00600002
0.34331
0.334311
0.313425
0.291415
0.272958
0.256055
0.239271
0.222899
0.207261
0.192235
0.177668
0.163487
0.14967
0.136192
0.123014
0.110239
0.0977916
0.0854323
0.0731819
0.0611314
0.0493118
0.0376437
0.0264255
0.014844
0.00600569
0.318715
0.313402
0.300295
0.284469
0.269316
0.254366
0.238788
0.223209
0.208062
0.193311
0.178844
0.164652
0.150769
0.137199
0.123924
0.110944
0.0982515
0.085782
0.0734925
0.0613754
0.0494657
0.0376811
0.0263451
0.0145811
0.0060283
0.318715
0.313399
0.300295
0.28446
0.269299
0.254356
0.238786
0.223208
0.208061
0.19331
0.178844
0.164653
0.150771
0.137203
0.123929
0.11095
0.0982573
0.0857871
0.0734966
0.0613787
0.049468
0.0376837
0.0263452
0.0145874
0.00601916
0.318716
0.313399
0.300296
0.284455
0.269293
0.254354
0.238787
0.223209
0.208061
0.193312
0.178849
0.16466
0.150777
0.137209
0.123935
0.110953
0.098257
0.0857839
0.0734918
0.0613731
0.0494625
0.0376793
0.0263423
0.014587
0.00601697
0.318717
0.3134
0.300296
0.284454
0.26929
0.25435
0.238784
0.223206
0.208059
0.193312
0.178851
0.164665
0.150783
0.137215
0.12394
0.110957
0.0982579
0.0857824
0.0734883
0.0613686
0.0494581
0.0376763
0.026341
0.0145879
0.0060177
0.318719
0.313402
0.300297
0.284455
0.269289
0.254348
0.238782
0.223204
0.208058
0.193312
0.178855
0.164671
0.150792
0.137224
0.123948
0.110961
0.0982569
0.0857765
0.0734788
0.0613573
0.0494469
0.0376668
0.0263346
0.0145852
0.00601751
0.318721
0.313404
0.300299
0.284456
0.269289
0.254349
0.238783
0.223205
0.20806
0.193317
0.178862
0.16468
0.150801
0.137232
0.123953
0.110962
0.0982539
0.085769
0.0734682
0.0613453
0.0494354
0.0376575
0.0263284
0.0145824
0.0060168
0.318723
0.313406
0.300302
0.284459
0.269292
0.254352
0.238787
0.223211
0.208067
0.193326
0.178872
0.164691
0.15081
0.137238
0.123954
0.110957
0.0982431
0.0857541
0.0734511
0.0613279
0.0494197
0.0376451
0.0263206
0.0145791
0.00601604
0.318726
0.31341
0.300305
0.284463
0.269297
0.254358
0.238795
0.223221
0.20808
0.19334
0.178886
0.164702
0.150818
0.13724
0.123949
0.110945
0.0982266
0.0857362
0.073434
0.0613134
0.0494091
0.0376393
0.0263197
0.0145823
0.00601858
0.31873
0.313413
0.300309
0.284468
0.269303
0.254366
0.238806
0.223235
0.208095
0.193356
0.178899
0.16471
0.15082
0.137236
0.123937
0.110927
0.098205
0.0857137
0.0734129
0.0612957
0.0493962
0.0376319
0.0263175
0.014584
0.00602051
0.318733
0.313417
0.300314
0.284473
0.26931
0.254376
0.238818
0.22325
0.208113
0.193373
0.178912
0.164717
0.150819
0.137228
0.123924
0.110909
0.0981855
0.0856953
0.073398
0.0612856
0.0493914
0.0376322
0.0263217
0.0145903
0.00602402
0.318737
0.313421
0.300318
0.284479
0.269318
0.254385
0.238831
0.223265
0.208129
0.193387
0.178922
0.164721
0.150816
0.137219
0.123911
0.110894
0.0981699
0.0856812
0.0733864
0.0612774
0.0493874
0.0376323
0.0263246
0.0145941
0.00602573
0.31874
0.313425
0.300322
0.284484
0.269324
0.254393
0.23884
0.223276
0.208139
0.193396
0.178928
0.164723
0.150816
0.137217
0.123908
0.110891
0.098168
0.0856803
0.0733857
0.0612768
0.0493869
0.0376322
0.0263251
0.0145945
0.00602524
0.318744
0.313428
0.300326
0.284488
0.269328
0.254398
0.238844
0.223279
0.20814
0.193394
0.178923
0.164717
0.15081
0.137211
0.123905
0.110892
0.0981724
0.085687
0.0733932
0.061284
0.0493931
0.037637
0.0263281
0.0145955
0.00602497
0.318746
0.313431
0.300329
0.284491
0.269331
0.2544
0.238844
0.223277
0.208135
0.193386
0.178915
0.16471
0.150806
0.137212
0.123911
0.110903
0.0981863
0.0857016
0.0734069
0.0612951
0.0494007
0.0376407
0.0263284
0.0145935
0.00602366
0.318748
0.313432
0.30033
0.284492
0.269331
0.254399
0.238842
0.223271
0.208127
0.193377
0.178906
0.164705
0.150804
0.137216
0.123919
0.110914
0.0982009
0.0857175
0.0734224
0.0613087
0.0494109
0.0376466
0.0263299
0.0145921
0.0060228
0.318749
0.313433
0.300331
0.284493
0.269331
0.254397
0.238837
0.223263
0.208117
0.193365
0.178895
0.164696
0.150801
0.137218
0.123926
0.110927
0.0982166
0.085735
0.0734398
0.0613238
0.049422
0.0376526
0.0263309
0.0145894
0.00602083
0.318749
0.313434
0.300332
0.284493
0.269332
0.254396
0.238833
0.223256
0.208107
0.193356
0.178888
0.164692
0.1508
0.137221
0.123933
0.110937
0.0982297
0.0857494
0.0734542
0.061337
0.0494325
0.0376593
0.0263336
0.0145889
0.00602035
0.31875
0.313434
0.300332
0.284494
0.269333
0.254397
0.238831
0.223252
0.208103
0.193352
0.178883
0.164688
0.150798
0.137221
0.123935
0.110942
0.098238
0.0857596
0.0734647
0.0613461
0.049439
0.0376626
0.0263338
0.0145864
0.00601859
0.31875
0.313434
0.300332
0.284498
0.269339
0.254397
0.238828
0.223249
0.2081
0.193348
0.178878
0.164683
0.150795
0.137219
0.123935
0.110944
0.098242
0.0857664
0.0734731
0.0613548
0.0494471
0.0376691
0.0263387
0.0145884
0.00602085
0.31875
0.313437
0.300331
0.284507
0.269355
0.254407
0.238829
0.223248
0.208099
0.193345
0.178875
0.16468
0.150792
0.137218
0.123936
0.110946
0.0982433
0.0857669
0.0734726
0.0613532
0.0494445
0.0376648
0.0263361
0.0145794
0.0060282
0.301567
0.298037
0.288806
0.276224
0.262789
0.249045
0.23485
0.220466
0.206184
0.19208
0.178145
0.1644
0.150879
0.137596
0.124545
0.111727
0.0991392
0.0867449
0.0745088
0.0624173
0.0505143
0.0387035
0.0273209
0.0153432
0.00656778
0.301567
0.298033
0.28881
0.276231
0.262793
0.249049
0.234854
0.220469
0.206185
0.19208
0.178144
0.164399
0.150879
0.137595
0.124545
0.111726
0.0991382
0.0867435
0.074507
0.0624152
0.0505117
0.0387018
0.0273172
0.0153477
0.00655652
0.301568
0.298034
0.288813
0.276233
0.262793
0.249049
0.234855
0.220469
0.206185
0.19208
0.178146
0.164402
0.150881
0.137597
0.124546
0.111727
0.0991367
0.0867406
0.0745033
0.062411
0.0505077
0.0386988
0.0273153
0.015348
0.00655464
0.301569
0.298034
0.288814
0.276234
0.262794
0.249051
0.234856
0.22047
0.206186
0.192082
0.178149
0.164406
0.150885
0.137601
0.124548
0.111727
0.0991349
0.0867371
0.0744986
0.0624061
0.0505033
0.0386957
0.0273137
0.0153482
0.00655449
0.30157
0.298036
0.288815
0.276236
0.262795
0.249052
0.234857
0.220471
0.206188
0.192085
0.178153
0.164411
0.15089
0.137605
0.124551
0.111726
0.0991307
0.0867301
0.0744901
0.0623973
0.0504957
0.0386902
0.0273107
0.0153476
0.00655473
0.301572
0.298038
0.288817
0.276238
0.262798
0.249054
0.23486
0.220474
0.206192
0.19209
0.178159
0.164417
0.150896
0.137609
0.124552
0.111724
0.0991255
0.0867225
0.0744812
0.0623887
0.0504885
0.0386853
0.0273083
0.0153473
0.0065549
0.301575
0.29804
0.28882
0.276241
0.262801
0.249058
0.234864
0.22048
0.206199
0.192098
0.178167
0.164425
0.150901
0.137611
0.12455
0.111718
0.0991159
0.0867106
0.0744687
0.0623771
0.0504789
0.0386787
0.027305
0.0153468
0.00655517
0.301578
0.298043
0.288823
0.276245
0.262805
0.249063
0.234871
0.220488
0.206208
0.192108
0.178176
0.164432
0.150905
0.137611
0.124545
0.11171
0.0991051
0.0866991
0.0744579
0.0623682
0.050473
0.0386762
0.0273057
0.0153497
0.00655711
0.301581
0.298047
0.288827
0.276249
0.262811
0.24907
0.23488
0.220498
0.206219
0.192118
0.178185
0.164437
0.150907
0.137608
0.124538
0.111699
0.0990922
0.0866859
0.0744458
0.0623586
0.0504666
0.0386733
0.0273058
0.0153517
0.00655837
0.301584
0.298051
0.288831
0.276254
0.262817
0.249078
0.234889
0.220509
0.206231
0.192129
0.178193
0.164441
0.150906
0.137604
0.12453
0.111689
0.0990817
0.0866762
0.0744382
0.0623537
0.0504649
0.0386744
0.0273088
0.0153553
0.00656006
0.301588
0.298054
0.288835
0.276259
0.262823
0.249085
0.234898
0.220519
0.206241
0.192137
0.178199
0.164443
0.150905
0.137599
0.124523
0.11168
0.0990725
0.0866678
0.0744314
0.0623489
0.0504622
0.0386738
0.0273095
0.0153563
0.00656018
0.301591
0.298058
0.288839
0.276263
0.262828
0.249091
0.234904
0.220526
0.206247
0.192143
0.178202
0.164445
0.150905
0.137597
0.12452
0.111678
0.0990704
0.0866662
0.07443
0.0623478
0.0504614
0.0386733
0.0273092
0.0153558
0.00655958
0.301594
0.298061
0.288842
0.276267
0.262832
0.249095
0.234908
0.220529
0.206249
0.192143
0.1782
0.164442
0.150902
0.137595
0.12452
0.111679
0.0990729
0.0866695
0.0744336
0.0623511
0.0504641
0.0386751
0.02731
0.0153555
0.00655901
0.301596
0.298063
0.288845
0.276269
0.262834
0.249096
0.234908
0.220528
0.206246
0.192139
0.178197
0.164439
0.1509
0.137596
0.124524
0.111684
0.0990802
0.0866771
0.0744407
0.062357
0.0504684
0.0386775
0.0273107
0.015355
0.00655875
0.301598
0.298065
0.288847
0.276271
0.262835
0.249096
0.234907
0.220524
0.206242
0.192134
0.178192
0.164436
0.1509
0.137598
0.124528
0.111692
0.0990892
0.0866869
0.0744504
0.0623658
0.0504754
0.0386821
0.0273129
0.0153555
0.00655905
0.301599
0.298066
0.288847
0.276271
0.262834
0.249095
0.234904
0.22052
0.206235
0.192127
0.178186
0.164432
0.150898
0.1376
0.124534
0.1117
0.0990995
0.0866983
0.0744616
0.0623756
0.0504828
0.0386865
0.0273143
0.0153548
0.00655857
0.3016
0.298066
0.288848
0.276271
0.262834
0.249093
0.2349
0.220515
0.206229
0.192121
0.178181
0.164429
0.150898
0.137603
0.124539
0.111708
0.09911
0.0867097
0.0744727
0.0623853
0.0504899
0.0386905
0.0273153
0.0153537
0.00655773
0.3016
0.298067
0.288848
0.27627
0.262832
0.249091
0.234897
0.22051
0.206225
0.192117
0.178177
0.164426
0.150898
0.137605
0.124543
0.111715
0.0991182
0.0867188
0.0744814
0.0623922
0.0504944
0.0386921
0.0273146
0.0153511
0.00655654
0.301601
0.298067
0.288846
0.276269
0.262832
0.249089
0.234895
0.220509
0.206224
0.192115
0.178176
0.164425
0.150898
0.137606
0.124546
0.111719
0.0991239
0.0867253
0.0744879
0.0623979
0.0504985
0.0386941
0.027315
0.0153493
0.00655736
0.301601
0.298071
0.288842
0.276262
0.262827
0.249085
0.23489
0.220505
0.206222
0.192114
0.178175
0.164426
0.1509
0.13761
0.124551
0.111725
0.0991293
0.08673
0.0744914
0.0623999
0.0504995
0.0386931
0.0273155
0.0153418
0.00656694
0.289405
0.286733
0.279639
0.269452
0.25792
0.245703
0.232843
0.21949
0.205913
0.192292
0.178699
0.165185
0.151797
0.13857
0.125522
0.112662
0.0999905
0.0874948
0.075163
0.0629811
0.0509838
0.0390625
0.027554
0.0154175
0.00655524
0.289406
0.28673
0.279641
0.269454
0.257919
0.2457
0.23284
0.219488
0.205911
0.19229
0.178698
0.165185
0.151797
0.138571
0.125523
0.112663
0.0999911
0.0874953
0.0751634
0.0629815
0.0509839
0.0390637
0.0275531
0.0154246
0.00654508
0.289407
0.286731
0.279643
0.269456
0.257918
0.245698
0.23284
0.219488
0.205912
0.192291
0.1787
0.165187
0.151799
0.138572
0.125524
0.112663
0.09999
0.0874933
0.0751609
0.062979
0.0509818
0.0390625
0.0275526
0.0154258
0.0065433
0.289408
0.286732
0.279644
0.269457
0.257919
0.245699
0.23284
0.219488
0.205913
0.192292
0.178702
0.165189
0.151801
0.138574
0.125524
0.112662
0.0999877
0.0874902
0.0751575
0.0629758
0.0509793
0.0390614
0.0275525
0.0154268
0.00654356
0.289409
0.286733
0.279646
0.269458
0.25792
0.2457
0.232841
0.21949
0.205915
0.192295
0.178705
0.165193
0.151804
0.138575
0.125524
0.11266
0.099984
0.0874851
0.0751519
0.0629706
0.0509753
0.039059
0.0275517
0.0154273
0.00654389
0.289411
0.286735
0.279648
0.269461
0.257922
0.245702
0.232844
0.219493
0.205918
0.192299
0.178709
0.165197
0.151808
0.138577
0.125524
0.112657
0.0999791
0.0874791
0.0751456
0.0629651
0.0509713
0.0390568
0.0275514
0.0154282
0.00654461
0.289414
0.286738
0.279651
0.269464
0.257926
0.245706
0.232848
0.219498
0.205924
0.192305
0.178715
0.165201
0.15181
0.138577
0.125521
0.112651
0.0999717
0.0874707
0.0751373
0.0629579
0.0509661
0.0390539
0.0275507
0.0154291
0.00654541
0.289417
0.286741
0.279654
0.269467
0.25793
0.245711
0.232854
0.219504
0.205931
0.192312
0.178721
0.165205
0.151812
0.138576
0.125517
0.112645
0.0999639
0.0874624
0.0751297
0.0629519
0.0509622
0.0390526
0.0275514
0.0154311
0.00654661
0.28942
0.286744
0.279658
0.269471
0.257935
0.245717
0.23286
0.219511
0.205938
0.192319
0.178727
0.165209
0.151813
0.138574
0.125512
0.112638
0.0999554
0.0874538
0.075122
0.0629458
0.0509583
0.0390508
0.0275516
0.0154322
0.00654716
0.289423
0.286748
0.279662
0.269476
0.25794
0.245723
0.232867
0.219519
0.205946
0.192326
0.178732
0.165211
0.151813
0.138571
0.125507
0.112631
0.0999486
0.0874474
0.0751167
0.0629421
0.0509565
0.0390507
0.0275526
0.0154336
0.00654768
0.289426
0.286751
0.279665
0.26948
0.257945
0.245728
0.232874
0.219526
0.205953
0.192331
0.178735
0.165213
0.151812
0.138568
0.125503
0.112626
0.099943
0.0874422
0.0751124
0.062939
0.0509546
0.03905
0.0275524
0.0154335
0.00654742
0.289429
0.286754
0.279669
0.269484
0.257949
0.245733
0.232879
0.219531
0.205957
0.192335
0.178738
0.165214
0.151812
0.138567
0.125501
0.112624
0.0999416
0.0874411
0.0751117
0.0629386
0.0509545
0.0390499
0.0275522
0.0154331
0.00654703
0.289432
0.286757
0.279672
0.269487
0.257952
0.245736
0.232882
0.219534
0.205959
0.192336
0.178738
0.165213
0.151811
0.138567
0.125501
0.112625
0.0999433
0.0874433
0.0751141
0.0629409
0.0509563
0.039051
0.0275526
0.0154328
0.00654665
0.289434
0.286759
0.279674
0.269489
0.257954
0.245738
0.232883
0.219534
0.205959
0.192335
0.178737
0.165212
0.151811
0.138568
0.125504
0.112629
0.099948
0.0874484
0.0751189
0.0629451
0.0509594
0.0390529
0.0275532
0.0154325
0.00654647
0.289436
0.286761
0.279675
0.26949
0.257955
0.245738
0.232882
0.219533
0.205957
0.192332
0.178734
0.165211
0.151811
0.13857
0.125508
0.112635
0.0999545
0.0874553
0.0751256
0.0629509
0.0509638
0.0390555
0.0275542
0.0154324
0.00654625
0.289437
0.286762
0.279676
0.269491
0.257956
0.245738
0.232881
0.21953
0.205954
0.192329
0.178732
0.16521
0.151811
0.138572
0.125512
0.112641
0.0999621
0.0874633
0.0751332
0.0629572
0.0509683
0.0390579
0.0275547
0.0154317
0.00654579
0.289438
0.286763
0.279677
0.269491
0.257955
0.245738
0.23288
0.219528
0.205951
0.192327
0.17873
0.165209
0.151812
0.138575
0.125517
0.112647
0.0999694
0.0874709
0.0751401
0.0629627
0.0509718
0.0390592
0.0275542
0.01543
0.0065448
0.289438
0.286763
0.279677
0.269491
0.257955
0.245737
0.232879
0.219527
0.205949
0.192325
0.178728
0.165208
0.151813
0.138577
0.125521
0.112652
0.0999752
0.0874768
0.0751452
0.0629664
0.0509736
0.039059
0.0275525
0.0154274
0.00654369
0.289439
0.286763
0.279676
0.26949
0.257956
0.245739
0.232879
0.219526
0.205948
0.192324
0.178727
0.165207
0.151813
0.138578
0.125523
0.112655
0.0999789
0.0874806
0.0751488
0.062969
0.0509749
0.0390587
0.0275513
0.0154248
0.0065448
0.289438
0.286767
0.279674
0.269488
0.257958
0.245742
0.232882
0.219528
0.205949
0.192325
0.178728
0.165208
0.151814
0.13858
0.125524
0.112657
0.0999806
0.0874818
0.0751491
0.0629684
0.0509737
0.0390558
0.0275504
0.0154162
0.00655428
0.281015
0.278819
0.272972
0.264311
0.254052
0.242776
0.230665
0.217922
0.204815
0.191547
0.178227
0.164925
0.1517
0.138597
0.125642
0.11285
0.100225
0.0877635
0.0754611
0.0633003
0.0513099
0.039375
0.0278354
0.0156235
0.0066847
0.281016
0.278817
0.272973
0.264313
0.254053
0.242776
0.230666
0.217924
0.204817
0.191549
0.178229
0.164927
0.151701
0.138597
0.125642
0.112849
0.100224
0.0877624
0.0754599
0.0632993
0.0513087
0.0393749
0.0278331
0.0156294
0.00667342
0.281017
0.278817
0.272974
0.264315
0.254054
0.242777
0.230667
0.217925
0.204819
0.19155
0.17823
0.164928
0.151702
0.138597
0.125642
0.112848
0.100222
0.0877602
0.0754576
0.0632972
0.0513071
0.0393742
0.0278326
0.0156304
0.00667133
0.281018
0.278818
0.272975
0.264316
0.254055
0.242778
0.230669
0.217927
0.204821
0.191552
0.178232
0.16493
0.151704
0.138598
0.125641
0.112847
0.10022
0.0877573
0.0754546
0.0632946
0.0513052
0.0393732
0.0278323
0.0156307
0.0066711
0.281019
0.27882
0.272977
0.264318
0.254057
0.24278
0.230671
0.21793
0.204823
0.191555
0.178235
0.164933
0.151705
0.138599
0.12564
0.112844
0.100216
0.0877529
0.0754502
0.0632907
0.0513024
0.0393715
0.0278318
0.015631
0.00667114
0.281021
0.278822
0.272979
0.26432
0.254059
0.242783
0.230674
0.217933
0.204827
0.191559
0.178239
0.164935
0.151707
0.138599
0.125639
0.112841
0.100212
0.087748
0.0754455
0.0632868
0.0512997
0.0393703
0.0278318
0.0156318
0.00667162
0.281024
0.278824
0.272982
0.264323
0.254063
0.242787
0.230678
0.217938
0.204832
0.191564
0.178243
0.164938
0.151709
0.138599
0.125636
0.112837
0.100206
0.0877419
0.0754397
0.0632821
0.0512965
0.0393689
0.0278318
0.0156327
0.00667215
0.281027
0.278827
0.272985
0.264327
0.254067
0.242791
0.230683
0.217943
0.204837
0.191569
0.178247
0.164941
0.151709
0.138597
0.125633
0.112832
0.1002
0.087736
0.0754344
0.0632781
0.0512941
0.0393681
0.0278323
0.0156338
0.00667272
0.28103
0.27883
0.272989
0.264331
0.254071
0.242796
0.230688
0.217949
0.204843
0.191574
0.178251
0.164944
0.15171
0.138596
0.12563
0.112827
0.100195
0.0877301
0.0754292
0.063274
0.0512916
0.039367
0.0278324
0.0156345
0.00667294
0.281033
0.278834
0.272992
0.264335
0.254075
0.242801
0.230694
0.217955
0.204849
0.191579
0.178255
0.164945
0.15171
0.138594
0.125626
0.112823
0.10019
0.0877258
0.0754256
0.0632715
0.0512903
0.0393668
0.0278328
0.0156351
0.00667317
0.281036
0.278837
0.272996
0.264338
0.25408
0.242806
0.230699
0.21796
0.204853
0.191583
0.178257
0.164947
0.151709
0.138592
0.125624
0.112819
0.100187
0.0877228
0.0754232
0.0632698
0.0512893
0.0393664
0.0278328
0.0156351
0.00667312
0.281039
0.27884
0.272999
0.264342
0.254083
0.242809
0.230703
0.217964
0.204857
0.191586
0.178259
0.164948
0.151709
0.138592
0.125623
0.112819
0.100186
0.0877223
0.075423
0.0632698
0.0512894
0.0393665
0.0278327
0.0156348
0.00667299
0.281041
0.278843
0.273001
0.264345
0.254086
0.242812
0.230706
0.217966
0.204859
0.191587
0.17826
0.164948
0.15171
0.138592
0.125623
0.11282
0.100187
0.087724
0.0754247
0.0632713
0.0512904
0.0393669
0.0278324
0.0156343
0.00667253
0.281043
0.278845
0.273004
0.264347
0.254088
0.242814
0.230707
0.217967
0.204859
0.191587
0.17826
0.164948
0.15171
0.138593
0.125626
0.112822
0.100191
0.0877274
0.0754278
0.0632737
0.0512919
0.0393674
0.0278322
0.0156336
0.00667216
0.281045
0.278846
0.273005
0.264348
0.254089
0.242815
0.230707
0.217966
0.204858
0.191586
0.178259
0.164948
0.151711
0.138595
0.125629
0.112826
0.100195
0.087732
0.075432
0.063277
0.051294
0.0393682
0.0278319
0.0156328
0.00667165
0.281046
0.278847
0.273006
0.264349
0.25409
0.242815
0.230707
0.217965
0.204857
0.191584
0.178258
0.164947
0.151712
0.138597
0.125632
0.112831
0.100201
0.0877373
0.0754367
0.0632806
0.0512962
0.039369
0.0278316
0.0156319
0.00667126
0.281047
0.278848
0.273007
0.264349
0.25409
0.242815
0.230706
0.217964
0.204855
0.191583
0.178257
0.164947
0.151713
0.1386
0.125636
0.112836
0.100206
0.0877427
0.0754414
0.0632842
0.0512983
0.0393696
0.0278311
0.0156308
0.00667076
0.281047
0.278849
0.273007
0.264349
0.25409
0.242814
0.230705
0.217962
0.204853
0.191581
0.178256
0.164947
0.151713
0.138602
0.125639
0.11284
0.100211
0.0877472
0.0754454
0.0632871
0.0512999
0.0393698
0.0278305
0.0156297
0.00667067
0.281048
0.278849
0.273006
0.264348
0.25409
0.242814
0.230704
0.217961
0.204852
0.19158
0.178255
0.164947
0.151714
0.138603
0.125642
0.112843
0.100214
0.0877508
0.0754485
0.0632893
0.0513012
0.0393698
0.0278301
0.0156279
0.00667242
0.281047
0.278852
0.273005
0.264346
0.254089
0.242814
0.230703
0.217959
0.20485
0.191579
0.178254
0.164946
0.151715
0.138604
0.125643
0.112845
0.100216
0.0877528
0.0754501
0.0632904
0.0513019
0.0393693
0.0278318
0.0156215
0.00668359
0.275725
0.273787
0.268621
0.260842
0.251388
0.240769
0.229227
0.216985
0.204289
0.191336
0.178253
0.165128
0.152029
0.139008
0.126101
0.113328
0.100699
0.088218
0.0758848
0.0636845
0.0516461
0.0396522
0.0280447
0.0157442
0.00673293
0.275726
0.273785
0.268622
0.260844
0.251389
0.240769
0.229227
0.216985
0.204289
0.191335
0.178253
0.165128
0.152029
0.139008
0.126101
0.113327
0.100699
0.0882174
0.0758843
0.0636843
0.0516458
0.039653
0.0280431
0.0157509
0.00672211
0.275727
0.273786
0.268623
0.260845
0.251389
0.24077
0.229227
0.216986
0.20429
0.191336
0.178253
0.165128
0.152029
0.139008
0.1261
0.113326
0.100697
0.0882158
0.0758828
0.0636832
0.0516451
0.039653
0.0280431
0.0157521
0.00672014
0.275728
0.273787
0.268625
0.260847
0.251391
0.240771
0.229229
0.216988
0.204291
0.191338
0.178255
0.165129
0.152029
0.139007
0.126099
0.113324
0.100695
0.0882132
0.0758805
0.0636814
0.051644
0.0396527
0.0280433
0.0157528
0.00672012
0.27573
0.273789
0.268626
0.260849
0.251393
0.240773
0.229231
0.21699
0.204294
0.19134
0.178257
0.165131
0.15203
0.139007
0.126097
0.113322
0.100692
0.0882098
0.0758773
0.0636789
0.0516424
0.0396521
0.0280435
0.0157535
0.00672036
0.275732
0.273791
0.268629
0.260851
0.251396
0.240776
0.229234
0.216993
0.204297
0.191343
0.178259
0.165132
0.152031
0.139006
0.126095
0.113319
0.100688
0.0882058
0.0758736
0.063676
0.0516407
0.0396516
0.0280438
0.0157543
0.00672076
0.275734
0.273793
0.268631
0.260854
0.251399
0.24078
0.229238
0.216997
0.204301
0.191347
0.178262
0.165134
0.152031
0.139005
0.126093
0.113315
0.100683
0.0882012
0.0758695
0.0636729
0.0516389
0.039651
0.0280442
0.0157551
0.00672117
0.275737
0.273796
0.268634
0.260857
0.251402
0.240784
0.229242
0.217002
0.204305
0.191351
0.178265
0.165136
0.152031
0.139004
0.12609
0.113311
0.100679
0.0881968
0.0758657
0.0636702
0.0516373
0.0396507
0.0280447
0.0157559
0.00672151
0.27574
0.273799
0.268638
0.260861
0.251406
0.240788
0.229247
0.217006
0.20431
0.191355
0.178268
0.165138
0.152031
0.139003
0.126087
0.113307
0.100675
0.0881926
0.0758622
0.0636676
0.0516359
0.0396502
0.028045
0.0157565
0.00672175
0.275743
0.273802
0.268641
0.260865
0.25141
0.240793
0.229252
0.217011
0.204314
0.191358
0.178271
0.165139
0.152031
0.139001
0.126085
0.113304
0.100671
0.0881896
0.0758597
0.0636659
0.051635
0.0396501
0.0280453
0.015757
0.00672194
0.275746
0.273805
0.268644
0.260868
0.251414
0.240797
0.229256
0.217015
0.204318
0.191361
0.178273
0.16514
0.152031
0.139
0.126083
0.113302
0.100669
0.0881877
0.0758582
0.0636648
0.0516344
0.0396498
0.0280453
0.0157569
0.00672198
0.275749
0.273808
0.268647
0.260871
0.251418
0.2408
0.229259
0.217019
0.204321
0.191364
0.178275
0.165141
0.152032
0.139
0.126083
0.113302
0.100669
0.0881874
0.075858
0.0636647
0.0516343
0.0396497
0.028045
0.0157567
0.00672184
0.275751
0.273811
0.26865
0.260874
0.25142
0.240803
0.229262
0.217021
0.204323
0.191365
0.178276
0.165142
0.152033
0.139001
0.126084
0.113303
0.10067
0.0881886
0.0758591
0.0636655
0.0516346
0.0396495
0.0280444
0.015756
0.00672144
0.275753
0.273813
0.268652
0.260876
0.251422
0.240804
0.229263
0.217022
0.204324
0.191366
0.178276
0.165143
0.152034
0.139003
0.126086
0.113305
0.100673
0.088191
0.075861
0.0636668
0.0516352
0.0396493
0.0280438
0.0157552
0.00672106
0.275755
0.273814
0.268653
0.260877
0.251423
0.240805
0.229264
0.217022
0.204324
0.191366
0.178277
0.165143
0.152035
0.139005
0.126089
0.113308
0.100676
0.0881942
0.0758636
0.0636686
0.051636
0.0396492
0.028043
0.0157543
0.00672058
0.275756
0.273815
0.268654
0.260878
0.251424
0.240806
0.229264
0.217022
0.204324
0.191366
0.178277
0.165144
0.152036
0.139007
0.126092
0.113312
0.10068
0.0881979
0.0758667
0.0636707
0.0516369
0.0396491
0.0280423
0.0157534
0.00672018
0.275757
0.273816
0.268655
0.260879
0.251424
0.240806
0.229264
0.217022
0.204323
0.191365
0.178277
0.165145
0.152038
0.139009
0.126095
0.113316
0.100684
0.0882017
0.0758699
0.0636727
0.0516378
0.0396489
0.0280413
0.0157522
0.00671963
0.275757
0.273817
0.268655
0.260879
0.251424
0.240806
0.229263
0.217021
0.204322
0.191365
0.178277
0.165145
0.152039
0.139012
0.126098
0.11332
0.100688
0.0882053
0.0758727
0.0636746
0.0516386
0.0396487
0.0280406
0.015751
0.00671954
0.275757
0.273817
0.268655
0.260878
0.251424
0.240806
0.229263
0.217021
0.204322
0.191365
0.178277
0.165146
0.15204
0.139013
0.1261
0.113322
0.10069
0.0882077
0.0758747
0.0636758
0.0516391
0.0396482
0.02804
0.0157493
0.00672135
0.275757
0.27382
0.268654
0.260876
0.251424
0.240806
0.229264
0.217021
0.204323
0.191366
0.178278
0.165147
0.152042
0.139015
0.126102
0.113324
0.100692
0.0882088
0.0758753
0.0636759
0.051639
0.039647
0.0280413
0.0157424
0.00673209
0.273157
0.271339
0.266477
0.259105
0.250044
0.239754
0.228483
0.216465
0.203942
0.191113
0.17812
0.16506
0.152008
0.139021
0.126135
0.113376
0.100755
0.0882784
0.0759478
0.0637484
0.0517087
0.0397076
0.0280931
0.0157653
0.00676288
0.273158
0.271337
0.266478
0.259107
0.250045
0.239754
0.228483
0.216466
0.203943
0.191114
0.17812
0.165061
0.152009
0.139021
0.126135
0.113375
0.100755
0.0882778
0.0759472
0.063748
0.0517081
0.0397082
0.0280911
0.0157717
0.00675174
0.273158
0.271338
0.266479
0.259109
0.250046
0.239755
0.228484
0.216467
0.203944
0.191115
0.178121
0.165061
0.152009
0.13902
0.126134
0.113374
0.100753
0.0882763
0.0759458
0.063747
0.0517075
0.0397081
0.0280911
0.0157729
0.00674975
0.27316
0.271339
0.26648
0.25911
0.250047
0.239756
0.228486
0.216469
0.203945
0.191116
0.178122
0.165062
0.152009
0.13902
0.126133
0.113372
0.100751
0.088274
0.0759439
0.0637455
0.0517067
0.0397081
0.0280914
0.0157736
0.00674968
0.273161
0.271341
0.266482
0.259112
0.25005
0.239758
0.228488
0.216471
0.203948
0.191118
0.178124
0.165063
0.15201
0.139019
0.126131
0.11337
0.100748
0.0882711
0.0759412
0.0637436
0.0517056
0.0397079
0.0280918
0.0157743
0.00674987
0.273163
0.271343
0.266484
0.259115
0.250052
0.239761
0.228491
0.216474
0.203951
0.191121
0.178126
0.165065
0.15201
0.139018
0.126129
0.113367
0.100745
0.0882677
0.0759383
0.0637414
0.0517045
0.0397077
0.0280923
0.0157751
0.00675024
0.273166
0.271345
0.266487
0.259118
0.250055
0.239765
0.228495
0.216478
0.203954
0.191124
0.178129
0.165066
0.15201
0.139017
0.126127
0.113364
0.100741
0.0882639
0.075935
0.0637391
0.0517033
0.0397075
0.0280929
0.0157759
0.00675063
0.273168
0.271348
0.26649
0.259121
0.250059
0.239769
0.228499
0.216482
0.203958
0.191128
0.178131
0.165068
0.15201
0.139016
0.126125
0.11336
0.100737
0.0882603
0.075932
0.063737
0.0517022
0.0397074
0.0280934
0.0157766
0.00675091
0.273171
0.271351
0.266493
0.259124
0.250063
0.239773
0.228503
0.216486
0.203962
0.191131
0.178134
0.165069
0.15201
0.139015
0.126122
0.113357
0.100734
0.088257
0.0759293
0.0637352
0.0517012
0.0397072
0.0280937
0.0157771
0.00675104
0.273174
0.271354
0.266497
0.259128
0.250067
0.239777
0.228507
0.216491
0.203966
0.191134
0.178136
0.16507
0.15201
0.139014
0.12612
0.113355
0.100731
0.0882547
0.0759274
0.0637339
0.0517006
0.0397071
0.0280939
0.0157773
0.00675113
0.273177
0.271357
0.2665
0.259131
0.25007
0.239781
0.228511
0.216494
0.20397
0.191137
0.178138
0.165071
0.15201
0.139013
0.126119
0.113353
0.10073
0.0882532
0.0759263
0.0637331
0.0517001
0.0397069
0.0280937
0.0157772
0.00675111
0.27318
0.27136
0.266503
0.259134
0.250074
0.239784
0.228515
0.216497
0.203972
0.19114
0.17814
0.165072
0.152011
0.139013
0.126119
0.113353
0.10073
0.088253
0.0759261
0.0637329
0.0516999
0.0397066
0.0280933
0.0157769
0.00675096
0.273182
0.271362
0.266505
0.259137
0.250076
0.239786
0.228517
0.2165
0.203974
0.191141
0.178141
0.165073
0.152012
0.139014
0.12612
0.113354
0.10073
0.0882539
0.0759268
0.0637333
0.0516999
0.0397062
0.0280927
0.0157763
0.00675066
0.273184
0.271364
0.266507
0.259139
0.250078
0.239788
0.228518
0.216501
0.203975
0.191142
0.178142
0.165074
0.152013
0.139016
0.126122
0.113356
0.100732
0.0882557
0.0759282
0.0637341
0.0517001
0.0397058
0.028092
0.0157756
0.00675034
0.273186
0.271366
0.266509
0.25914
0.250079
0.239789
0.228519
0.216502
0.203976
0.191142
0.178143
0.165075
0.152014
0.139018
0.126124
0.113359
0.100735
0.0882582
0.0759301
0.0637353
0.0517004
0.0397054
0.0280912
0.0157748
0.00674994
0.273187
0.271367
0.26651
0.259141
0.25008
0.23979
0.22852
0.216502
0.203976
0.191142
0.178143
0.165076
0.152016
0.13902
0.126127
0.113362
0.100739
0.0882612
0.0759324
0.0637366
0.0517008
0.039705
0.0280904
0.0157739
0.00674965
0.273188
0.271368
0.26651
0.259142
0.25008
0.23979
0.22852
0.216501
0.203975
0.191142
0.178143
0.165077
0.152017
0.139022
0.12613
0.113365
0.100742
0.0882643
0.0759348
0.0637381
0.0517012
0.0397046
0.0280895
0.0157729
0.00674921
0.273188
0.271368
0.266511
0.259142
0.25008
0.23979
0.228519
0.216501
0.203975
0.191142
0.178143
0.165077
0.152019
0.139024
0.126132
0.113368
0.100745
0.0882671
0.075937
0.0637394
0.0517017
0.0397042
0.0280888
0.015772
0.00674924
0.273189
0.271369
0.26651
0.259141
0.25008
0.23979
0.228519
0.216501
0.203975
0.191142
0.178143
0.165078
0.15202
0.139025
0.126134
0.11337
0.100747
0.088269
0.0759385
0.0637402
0.0517019
0.0397037
0.0280883
0.0157704
0.0067512
0.273188
0.271371
0.26651
0.25914
0.25008
0.23979
0.22852
0.216501
0.203975
0.191142
0.178144
0.165078
0.15202
0.139026
0.126135
0.113371
0.100748
0.0882697
0.0759389
0.0637402
0.051702
0.0397028
0.02809
0.0157639
0.00676241
)
;

boundaryField
{
    inlet
    {
        type            zeroGradient;
    }
    outlet
    {
        type            totalPressure;
        rho             rho;
        psi             none;
        gamma           1;
        p0              uniform 0;
        value           uniform 0;
    }
    ground
    {
        type            zeroGradient;
    }
    frontAndBack
    {
        type            symmetry;
    }
}


// ************************************************************************* //
