/*--------------------------------*- C++ -*----------------------------------*\
  =========                 |
  \\      /  F ield         | OpenFOAM: The Open Source CFD Toolbox
   \\    /   O peration     | Website:  https://openfoam.org
    \\  /    A nd           | Version:  12
     \\/     M anipulation  |
\*---------------------------------------------------------------------------*/
FoamFile
{
    format      ascii;
    class       surfaceScalarField;
    location    "5.44";
    object      phi;
}
// * * * * * * * * * * * * * * * * * * * * * * * * * * * * * * * * * * * * * //

dimensions      [1 0 -1 0 0 0 0];

internalField   nonuniform List<scalar> 
7429
(
-0.000114999
0.000114999
-0.000231677
0.000116677
-0.000350214
0.000118538
-0.000470894
0.00012068
-0.000594
0.000123106
-0.000719812
0.000125812
-0.000848597
0.000128785
-0.000980603
0.000132006
-0.00111605
0.00013545
-0.00125513
0.000139075
-0.00139795
0.000142817
-0.00154459
0.000146647
-0.00169508
0.00015049
-0.00184934
0.000154262
-0.00200724
0.000157895
-0.00216854
0.000161302
-0.00233292
0.000164381
-0.00249997
0.000167049
-0.0026692
0.000169232
-0.00284001
0.000170805
-0.00301171
0.000171705
-0.00318356
0.000171841
-0.00335471
0.000171157
-0.00352428
0.000169567
-0.00369133
0.000167048
-0.00385488
0.000163554
-0.00401397
0.000159082
-0.00416756
0.000153599
-0.00431473
0.000147169
-0.00445453
0.000139794
-0.00458605
0.000131524
-0.00470846
0.00012241
-0.00482095
0.00011249
-0.00492275
0.000101795
-0.00501318
9.04365e-05
-0.0050916
7.8415e-05
-0.00515742
6.58276e-05
-0.00521015
5.27269e-05
-0.00524932
3.91688e-05
-0.0052746
2.5278e-05
-0.00528583
1.1235e-05
-0.00528092
-4.90846e-06
-0.00525887
-2.20529e-05
-0.0052201
-3.87728e-05
-0.00516477
-5.53273e-05
-0.00509308
-7.1695e-05
-0.00500523
-8.7846e-05
-0.00490154
-0.000103689
-0.00478236
-0.000119186
-0.00464816
-0.000134197
-0.00449947
-0.000148688
-0.00433698
-0.000162486
-0.00416142
-0.000175566
-0.0039736
-0.00018782
-0.00377446
-0.000199142
-0.00356501
-0.00020945
-0.0033465
-0.000218508
-0.00312025
-0.000226251
-0.00288767
-0.000232577
-0.00265026
-0.000237409
-0.00240975
-0.000240509
-0.00216788
-0.000241875
-0.00192643
-0.000241448
-0.00168737
-0.000239062
-0.0014525
-0.000234867
-0.00122387
-0.000228631
-0.00100334
-0.000220532
-0.000792831
-0.000210505
-0.00059423
-0.000198601
-0.000409314
-0.000184915
-0.000239659
-0.000169655
-8.68114e-05
-0.000152847
4.79819e-05
-0.000134793
0.000163661
-0.000115679
0.00025936
-9.56986e-05
0.000334428
-7.50683e-05
0.000388616
-5.41876e-05
0.000421872
-3.3256e-05
0.000434662
-1.27901e-05
0.00042639
8.27206e-06
0.000398698
2.76922e-05
0.000353334
4.53642e-05
0.000291926
6.14078e-05
0.000216269
7.56568e-05
0.000128658
8.76115e-05
3.16127e-05
9.70449e-05
-7.21331e-05
0.000103746
-0.000179749
0.000107616
-0.000288266
0.000108517
-0.00039458
0.000106314
-0.000495697
0.000101116
-0.00058868
9.29829e-05
-0.000670723
8.20437e-05
-0.00073934
6.86165e-05
-0.000792349
5.3009e-05
-0.00082803
3.56809e-05
-0.000844935
1.69053e-05
-0.000840854
-4.08122e-06
-0.000815438
-2.54154e-05
-0.000770061
-4.5377e-05
-0.000706019
-6.40425e-05
-0.000624819
-8.11995e-05
-0.000528416
-9.64034e-05
-0.000419313
-0.000109103
-0.000300586
-0.000118727
-0.000175701
-0.000124885
-4.84279e-05
-0.000127273
7.72897e-05
-0.000125718
0.00019744
-0.00012015
0.000308113
-0.000110673
0.000405675
-9.75613e-05
0.000486782
-8.11078e-05
0.000548814
-6.20318e-05
0.000589612
-4.07982e-05
0.000608034
-1.84217e-05
0.000601861
6.17312e-06
0.00057196
2.9901e-05
0.000520424
5.1536e-05
0.000449484
7.09398e-05
0.000361759
8.77255e-05
0.000260774
0.000100985
0.000150595
0.00011018
3.57044e-05
0.00011489
-7.9198e-05
0.000114902
-0.000189308
0.00011011
-0.000290145
0.000100837
-0.000377581
8.74359e-05
-0.000448083
7.05021e-05
-0.000498865
5.07822e-05
-0.000527947
2.9082e-05
-0.000534683
6.73586e-06
-0.000517084
-1.75992e-05
-0.000477749
-3.93349e-05
-0.000418551
-5.91985e-05
-0.000342075
-7.64756e-05
-0.000251626
-9.04489e-05
-0.000151087
-0.000100539
-4.47222e-05
-0.000106365
6.31117e-05
-0.000107834
0.000168036
-0.000104924
0.000265896
-9.78603e-05
0.000352976
-8.70799e-05
0.000426097
-7.31207e-05
0.000482692
-5.65958e-05
0.000520934
-3.82414e-05
0.00053998
-1.90465e-05
0.00053911
8.69775e-07
0.000519136
1.99746e-05
0.000481443
3.76924e-05
0.000427847
5.35966e-05
0.000360759
6.70882e-05
0.00028293
7.78284e-05
0.000197477
8.54531e-05
0.000107589
8.98884e-05
1.65007e-05
9.10879e-05
-7.26326e-05
8.91333e-05
-0.000156969
8.43366e-05
-0.000233947
7.6978e-05
-0.000301332
6.73853e-05
-0.000357435
5.6103e-05
-0.000400974
4.35387e-05
-0.000431217
3.02432e-05
-0.00044792
1.67022e-05
-0.000451302
3.38205e-06
-0.000442035
-9.267e-06
-0.00042117
-2.08643e-05
-0.000390093
-3.10768e-05
-0.000350434
-3.96598e-05
-0.000304017
-4.64163e-05
-0.000252838
-5.1179e-05
-0.000198783
-5.4055e-05
-0.000143844
-5.49398e-05
-8.98927e-05
-5.39509e-05
-3.85785e-05
-5.13142e-05
8.59594e-06
-4.71744e-05
5.04254e-05
-4.18294e-05
8.59446e-05
-3.55193e-05
0.000114464
-2.85194e-05
0.000135604
-2.114e-05
0.00014928
-1.36755e-05
0.00015568
-6.40069e-06
0.000155249
4.31433e-07
0.000148724
6.5249e-06
0.000136875
1.18491e-05
0.00012077
1.61044e-05
0.000101535
1.92352e-05
8.02869e-05
2.12483e-05
5.8303e-05
2.19839e-05
3.66582e-05
2.16448e-05
1.64323e-05
2.02259e-05
-1.43535e-06
1.78677e-05
-1.61697e-05
1.47343e-05
-2.71698e-05
1.10001e-05
-3.409e-05
6.9202e-06
-3.68044e-05
2.71445e-06
-3.5445e-05
-1.35943e-06
-3.03667e-05
-5.07825e-06
-2.21924e-05
-8.1743e-06
-1.1732e-05
-1.04604e-05
-1.1732e-05
-8.59122e-05
0.000200911
-0.000173216
0.000203981
-0.000262655
0.000207977
-0.000354836
0.00021286
-0.000450366
0.000218635
-0.000549835
0.000225281
-0.000653803
0.000232753
-0.000762781
0.000240984
-0.000877227
0.000249896
-0.000997529
0.000259377
-0.00112396
0.000269248
-0.00125668
0.000279369
-0.0013958
0.000289605
-0.00154124
0.000299708
-0.00169285
0.000309502
-0.00185032
0.000318773
-0.00201316
0.000327224
-0.00218082
0.000334709
-0.00235256
0.000340966
-0.0025276
0.000345843
-0.00270497
0.000349075
-0.00288368
0.000350554
-0.00306263
0.00035011
-0.00324079
0.000347722
-0.00341704
0.000343303
-0.00359017
0.000336681
-0.00375892
0.000327833
-0.00392231
0.00031699
-0.004079
0.000303855
-0.00422807
0.000288871
-0.00436822
0.000271672
-0.00449843
0.000252613
-0.00461767
0.000231738
-0.00472477
0.000208892
-0.00481887
0.000184536
-0.00489964
0.000159184
-0.00496681
0.000133
-0.00502013
0.000106044
-0.00505918
7.82191e-05
-0.00508346
4.95626e-05
-0.00509245
2.02185e-05
-0.00508461
-1.27425e-05
-0.00506059
-4.60759e-05
-0.00502002
-7.93424e-05
-0.00496272
-0.000112625
-0.00488867
-0.000145749
-0.00479796
-0.000178557
-0.00469085
-0.000210793
-0.00456767
-0.000242372
-0.00442889
-0.000272975
-0.00427504
-0.000302537
-0.00410679
-0.000330738
-0.00392496
-0.000357392
-0.00373041
-0.000382375
-0.00352422
-0.000405326
-0.00330747
-0.000426201
-0.0030816
-0.000444377
-0.00284791
-0.000459943
-0.00260813
-0.000472357
-0.00236369
-0.000481848
-0.0021166
-0.000487605
-0.00186855
-0.000489923
-0.00162165
-0.000488346
-0.00137791
-0.0004828
-0.00113937
-0.000473405
-0.000908121
-0.000459884
-0.00068615
-0.000442502
-0.000475598
-0.000421058
-0.000278482
-0.000395717
-9.65203e-05
-0.000366877
6.87776e-05
-0.000334953
0.000215596
-0.000299666
0.00034251
-0.000261707
0.000448488
-0.000221657
0.000532604
-0.000179814
0.000594293
-0.000136758
0.000633357
-9.32521e-05
0.000650213
-5.01113e-05
0.000645358
-7.93544e-06
0.000617478
3.61517e-05
0.000569933
7.52381e-05
0.000503806
0.000111491
0.000420903
0.000144311
0.000323656
0.000172904
0.000214464
0.000196803
9.60194e-05
0.00021549
-2.84849e-05
0.00022825
-0.0001559
0.000235031
-0.000282885
0.000235502
-0.000406124
0.000229554
-0.000522318
0.000217311
-0.000628282
0.000198947
-0.000721067
0.000174829
-0.000797928
0.000145478
-0.000856675
0.000111755
-0.00089545
7.44564e-05
-0.000912543
3.39984e-05
-0.000906186
-1.04382e-05
-0.000876949
-5.46522e-05
-0.000825826
-9.65008e-05
-0.000754008
-0.00013586
-0.000663173
-0.000172035
-0.000555737
-0.000203839
-0.00043469
-0.00023015
-0.00030353
-0.000249887
-0.000166227
-0.000262189
-2.69658e-05
-0.000266534
0.000109852
-0.000262535
0.000239825
-0.000250123
0.000358701
-0.000229549
0.000462502
-0.000201363
0.000547776
-0.000166381
0.000611667
-0.000125923
0.000651883
-8.10137e-05
0.000667116
-3.36544e-05
0.000656004
1.72848e-05
0.000620081
6.58242e-05
0.000561034
0.000110583
0.000481115
0.000150858
0.000383625
0.000185216
0.000272573
0.000212037
0.000152524
0.000230228
2.85007e-05
0.000238914
-9.44185e-05
0.000237822
-0.000211238
0.000226929
-0.000317178
0.000206777
-0.000407995
0.000178252
-0.000479952
0.00014246
-0.000530416
0.000101246
-0.000557836
5.65018e-05
-0.000560726
9.62588e-06
-0.000539523
-3.88017e-05
-0.000495853
-8.30053e-05
-0.000431841
-0.00012321
-0.000350575
-0.000157742
-0.000255651
-0.000185372
-0.000151385
-0.000204805
-4.21064e-05
-0.000215643
6.75524e-05
-0.000217493
0.000173212
-0.000210584
0.000270759
-0.000195407
0.000356537
-0.000172858
0.000427514
-0.000144098
0.000481408
-0.00011049
0.000516632
-7.3465e-05
0.000532289
-3.47033e-05
0.000528499
4.65941e-06
0.000506166
4.23073e-05
0.000466617
7.72416e-05
0.000411933
0.00010828
0.000344606
0.000134416
0.000267528
0.000154907
0.000183728
0.000169253
9.64116e-05
0.000177205
8.66667e-06
0.000178833
-7.64909e-05
0.000174291
-0.000156397
0.000164242
-0.000228638
0.00014922
-0.000291256
0.000130003
-0.000342713
0.00010756
-0.000381944
8.27695e-05
-0.00040839
5.66887e-05
-0.000421933
3.02455e-05
-0.000422931
4.38006e-06
-0.000412115
-2.00835e-05
-0.000390572
-4.24071e-05
-0.000359676
-6.19723e-05
-0.00032107
-7.82657e-05
-0.000276499
-9.09872e-05
-0.000227743
-9.99353e-05
-0.000176758
-0.00010504
-0.000125314
-0.000106384
-7.49933e-05
-0.000104271
-2.75747e-05
-9.87327e-05
1.58026e-05
-9.05517e-05
5.39503e-05
-7.99772e-05
8.6045e-05
-6.76139e-05
0.000111493
-5.39675e-05
0.000130021
-3.96681e-05
0.000141559
-2.52138e-05
0.0001464
-1.1241e-05
0.00014496
1.87111e-06
0.000137897
1.35884e-05
0.000126039
2.3707e-05
0.000110353
3.17902e-05
9.19377e-05
3.76504e-05
7.18153e-05
4.13707e-05
5.10802e-05
4.2719e-05
3.08194e-05
4.19056e-05
1.20139e-05
3.90314e-05
-4.49407e-06
3.43756e-05
-1.79825e-05
2.82227e-05
-2.79517e-05
2.09693e-05
-3.40659e-05
1.30344e-05
-3.62325e-05
4.88105e-06
-3.45863e-05
-3.0056e-06
-2.94635e-05
-1.02011e-05
-2.14582e-05
-1.61796e-05
-1.13212e-05
-2.05974e-05
-2.30532e-05
-5.09896e-05
0.000251901
-0.000103625
0.000256616
-0.000159052
0.000263403
-0.000218457
0.000272266
-0.000283055
0.000283233
-0.000354075
0.0002963
-0.000432745
0.000311422
-0.000520211
0.00032845
-0.000617587
0.000347271
-0.000725783
0.000367573
-0.00084553
0.000388994
-0.000977262
0.000411101
-0.00112124
0.000433579
-0.00127732
0.000455794
-0.00144518
0.000477361
-0.00162414
0.000497729
-0.00181328
0.000516361
-0.00201148
0.000532912
-0.00221738
0.000546867
-0.00242929
0.000557753
-0.00264544
0.000565229
-0.0028639
0.000569005
-0.00308264
0.000568855
-0.00329954
0.000564622
-0.00351246
0.000556218
-0.0037194
0.000543621
-0.00391866
0.000527098
-0.00410839
0.000506715
-0.00428746
0.000482924
-0.00445438
0.000455795
-0.00460859
0.000425886
-0.0047493
0.000393318
-0.00487598
0.000358423
-0.00498858
0.00032149
-0.00508675
0.000282703
-0.00516985
0.000242281
-0.00523714
0.00020029
-0.00528815
0.000157052
-0.00532266
0.000112738
-0.00534071
6.76065e-05
-0.00534302
2.25282e-05
-0.00532207
-3.3696e-05
-0.00528098
-8.71651e-05
-0.00522078
-0.000139535
-0.00514215
-0.000191259
-0.00504551
-0.000242388
-0.0049312
-0.000292864
-0.00479962
-0.000342376
-0.00465115
-0.000390846
-0.00448626
-0.000437865
-0.00430544
-0.000483356
-0.00410937
-0.000526807
-0.00389875
-0.00056801
-0.00367467
-0.000606449
-0.00343805
-0.000641948
-0.00319033
-0.000673925
-0.00293325
-0.000701459
-0.00266813
-0.000725063
-0.00239708
-0.000743403
-0.00212195
-0.000756978
-0.00184476
-0.00076479
-0.00156786
-0.00076683
-0.00129355
-0.000762655
-0.00102408
-0.000752272
-0.000761941
-0.00073554
-0.00050948
-0.000712345
-0.000269022
-0.000682959
-4.27914e-05
-0.000647289
0.000166961
-0.000605469
0.000357808
-0.000557724
0.000527784
-0.000504929
0.000675244
-0.000447127
0.000798631
-0.000385093
0.000896941
-0.000319967
0.00096904
-0.000251913
0.00101462
-0.000182339
0.00103352
-0.000112152
0.00102654
-4.31327e-05
0.000990557
2.80505e-05
0.000932438
9.42704e-05
0.000851233
0.000156443
0.000748803
0.000213921
0.00062766
0.000265454
0.000490651
0.000309913
0.000340996
0.000346457
0.00018218
0.000374307
1.79402e-05
0.000392489
-0.00014785
0.000400821
-0.000311159
0.000398811
-0.000467945
0.00038634
-0.000614301
0.000363666
-0.000746391
0.000331037
-0.000860773
0.00028921
-0.000954254
0.000238959
-0.00102408
0.000181583
-0.00106858
0.000118951
-0.00108678
5.22026e-05
-0.00107526
-2.1956e-05
-0.0010364
-9.35103e-05
-0.000971029
-0.000161877
-0.000880573
-0.000226316
-0.000767258
-0.00028535
-0.000634381
-0.000336716
-0.000485733
-0.000378797
-0.000325791
-0.000409829
-0.000159483
-0.000428497
8.02032e-06
-0.000434037
0.000171369
-0.000425884
0.000325239
-0.000403994
0.000464512
-0.000368822
0.000584611
-0.000321462
0.00068142
-0.00026319
0.000751735
-0.000196238
0.000793163
-0.000122443
0.000804356
-4.48469e-05
0.000784297
3.73437e-05
0.000735336
0.000114785
0.000659257
0.000186663
0.000559183
0.000250932
0.000439365
0.000305033
0.000304884
0.000346518
0.000161472
0.00037364
1.50567e-05
0.00038533
-0.000128356
0.000381235
-0.00026287
0.000361443
-0.000383054
0.000326961
-0.000484286
0.000279485
-0.000562698
0.000220872
-0.000615249
0.000153797
-0.000640641
8.18939e-05
-0.000638024
7.00872e-06
-0.000608723
-6.81029e-05
-0.000554537
-0.000137191
-0.000478332
-0.000199416
-0.000383869
-0.000252205
-0.000275741
-0.000293501
-0.000158711
-0.000321835
-3.79399e-05
-0.000336414
8.15968e-05
-0.000337029
0.000195068
-0.000324055
0.000298202
-0.000298541
0.00038726
-0.000261915
0.000459332
-0.000216171
0.000512256
-0.000163413
0.000544694
-0.000105903
0.000556298
-4.63081e-05
0.000547672
1.32857e-05
0.000519872
7.01076e-05
0.000474703
0.00012241
0.000414652
0.000168332
0.000342525
0.000206543
0.000261442
0.000235989
0.000174658
0.000256037
8.54528e-05
0.00026641
-3.01883e-06
0.000267305
-8.78474e-05
0.000259119
-0.000166365
0.00024276
-0.000236373
0.000219227
-0.000296055
0.000189685
-0.000344079
0.000155585
-0.000379592
0.000118282
-0.000402241
7.93373e-05
-0.000412132
4.01369e-05
-0.000409761
2.00889e-06
-0.000396054
-3.37902e-05
-0.000372191
-6.62706e-05
-0.000339635
-9.45277e-05
-0.000300066
-0.000117835
-0.000255245
-0.000135808
-0.000206914
-0.000148266
-0.000156958
-0.000154997
-0.000107115
-0.000156227
-5.90102e-05
-0.000152376
-1.40022e-05
-0.000143741
2.67111e-05
-0.000131265
6.20822e-05
-0.000115348
9.13968e-05
-9.69285e-05
0.000114148
-7.6719e-05
0.000130182
-5.57023e-05
0.000139492
-3.4523e-05
0.000142424
-1.41735e-05
0.000139517
4.77826e-06
0.000131326
2.17794e-05
0.00011876
3.62735e-05
0.000102744
4.78057e-05
8.4229e-05
5.61654e-05
6.4422e-05
6.11777e-05
4.42317e-05
6.29093e-05
2.46882e-05
6.14491e-05
6.70347e-06
5.70161e-05
-8.91318e-06
4.99923e-05
-2.15373e-05
4.08469e-05
-3.0674e-05
3.0106e-05
-3.60586e-05
1.8419e-05
-3.76033e-05
6.42576e-06
-3.54595e-05
-5.14934e-06
-2.99935e-05
-1.56671e-05
-2.17387e-05
-2.44344e-05
-1.14421e-05
-3.0894e-05
-3.44953e-05
3.22439e-05
0.000219657
6.3244e-05
0.000225616
8.9889e-05
0.000236757
0.000109723
0.000252432
0.000120104
0.000272851
0.000118286
0.000298119
0.000101443
0.000328266
6.728e-05
0.000362612
1.37192e-05
0.000400832
-6.04921e-05
0.000441784
-0.000156321
0.000484823
-0.000274163
0.000528943
-0.000414
0.000573417
-0.000575343
0.000617137
-0.000757439
0.000659456
-0.000959205
0.000699495
-0.00117921
0.00073637
-0.00141563
0.000769322
-0.00166617
0.000797413
-0.00192832
0.000819898
-0.00219921
0.000836125
-0.00247577
0.000845561
-0.00275485
0.000847931
-0.0030331
0.000842875
-0.00330735
0.00083047
-0.00357421
0.000810476
-0.00383107
0.000783963
-0.00407499
0.000750635
-0.00430436
0.000712294
-0.00451705
0.000668485
-0.00471188
0.000620711
-0.00488755
0.000568989
-0.00504279
0.000513659
-0.00517641
0.000455111
-0.00528952
0.000395813
-0.00538313
0.000335891
-0.00545818
0.000275341
-0.0055142
0.000213078
-0.00555062
0.000149159
-0.00556663
8.36126e-05
-0.00556164
1.75383e-05
-0.00553544
-5.98991e-05
-0.00548972
-0.000132879
-0.00542351
-0.00020575
-0.00533642
-0.000278342
-0.00522852
-0.000350291
-0.00509996
-0.000421422
-0.00495092
-0.00049142
-0.00478186
-0.000559905
-0.00459314
-0.000626585
-0.00438553
-0.000690965
-0.00415995
-0.000752393
-0.00391736
-0.000810598
-0.0036593
-0.000864506
-0.00338723
-0.000914017
-0.00310248
-0.000958681
-0.00280716
-0.000996781
-0.00250306
-0.00102916
-0.00219256
-0.00105391
-0.00187774
-0.0010718
-0.00156159
-0.00108094
-0.00124653
-0.00108189
-0.000935448
-0.00107374
-0.00063124
-0.00105648
-0.000336605
-0.00103017
-5.44501e-05
-0.0009945
0.000212339
-0.000949748
0.000460728
-0.000895678
0.000688003
-0.000832744
0.000891747
-0.000761468
0.00106984
-0.000683018
0.0012201
-0.000597391
0.00134091
-0.000505906
0.00143118
-0.000410236
0.00148972
-0.00031045
0.00151618
-0.000208803
0.00151058
-0.000106552
0.00147133
-3.88322e-06
0.00140292
9.6464e-05
0.0013057
0.000191492
0.00118128
0.000280864
0.00103257
0.000362631
0.000862678
0.000435344
0.000675191
0.0004974
0.000474067
0.000547581
0.000263677
0.000584697
4.87805e-05
0.000607385
-0.00016561
0.000615212
-0.000374758
0.000607959
-0.000573692
0.000585273
-0.000757705
0.00054768
-0.000922367
0.000495698
-0.00106338
0.000430221
-0.0011774
0.00035298
-0.00126077
0.000264953
-0.00131093
0.000169114
-0.00132695
6.82195e-05
-0.00130786
-4.10426e-05
-0.00125495
-0.000146417
-0.00116902
-0.00024781
-0.00105219
-0.000343143
-0.000907701
-0.000429843
-0.000739863
-0.000504555
-0.000553589
-0.000565071
-0.000354655
-0.000608763
-0.000149248
-0.000633903
5.61676e-05
-0.000639453
0.000255017
-0.000624733
0.000440609
-0.000589585
0.000606877
-0.00053509
0.000748343
-0.000462929
0.000859796
-0.000374642
0.000938023
-0.000274465
0.000980581
-0.000165
0.000985762
-5.00287e-05
0.000953444
6.96618e-05
0.000886246
0.000181983
0.000786759
0.00028615
0.00065937
0.000378321
0.000509607
0.000454796
0.000343927
0.000512198
0.000169337
0.00054823
-6.82599e-06
0.000561492
-0.000177323
0.000551731
-0.000335071
0.000519191
-0.000473812
0.000465702
-0.000588355
0.000394028
-0.000674435
0.000306952
-0.000729223
0.000208584
-0.000751662
0.000104333
-0.000740641
-4.01248e-06
-0.000700055
-0.000108689
-0.000631207
-0.000206039
-0.00053818
-0.000292442
-0.000425827
-0.000364558
-0.0002996
-0.000419728
-0.00016546
-0.000455976
-2.91314e-05
-0.000472743
0.000103747
-0.000469907
0.000227914
-0.000448222
0.000338755
-0.000409383
0.000432578
-0.000355739
0.000506511
-0.000290103
0.000558478
-0.00021538
0.000587768
-0.000135193
0.000594416
-5.29568e-05
0.000579443
2.82594e-05
0.000544409
0.000105141
0.000491731
0.000175089
0.000424231
0.000235831
0.000345187
0.000285587
0.000258029
0.000323147
0.000166272
0.000347795
7.33629e-05
0.000359319
-1.74837e-05
0.000358151
-0.000103323
0.000344959
-0.000181632
0.000321069
-0.00025028
0.000287875
-0.000307674
0.000247078
-0.000352619
0.000200531
-0.000384636
0.000150299
-0.000403374
9.80752e-05
-0.000409378
4.61408e-05
-0.000403271
-4.09804e-06
-0.00038615
-5.09111e-05
-0.000359327
-9.30937e-05
-0.000324404
-0.00012945
-0.000283025
-0.000159215
-0.0002371
-0.000181733
-0.000188445
-0.000196922
-0.000138763
-0.000204678
-8.98079e-05
-0.000205182
-4.31085e-05
-0.000199075
1.29197e-07
-0.000186978
3.86706e-05
-0.000169806
7.16832e-05
-0.000148361
9.85221e-05
-0.000123767
0.000118885
-9.7082e-05
0.000132512
-6.93287e-05
0.000139719
-4.17302e-05
0.000140726
-1.51811e-05
0.000136115
9.38939e-06
0.000126633
3.12614e-05
0.000113119
4.97874e-05
9.6483e-05
6.4442e-05
7.77179e-05
7.49305e-05
5.7828e-05
8.10676e-05
3.78464e-05
8.2891e-05
1.87114e-05
8.05841e-05
1.29253e-06
7.4435e-05
-1.36814e-05
6.49662e-05
-2.5589e-05
5.27545e-05
-3.40137e-05
3.85307e-05
-3.8718e-05
2.31232e-05
-3.96456e-05
7.35341e-06
-3.69647e-05
-7.83028e-06
-3.10304e-05
-2.16013e-05
-2.23817e-05
-3.30832e-05
-1.17517e-05
-4.1524e-05
-4.6247e-05
0.000150904
6.87521e-05
0.000300301
7.62187e-05
0.000442912
9.41468e-05
0.000573775
0.000121568
0.000687663
0.000158963
0.000779562
0.000206219
0.000844634
0.000263193
0.000877659
0.000329587
0.000871723
0.000406767
0.000821342
0.000492165
0.000722257
0.000583907
0.000573671
0.000677529
0.000378283
0.000768805
0.000139911
0.000855509
-0.000137078
0.000936444
-0.000447918
0.00101034
-0.000787479
0.00107593
-0.00115045
0.00113229
-0.00153125
0.00117821
-0.00192433
0.00121298
-0.00232348
0.00123528
-0.00272254
0.00124461
-0.00311535
0.00124075
-0.00349545
0.00122298
-0.00385696
0.00119197
-0.00419405
0.00114757
-0.00450254
0.00109245
-0.00477985
0.00102794
-0.00502652
0.000958964
-0.00524364
0.00088561
-0.00543323
0.000810296
-0.00559732
0.00073308
-0.00573854
0.000654877
-0.00585885
0.000575425
-0.00595814
0.000495102
-0.00603595
0.000413699
-0.00609194
0.000331331
-0.00612672
0.000247864
-0.00614115
0.000163589
-0.00613702
7.94745e-05
-0.00610048
-1.89947e-05
-0.00604211
-0.000118276
-0.00596155
-0.000213436
-0.00586013
-0.000307168
-0.00573804
-0.000400436
-0.00559527
-0.000493055
-0.00543152
-0.000585174
-0.00524643
-0.00067651
-0.00504023
-0.000766102
-0.00481334
-0.000853481
-0.00456642
-0.000937887
-0.00430016
-0.00101865
-0.00401557
-0.00109519
-0.00371321
-0.00116686
-0.0033959
-0.00123133
-0.00306472
-0.00128986
-0.00272244
-0.00133906
-0.00237098
-0.00138062
-0.00201294
-0.00141195
-0.00165133
-0.0014334
-0.00128899
-0.00144327
-0.000929157
-0.00144173
-0.000574732
-0.00142816
-0.000229792
-0.00140142
0.000102704
-0.00136267
0.000418959
-0.00131076
0.000715733
-0.00124652
0.000989695
-0.00116964
0.0012377
-0.00108075
0.00145685
-0.000980613
0.00164461
-0.000870775
0.0017986
-0.000751387
0.00191687
-0.00062417
0.00199767
-0.000491039
0.00204085
-0.000353635
0.00204596
-0.00021391
0.0020132
-7.37896e-05
0.00194087
6.84404e-05
0.00183369
0.000203645
0.00169258
0.000332605
0.00152012
0.000453321
0.0013198
0.000562951
0.00109554
0.000659611
0.000851873
0.000741063
0.00059379
0.000805665
0.000326672
0.000851815
5.61797e-05
0.000877878
-0.000211941
0.000883333
-0.000471671
0.000867689
-0.000716834
0.000830437
-0.000941618
0.000772463
-0.00114052
0.000694604
-0.00130885
0.000598544
-0.0014428
0.000486935
-0.00153888
0.00036103
-0.00159448
0.000224716
-0.00160772
8.14641e-05
-0.00157713
-7.16339e-05
-0.00150531
-0.00021824
-0.0013936
-0.000359521
-0.00124489
-0.000491857
-0.00106352
-0.000611209
-0.000854869
-0.000713206
-0.000625095
-0.000794844
-0.000381319
-0.00085254
-0.000131277
-0.000883946
0.000117047
-0.000887777
0.000355592
-0.000863278
0.000576541
-0.000810534
0.000772641
-0.00073119
0.000937151
-0.000627438
0.00106446
-0.00050195
0.00115013
-0.000360132
0.00119198
-0.000206857
0.00118879
-4.68383e-05
0.00114124
0.000117209
0.00105194
0.000271292
0.000924771
0.000413314
0.000765562
0.000537531
0.000581255
0.000639103
0.000379886
0.000713567
0.000170165
0.000757951
-3.9031e-05
0.000770688
-0.00023906
0.00075176
-0.000421716
0.000701847
-0.00057986
0.000623846
-0.000707678
0.000521846
-0.000800502
0.000399776
-0.000856038
0.000264121
-0.000873093
0.000121388
-0.000852807
-2.42983e-05
-0.000797756
-0.00016374
-0.000711473
-0.000292322
-0.000599067
-0.000404848
-0.000466498
-0.000497127
-0.000320398
-0.000565827
-0.000167474
-0.000608899
-1.44116e-05
-0.000625805
0.000132488
-0.000616807
0.000267574
-0.000583308
0.000386121
-0.00052793
0.000484245
-0.000453863
0.000559259
-0.000365117
0.000609686
-0.000265807
0.000634968
-0.000160475
0.000635657
-5.36461e-05
0.000613343
5.05736e-05
0.00057022
0.000148264
0.000509204
0.000236105
0.000433598
0.000311437
0.000347158
0.000372027
0.000253505
0.0004168
0.000156495
0.000444804
5.96691e-05
0.000456145
-3.36455e-05
0.000451466
-0.000120574
0.000431888
-0.000198675
0.00039917
-0.000265953
0.000355153
-0.000321035
0.000302161
-0.000363003
0.000242498
-0.000391376
0.000178672
-0.00040639
0.000113089
-0.000408445
4.81962e-05
-0.000398577
-1.3966e-05
-0.000377983
-7.15056e-05
-0.000348139
-0.000122937
-0.00031075
-0.000166839
-0.000267635
-0.000202329
-0.000220503
-0.000228865
-0.000171358
-0.000246067
-0.000121861
-0.000254175
-7.35547e-05
-0.000253488
-2.81059e-05
-0.000244524
1.35226e-05
-0.000228607
5.0114e-05
-0.000206398
8.09584e-05
-0.000179205
0.000105525
-0.000148334
0.000123586
-0.000115143
0.000135076
-8.08188e-05
0.000140219
-4.68732e-05
0.000139416
-1.43783e-05
0.000133264
1.55411e-05
0.000122531
4.1995e-05
0.000108068
6.42497e-05
9.07682e-05
8.17422e-05
7.16826e-05
9.40162e-05
5.17565e-05
0.000100994
3.19361e-05
0.000102711
1.31509e-05
9.93693e-05
-3.78038e-06
9.13662e-05
-1.81573e-05
7.93431e-05
-2.94396e-05
6.40369e-05
-3.7217e-05
4.6308e-05
-4.12919e-05
2.71981e-05
-4.16451e-05
7.70664e-06
-3.84483e-05
-1.10271e-05
-3.20671e-05
-2.79825e-05
-2.30369e-05
-4.21134e-05
-1.20669e-05
-5.2494e-05
-5.83139e-05
0.000360807
-0.000292055
0.000719809
-0.000282784
0.00106501
-0.000251058
0.00138528
-0.000198697
0.00166582
-0.000121574
0.00188566
-1.36256e-05
0.00205047
9.83786e-05
0.00216637
0.000213693
0.0022038
0.000369339
0.00217677
0.000519195
0.00208514
0.000675533
0.00193628
0.000826385
0.00173271
0.00097238
0.00147815
0.00111007
0.00117523
0.00123937
0.000825766
0.0013598
0.000429811
0.00147188
-1.19203e-05
0.00157402
-0.000489528
0.00165582
-0.000992063
0.00171552
-0.00151076
0.00175398
-0.00203652
0.00177037
-0.00256109
0.00176531
-0.00307388
0.00173577
-0.00356796
0.00168605
-0.00402836
0.00160797
-0.00445041
0.00151451
-0.00480997
0.0013875
-0.00512811
0.0012771
-0.00539692
0.00115442
-0.00562724
0.00104062
-0.00581915
0.000924984
-0.00597825
0.000813976
-0.00610938
0.000706556
-0.00621673
0.000602457
-0.00630114
0.000498103
-0.00636247
0.000392667
-0.00640204
0.00028743
-0.00641717
0.000178722
-0.006402
6.42992e-05
-0.00636447
-5.65177e-05
-0.00630815
-0.000174597
-0.00622918
-0.000292411
-0.00612591
-0.000410442
-0.00599787
-0.000528468
-0.0058446
-0.000646331
-0.00566594
-0.000763828
-0.00546257
-0.000879886
-0.0052343
-0.000994374
-0.00498181
-0.00110597
-0.004705
-0.00121469
-0.00440573
-0.00131793
-0.00408532
-0.0014156
-0.0037452
-0.00150698
-0.00338693
-0.00158959
-0.0030136
-0.0016632
-0.0026267
-0.00172595
-0.00222991
-0.00177741
-0.00182628
-0.00181558
-0.00141885
-0.00184083
-0.00101128
-0.00185085
-0.000607145
-0.00184586
-0.000210803
-0.0018245
0.000174428
-0.00178665
0.000543928
-0.00173217
0.000893769
-0.0016606
0.00122021
-0.00157296
0.0015194
-0.00146883
0.0017876
-0.00134896
0.00202146
-0.00121447
0.00221806
-0.00106738
0.0023747
-0.000908026
0.00248932
-0.000738784
0.00256043
-0.000562151
0.00258682
-0.000380026
0.00256817
-0.000195257
0.00250325
-8.87242e-06
0.00239742
0.00017427
0.00224975
0.000351313
0.00206309
0.000519271
0.00184091
0.000675501
0.0015873
0.000816559
0.00130694
0.000939974
0.00100545
0.00104255
0.000688811
0.0011223
0.00036347
0.00117716
3.64219e-05
0.00120493
-0.00028534
0.00120509
-0.000594985
0.00117733
-0.000885771
0.00112122
-0.00115103
0.00103773
-0.00138454
0.000928113
-0.00157994
0.000793943
-0.00173231
0.000639298
-0.00183827
0.000466997
-0.00189499
0.000281438
-0.0019004
8.68714e-05
-0.00185743
-0.000114607
-0.0017647
-0.000310968
-0.0016245
-0.000499718
-0.00144109
-0.000675267
-0.00121979
-0.000832514
-0.000967416
-0.000965577
-0.000691535
-0.00107072
-0.000400784
-0.00114329
-0.000104324
-0.00118041
0.000188353
-0.00118045
0.000467754
-0.00114268
0.00072459
-0.00106737
0.000950407
-0.000957007
0.00113708
-0.00081411
0.00127889
-0.000643761
0.00137074
-0.000451985
0.00141027
-0.000246383
0.00139601
-3.2583e-05
0.00133071
0.000182514
0.0012168
0.000385197
0.00105957
0.000570543
0.000866322
0.000730783
0.00064566
0.000859764
0.000407364
0.000951863
0.000161772
0.00100354
-8.06718e-05
0.00101313
-0.000309876
0.000980964
-0.000516547
0.000908518
-0.000692685
0.000799984
-0.000832002
0.000661164
-0.000929873
0.000497647
-0.000984073
0.000318321
-0.000993703
0.000131017
-0.000961703
-5.6298e-05
-0.000890604
-0.000234839
-0.000785568
-0.000397358
-0.000652966
-0.00053745
-0.00049986
-0.000650234
-0.000333878
-0.000731809
-0.000162755
-0.000780022
6.06087e-06
-0.000794621
0.000165779
-0.000776525
0.000310389
-0.000727918
0.000435104
-0.000652645
0.000536065
-0.000554824
0.000611097
-0.000440149
0.000658472
-0.000313182
0.000678779
-0.000180783
0.000672862
-4.77287e-05
0.000642951
8.04846e-05
0.000591769
0.000199446
0.000522549
0.000305325
0.000439255
0.00039473
0.000345762
0.00046552
0.000246348
0.000516214
0.000144799
0.000546354
4.47843e-05
0.000556159
-5.03468e-05
0.000546597
-0.000137782
0.000519323
-0.00021517
0.000476558
-0.00028077
0.000420754
-0.000333232
0.000354623
-0.000371884
0.00028115
-0.000396767
0.000203555
-0.000407891
0.000124213
-0.000406229
4.65342e-05
-0.000392866
-2.73283e-05
-0.000369117
-9.52546e-05
-0.000336572
-0.000155483
-0.000297054
-0.000206357
-0.000252412
-0.000246971
-0.000204498
-0.000276779
-0.000155083
-0.000295483
-0.000105869
-0.000303389
-5.86909e-05
-0.000300666
-1.43934e-05
-0.000288822
2.5494e-05
-0.000268494
6.01346e-05
-0.000241038
8.8872e-05
-0.000207943
0.000111277
-0.000170739
0.000127187
-0.000131053
0.000136693
-9.03249e-05
0.000139979
-5.01594e-05
0.00013756
-1.19595e-05
0.000130078
2.30233e-05
0.000118264
5.3809e-05
0.000103052
7.94622e-05
8.53098e-05
9.94839e-05
6.60018e-05
0.000113324
4.6114e-05
0.000120881
2.65385e-05
0.000122287
8.16535e-06
0.000117742
-8.25725e-06
0.000107789
-2.20346e-05
9.31204e-05
-3.26946e-05
7.4697e-05
-3.98593e-05
5.34727e-05
-4.33617e-05
3.07006e-05
-4.32043e-05
7.54925e-06
-3.95727e-05
-1.46587e-05
-3.28295e-05
-3.47257e-05
-2.35018e-05
-5.1441e-05
-1.22823e-05
-6.37136e-05
-7.05962e-05
0.000709328
-0.00100138
0.0014168
-0.000990254
0.00210362
-0.000937883
0.0027531
-0.000848178
0.00334354
-0.000712005
0.00386171
-0.000531805
0.00428962
-0.000329529
0.00464369
-0.000140374
0.00483196
0.000181068
0.00484325
0.000507909
0.00468776
0.000831019
0.00438426
0.00112989
0.00394739
0.00140925
0.00339538
0.00166207
0.00274718
0.00188758
0.00202364
0.00208333
0.00124725
0.00224828
0.000439985
0.00238129
-0.00038497
0.00248077
-0.00121541
0.00254595
-0.00203792
0.00257648
-0.00283758
0.00257003
-0.00360046
0.00252819
-0.00431091
0.00244622
-0.00495564
0.00233079
-0.00551958
0.00217191
-0.00598477
0.00197969
-0.00631045
0.00171318
-0.00654337
0.00151003
-0.00671592
0.00132697
-0.006842
0.0011667
-0.00693384
0.00101683
-0.00699798
0.000878119
-0.00703896
0.000747531
-0.00705888
0.000622375
-0.00706161
0.000500833
-0.00704975
0.000380808
-0.00702417
0.000261849
-0.00698183
0.000136381
-0.00691734
-1.9001e-07
-0.00683425
-0.000139608
-0.0067353
-0.000273547
-0.00661918
-0.000408527
-0.00648285
-0.000546771
-0.0063246
-0.000686717
-0.00614297
-0.000827966
-0.0059366
-0.000970195
-0.0057045
-0.00111199
-0.00544584
-0.00125303
-0.00516138
-0.00139043
-0.00485189
-0.00152417
-0.00451696
-0.00165286
-0.00415949
-0.00177307
-0.00378072
-0.00188574
-0.00338224
-0.00198807
-0.00296678
-0.00207867
-0.00253741
-0.00215532
-0.00209703
-0.00221779
-0.00164942
-0.00226318
-0.00119776
-0.00229249
-0.000746661
-0.00230195
-0.000300305
-0.00229222
0.000136747
-0.00226156
0.00055975
-0.00220965
0.000964325
-0.00213675
0.00134605
-0.00204232
0.00170025
-0.00192717
0.0020226
-0.00179118
0.00230899
-0.00163534
0.00255544
-0.00146092
0.00275908
-0.00127102
0.00291677
-0.00106571
0.00302638
-0.000848395
0.00308597
-0.000621743
0.00309464
-0.000388696
0.00305161
-0.000152227
0.00295866
8.40819e-05
0.002817
0.000315925
0.00262872
0.000539598
0.00239687
0.000751114
0.00212544
0.000946931
0.00181947
0.00112254
0.00148485
0.00127459
0.00112777
0.00139963
0.000755136
0.00149493
0.000374274
0.00155802
-6.87325e-06
0.00158607
-0.000380023
0.00157824
-0.000737005
0.00153432
-0.0010699
0.00145412
-0.00137123
0.00133905
-0.00163383
0.00119072
-0.00185227
0.00101238
-0.00202108
0.000808113
-0.00213549
0.000581408
-0.00219258
0.000338522
-0.0021915
8.57908e-05
-0.00213095
-0.000175151
-0.00201408
-0.00042784
-0.00184383
-0.000669973
-0.00162493
-0.000894167
-0.00136355
-0.00109389
-0.00106779
-0.00126133
-0.000746461
-0.00139206
-0.000409785
-0.00147997
-6.82416e-05
-0.00152195
0.000267022
-0.00151572
0.000585174
-0.00146083
0.000875517
-0.00135771
0.00112846
-0.00120995
0.00133537
-0.00102102
0.00148933
-0.000797724
0.00158533
-0.000547986
0.00162067
-0.000281716
0.00159339
-5.30345e-06
0.00150899
0.000266914
0.00136933
0.000524856
0.00118148
0.000758393
0.000954163
0.000958097
0.000697688
0.00111624
0.00042347
0.00122608
0.000143629
0.00128338
-0.000129964
0.00128673
-0.000385939
0.00123694
-0.000613792
0.00113637
-0.000805071
0.000991262
-0.000952754
0.000808847
-0.00105302
0.00059791
-0.00110343
0.000368733
-0.00110438
0.000131964
-0.00105884
-0.000101834
-0.000971138
-0.00032254
-0.00084746
-0.000521037
-0.000695116
-0.000689793
-0.000522609
-0.000822741
-0.000338457
-0.00091596
-0.000151312
-0.000967167
3.09908e-05
-0.000976924
0.000201187
-0.000946721
0.000353054
-0.000879784
0.00048173
-0.000781321
0.000583631
-0.000656726
0.000656759
-0.000513276
0.000700507
-0.00035693
0.000715146
-0.000195422
0.000702236
-3.48188e-05
0.000664765
0.000117956
0.00060571
0.000258501
0.000529128
0.000381907
0.000439131
0.000484727
0.000340067
0.000564584
0.000235966
0.000620315
0.000131103
0.000651217
2.92153e-05
0.000658048
-6.66436e-05
0.000642456
-0.000153572
0.000606252
-0.000229446
0.000552432
-0.000292633
0.00048394
-0.000342132
0.000404122
-0.000377573
0.000316591
-0.000398703
0.000224685
-0.000406411
0.000131921
-0.000401275
4.13985e-05
-0.00038477
-4.38337e-05
-0.000358359
-0.000121665
-0.000323776
-0.000190066
-0.000282697
-0.000247436
-0.000237033
-0.000292635
-0.00018877
-0.000325042
-0.000139615
-0.000344638
-9.12595e-05
-0.000351744
-4.50086e-05
-0.000346917
-2.4159e-06
-0.000331414
3.56165e-05
-0.000306527
6.82913e-05
-0.000273713
9.49219e-05
-0.000234573
0.000115269
-0.000191085
0.0001292
-0.000144984
0.000136855
-9.79804e-05
0.000138531
-5.18354e-05
0.000134746
-8.17376e-06
0.000126176
3.15926e-05
0.000113556
6.6429e-05
9.77875e-05
9.5231e-05
7.98425e-05
0.000117429
6.0563e-05
0.000132604
4.08837e-05
0.000140561
2.17085e-05
0.000141462
3.8516e-06
0.000135599
-1.19837e-05
0.000123624
-2.51466e-05
0.000106283
-3.51776e-05
8.4728e-05
-4.17569e-05
6.00519e-05
-4.473e-05
3.36736e-05
-4.41432e-05
6.96252e-06
-4.0172e-05
-1.863e-05
-3.31835e-05
-4.17141e-05
-2.36921e-05
-6.09325e-05
-1.23654e-05
-7.50403e-05
-8.29616e-05
0.00104445
-0.00204584
0.00210808
-0.00205388
0.00318892
-0.00201872
0.00428731
-0.00194657
0.00538162
-0.00180631
0.00649153
-0.00164172
0.00739902
-0.00123701
0.00833865
-0.00108
0.00813882
0.000380892
0.00775325
0.000893484
0.00716248
0.00142179
0.00643942
0.00185295
0.00563046
0.00221821
0.00478066
0.00251188
0.00391301
0.00275522
0.00304036
0.00295598
0.00216589
0.00312275
0.00128778
0.00325941
0.000400531
0.00336802
-0.000502012
0.0034485
-0.00142629
0.00350076
-0.00237186
0.00351561
-0.00333916
0.00349549
-0.00430195
0.00340901
-0.00523954
0.00326838
-0.00607588
0.00300824
-0.0068242
0.00272802
-0.00679383
0.0016828
-0.00691031
0.00162651
-0.00690518
0.00132184
-0.00693333
0.00119484
-0.00695612
0.00103962
-0.00700043
0.000922428
-0.0070431
0.000790206
-0.00708052
0.000659794
-0.00710421
0.000524524
-0.00711218
0.000388777
-0.00709759
0.000247255
-0.00706321
0.000102002
-0.00701635
-4.70483e-05
-0.00695696
-0.000198996
-0.00687496
-0.000355551
-0.00676932
-0.000514167
-0.006639
-0.000677093
-0.00648229
-0.000843424
-0.0062973
-0.00101295
-0.00608378
-0.00118372
-0.00584099
-0.00135478
-0.00556904
-0.00152497
-0.00526739
-0.00169209
-0.00493693
-0.00185463
-0.00457911
-0.00201068
-0.00419426
-0.00215791
-0.00378502
-0.00229498
-0.00335426
-0.00241883
-0.00290388
-0.00252905
-0.00243861
-0.00262059
-0.00196035
-0.00269605
-0.00147435
-0.00274918
-0.000984558
-0.00278229
-0.000495827
-0.00279068
-1.27248e-05
-0.00277532
0.000459254
-0.00273353
0.000915067
-0.00266547
0.00134975
-0.00257143
0.00175872
-0.00245129
0.00213668
-0.00230513
0.00247835
-0.00213286
0.00277959
-0.00193658
0.00303627
-0.0017176
0.00324442
-0.00147917
0.00340121
-0.0012225
0.00350398
-0.000951169
0.00355135
-0.000669111
0.00354204
-0.000379386
0.00347613
-8.63114e-05
0.00335476
0.000205449
0.00317939
0.000491291
0.00295286
0.000766126
0.00267899
0.00102499
0.00236235
0.00126357
0.00200856
0.00147633
0.00162381
0.00165934
0.00121581
0.00180763
0.000792295
0.00191845
0.000361586
0.00198873
-6.705e-05
0.00201471
-0.000485175
0.00199637
-0.000883866
0.00193301
-0.00125471
0.00182496
-0.00158839
0.00167273
-0.0018774
0.00147973
-0.00211475
0.00124972
-0.00229475
0.000988115
-0.00241315
0.000699809
-0.00246686
0.00039223
-0.00245387
7.28047e-05
-0.00237831
-0.000250709
-0.00223858
-0.000567577
-0.00203891
-0.000869637
-0.00178568
-0.0011474
-0.0014864
-0.00139318
-0.00114996
-0.00159777
-0.000786622
-0.00175539
-0.000407685
-0.0018589
-2.51861e-05
-0.00190445
0.000348429
-0.00188933
0.000701083
-0.00181348
0.00102094
-0.00167757
0.00129709
-0.0014861
0.00152059
-0.00124451
0.00168359
-0.000960731
0.00178108
-0.000645472
0.00180979
-0.000310432
0.0017704
3.40872e-05
0.00166575
0.000371565
0.00150061
0.000689997
0.00128336
0.00097564
0.00102388
0.00121758
0.000734243
0.00140587
0.000427306
0.00153302
0.000116829
0.00159386
-0.000183836
0.00158739
-0.000462276
0.00151538
-0.000707403
0.0013815
-0.000909895
0.00119375
-0.00106304
0.000961996
-0.00116275
0.000697612
-0.00120721
0.0004132
-0.00119798
0.000122732
-0.0011387
-0.000161116
-0.00103456
-0.00042668
-0.000893222
-0.000662373
-0.000723201
-0.000859815
-0.000533856
-0.00101209
-0.000334326
-0.00111549
-0.000133991
-0.0011675
5.86327e-05
-0.00116955
0.000236188
-0.00112428
0.000392491
-0.00103609
0.000522635
-0.000911465
0.000623688
-0.000757779
0.000693619
-0.000583207
0.000732273
-0.000395583
0.000740643
-0.000203792
0.000721237
-1.54128e-05
0.000676755
0.000162438
0.000611066
0.000324189
0.000528395
0.000464579
0.000433094
0.000580028
0.000329784
0.000667894
0.000222809
0.000727289
0.0001162
0.000757826
1.38016e-05
0.000760446
-8.14979e-05
0.000737755
-0.000166946
0.0006917
-0.000240559
0.000626045
-0.000300915
0.000544296
-0.000347099
0.000450307
-0.000378912
0.000348403
-0.000396695
0.000242468
-0.00040102
0.000136246
-0.000392897
3.32759e-05
-0.000373915
-6.28155e-05
-0.000345356
-0.000150225
-0.000309212
-0.00022621
-0.000267293
-0.000289355
-0.000221482
-0.000338446
-0.000173343
-0.000373181
-0.000124939
-0.000393043
-7.77364e-05
-0.000398947
-3.31052e-05
-0.000391548
7.73844e-06
-0.000372258
4.37653e-05
-0.000342554
7.4326e-05
-0.000304274
9.89364e-05
-0.000259184
0.000117307
-0.000209456
0.000129398
-0.000157075
0.000135416
-0.000103998
0.000135725
-5.21446e-05
0.000130848
-3.29687e-06
0.000121449
4.0992e-05
0.00010834
7.95371e-05
9.23442e-05
0.000111227
7.43674e-05
0.000135406
5.53263e-05
0.000151645
3.60635e-05
0.000159824
1.74375e-05
0.000160088
2.08672e-07
0.000152828
-1.49427e-05
0.000138775
-2.74433e-05
0.000118784
-3.68316e-05
9.41164e-05
-4.28473e-05
6.60677e-05
-4.535e-05
3.61763e-05
-4.44087e-05
6.02118e-06
-4.02035e-05
-2.28352e-05
-3.30878e-05
-4.88298e-05
-2.35685e-05
-7.04518e-05
-1.22847e-05
-8.63241e-05
-9.52463e-05
0.00149045
-0.00353629
0.00299899
-0.00356242
0.00451904
-0.00353878
0.00601375
-0.00344127
0.0074916
-0.00328417
0.00892913
-0.00307925
0.0106651
-0.00297297
0.0132325
-0.00364741
0.0131565
0.000456895
0.0125783
0.00147171
0.0117185
0.00228151
0.0107009
0.00287059
0.00954177
0.00337733
0.00826316
0.00379049
0.00688359
0.00413479
0.00542746
0.0044121
0.00391836
0.00463185
0.00237901
0.00479875
0.000832498
0.00491453
-0.000696189
0.00497718
-0.00217879
0.00498336
-0.00358346
0.00492028
-0.00488053
0.00479256
-0.00601981
0.00454829
-0.00696611
0.00421468
-0.00765369
0.00369582
-0.00838471
0.00345904
-0.00830183
0.00159991
-0.00840989
0.00173457
-0.00842768
0.00133963
-0.00831683
0.00108399
-0.00816124
0.000884028
-0.00797639
0.000737577
-0.00780408
0.000617897
-0.0076506
0.000506317
-0.00752652
0.000400441
-0.00742641
0.000288666
-0.00734293
0.000163784
-0.00726249
2.15619e-05
-0.0071829
-0.000126643
-0.00710037
-0.000281527
-0.00700676
-0.000449157
-0.00689435
-0.000626579
-0.00675904
-0.000812404
-0.00659722
-0.00100524
-0.00640755
-0.00120263
-0.00618789
-0.00140338
-0.00593649
-0.00160618
-0.00565283
-0.00180863
-0.005337
-0.00200792
-0.00498934
-0.00220229
-0.00461119
-0.00238883
-0.00420395
-0.00256516
-0.00376971
-0.00272923
-0.00331161
-0.00287693
-0.00283314
-0.00300752
-0.00233697
-0.00311676
-0.00182784
-0.00320518
-0.00131027
-0.00326675
-0.000788562
-0.00330399
-0.000269267
-0.00330998
0.000244018
-0.0032886
0.000745367
-0.00323488
0.00122881
-0.00314891
0.00168919
-0.00303181
0.00211958
-0.00288168
0.00251564
-0.00270119
0.00287226
-0.00248948
0.00318426
-0.00224858
0.00344725
-0.00198059
0.00365701
-0.00168892
0.00381056
-0.00137605
0.00390598
-0.00104659
0.00394097
-0.000704106
0.00391456
-0.000352969
0.00382698
1.2635e-06
0.00367926
0.000353176
0.00347354
0.000697011
0.0032129
0.00102676
0.00290183
0.00133606
0.00254509
0.0016203
0.00214921
0.00187221
0.00172169
0.00208686
0.00127015
0.00225917
0.000803364
0.00238523
0.000330465
0.00246163
-0.000139441
0.00248462
-0.00059557
0.0024525
-0.00102852
0.00236595
-0.00142834
0.00222478
-0.00178686
0.00203124
-0.00209555
0.00178842
-0.00234702
0.00150119
-0.00253549
0.00117659
-0.00265591
0.000820235
-0.00270518
0.000441497
-0.00268216
4.97855e-05
-0.00258857
-0.000344298
-0.00242629
-0.000729859
-0.00219994
-0.00109598
-0.0019159
-0.00143144
-0.00158274
-0.00172633
-0.00121038
-0.00197013
-0.000810387
-0.00215538
-0.000395071
-0.00227422
2.22852e-05
-0.0023218
0.000428254
-0.0022953
0.000809462
-0.00219469
0.00115315
-0.00202126
0.00144785
-0.0017808
0.00168367
-0.00148034
0.00185257
-0.00112963
0.00194924
-0.00074215
0.00197024
-0.000331424
0.00191755
8.67729e-05
0.00179379
0.000495322
0.00160516
0.00087863
0.00136114
0.00121966
0.00107312
0.00150561
0.000754485
0.0017245
0.00041972
0.00186778
8.37695e-05
0.00192981
-0.000239043
0.0019102
-0.000535037
0.00181137
-0.000792579
0.00163904
-0.00100212
0.0014033
-0.00115711
0.00111698
-0.00125371
0.000794213
-0.00129066
0.000450157
-0.00127047
0.000102538
-0.00119759
-0.000234
-0.00107863
-0.000545641
-0.000921998
-0.000819001
-0.000737003
-0.00104481
-0.00053359
-0.0012155
-0.000322267
-0.00132681
-0.000112595
-0.00137717
8.7021e-05
-0.00136916
0.00026871
-0.00130596
0.00042649
-0.00119387
0.000555876
-0.00104085
0.000654059
-0.000855962
0.00071956
-0.000648708
0.000752627
-0.00042865
0.00075518
-0.000206345
0.000729505
1.02622e-05
0.000678966
0.000212977
0.000607686
0.00039547
0.000520333
0.000551931
0.000421597
0.000678764
0.000315736
0.000773756
0.000207519
0.000835506
0.000100964
0.000864381
-8.35144e-07
0.000862245
-9.43681e-05
0.000831288
-0.000177319
0.000774651
-0.000247877
0.000696603
-0.000304839
0.000601257
-0.000347488
0.000492956
-0.000375964
0.000376879
-0.000390385
0.000256889
-0.000391804
0.000137665
-0.000381208
2.268e-05
-0.00036013
-8.38927e-05
-0.000330265
-0.00018009
-0.000293319
-0.000263157
-0.000251108
-0.000331565
-0.000205536
-0.000384018
-0.000158482
-0.000420235
-0.000111175
-0.00044035
-6.56648e-05
-0.000444457
-2.28367e-05
-0.000434376
1.59788e-05
-0.000411073
4.99269e-05
-0.000376502
7.83705e-05
-0.000332718
0.000100937
-0.00028175
0.000117431
-0.00022595
0.000127861
-0.000167505
0.000132471
-0.000108608
0.000131638
-5.13119e-05
0.000125926
2.41501e-06
0.00011597
5.09481e-05
0.000102617
9.28906e-05
8.66392e-05
0.000127205
6.89259e-05
0.000153119
5.0324e-05
0.000170247
3.16766e-05
0.000178471
1.37383e-05
0.000178026
-2.74543e-06
0.000169312
-1.7151e-05
0.000153181
-2.89278e-05
0.000130561
-3.76796e-05
0.000102868
-4.31485e-05
7.15366e-05
-4.52534e-05
3.82812e-05
-4.4031e-05
4.79875e-06
-3.96972e-05
-2.7169e-05
-3.25716e-05
-5.59553e-05
-2.31564e-05
-7.9867e-05
-1.20575e-05
-9.74231e-05
-0.000107304
0.00152742
-0.00506371
0.00309979
-0.00513479
0.0048167
-0.00525568
0.00670195
-0.00532652
0.00912598
-0.0057082
0.0123818
-0.0063351
0.0185978
-0.00918891
0.0300785
-0.0151282
0.0250914
0.00544399
0.0204637
0.00609945
0.0164313
0.00631389
0.0129829
0.00631901
0.0100981
0.00626215
0.00774165
0.00614692
0.00584879
0.00602765
0.00429853
0.00596237
0.00296187
0.00596851
0.00174148
0.00601914
0.000564918
0.0060911
-0.000635508
0.00617761
-0.0019328
0.00628065
-0.00342873
0.00641621
-0.0052646
0.00662843
-0.00761034
0.00689403
-0.0105436
0.00714794
-0.0141037
0.00725597
-0.0180914
0.00744674
-0.0120413
-0.00445023
-0.00930044
-0.00100628
-0.00838013
0.000419316
-0.00764931
0.000353174
-0.00730772
0.000542434
-0.00710223
0.000532089
-0.00704178
0.000557444
-0.00702857
0.000493105
-0.00704076
0.000412637
-0.00705586
0.000303768
-0.00706941
0.000177327
-0.00707216
2.43162e-05
-0.00705528
-0.000143526
-0.00701286
-0.000323947
-0.00695183
-0.000510191
-0.0068645
-0.000713904
-0.00675141
-0.000925495
-0.0066071
-0.00114956
-0.00642871
-0.00138101
-0.00621454
-0.00161755
-0.00596399
-0.00185672
-0.00567671
-0.00209592
-0.0053535
-0.00233113
-0.00499539
-0.0025604
-0.00460361
-0.00278062
-0.00418018
-0.00298859
-0.0037283
-0.0031811
-0.00325014
-0.00335509
-0.00274921
-0.00350846
-0.00223081
-0.00363516
-0.0016982
-0.00373779
-0.00115673
-0.00380822
-0.000611045
-0.00384968
-6.64793e-05
-0.00385454
0.000468825
-0.00382391
0.000991282
-0.00375734
0.00149349
-0.00365112
0.0019711
-0.00350941
0.00241751
-0.00332809
0.00282645
-0.00311013
0.00319289
-0.00285592
0.00351025
-0.00256594
0.00377611
-0.00224645
0.00398591
-0.00189872
0.00413569
-0.00152583
0.00422236
-0.00113326
0.00424485
-0.0007266
0.00420233
-0.000310444
0.00409529
0.0001083
0.00392469
0.000523781
0.00369296
0.000928739
0.0034036
0.00131611
0.00306139
0.00167827
0.00267195
0.00200975
0.00224232
0.00230184
0.00177983
0.00254935
0.00129343
0.00274557
0.000791677
0.00288699
0.000285285
0.00296802
-0.000215239
0.00298514
-0.000700093
0.00293735
-0.00115901
0.00282487
-0.00158158
0.00264736
-0.00195853
0.00240819
-0.00228111
0.002111
-0.00254158
0.00176167
-0.00273358
0.00136858
-0.00285257
0.000939228
-0.0028958
0.000484729
-0.00286233
1.63086e-05
-0.00275308
-0.000453547
-0.00257083
-0.000912102
-0.00232096
-0.00134586
-0.00201087
-0.00174154
-0.0016494
-0.0020878
-0.00124787
-0.00237166
-0.000818062
-0.0025852
-0.000373664
-0.00271862
7.10961e-05
-0.00276656
0.00050194
-0.00272615
0.000904878
-0.00259763
0.00126633
-0.00238271
0.00157407
-0.00208853
0.00181781
-0.00172408
0.00198915
-0.00130098
0.00208279
-0.000835786
0.00209607
-0.000344708
0.00203013
0.000152719
0.00188884
0.000636611
0.0016798
0.00108766
0.00141298
0.00148647
0.00110132
0.00181728
0.000759112
0.00206671
0.000402294
0.0022246
4.67724e-05
0.00228533
-0.00029192
0.00224889
-0.000599915
0.00211937
-0.000865064
0.00190419
-0.00107761
0.00161585
-0.00123123
0.00127059
-0.00132254
0.000885523
-0.00135104
0.000478659
-0.00132014
7.16417e-05
-0.00123487
-0.000319275
-0.0011029
-0.000677604
-0.00093332
-0.000988584
-0.000736588
-0.00124154
-0.000523473
-0.00142861
-0.000304074
-0.00154621
-8.87087e-05
-0.00159254
0.000114021
-0.00157189
0.000296723
-0.00148867
0.000453489
-0.00135063
0.000579936
-0.0011673
0.00067359
-0.000949617
0.000733858
-0.000708976
0.000761619
-0.00045641
0.000758116
-0.000202843
0.000726809
4.15693e-05
0.000671379
0.000268407
0.000596264
0.000470586
0.000505942
0.000642254
0.000405172
0.000779533
0.000299029
0.000879899
0.000190785
0.00094375
8.52621e-05
0.000969904
-1.41066e-05
0.000961614
-0.000104747
0.000921928
-0.000184362
0.000854266
-0.0002513
0.000763541
-0.000304517
0.000654474
-0.000343683
0.000532122
-0.000368725
0.000401921
-0.00038012
0.000268283
-0.000378949
0.000136493
-0.000366511
1.02425e-05
-0.00034402
-0.000106384
-0.000313402
-0.000210708
-0.000276213
-0.000300346
-0.000234492
-0.000373286
-0.00018975
-0.000428761
-0.000143857
-0.000466128
-9.8426e-05
-0.000485781
-5.47096e-05
-0.000488173
-1.41211e-05
-0.000474965
2.24644e-05
-0.000447659
5.4195e-05
-0.000408232
8.05109e-05
-0.000359033
0.000101099
-0.000302338
0.000115836
-0.000240688
0.000124777
-0.000176446
0.000128177
-0.000112008
0.000126445
-4.95796e-05
0.000120139
8.72092e-06
0.000109909
6.11784e-05
9.65259e-05
0.000106273
8.07957e-05
0.000142935
6.35405e-05
0.000170374
4.55912e-05
0.000188196
2.77035e-05
0.000196359
1.05839e-05
0.000195146
-5.06884e-06
0.000184965
-1.86594e-05
0.000166772
-2.97081e-05
0.000141609
-3.78086e-05
0.000110969
-4.27696e-05
7.64976e-05
-4.44967e-05
4.00082e-05
-4.308e-05
3.38209e-06
-3.86991e-05
-3.15499e-05
-3.16866e-05
-6.29679e-05
-2.24905e-05
-8.90631e-05
-1.16971e-05
-0.000108217
-0.000119001
0.00202392
-0.00708763
0.00412801
-0.00723888
0.00634774
-0.0074754
0.00866182
-0.0076406
0.0109874
-0.00803378
0.0130495
-0.00839719
0.0146809
-0.0108204
0.0157371
-0.0161844
0.01417
0.0131763
0.0123149
0.0113755
0.0102941
0.00901237
0.00752478
0.00588428
0.00416181
0.00240036
0.00062025
-0.00116497
-0.00293977
-0.00467263
-0.00628839
-0.00773418
-0.00902369
-0.0103028
-0.0114908
-0.0112379
-0.00470309
-0.010276
-0.00196817
-0.00934037
-0.000516323
-0.00863214
-0.000355051
-0.0080079
-8.18043e-05
-0.0075674
9.15821e-05
-0.00728058
0.000270625
-0.0070782
0.000290723
-0.00696131
0.000295753
-0.00689982
0.000242278
-0.00688619
0.000163696
-0.00687666
1.4785e-05
-0.00687729
-0.000142892
-0.00687092
-0.000330324
-0.0068373
-0.000543804
-0.00677755
-0.000773654
-0.0066837
-0.00101935
-0.0065543
-0.00127896
-0.006387
-0.00154832
-0.00618032
-0.00182423
-0.00593415
-0.00210289
-0.00564856
-0.00238151
-0.00532277
-0.00265691
-0.00495987
-0.00292331
-0.00456004
-0.00318044
-0.00412645
-0.00342218
-0.00366233
-0.00364522
-0.00317108
-0.00384634
-0.00265607
-0.00402347
-0.00212125
-0.00416998
-0.00157283
-0.00428621
-0.0010152
-0.00436584
-0.000454101
-0.00441078
0.000104691
-0.00441333
0.000655831
-0.00437505
0.00119189
-0.0042934
0.00170775
-0.00416698
0.00219571
-0.00399738
0.00264994
-0.00378232
0.00306525
-0.00352544
0.00343537
-0.00322604
0.00375647
-0.00288704
0.00402158
-0.00251156
0.00422661
-0.00210375
0.00437001
-0.00166923
0.0044479
-0.00121116
0.00445897
-0.00073767
0.00440269
-0.00025416
0.00427906
0.000231922
0.00408965
0.000713193
0.00383713
0.00118126
0.00352543
0.00162782
0.00315922
0.00204448
0.00274472
0.00242425
0.00228938
0.00275718
0.0018011
0.00303763
0.00128898
0.00325769
0.000763198
0.00341277
0.000233469
0.00349775
-0.000289298
0.00350791
-0.000794067
0.00344212
-0.0012701
0.0033009
-0.00170701
0.00308427
-0.00209501
0.00279619
-0.00242525
0.00244124
-0.00268966
0.00202607
-0.00288233
0.00156125
-0.00299809
0.00105499
-0.00303436
0.000521001
-0.0029903
-2.77533e-05
-0.00286722
-0.000576624
-0.00266858
-0.00111074
-0.0024
-0.00161443
-0.00206939
-0.00207215
-0.00168639
-0.0024708
-0.0012626
-0.00279545
-0.000811278
-0.00303652
-0.000346021
-0.00318388
0.000118179
-0.00323076
0.000566298
-0.00317427
0.000983618
-0.00301495
0.00135623
-0.00275532
0.00167152
-0.00240382
0.00191885
-0.00197141
0.00208977
-0.00147189
0.00217896
-0.000924978
0.00218385
-0.000349595
0.00210608
0.000230486
0.00195015
0.000792542
0.00172415
0.00131367
0.00143928
0.00177134
0.00110938
0.00214719
0.000749836
0.00242625
0.000377424
0.00259701
8.82685e-06
0.00265393
-0.000339999
0.00259772
-0.000654454
0.00243382
-0.000922238
0.00217197
-0.00113402
0.00182763
-0.00128346
0.00142003
-0.0013677
0.000969762
-0.00138773
0.000498687
-0.00134665
3.05625e-05
-0.00125054
-0.00041538
-0.00110829
-0.000819854
-0.00092917
-0.00116771
-0.000724329
-0.00144638
-0.000504919
-0.00164802
-0.000281505
-0.00176963
-6.40853e-05
-0.00180996
0.000138496
-0.00177447
0.000319226
-0.0016694
0.000472295
-0.0015037
0.000594204
-0.00128921
0.000682599
-0.00103801
0.000737384
-0.000763762
0.00075908
-0.000478106
0.000750374
-0.000194138
0.000714543
7.74001e-05
0.000655498
0.000327452
0.000577799
0.000548284
0.000486106
0.000733947
0.00038547
0.000880169
0.000279639
0.00098573
0.000173846
0.00104954
7.06575e-05
0.00107309
-2.54103e-05
0.00105768
-0.000112407
0.00100892
-0.000188086
0.000929945
-0.000251033
0.000826489
-0.000300418
0.000703859
-0.000335901
0.000567605
-0.000357751
0.000423771
-0.000366471
0.000277003
-0.000363217
0.00013324
-0.000349268
-3.70714e-06
-0.00032601
-0.000129642
-0.000295139
-0.000241579
-0.000258396
-0.000337089
-0.000217554
-0.000414127
-0.000174222
-0.000472093
-0.00013024
-0.000510109
-8.66446e-05
-0.000529376
-4.51965e-05
-0.000529621
-7.00363e-06
-0.000513158
2.72841e-05
-0.000481947
5.67601e-05
-0.000437708
8.09934e-05
-0.000383267
9.96779e-05
-0.000321022
0.000112779
-0.000253789
0.000120413
-0.00018408
0.000122789
-0.000114384
0.000120373
-4.71644e-05
0.000113695
1.53992e-05
0.000103397
7.14759e-05
9.02113e-05
0.000119459
7.49274e-05
0.000158219
5.83203e-05
0.000186981
4.1147e-05
0.000205369
2.4142e-05
0.000213364
7.9889e-06
0.000211299
-6.80537e-06
0.000199759
-1.95555e-05
0.000179522
-2.98411e-05
0.000151895
-3.7313e-05
0.000118441
-4.17846e-05
8.09692e-05
-4.32139e-05
4.14375e-05
-4.16545e-05
1.82272e-06
-3.73158e-05
-3.58886e-05
-3.0484e-05
-6.97997e-05
-2.16101e-05
-9.7937e-05
-1.12326e-05
-0.000118594
-0.000130233
0.000475866
-0.0075635
0.000949733
-0.00771275
0.00132544
-0.00785111
0.00183495
-0.00815012
0.00224865
-0.00844748
0.00317625
-0.00932478
0.00262253
-0.0102666
-0.0135619
-0.002187
-0.00251609
-0.00341398
-0.00074119
-0.00367377
-0.000256532
-0.00420594
0.00017712
-0.00466702
0.000379279
-0.00513801
0.000562576
-0.00548954
0.000622153
-0.0058147
0.00061588
-0.00607182
0.000552871
-0.00628291
0.000453368
-0.00642523
0.000306016
-0.00654342
0.000132982
-0.00661996
-6.63615e-05
-0.00665901
-0.000291265
-0.00666621
-0.000536604
-0.00663509
-0.000804775
-0.00656277
-0.00109168
-0.00645015
-0.00139158
-0.00629521
-0.00170325
-0.00609738
-0.00202206
-0.00585616
-0.00234411
-0.00557244
-0.00266523
-0.00524788
-0.00298147
-0.00488244
-0.00328875
-0.00447999
-0.00358289
-0.00404245
-0.00385973
-0.00357243
-0.00411523
-0.00307337
-0.0043454
-0.00255097
-0.00454588
-0.00200889
-0.00471205
-0.00145273
-0.00484237
-0.000886766
-0.00493181
-0.000317779
-0.00497977
0.000248397
-0.00497951
0.00080576
-0.00493241
0.00134754
-0.00483518
0.00186754
-0.00468697
0.00235936
-0.0044892
0.00281524
-0.0042382
0.0032318
-0.00394201
0.003601
-0.00359524
0.00391902
-0.00320505
0.00418001
-0.00277255
0.00438115
-0.00230488
0.00451672
-0.0018048
0.00458562
-0.00128006
0.0045863
-0.000738349
0.00451796
-0.000185823
0.00438115
0.000368734
0.00417744
0.000916902
0.00390943
0.00144927
0.00358152
0.00195573
0.00319891
0.0024271
0.00276771
0.00285545
0.00229544
0.00322945
0.00179074
0.00354233
0.00126282
0.00378561
0.000721836
0.00395376
0.000177997
0.00404159
-0.000356856
0.00404276
-0.000872332
0.0039576
-0.00135707
0.00378565
-0.0018007
0.0035279
-0.00219307
0.00318856
-0.00252531
0.00277348
-0.00278942
0.00229019
-0.00297921
0.00175103
-0.00308989
0.00116567
-0.00311895
0.000550054
-0.00306557
-8.11342e-05
-0.00293155
-0.000710636
-0.0027202
-0.0013221
-0.00243791
-0.00189672
-0.00209291
-0.00241715
-0.00169538
-0.00286833
-0.00125738
-0.00323345
-0.000792258
-0.00350164
-0.000314127
-0.00366201
0.000161225
-0.00370612
0.000618735
-0.00363177
0.00104336
-0.00343957
0.00142088
-0.00313285
0.0017386
-0.00272154
0.00198562
-0.00221843
0.0021535
-0.00163977
0.00223695
-0.00100842
0.00223364
-0.000346286
0.00214576
0.000318367
0.00197815
0.000960146
0.0017396
0.00155222
0.0014421
0.00206884
0.00109982
0.00248947
0.000729127
0.00279694
0.000347234
0.00297891
-2.83571e-05
0.00302952
-0.000381051
0.00295041
-0.000696699
0.00274947
-0.00096282
0.00243809
-0.0011704
0.00203521
-0.00131365
0.00156329
-0.00139011
0.00104622
-0.0014013
0.00050987
-0.00135124
-1.94946e-05
-0.00124656
-0.000520056
-0.00109655
-0.000969872
-0.000911244
-0.00135301
-0.000702101
-0.00165553
-0.0004802
-0.00186993
-0.000256296
-0.00199353
-4.03541e-05
-0.0020259
0.000159212
-0.00197404
0.00033549
-0.00184568
0.000483284
-0.0016515
0.000599186
-0.00140511
0.000681435
-0.00112026
0.000730193
-0.000812519
0.000746782
-0.000494695
0.000733447
-0.000180803
0.000694092
0.000116755
0.000632717
0.000388827
0.000553915
0.000627086
0.000462576
0.000825285
0.000362705
0.000980041
0.00025934
0.0010891
0.000156341
0.00115254
5.74293e-05
0.001172
-3.47693e-05
0.00114988
-0.000117422
0.00109158
-0.000188698
0.00100122
-0.000247388
0.000885179
-0.000292811
0.000749282
-0.000324798
0.000599592
-0.000343692
0.000442665
-0.000350123
0.000283434
-0.000345189
0.000128306
-0.000330228
-1.86682e-05
-0.000306687
-0.000153183
-0.000276101
-0.000272164
-0.000240301
-0.000372888
-0.000200759
-0.000453669
-0.000159254
-0.000513598
-0.000117218
-0.000552146
-7.62134e-05
-0.000570381
-3.70005e-05
-0.000568834
-1.2104e-06
-0.000548948
3.06496e-05
-0.000513807
5.78735e-05
-0.000464932
8.00454e-05
-0.000405439
9.69495e-05
-0.000337926
0.000108577
-0.000265417
0.000115024
-0.000190527
0.000116599
-0.000115959
0.000113677
-4.42421e-05
0.00010681
2.22663e-05
9.66214e-05
8.16644e-05
8.38105e-05
0.00013227
6.91251e-05
0.000172904
5.32877e-05
0.000202819
3.70339e-05
0.000221623
2.09769e-05
0.000229421
5.75688e-06
0.000226519
-8.046e-06
0.000213562
-1.9929e-05
0.000191405
-2.94564e-05
0.000161422
-3.63157e-05
0.0001253
-4.03363e-05
8.49899e-05
-4.14909e-05
4.25921e-05
-3.98582e-05
1.90036e-07
-3.56163e-05
-4.01305e-05
-2.90562e-05
-7.63598e-05
-2.05737e-05
-0.00010642
-1.06856e-05
-0.000128482
-0.000140919
0.000463545
-0.00802704
0.000973441
-0.00822265
0.00150931
-0.00838697
0.00207846
-0.00871926
0.00256269
-0.00893172
0.00283835
-0.00960044
0.00218673
-0.00961503
-0.0113751
-0.00184037
-0.000675722
-0.00314478
0.000563222
-0.00378491
0.000383595
-0.0043024
0.000694615
-0.00466708
0.000743958
-0.00495293
0.000848428
-0.0051956
0.000864817
-0.00542751
0.000847795
-0.00565872
0.00078408
-0.00586997
0.000664619
-0.0060613
0.00049734
-0.00622119
0.000292874
-0.00634325
5.57036e-05
-0.00642405
-0.000210465
-0.0064597
-0.000500955
-0.00645127
-0.000813204
-0.00639847
-0.00114448
-0.00630009
-0.00148996
-0.00615606
-0.00184728
-0.00596647
-0.00221165
-0.005732
-0.00257858
-0.00545289
-0.00294434
-0.00513112
-0.00330324
-0.00476817
-0.0036517
-0.00436652
-0.00398453
-0.00392844
-0.00429781
-0.00345859
-0.00458509
-0.00296019
-0.00484379
-0.00243643
-0.00506964
-0.00189404
-0.00525444
-0.00133625
-0.00540017
-0.000770829
-0.00549723
-0.000202069
-0.00554853
0.000363473
-0.00554505
0.000919562
-0.0054885
0.00145939
-0.00537502
0.00197678
-0.00520436
0.00246497
-0.00497739
0.0029181
-0.00469133
0.00332944
-0.00435335
0.00369367
-0.00395948
0.0040052
-0.00351658
0.00425949
-0.00302685
0.00445265
-0.00249804
0.00458
-0.00193215
0.00464118
-0.00134124
0.0046322
-0.000729369
0.0045547
-0.000108324
0.0044079
0.000515532
0.00419418
0.00113063
0.00391641
0.00172703
0.00357875
0.00229339
0.00318668
0.00281916
0.00274646
0.00329567
0.00226605
0.00370986
0.00175367
0.00405471
0.00121902
0.00432026
0.000672294
0.00450048
0.000123955
0.00458993
-0.000414421
0.00458113
-0.000932117
0.00447529
-0.0014179
0.00427143
-0.0018611
0.00397111
-0.00225181
0.00357926
-0.002581
0.00310267
-0.00284101
0.0025502
-0.00302548
0.0019355
-0.00312996
0.00127015
-0.00315173
0.000571827
-0.00309044
-0.000142418
-0.00294777
-0.000853311
-0.0027281
-0.00154177
-0.00243732
-0.0021875
-0.00208431
-0.00277016
-0.00167912
-0.00327352
-0.001234
-0.00367857
-0.000762394
-0.00397325
-0.000280136
-0.00414426
0.000198453
-0.00418471
0.000658064
-0.00409139
0.00108327
-0.00386478
0.00145993
-0.00350951
0.00177528
-0.00303689
0.00201833
-0.00246148
0.00218113
-0.00180257
0.00225808
-0.00108538
0.00224791
-0.000336115
0.00215173
0.000414548
0.00197562
0.00113626
0.00172879
0.00179904
0.00142337
0.00237426
0.00107466
0.00283817
0.000699105
0.0031725
0.000314274
0.00336374
-6.21436e-05
0.00340594
-0.000413682
0.00330195
-0.000725918
0.00306171
-0.000986578
0.00269875
-0.00118726
0.00223589
-0.00132272
0.00169874
-0.0013909
0.00111441
-0.00139381
0.000512775
-0.00133607
-7.72248e-05
-0.00122513
-0.000631
-0.00107025
-0.00112475
-0.000882133
-0.00154113
-0.000672445
-0.00186521
-0.000451076
-0.0020913
-0.000229964
-0.00221464
-1.85551e-05
-0.00223731
0.000175601
-0.0021682
0.000345473
-0.00201555
0.000486487
-0.00179251
0.000595395
-0.00151402
0.000671292
-0.00119616
0.000714078
-0.000855306
0.000725691
-0.000506308
0.000708931
-0.000164043
0.000667085
0.000158601
0.000604603
0.00045131
0.000526122
0.000705566
0.00043585
0.000915558
0.000338603
0.00107729
0.000238654
0.00118904
0.000139652
0.00125154
4.53279e-05
0.00126633
-4.21052e-05
0.00123731
-0.000119933
0.0011694
-0.000186534
0.00106782
-0.000240859
0.000939504
-0.000282383
0.000790807
-0.000311053
0.000628261
-0.000327185
0.000458798
-0.000331691
0.000287939
-0.000325505
0.000122121
-0.000309984
-3.41895e-05
-0.000286539
-0.000176628
-0.000256695
-0.000302009
-0.000222204
-0.000407379
-0.000184345
-0.000491528
-0.000145027
-0.000552916
-0.000105205
-0.000591968
-6.65855e-05
-0.000609001
-3.0167e-05
-0.000605253
3.29117e-06
-0.000582406
3.27522e-05
-0.000543268
5.77636e-05
-0.000489944
7.79624e-05
-0.000425637
9.32104e-05
-0.000353174
0.000103473
-0.000275679
0.000108919
-0.000195972
0.000109822
-0.000116862
0.000106565
-4.09849e-05
9.96774e-05
2.91535e-05
8.97502e-05
9.15916e-05
7.74467e-05
0.000144574
6.34696e-05
0.000186881
4.85068e-05
0.000217782
3.32067e-05
0.000236923
1.81839e-05
0.000244444
3.98862e-06
0.000240714
-8.85708e-06
0.000226408
-1.98724e-05
0.00020242
-2.86541e-05
0.000170204
-3.49232e-05
0.000131569
-3.8527e-05
8.85937e-05
-3.94548e-05
4.35198e-05
-3.77914e-05
-1.47332e-06
-3.37005e-05
-4.42215e-05
-2.74541e-05
-8.26062e-05
-1.94199e-05
-0.000114454
-1.00821e-05
-0.00013782
-0.000151001
0.000320587
-0.00834763
0.000634399
-0.00853646
0.000915047
-0.00866762
0.00112418
-0.0089284
0.00125107
-0.00905861
0.00117209
-0.00952146
0.00099745
-0.00944039
-0.0103777
-0.00118139
0.000505672
-0.00185766
0.00123948
-0.00252423
0.00105016
-0.00314625
0.00131664
-0.00371091
0.00130862
-0.00420148
0.001339
-0.00462406
0.0012874
-0.00498268
0.00120641
-0.00528227
0.00108368
-0.00554013
0.000922477
-0.00576067
0.000717875
-0.00594134
0.000473548
-0.00608518
0.00019954
-0.00618104
-0.000114602
-0.00623326
-0.000448741
-0.00623903
-0.000807428
-0.00619843
-0.00118508
-0.0061102
-0.00157819
-0.00597505
-0.00198242
-0.0057929
-0.0023938
-0.00556478
-0.00280669
-0.00529234
-0.00321679
-0.00497573
-0.00361985
-0.00461765
-0.00400978
-0.00422131
-0.00438088
-0.0037892
-0.00472991
-0.00332398
-0.00505031
-0.0028306
-0.00533718
-0.0023132
-0.00558704
-0.00177667
-0.00579096
-0.00122602
-0.00595083
-0.00066704
-0.0060562
-0.000106218
-0.00610935
0.000451745
-0.00610302
0.000999886
-0.00603664
0.00153057
-0.0059057
0.00203903
-0.00571282
0.00251818
-0.00545654
0.0029624
-0.00513555
0.0033637
-0.00475465
0.00371886
-0.00431464
0.00402117
-0.00381889
0.00426582
-0.0032715
0.00444908
-0.0026813
0.00456908
-0.00205215
0.00462121
-0.00139337
0.00460561
-0.000713772
0.00452037
-2.30773e-05
0.00436748
0.000668417
0.00414824
0.00134987
0.00386576
0.00200951
0.00352444
0.00263471
0.00312992
0.00321368
0.00268838
0.00373722
0.00220721
0.00419102
0.00169533
0.00456659
0.00116231
0.00485328
0.00061815
0.00504464
7.34545e-05
0.00513462
-0.000460502
0.00511509
-0.000972772
0.00498756
-0.00145246
0.00475112
-0.00188898
0.00440763
-0.00227275
0.00396303
-0.0025946
0.00342452
-0.00284713
0.00280274
-0.00302421
0.00211257
-0.00312159
0.00136753
-0.00313689
0.000587131
-0.00306952
-0.000209788
-0.00292161
-0.00100123
-0.00269711
-0.00176626
-0.00240289
-0.00248172
-0.00204735
-0.00312571
-0.00164104
-0.00367983
-0.00119636
-0.00412325
-0.000726676
-0.00444293
-0.000246335
-0.0046246
0.000228833
-0.00465987
0.00068381
-0.00454636
0.0011037
-0.00428466
0.00147442
-0.00388024
0.00178332
-0.00334578
0.00201969
-0.00269786
0.00217559
-0.00195847
0.00224603
-0.00115581
0.00222906
-0.00031915
0.00212706
0.000516551
0.00194599
0.00131733
0.00169501
0.00205003
0.00138715
0.00268213
0.00103738
0.00318794
0.000662479
0.0035474
0.000280214
0.003746
-9.17765e-05
0.00377793
-0.000437229
0.00364741
-0.000742006
0.00336649
-0.000994386
0.00295113
-0.00118598
0.00242748
-0.00131246
0.00182522
-0.00137237
0.00117432
-0.00136786
0.000508261
-0.00130424
-0.000140845
-0.00118934
-0.000745893
-0.0010323
-0.00128179
-0.000844299
-0.00172913
-0.000636307
-0.00207321
-0.000419323
-0.00230828
-0.000203794
-0.00243017
9.57367e-07
-0.00244206
0.000187443
-0.00235468
0.000349415
-0.00217752
0.000482419
-0.00192551
0.000583975
-0.00161557
0.000653148
-0.00126533
0.000690426
-0.000892584
0.000697758
-0.00051364
0.000678037
-0.000144321
0.00063495
0.000201688
0.000572526
0.000513734
0.000495253
0.000782839
0.000407428
0.00100338
0.000313758
0.00117096
0.000218115
0.00128469
0.000123916
0.00134574
3.47828e-05
0.00135546
-4.74958e-05
0.00131959
-0.000120215
0.00124212
-0.000182027
0.00112963
-0.00023199
0.000989466
-0.000269686
0.000828503
-0.000295202
0.000653777
-0.000308973
0.000472569
-0.000311847
0.000290814
-0.000304783
0.000115056
-0.000289135
-4.9838e-05
-0.000266088
-0.000199675
-0.000237336
-0.000330761
-0.000204329
-0.000440386
-0.000168519
-0.000527337
-0.000131452
-0.000589983
-9.41358e-05
-0.000629284
-5.80766e-05
-0.00064506
-2.42759e-05
-0.000639053
6.68136e-06
-0.000613363
3.37925e-05
-0.000570379
5.66632e-05
-0.000512814
7.49977e-05
-0.000443972
8.86862e-05
-0.000366863
9.77455e-05
-0.000284739
0.000102333
-0.00020056
0.000102705
-0.000117233
9.92457e-05
-3.75259e-05
9.24643e-05
3.59348e-05
8.29116e-05
0.000101144
7.12159e-05
0.00015627
5.80274e-05
0.00020007
4.39977e-05
0.000231811
2.97181e-05
0.000251203
1.5739e-05
0.000258423
2.57242e-06
0.000253881
-9.3141e-06
0.000238294
-1.94705e-05
0.000212576
-2.75302e-05
0.000178264
-3.32358e-05
0.000137274
-3.64591e-05
9.1817e-05
-3.71973e-05
4.42581e-05
-3.55406e-05
-3.13005e-06
-3.16393e-05
-4.81228e-05
-2.57433e-05
-8.85022e-05
-1.81957e-05
-0.000122001
-9.44242e-06
-0.000146573
-0.000160443
0.000152078
-0.00849971
0.000294791
-0.00867917
0.000417777
-0.00879061
0.000488453
-0.00899907
0.000530581
-0.00910074
0.000440984
-0.00943186
0.000405897
-0.0094053
-0.00997178
-0.000931114
0.00143679
-0.00155447
0.00186284
-0.00221539
0.00171109
-0.00277053
0.00187178
-0.00328856
0.00182665
-0.00376687
0.00181731
-0.0041956
0.00171612
-0.00458338
0.0015942
-0.00492212
0.00142242
-0.00521247
0.00121282
-0.00545692
0.000962321
-0.00565764
0.000674275
-0.00580986
0.000351761
-0.00592001
-4.46068e-06
-0.00598217
-0.000386573
-0.00599771
-0.000791892
-0.00596516
-0.00121763
-0.00588459
-0.00165877
-0.00575652
-0.00211049
-0.00558164
-0.00256868
-0.00536112
-0.00302722
-0.00509502
-0.00348289
-0.0047867
-0.00392817
-0.00443742
-0.00435905
-0.00404942
-0.00476888
-0.00362651
-0.00515283
-0.00317165
-0.00550517
-0.00268918
-0.00581965
-0.00218332
-0.0060929
-0.00165902
-0.00631526
-0.00112147
-0.00648838
-0.000576016
-0.00660166
-2.76479e-05
-0.00665772
0.00051597
-0.00664663
0.0010494
-0.00657007
0.0015671
-0.0064234
0.00206069
-0.00620641
0.00252539
-0.00592124
0.00295558
-0.00556574
0.00334373
-0.00514279
0.00368579
-0.0046567
0.00397557
-0.00410867
0.00420921
-0.00350514
0.00438315
-0.00285524
0.00449367
-0.00216268
0.00453857
-0.00143827
0.00451655
-0.00069175
0.00442682
6.66492e-05
0.00427053
0.000824716
0.00404963
0.00157076
0.00376761
0.00229153
0.00342837
0.00297395
0.00303659
0.00360546
0.0025996
0.00417421
0.00212508
0.00466555
0.00162085
0.00507081
0.0010967
0.00537744
0.000562517
0.00557882
2.8591e-05
0.00566855
-0.000493983
0.00563767
-0.000994527
0.00548811
-0.00146237
0.00521896
-0.00188716
0.00483242
-0.00225937
0.00433523
-0.00257046
0.00373561
-0.00281317
0.00304545
-0.00298155
0.00228095
-0.00307141
0.00145739
-0.00308055
0.000596271
-0.00300877
-0.00028156
-0.00285825
-0.00115176
-0.00263302
-0.00199149
-0.00233976
-0.00277498
-0.00198717
-0.00347829
-0.00158551
-0.00408149
-0.00114674
-0.00456202
-0.000684718
-0.00490495
-0.000213488
-0.00509583
0.000251916
-0.00512528
0.000696654
-0.0049911
0.00110614
-0.00469415
0.00146657
-0.00424067
0.00176567
-0.00364488
0.0019931
-0.00292529
0.00214094
-0.0021063
0.00220468
-0.00121955
0.00218253
-0.000297
0.00207674
0.000622344
0.00189355
0.00150052
0.00164252
0.00230105
0.00133656
0.00298809
0.00099062
0.00353388
0.000621367
0.00391665
0.000246649
0.00412072
-0.00011645
0.00414103
-0.000451794
0.00398275
-0.000745859
0.00366055
-0.000987514
0.00319279
-0.00116876
0.00260873
-0.00128559
0.00194205
-0.00133737
0.0012261
-0.00132683
0.000497717
-0.00125881
-0.000208857
-0.00114202
-0.000862685
-0.000985457
-0.00143836
-0.000800621
-0.00191397
-0.000596852
-0.00227697
-0.000386448
-0.00251868
-0.0001794
-0.00263722
1.73832e-05
-0.00263885
0.000194844
-0.00253214
0.000347841
-0.00233052
0.000472252
-0.00204993
0.000566117
-0.00170944
0.000628767
-0.00132798
0.000660967
-0.000924784
0.000664621
-0.000517294
0.000642813
-0.000122513
0.000599218
0.000245284
0.000537753
0.000575199
0.000462731
0.000857861
0.000378339
0.00108778
0.000288889
0.00126041
0.000198135
0.00137544
0.000109367
0.00143451
2.56124e-05
0.00143922
-5.1108e-05
0.00139631
-0.00011858
0.0013096
-0.00017555
0.0011866
-0.000221258
0.00103517
-0.000255377
0.000862622
-0.000278018
0.000676418
-0.000289701
0.000484252
-0.000291246
0.000292358
-0.000283666
0.000107476
-0.00026798
-6.55232e-05
-0.000245785
-0.00022187
-0.000218446
-0.0003581
-0.000187094
-0.000471739
-0.00015348
-0.000560951
-0.000118695
-0.000624768
-8.40232e-05
-0.000663956
-5.06221e-05
-0.000678461
-1.93716e-05
-0.000670304
9.14432e-06
-0.000641879
3.39748e-05
-0.000595209
5.47988e-05
-0.000533638
7.13935e-05
-0.000460567
8.36551e-05
-0.000379124
9.16294e-05
-0.000292713
9.54715e-05
-0.000204402
9.54415e-05
-0.000117203
9.1904e-05
-3.39884e-05
8.53232e-05
4.25157e-05
7.62295e-05
0.000110238
6.52045e-05
0.000167295
5.2858e-05
0.000212416
3.97862e-05
0.000244883
2.65402e-05
0.000264449
1.36037e-05
0.000271359
1.46277e-06
0.000266022
-9.4881e-06
0.000249245
-1.88084e-05
0.000221897
-2.61762e-05
0.000185632
-3.13493e-05
0.000142448
-3.4225e-05
9.46928e-05
-3.4809e-05
4.48421e-05
-3.31873e-05
-4.75183e-06
-2.95019e-05
-5.18081e-05
-2.39807e-05
-9.40234e-05
-1.69384e-05
-0.000129044
-8.7861e-06
-0.000154725
-0.00016923
8.67604e-05
-0.00858647
0.000164356
-0.00875677
0.000234561
-0.00886081
0.000269233
-0.00903375
0.000296375
-0.00912788
0.000237971
-0.00937346
0.000220024
-0.00938735
-0.00975175
-0.000772051
0.00220884
-0.00135992
0.0024507
-0.00198112
0.00233229
-0.00251744
0.0024081
-0.00302437
0.00233358
-0.00348262
0.00227556
-0.00390576
0.00213926
-0.00428804
0.00197648
-0.00462664
0.00176101
-0.00492182
0.001508
-0.00517073
0.00121123
-0.00537416
0.000877707
-0.00553367
0.000511273
-0.00564688
0.000108742
-0.00571293
-0.000320516
-0.00573152
-0.00077331
-0.00570325
-0.00124589
-0.00562781
-0.00173421
-0.0055057
-0.00223261
-0.00533796
-0.00273642
-0.00512422
-0.00324095
-0.00486796
-0.00373915
-0.00456951
-0.00422663
-0.00423115
-0.00469741
-0.00385547
-0.00514456
-0.003446
-0.0055623
-0.00300549
-0.00594568
-0.0025385
-0.00628664
-0.00204886
-0.00658254
-0.0015417
-0.00682241
-0.00102171
-0.00700836
-0.00049483
-0.00712854
3.42272e-05
-0.00718678
0.000558747
-0.00717115
0.00107297
-0.0070843
0.00157082
-0.00692125
0.00204603
-0.00668162
0.00249268
-0.00636789
0.00290447
-0.00597753
0.003277
-0.00551532
0.00360334
-0.00498303
0.00387945
-0.00438478
0.00410056
-0.00372625
0.00426355
-0.00301823
0.00436561
-0.00226474
0.00440328
-0.00147593
0.00437632
-0.000664791
0.00428386
0.000159107
0.00412759
0.000980983
0.00390859
0.00178977
0.00363037
0.00256975
0.00329718
0.00330715
0.00291433
0.00398831
0.00248779
0.00460075
0.00202552
0.00512782
0.00153487
0.00556146
0.00102611
0.0058862
0.000507487
0.00609744
-9.80145e-06
0.00618584
-0.000515377
0.00614324
-0.000998893
0.00597162
-0.00145017
0.00567024
-0.00185895
0.0052412
-0.00221616
0.00469244
-0.00251381
0.00403326
-0.00274468
0.00327632
-0.00290322
0.00243949
-0.00298553
0.0015397
-0.00298967
0.000600408
-0.00291518
-0.000356044
-0.00276451
-0.00130243
-0.0025417
-0.00221431
-0.00225355
-0.00306312
-0.00190805
-0.0038238
-0.00151621
-0.00447334
-0.00108916
-0.00498907
-0.000639939
-0.00535417
-0.000182908
-0.00555286
0.000267818
-0.00557601
0.000697573
-0.00542086
0.00109261
-0.00508919
0.00143936
-0.00458742
0.001726
-0.00393152
0.00194266
-0.00314195
0.00208164
-0.00224529
0.00213898
-0.00127689
0.00211253
-0.000270551
0.00200508
0.000729794
0.0018228
0.0016828
0.00157524
0.00254861
0.00127494
0.00328839
0.000937059
0.00387176
0.000577916
0.0042758
0.000214729
0.00448391
-0.000135669
0.00449142
-0.000458027
0.00430511
-0.000738888
0.00394141
-0.000967771
0.00342167
-0.00113771
0.00277867
-0.0012451
0.00204944
-0.00128895
0.00126994
-0.00127322
0.000481997
-0.001203
-0.000279081
-0.00108599
-0.000979697
-0.000932422
-0.00159192
-0.000751738
-0.00209465
-0.00055549
-0.00247322
-0.000354158
-0.00272002
-0.000155261
-0.00283612
3.08455e-05
-0.00282495
0.000198165
-0.00269946
0.000341397
-0.00247375
0.000457032
-0.00216556
0.000543197
-0.0017956
0.000599654
-0.00138444
0.000627029
-0.00095216
0.000627689
-0.000517954
0.000604761
-9.95852e-05
0.000561235
0.00028881
0.000501354
0.00063508
0.000429386
0.000929829
0.000349338
0.00116782
0.000264565
0.00134518
0.000179128
0.00146088
9.64159e-05
0.00151722
1.78792e-05
0.00151775
-5.31274e-05
0.00146732
-0.000115375
0.00137184
-0.000167629
0.00123886
-0.000209247
0.00107679
-0.000239994
0.00089337
-0.000260072
0.000696496
-0.000269939
0.000494119
-0.000270353
0.000292773
-0.000262393
9.95164e-05
-0.000247141
-8.07754e-05
-0.000225988
-0.000243023
-0.000199989
-0.000384099
-0.000170655
-0.000501073
-0.000139371
-0.000592236
-0.000106929
-0.00065721
-7.48729e-05
-0.000696012
-4.41194e-05
-0.000709215
-1.52524e-05
-0.000699171
1.08317e-05
-0.000667963
3.34793e-05
-0.000617857
5.23762e-05
-0.000552535
6.73472e-05
-0.000475538
7.83057e-05
-0.000390083
8.53185e-05
-0.000299726
8.85339e-05
-0.000207618
8.82022e-05
-0.000116872
8.46642e-05
-3.04505e-05
7.83609e-05
4.88189e-05
6.97815e-05
0.000118818
5.94689e-05
0.000177607
4.79823e-05
0.000223903
3.58881e-05
0.000256977
2.36563e-05
0.00027668
1.17899e-05
0.000283226
5.9917e-07
0.000277213
-9.42754e-06
0.000259272
-1.79558e-05
0.000230425
-2.46694e-05
0.000192345
-2.93429e-05
0.000147121
-3.19035e-05
9.72535e-05
-3.23613e-05
4.52998e-05
-3.07957e-05
-6.31734e-06
-2.7343e-05
-5.52609e-05
-2.22089e-05
-9.91574e-05
-1.56763e-05
-0.000135576
-8.12816e-06
-0.000162274
-0.000177358
5.38967e-05
-0.00864036
9.89713e-05
-0.00880184
0.000140389
-0.00890223
0.000154853
-0.00904821
0.000168887
-0.00914191
0.000126902
-0.00933147
0.00011873
-0.00937918
-0.00963302
-0.000648575
0.00285741
-0.00119864
0.00300077
-0.00177418
0.00290782
-0.00229119
0.00292512
-0.00278396
0.00282634
-0.00323291
0.00272451
-0.00364621
0.00255256
-0.0040193
0.00234957
-0.00435063
0.00209234
-0.00464047
0.00179785
-0.00488584
0.0014566
-0.00508927
0.00108114
-0.00524375
0.000665753
-0.00535727
0.000222262
-0.00542282
-0.000254973
-0.00544251
-0.000753618
-0.00541685
-0.00127154
-0.00534531
-0.00180575
-0.00522893
-0.00234899
-0.00506795
-0.0028974
-0.00486388
-0.00344503
-0.00461726
-0.00398577
-0.00433078
-0.00451311
-0.00400563
-0.00502255
-0.00364529
-0.0055049
-0.00325222
-0.00595536
-0.00282918
-0.00636872
-0.00238146
-0.00673437
-0.00191196
-0.00705204
-0.00142614
-0.00730824
-0.000928404
-0.0075061
-0.000424054
-0.00763289
8.18923e-05
-0.00769272
0.000583241
-0.0076725
0.00107439
-0.00757545
0.00154937
-0.00739623
0.00200219
-0.00713443
0.00242746
-0.00679317
0.00281914
-0.00636921
0.00317226
-0.00586844
0.0034814
-0.00529217
0.00374219
-0.00464557
0.00394954
-0.00393359
0.00410137
-0.00317007
0.00419469
-0.00235805
0.00422677
-0.00150802
0.00419656
-0.000634579
0.00410325
0.000252419
0.00394867
0.00113556
0.00373454
0.00200391
0.00346415
0.00284013
0.0031412
0.0036301
0.00277086
0.00435865
0.00235929
0.00501232
0.00191343
0.00557369
0.0014415
0.00603339
0.000952097
0.0063756
0.00045452
0.00659502
-4.1398e-05
0.00668175
-0.000525539
0.00662738
-0.00098793
0.00643401
-0.00141879
0.0061011
-0.00180846
0.00563086
-0.00214846
0.00503245
-0.00243052
0.00431532
-0.00264827
0.00349407
-0.0027964
0.00258762
-0.00287132
0.00161462
-0.00287114
0.000600226
-0.0027954
-0.000431781
-0.00264688
-0.00145095
-0.00242938
-0.00243181
-0.00214956
-0.00334294
-0.0018152
-0.00415815
-0.00143635
-0.00485218
-0.00102554
-0.00539989
-0.000593617
-0.00578609
-0.000154853
-0.00599163
0.000277114
-0.00600797
0.000688304
-0.00583205
0.0010655
-0.00546638
0.00139596
-0.00491789
0.00166812
-0.00420368
0.001873
-0.00334683
0.00200256
-0.00237485
0.0020539
-0.00132823
0.00202436
-0.00024101
0.00191697
0.000837183
0.00173796
0.00186181
0.00149673
0.00278985
0.00120564
0.00357947
0.000879249
0.00419816
0.000533472
0.00462158
0.000185035
0.00483235
-0.000149911
0.00482637
-0.000456647
0.00461184
-0.000722442
0.00420721
-0.000937737
0.00363696
-0.0010957
0.00293663
-0.00119322
0.00214696
-0.00123065
0.00130737
-0.00121058
0.000461931
-0.00113916
-0.000350506
-0.0010242
-0.00109466
-0.000874709
-0.00174141
-0.000701087
-0.00226827
-0.000513753
-0.00266056
-0.000321287
-0.00291248
-0.000133838
-0.00302356
4.12865e-05
-0.00300008
0.000197855
-0.00285603
0.000331051
-0.00260694
0.000437851
-0.00227236
0.000516414
-0.00187417
0.000566953
-0.00143498
0.000590179
-0.000975386
0.000588534
-0.000516309
0.000564707
-7.57584e-05
0.000522024
0.000331493
0.000464587
0.000692517
0.000396111
0.000998304
0.000320457
0.00124348
0.0002414
0.00142424
0.000161343
0.00154093
8.41357e-05
0.00159443
1.17198e-05
0.00159017
-5.38116e-05
0.00153285
-0.000110975
0.00142901
-0.00015868
0.00128656
-0.000196396
0.00111451
-0.000223994
0.000920968
-0.000241674
0.000714176
-0.000249969
0.000502414
-0.000249604
0.000292408
-0.000241579
9.1492e-05
-0.000226963
-9.53916e-05
-0.000206803
-0.000263183
-0.000182447
-0.000408455
-0.000155222
-0.000528298
-0.000125976
-0.000621481
-9.6135e-05
-0.000687051
-6.66701e-05
-0.000725476
-3.82112e-05
-0.000737674
-1.18481e-05
-0.000725534
1.18833e-05
-0.000691694
3.24745e-05
-0.000638448
4.95711e-05
-0.000569632
6.3031e-05
-0.000488998
7.28105e-05
-0.000399862
7.89681e-05
-0.000305883
8.16614e-05
-0.000210311
8.11096e-05
-0.00011632
7.76429e-05
-2.69838e-05
7.16691e-05
5.47928e-05
6.36387e-05
0.000126848
5.40537e-05
0.000187192
4.34351e-05
0.000234522
3.22886e-05
0.000268124
2.10647e-05
0.000287904
1.01626e-05
0.000294128
-4.25052e-08
0.000287418
-9.1999e-06
0.000268429
-1.69704e-05
0.000238195
-2.30623e-05
0.000198437
-2.72831e-05
0.000151342
-2.95588e-05
9.95291e-05
-2.99158e-05
4.56569e-05
-2.84207e-05
-7.81252e-06
-2.5208e-05
-5.84735e-05
-2.04605e-05
-0.000103905
-1.44358e-05
-0.000141601
-7.4811e-06
-0.000169228
-0.000184839
3.93442e-05
-0.00867971
6.72166e-05
-0.00882972
9.34812e-05
-0.0089285
9.93838e-05
-0.00905411
0.000107445
-0.00914997
7.76855e-05
-0.00930171
7.26714e-05
-0.00937417
-0.00956035
-0.000582095
0.00343951
-0.00109725
0.00351592
-0.00162947
0.00344004
-0.00212091
0.00341657
-0.00258394
0.00328937
-0.00301483
0.0031554
-0.0034108
0.00294853
-0.00376891
0.00270768
-0.00408809
0.00241152
-0.00436622
0.00207598
-0.00460279
0.00169317
-0.00479558
0.00127393
-0.00494693
0.000817103
-0.00505366
0.000328988
-0.00511565
-0.000192985
-0.00513539
-0.000733874
-0.0051121
-0.00129483
-0.00504402
-0.00187383
-0.00493303
-0.00245998
-0.00477927
-0.00305116
-0.00458442
-0.00363988
-0.00434969
-0.0042205
-0.0040767
-0.0047861
-0.0037663
-0.00533296
-0.00342351
-0.00584769
-0.00304999
-0.00632887
-0.0026468
-0.00677192
-0.00222165
-0.00715952
-0.00177495
-0.00749874
-0.00131352
-0.00776967
-0.000841189
-0.00797842
-0.000362597
-0.00811148
0.000117303
-0.00817262
0.000592528
-0.00814773
0.00105768
-0.0080406
0.001507
-0.00784555
0.00193463
-0.00756206
0.00233673
-0.00719527
0.002706
-0.00673848
0.00303853
-0.00620096
0.00332914
-0.00558278
0.00357336
-0.00488979
0.00376732
-0.00412755
0.00390759
-0.00331034
0.00399271
-0.00244318
0.00401948
-0.00153478
0.00398749
-0.000602596
0.00389512
0.000344791
0.00374432
0.00128636
0.00353713
0.0022111
0.00327692
0.00310033
0.00296732
0.0039397
0.0026128
0.00471317
0.0022194
0.00540571
0.00179419
0.0059989
0.00134391
0.00648367
0.000878206
0.0068413
0.000404867
0.00706835
-6.633e-05
0.00715295
-0.00052571
0.00708676
-0.000964246
0.00687255
-0.00137221
0.00650906
-0.00174037
0.00599903
-0.00206093
0.005353
-0.00232626
0.00458066
-0.00253015
0.00369796
-0.00266767
0.00272514
-0.00273539
0.00168234
-0.00273196
0.000596792
-0.00265633
-0.000507406
-0.00251165
-0.00159563
-0.00230178
-0.00264168
-0.00203274
-0.00361197
-0.00171251
-0.00447839
-0.001351
-0.00521369
-0.000958424
-0.00579246
-0.000547016
-0.0061975
-0.000129799
-0.00640885
0.000280339
-0.00641811
0.000670395
-0.0062221
0.00102756
-0.00582355
0.00133981
-0.00523013
0.0015963
-0.00446017
0.00178832
-0.00353885
0.00190839
-0.00249492
0.00195428
-0.00137412
0.00192254
-0.000209271
0.00181689
0.000942832
0.00164314
0.00203557
0.00141067
0.00302231
0.00113132
0.00385882
0.000819089
0.00451039
0.000489409
0.00495126
0.000158146
0.00516361
-0.000159195
0.00514371
-0.00044866
0.00490131
-0.000698327
0.00445687
-0.000899274
0.00383791
-0.00104539
0.00308275
-0.00113347
0.00223505
-0.00116453
0.00133843
-0.00114172
0.000439117
-0.00107044
-0.00042178
-0.000958648
-0.00120645
-0.000815111
-0.00188495
-0.000649703
-0.00243368
-0.000471616
-0.00283864
-0.000290732
-0.00309337
-0.000115261
-0.00319904
4.89617e-05
-0.0031643
0.000194562
-0.00300163
0.000317618
-0.00273
0.000415535
-0.00237028
0.000487041
-0.00194567
0.000531937
-0.00147987
0.000551664
-0.000995113
0.000548061
-0.000512706
0.000524052
-5.17488e-05
0.000482883
0.000372662
0.000428267
0.000747133
0.000363704
0.00106287
0.0002928
0.00131438
0.000218866
0.00149817
0.000145138
0.00161466
7.3433e-05
0.00166614
7.14531e-06
0.00165646
-5.33989e-05
0.00159339
-0.000105612
0.00148122
-0.000148994
0.00132994
-0.000183098
0.00114861
-0.000207823
0.000945693
-0.00022341
0.000729763
-0.000230405
0.000509408
-0.000229423
0.000291426
-0.000221423
8.34917e-05
-0.000207419
-0.000109395
-0.000188572
-0.00028203
-0.000165975
-0.000431052
-0.000140549
-0.000553724
-0.000113703
-0.000648327
-8.62458e-05
-0.000714509
-5.90962e-05
-0.000752626
-3.31863e-05
-0.000763584
-9.17229e-06
-0.000749548
1.24328e-05
-0.0007133
3.10808e-05
-0.000657096
4.65044e-05
-0.000585055
5.86005e-05
-0.000501094
6.73069e-05
-0.000408569
7.27171e-05
-0.000311293
7.49634e-05
-0.000212557
7.42654e-05
-0.000115622
7.0919e-05
-2.36374e-05
6.53067e-05
6.04051e-05
5.78401e-05
0.000134314
4.8984e-05
0.000196048
3.92223e-05
0.000244283
2.89951e-05
0.000278351
1.8736e-05
0.000298164
8.78501e-06
0.000304079
-5.18819e-07
0.000296721
-8.8516e-06
0.000276762
-1.59033e-05
0.000245247
-2.14198e-05
0.000203954
-2.52197e-05
0.000155142
-2.72442e-05
0.000101554
-2.75088e-05
4.59215e-05
-2.61061e-05
-9.2152e-06
-2.31342e-05
-6.14455e-05
-1.87613e-05
-0.000108278
-1.32314e-05
-0.000147131
-6.85535e-06
-0.000175604
-0.000191694
3.60642e-05
-0.00871577
5.32519e-05
-0.0088469
6.9896e-05
-0.00894514
7.1784e-05
-0.009056
7.61405e-05
-0.00915433
5.37841e-05
-0.00927936
4.96485e-05
-0.00937003
-0.0095107
-0.000536791
0.0039763
-0.00101852
0.00399766
-0.00151549
0.00393701
-0.00197333
0.0038744
-0.00241691
0.00373295
-0.00281836
0.00355686
-0.00319098
0.00332115
-0.00352499
0.00304168
-0.00382816
0.00271469
-0.00409275
0.00234057
-0.00431547
0.00191589
-0.00449583
0.00145429
-0.00464024
0.000961517
-0.00474033
0.00042908
-0.0047991
-0.000134216
-0.00481704
-0.000715936
-0.00479379
-0.00131808
-0.00472981
-0.00193781
-0.00462424
-0.00256555
-0.0044782
-0.0031972
-0.00429324
-0.00382484
-0.00407064
-0.0044431
-0.00381184
-0.0050449
-0.00352072
-0.00562407
-0.00319619
-0.00617223
-0.00284146
-0.0066836
-0.0024635
-0.00714988
-0.00206027
-0.00756274
-0.00164028
-0.00791873
-0.00120541
-0.00820454
-0.000759716
-0.00842412
-0.00030887
-0.00856233
0.000142522
-0.00862402
0.00058918
-0.00859438
0.00102614
-0.00847756
0.00144906
-0.00826848
0.00185063
-0.00796362
0.00222643
-0.00757108
0.0025731
-0.00708515
0.00288373
-0.00651159
0.00315501
-0.00585406
0.00338215
-0.00511693
0.00356298
-0.00430838
0.00369302
-0.00344038
0.00376857
-0.00251873
0.00379015
-0.00155636
0.00375545
-0.000567895
0.00366605
0.000434182
0.00352154
0.00143088
0.00332501
0.00240763
0.00307695
0.0033484
0.00278192
0.00423474
0.0024459
0.00504918
0.00207333
0.00577828
0.00167042
0.00640181
0.00124596
0.00690813
0.000805583
0.00728168
0.000359224
0.00751471
-8.48748e-05
0.00759705
-0.000518242
0.00752013
-0.000929888
0.0072842
-0.00131255
0.00689172
-0.00165842
0.0063449
-0.00195886
0.00565344
-0.0022068
0.00482859
-0.00239641
0.00388757
-0.00252326
0.00285199
-0.00258427
0.00174335
-0.00257735
0.000589871
-0.00250367
-0.00058109
-0.00236433
-0.00173497
-0.00216431
-0.0028417
-0.00190787
-0.00386841
-0.00160433
-0.00478193
-0.00126144
-0.00555658
-0.000889987
-0.00616392
-0.000501761
-0.00658572
-0.000107901
-0.00680271
0.000278432
-0.00680444
0.000645635
-0.0065893
0.000980902
-0.00615882
0.00127373
-0.00552296
0.0015142
-0.00470064
0.00169283
-0.00371748
0.00180419
-0.00260628
0.00184355
-0.00141347
0.00181089
-0.000176608
0.00170855
0.00104517
0.00154212
0.002202
0.00132024
0.00324419
0.00105452
0.00412455
0.000758397
0.00480651
0.000446553
0.0052631
0.000134169
0.00547599
-0.000164275
0.00544216
-0.000435486
0.00517252
-0.000668457
0.00468984
-0.000854383
0.00402384
-0.000988625
0.00321699
-0.0010681
0.00231452
-0.001094
0.00136433
-0.00106868
0.000413796
-0.000998995
-0.000491468
-0.000891509
-0.00131394
-0.000754993
-0.00202146
-0.000598488
-0.00259019
-0.000431746
-0.00300539
-0.000261739
-0.00326337
-9.7767e-05
-0.00336301
5.41225e-05
-0.00331619
0.000188692
-0.0031362
0.000301971
-0.00284328
0.00039131
-0.00245962
0.000455905
-0.00201027
0.000495883
-0.00151985
0.00051242
-0.00101165
0.000507447
-0.000507733
0.000483684
-2.79857e-05
0.00044463
0.000411716
0.000393115
0.000798647
0.000332725
0.00112326
0.000266771
0.00138033
0.000198061
0.00156688
0.00012965
0.00168307
6.43204e-05
0.00173147
2.86801e-06
0.00171791
-5.21288e-05
0.00164839
-9.96727e-05
0.00152877
-0.000138981
0.00136925
-0.000169704
0.00117934
-0.000191793
0.000967781
-0.000205494
0.000743464
-0.000211305
0.000515219
-0.000209906
0.000290027
-0.000202138
7.57241e-05
-0.000189023
-0.00012251
-0.000171376
-0.000299677
-0.000150358
-0.000452071
-0.000127108
-0.000576973
-0.000102344
-0.000673091
-7.719e-05
-0.000739663
-5.25231e-05
-0.000777293
-2.8954e-05
-0.000787153
-7.10557e-06
-0.000771397
1.25863e-05
-0.000732991
2.94414e-05
-0.000673951
4.33268e-05
-0.000598941
5.41549e-05
-0.000511922
6.19116e-05
-0.000416325
6.66554e-05
-0.000316037
6.85309e-05
-0.000214433
6.77365e-05
-0.000114827
6.45533e-05
-2.04542e-05
5.93148e-05
6.56436e-05
5.24159e-05
0.000141213
4.42702e-05
0.000204194
3.53256e-05
0.000253228
2.59918e-05
0.000287685
1.66434e-05
0.000307512
7.6026e-06
0.000313119
-8.4856e-07
0.000305173
-8.4081e-06
0.000284321
-1.48019e-05
0.000251641
-1.97838e-05
0.000208936
-2.31927e-05
0.000158551
-2.49846e-05
0.000103345
-2.51875e-05
4.61244e-05
-2.38724e-05
-1.05303e-05
-2.11384e-05
-6.41795e-05
-1.71357e-05
-0.000112281
-1.20805e-05
-0.000152186
-6.25826e-06
-0.000181427
-0.000197952
4.20373e-05
4.97516e-05
5.89658e-05
5.91573e-05
6.13896e-05
4.30052e-05
3.87813e-05
-0.000486627
-0.000929371
-0.00138164
-0.00181626
-0.00222593
-0.00259908
-0.00294862
-0.00326703
-0.00354984
-0.00379645
-0.00400807
-0.00418101
-0.00431076
-0.00440412
-0.00446091
-0.00447844
-0.0044562
-0.00439567
-0.00429616
-0.00415887
-0.0039854
-0.0037771
-0.00353528
-0.00326205
-0.00295858
-0.00262786
-0.00227302
-0.00189704
-0.00150402
-0.00109735
-0.000681391
-0.000260236
0.000161411
0.000578411
0.000986276
0.00138014
0.00175574
0.00210573
0.00242814
0.00271831
0.00297003
0.00318118
0.00334825
0.00346707
0.00353626
0.0035544
0.00352032
0.00343374
0.00329616
0.00310929
0.00287503
0.00259769
0.00228129
0.00193102
0.00155314
0.00115419
0.000741926
0.000323619
-9.24171e-05
-0.000497154
-0.0008823
-0.0012398
-0.00156236
-0.00184185
-0.00207214
-0.00224788
-0.00236467
-0.00241958
-0.00241131
-0.00234003
-0.00220771
-0.0020186
-0.00177718
-0.00149134
-0.00116966
-0.000821605
-0.000457748
-8.92807e-05
0.000272275
0.000615575
0.000928516
0.00120155
0.00142512
0.001591
0.0016933
0.00172827
0.0016955
0.00159732
0.001439
0.001229
0.000978341
0.00069978
0.000407012
0.000114491
-0.000164294
-0.000417024
-0.000633167
-0.000804698
-0.000927672
-0.00099905
-0.00101997
-0.000994217
-0.000926534
-0.000824283
-0.000695526
-0.000548835
-0.000392576
-0.000235166
-8.35089e-05
5.71806e-05
0.000180885
0.000284556
0.00036596
0.00042413
0.000459657
0.000473427
0.000467725
0.000444542
0.00040732
0.000359085
0.000302893
0.000241866
0.00017875
0.000116205
5.57882e-05
-5.36108e-08
-5.01336e-05
-9.3241e-05
-0.000128787
-0.000156437
-0.000176174
-0.000188221
-0.000193054
-0.000191383
-0.000183916
-0.000171554
-0.000155284
-0.000135964
-0.000114505
-9.19693e-05
-6.90432e-05
-4.64758e-05
-2.50452e-05
-5.28175e-06
1.24463e-05
2.76317e-05
4.01017e-05
4.97981e-05
5.66885e-05
6.08579e-05
6.24261e-05
6.15857e-05
5.85817e-05
5.37293e-05
4.73856e-05
3.99308e-05
3.17684e-05
2.32837e-05
1.47877e-05
6.59117e-06
-1.06543e-06
-7.90537e-06
-1.36762e-05
-1.81669e-05
-2.12298e-05
-2.28206e-05
-2.29674e-05
-2.17479e-05
-1.92445e-05
-1.55941e-05
-1.09905e-05
-5.69139e-06
)
;

boundaryField
{
    freeSurface
    {
        type            calculated;
        value           nonuniform List<scalar> 
181
(
-0.00875781
-0.00885462
-0.00895435
-0.00905619
-0.00915656
-0.00926097
-0.00936581
-0.00947192
0.00446292
0.0044404
0.00438927
0.00430903
0.00414261
0.00393001
0.00367069
0.00336009
0.0029975
0.00258718
0.00212751
0.00162723
0.00109127
0.00052244
-7.74269e-05
-0.000698408
-0.00134032
-0.00199834
-0.00266507
-0.00333449
-0.00399831
-0.0046514
-0.00528671
-0.0058973
-0.0064757
-0.00701432
-0.00750473
-0.00793871
-0.00831175
-0.00861121
-0.00884008
-0.00898348
-0.00904566
-0.00901138
-0.00888542
-0.00866234
-0.00833923
-0.00792107
-0.00740755
-0.00680176
-0.00610578
-0.00532809
-0.00447545
-0.0035592
-0.00258792
-0.0015745
-0.000533814
0.000520763
0.00156846
0.00259449
0.00358266
0.00451208
0.00536559
0.00612855
0.00677969
0.00730708
0.00769395
0.00793302
0.00801309
0.00792487
0.00766934
0.00724923
0.00666746
0.00593292
0.00505889
0.0040633
0.00296879
0.00179826
0.000581601
-0.000652362
-0.0018673
-0.00303081
-0.00410983
-0.00506776
-0.00587826
-0.00651198
-0.00694958
-0.00717117
-0.007166
-0.0069326
-0.00647176
-0.005796
-0.00492421
-0.00388337
-0.00270858
-0.00144844
-0.000143837
0.00114335
0.00236032
0.00345419
0.0043752
0.00508507
0.00555587
0.00576851
0.00572094
0.00542525
0.00490599
0.00419537
0.00333997
0.0023859
0.00138525
0.00038804
-0.000559151
-0.00141619
-0.00215022
-0.00273688
-0.00316165
-0.00342078
-0.00351466
-0.00345688
-0.00325991
-0.00294695
-0.00254102
-0.00206844
-0.00155538
-0.00102542
-0.000502031
-4.80306e-06
0.000448939
0.000846881
0.00117945
0.00144136
0.00163
0.00174562
0.00179188
0.00177375
0.00169847
0.00157187
0.0014048
0.00120699
0.000987519
0.000755511
0.000520052
0.000288355
6.82573e-05
-0.000134872
-0.000315948
-0.00047139
-0.000598432
-0.000695627
-0.000762589
-0.00079986
-0.000808583
-0.00079116
-0.000750719
-0.000689137
-0.000611411
-0.000521618
-0.000423216
-0.000320207
-0.000216001
-0.000113987
-1.74502e-05
7.0496e-05
0.000147557
0.000211649
0.00026139
0.000296169
0.000316008
0.000321316
0.000312829
0.000291161
0.000257412
0.000213426
0.000161613
0.000104936
4.62712e-05
-1.17498e-05
-6.66829e-05
-0.000115931
-0.000156789
-0.000186726
-0.000203644
)
;
    }
    walls
    {
        type            calculated;
        value           uniform 0;
    }
    floatingObject
    {
        type            calculated;
        value           nonuniform List<scalar> 
37
(
0.00701109
0.0070932
0.00717531
0.00725841
0.00734353
0.00742864
0.00751525
0.00760286
0.00769098
0.00778059
0.00787121
0.00796283
0.00805545
0.00814907
0.00824419
0.00833982
0.00843744
0.00853507
0.0086347
0
0
0
0
0
0
0
0
0
0
0
0
0
-1.05879e-22
0
0
0
0
)
;
    }
    frontAndBack
    {
        type            empty;
    }
}


// ************************************************************************* //
