/*--------------------------------*- C++ -*----------------------------------*\
  =========                 |
  \\      /  F ield         | OpenFOAM: The Open Source CFD Toolbox
   \\    /   O peration     | Website:  https://openfoam.org
    \\  /    A nd           | Version:  12
     \\/     M anipulation  |
\*---------------------------------------------------------------------------*/
FoamFile
{
    format      ascii;
    class       surfaceScalarField;
    location    "13.98";
    object      phi;
}
// * * * * * * * * * * * * * * * * * * * * * * * * * * * * * * * * * * * * * //

dimensions      [1 0 -1 0 0 0 0];

internalField   nonuniform List<scalar> 
7429
(
0.000172373
-0.000172372
0.000349273
-0.0001769
0.000528734
-0.00017946
0.000710917
-0.000182182
0.000896048
-0.000185131
0.00108432
-0.000188267
0.00127589
-0.000191575
0.00147091
-0.000195018
0.0016695
-0.000198587
0.00187175
-0.000202248
0.0020777
-0.000205949
0.00228734
-0.000209641
0.00250072
-0.000213384
0.00271772
-0.000216996
0.00293827
-0.000220553
0.00316221
-0.00022394
0.00338934
-0.000227131
0.00361941
-0.000230062
0.00385208
-0.000232668
0.00408695
-0.000234868
0.00432355
-0.0002366
0.00456131
-0.000237761
0.00479959
-0.000238284
0.00503763
-0.000238042
0.00527462
-0.000236985
0.00550957
-0.000234946
0.00574146
-0.000231893
0.00596918
-0.000227718
0.00619152
-0.000222342
0.00640723
-0.000215712
0.00661503
-0.000207794
0.00681354
-0.000198514
0.00700146
-0.000187914
0.00717732
-0.000175865
0.00733977
-0.000162446
0.0074874
-0.000147632
0.00761906
-0.000131657
0.00773381
-0.000114754
0.00783068
-9.68725e-05
0.00790849
-7.78088e-05
0.00796572
-5.72296e-05
0.00800045
-3.47302e-05
0.00801152
-1.10712e-05
0.00799623
1.52938e-05
0.00795362
4.26151e-05
0.00788264
7.09718e-05
0.00778246
0.000100181
0.0076524
0.000130068
0.00749212
0.000160274
0.00730146
0.000190656
0.00708058
0.000220888
0.00682976
0.000250816
0.00654992
0.000279843
0.00624167
0.000308243
0.00590654
0.000335133
0.00554552
0.000361019
0.00516081
0.000384717
0.00475377
0.000407031
0.00432716
0.000426614
0.00388301
0.00044415
0.00342488
0.000458133
0.00295577
0.00046911
0.00247957
0.000476199
0.00200012
0.00047945
0.00152169
0.000478426
0.00104864
0.000473049
0.000585679
0.000462964
0.000137468
0.000448211
-0.000290861
0.000428328
-0.000694518
0.000403658
-0.00106882
0.0003743
-0.00140897
0.000340147
-0.0017105
0.000301532
-0.00196943
0.00025893
-0.0021822
0.000212769
-0.0023453
0.000163107
-0.00245673
0.000111428
-0.00251469
5.79625e-05
-0.00251715
2.45416e-06
-0.00245793
-5.92189e-05
-0.00234253
-0.000115401
-0.0021735
-0.000169027
-0.00195449
-0.00021901
-0.00168888
-0.000265613
-0.00138168
-0.000307199
-0.00103797
-0.000343713
-0.000664903
-0.000373063
-0.000269839
-0.000395064
0.000138641
-0.00040848
0.000551585
-0.000412944
0.000959327
-0.000407742
0.00135187
-0.000392543
0.00171922
-0.000367353
0.00205168
-0.000332453
0.00233972
-0.000288045
0.00257464
-0.000234921
0.00274884
-0.000174194
0.00285621
-0.00010737
0.00289251
-3.63003e-05
0.00284534
4.71727e-05
0.00271808
0.000127255
0.00251445
0.000203631
0.00223887
0.000275577
0.00189738
0.000341489
0.0014975
0.000399888
0.00104953
0.000447966
0.000565521
0.000484009
5.96499e-05
0.000505871
-0.000452031
0.000511681
-0.000953133
0.000501102
-0.00142609
0.000472961
-0.00185412
0.00042803
-0.00222101
0.00036689
-0.00251194
0.000290923
-0.00271475
0.000202809
-0.00282037
0.000105621
-0.00281952
-8.4502e-07
-0.00270375
-0.000115774
-0.0024815
-0.000222247
-0.00216187
-0.000319629
-0.00175601
-0.000405862
-0.00127858
-0.000477429
-0.000748455
-0.000530125
-0.000188467
-0.000559988
0.000375852
-0.000564319
0.000918967
-0.000543114
0.00141392
-0.000494957
0.00183628
-0.000422354
0.00216363
-0.000327352
0.00237836
-0.000214734
0.00246825
-8.98875e-05
0.00241746
5.0795e-05
0.00223056
0.000186895
0.00192118
0.000309382
0.0015047
0.000416484
0.0010036
0.000501097
0.000446115
0.000557484
-0.000134297
0.000580412
-0.0007019
0.000567602
-0.00122067
0.000518769
-0.00165659
0.000435924
-0.00198072
0.000324126
-0.00217119
0.000190468
-0.00221609
4.49033e-05
-0.00209866
-0.000117433
-0.00183799
-0.000260669
-0.00145511
-0.000382882
-0.000978228
-0.000476877
-0.000443277
-0.000534951
0.000106034
-0.000549311
0.000624787
-0.000518753
0.00107027
-0.00044548
0.00140515
-0.000334885
0.0016024
-0.000197244
0.00164771
-4.53144e-05
0.0015274
0.000120312
0.00126612
0.000261278
0.000891911
0.000374209
0.000444168
0.000447742
-3.01497e-05
0.000474318
-0.000477199
0.000447049
-0.000848842
0.000371643
-0.00110332
0.000254474
-0.00121323
0.000109915
-0.00115899
-5.42387e-05
-0.00095128
-0.000207711
-0.000617895
-0.000333386
-0.000198582
-0.000419312
0.000254759
-0.000453341
0.000683078
-0.000428319
0.00103154
-0.000348457
0.00125529
-0.000223752
0.00132574
-7.04524e-05
0.00122596
9.97814e-05
0.000975872
0.000250087
0.000608384
0.000367488
0.000171361
0.000437023
-0.000277785
0.000449145
-0.000680258
0.000402474
-0.00098728
0.000307022
-0.00116611
0.000178834
-0.00120569
3.95805e-05
-0.00111194
-9.3752e-05
-0.000917011
-0.000194932
-0.000662694
-0.000254317
-0.000396461
-0.000266233
-0.000162717
-0.000233744
6.85842e-06
-0.000169576
9.54951e-05
-8.86367e-05
0.000104356
-8.86044e-06
4.85145e-05
5.5841e-05
-4.54383e-05
9.39528e-05
-0.000149183
0.000103745
-0.000236366
8.71823e-05
-0.000289629
5.32629e-05
-0.000299996
1.03671e-05
-0.000266754
-3.3242e-05
-0.000198733
-6.80209e-05
-0.00010599
-9.27431e-05
-0.00010599
0.000207669
-0.00038004
0.00042468
-0.000393911
0.000644712
-0.000399491
0.00086792
-0.000405388
0.00109452
-0.000411729
0.00132482
-0.000418572
0.00155903
-0.000425784
0.00179743
-0.00043341
0.00204016
-0.000441323
0.00228739
-0.000449477
0.00253913
-0.000457684
0.00279547
-0.000465983
0.00305651
-0.000474419
0.00332193
-0.000482416
0.00359109
-0.000489713
0.00386326
-0.000496109
0.0041377
-0.000501568
0.00441369
-0.00050606
0.00469046
-0.000509433
0.00496724
-0.000511648
0.00524317
-0.000512534
0.00551734
-0.000511926
0.00578866
-0.000509602
0.00605598
-0.000505367
0.00631795
-0.000498949
0.00657325
-0.000490243
0.00682021
-0.000478856
0.00705746
-0.000464972
0.00728365
-0.000448527
0.00749803
-0.000430091
0.00769983
-0.00040959
0.00788841
-0.000387093
0.00806295
-0.000362462
0.00822273
-0.000335639
0.0083669
-0.000306614
0.00849461
-0.000275343
0.00860454
-0.000241586
0.0086954
-0.000205617
0.00876588
-0.000167349
0.00881498
-0.000126914
0.00884244
-8.4689e-05
0.00884872
-4.10079e-05
0.00882405
1.35995e-05
0.008766
7.33407e-05
0.00867639
0.000132232
0.00855576
0.000191594
0.00840435
0.000251594
0.00822243
0.000311989
0.00801011
0.000372589
0.00776771
0.000433056
0.00749557
0.000493033
0.00719439
0.000552001
0.00686464
0.000609589
0.00650745
0.000665428
0.0061237
0.000718883
0.00571515
0.000769568
0.00528317
0.000816703
0.00482978
0.000860424
0.00435744
0.000898948
0.00386865
0.000932945
0.00336645
0.000960326
0.00285443
0.000981129
0.00233642
0.000994214
0.00181677
0.000999102
0.00129974
0.000995452
0.000790372
0.000982417
0.000293332
0.000960004
-0.000186043
0.000927587
-0.000642463
0.000884748
-0.00107074
0.000831938
-0.001466
0.00076956
-0.00182293
0.000697072
-0.00213705
0.000615657
-0.00240388
0.000525757
-0.0026196
0.000428488
-0.00278102
0.000324525
-0.00288612
0.000216531
-0.00293227
0.000104108
-0.00291318
-1.66324e-05
-0.00283287
-0.000139526
-0.00269277
-0.0002555
-0.00249504
-0.000366764
-0.00224268
-0.000471364
-0.00193978
-0.000568521
-0.00159137
-0.000655606
-0.00120391
-0.000731168
-0.000784899
-0.000792077
-0.000342764
-0.0008372
0.000113604
-0.000864847
0.000573773
-0.000873114
0.00102708
-0.000861043
0.00146279
-0.000828262
0.00186996
-0.000774525
0.00223796
-0.000700449
0.00255614
-0.000606225
0.00281516
-0.000493942
0.00300681
-0.000365845
0.00312409
-0.00022465
0.00316129
-7.35009e-05
0.00310963
9.88406e-05
0.00297201
0.000264868
0.00275099
0.000424656
0.00245085
0.000575711
0.00207756
0.000714785
0.00163993
0.000837516
0.00114908
0.000938819
0.000619274
0.00101381
6.61817e-05
0.00105896
-0.00049294
0.0010708
-0.00103974
0.0010479
-0.00155526
0.000988476
-0.00202119
0.000893962
-0.0024196
0.000765299
-0.00273429
0.000605613
-0.0029523
0.000420822
-0.00306294
0.000216265
-0.00305489
-8.89703e-06
-0.00292582
-0.000244851
-0.00268233
-0.000465736
-0.00233208
-0.000669876
-0.00188686
-0.000851082
-0.00136383
-0.00100045
-0.000785237
-0.00110872
-0.000174553
-0.00117067
0.000440942
-0.00117981
0.00103112
-0.0011333
0.0015679
-0.00103173
0.00202359
-0.000878042
0.00237369
-0.000677455
0.00260023
-0.000441272
0.00268883
-0.000178483
0.002626
0.000113617
0.00241833
0.000394573
0.00207732
0.000650392
0.00161985
0.000873952
0.00107124
0.0010497
0.000463269
0.00116546
-0.000168273
0.00121195
-0.000783381
0.00118271
-0.00134285
0.00107823
-0.00181002
0.000903102
-0.00215365
0.000667748
-0.00234987
0.000386689
-0.00238436
7.9397e-05
-0.00224797
-0.000253825
-0.00195738
-0.000551257
-0.00153403
-0.000806234
-0.00101001
-0.0010009
-0.000426595
-0.00111837
0.000170822
-0.00114673
0.000731131
-0.00107906
0.0012079
-0.000922248
0.00156171
-0.000688695
0.00176252
-0.000398057
0.00179472
-7.75127e-05
0.00165192
0.000263117
0.00135642
0.000556771
0.000938981
0.00079165
0.000443658
0.000943066
-7.69576e-05
0.000994933
-0.000564976
0.000935068
-0.000967119
0.000773786
-0.00123923
0.000526588
-0.00135134
0.000222023
-0.00128534
-0.000120239
-0.00105477
-0.000438281
-0.00068772
-0.000700437
-0.000229379
-0.000877653
0.000263372
-0.000946092
0.000726244
-0.000891191
0.00110004
-0.000722258
0.00133694
-0.000460652
0.00140705
-0.00014056
0.00129636
0.000210471
0.0010258
0.000520648
0.000631733
0.000761557
0.000167727
0.000901029
-0.000304102
0.000920973
-0.000720536
0.000818908
-0.00103061
0.000617097
-0.00120105
0.000349274
-0.00122142
5.995e-05
-0.00110333
-0.000211844
-0.000881759
-0.000416501
-0.000603632
-0.000532444
-0.000320609
-0.000549256
-7.91347e-05
-0.000475218
8.83274e-05
-0.000337038
0.000165644
-0.000165953
0.000156665
1.18288e-07
8.22347e-05
0.000130272
-2.86846e-05
0.000204872
-0.000144976
0.000220036
-0.000239009
0.000181215
-0.000294001
0.000108256
-0.000302615
1.89807e-05
-0.000267362
-6.84951e-05
-0.000197767
-0.000137615
-0.000104915
-0.000185596
-0.000210905
9.46335e-05
-0.000474673
0.000191667
-0.000490944
0.000289634
-0.000497457
0.000388678
-0.000504431
0.000488862
-0.000511912
0.000590794
-0.000520503
0.000694853
-0.000529842
0.000802751
-0.000541306
0.000915574
-0.000554145
0.00103396
-0.000567861
0.00115722
-0.000580945
0.00128546
-0.000594218
0.00141827
-0.000607232
0.00155628
-0.000620422
0.0017015
-0.000634933
0.00185533
-0.000649943
0.00201888
-0.000665114
0.00219278
-0.00067996
0.00237749
-0.000694142
0.00257324
-0.000707399
0.00278009
-0.00071938
0.00299791
-0.000729742
0.00322614
-0.000737828
0.00346433
-0.000743559
0.00371127
-0.000745894
0.00396609
-0.000745057
0.00422716
-0.000739931
0.00449319
-0.000731
0.00476168
-0.000717009
0.00503004
-0.00069845
0.00529532
-0.000674876
0.00555489
-0.000646662
0.00580615
-0.000613722
0.00604663
-0.000576116
0.0062739
-0.000533881
0.00648731
-0.000488761
0.0066875
-0.000441767
0.00687264
-0.000390761
0.0070396
-0.000334305
0.00718713
-0.000274444
0.00731067
-0.000208233
0.00740504
-0.000135376
0.00747804
-5.93973e-05
0.0075243
2.70726e-05
0.00754031
0.000116226
0.00752322
0.000208686
0.00747084
0.000303972
0.00738163
0.000401196
0.0072545
0.000499718
0.00708865
0.000598912
0.00688401
0.000697669
0.00664046
0.000795554
0.00635833
0.000891711
0.00603839
0.000985375
0.00568162
0.00107565
0.00528926
0.00116193
0.00486337
0.00124259
0.00440672
0.00131707
0.00392241
0.00138326
0.00341414
0.00144122
0.00288575
0.00148871
0.00234195
0.00152493
0.00178745
0.00154871
0.00122771
0.00155885
0.000668101
0.00155506
0.000114624
0.00153589
-0.00042653
0.00150116
-0.000948829
0.00144989
-0.00144615
0.00138207
-0.00191178
0.00129757
-0.00233966
0.00119744
-0.00272386
0.00108127
-0.00305801
0.000949806
-0.00333784
0.000805585
-0.00355821
0.000648863
-0.00371517
0.000481484
-0.00380494
0.000306307
-0.0038265
0.000125665
-0.00376931
-7.38271e-05
-0.00364241
-0.000266426
-0.00344561
-0.000452298
-0.00318185
-0.000630527
-0.00285368
-0.000799526
-0.00246656
-0.000955641
-0.00202582
-0.00109635
-0.00154002
-0.00121697
-0.00101793
-0.00131417
-0.000469804
-0.00138533
9.24472e-05
-0.0014271
0.000657567
-0.00143823
0.00121297
-0.00141645
0.00174569
-0.00136098
0.00224223
-0.00127106
0.00268945
-0.00114767
0.00307534
-0.000992112
0.00338882
-0.000807425
0.0036199
-0.000596924
0.00375969
-0.000364439
0.0038017
-0.000115512
0.00373841
0.000162125
0.00357276
0.000430521
0.00330685
0.000690568
0.0029452
0.000937357
0.00249464
0.00116535
0.00196692
0.00136524
0.00137621
0.00152953
0.000738834
0.00165119
7.34404e-05
0.00172436
-0.000597892
0.00174214
-0.00125317
0.00170318
-0.00187091
0.00160622
-0.00242648
0.00144953
-0.00289981
0.00123863
-0.00327259
0.000978388
-0.00352693
0.000675167
-0.00365163
0.000340966
-0.003633
-2.75331e-05
-0.0034729
-0.000404947
-0.0031761
-0.000762533
-0.00275131
-0.00109467
-0.00221336
-0.00138903
-0.00158286
-0.00163095
-0.000886201
-0.00180538
-0.000152687
-0.00190419
0.000582008
-0.00191451
0.00128446
-0.00183575
0.00192012
-0.00166739
0.00245722
-0.00141515
0.00286768
-0.00108791
0.00312577
-0.000699368
0.00321695
-0.000269653
0.00313035
0.000200215
0.00287285
0.000652072
0.00245639
0.00106685
0.00190195
0.00142839
0.00124137
0.00171028
0.000511708
0.00189512
-0.000242409
0.00196607
-0.00097276
0.00191306
-0.00163244
0.00173791
-0.00217808
0.00144875
-0.00257246
0.00106212
-0.00278879
0.000603014
-0.00281188
0.000102493
-0.00263291
-0.0004328
-0.00227217
-0.000911995
-0.00175472
-0.00132368
-0.00112062
-0.001635
-0.000419682
-0.0018193
0.000290806
-0.00185722
0.00095151
-0.00173977
0.0015079
-0.00147864
0.00191219
-0.00109298
0.00213139
-0.000617265
0.00214736
-9.34823e-05
0.00195621
0.000454266
0.00158453
0.000928454
0.00107021
0.00130597
0.000466896
0.00154638
-0.000160692
0.00162252
-0.00074383
0.00151821
-0.00121955
0.00124951
-0.00153544
0.00084248
-0.00165663
0.000343211
-0.00156632
-0.000210544
-0.00128187
-0.000722732
-0.000836312
-0.001146
-0.000285518
-0.00142845
0.000301822
-0.00153343
0.000848668
-0.00143804
0.00128552
-0.00115911
0.00155652
-0.000731657
0.00162874
-0.000212775
0.00149144
0.000347765
0.00116815
0.000843942
0.000705194
0.00122451
0.000166995
0.00143923
-0.000371497
0.00145947
-0.000837305
0.00128472
-0.00117158
0.000951373
-0.00133852
0.000516212
-0.00132975
5.1177e-05
-0.00116478
-0.000376812
-0.000886818
-0.000694463
-0.000553355
-0.000865906
-0.000225841
-0.000876771
4.21923e-05
-0.000743251
0.000214385
-0.00050923
0.000277767
-0.000229335
0.000241458
3.6427e-05
0.000132686
0.000239043
-1.13094e-05
0.000348868
-0.000153029
0.000361756
-0.000262423
0.00029061
-0.000321788
0.00016762
-0.000327222
2.44148e-05
-0.000285144
-0.000110573
-0.000208125
-0.000214634
-0.000109302
-0.000284418
-0.000320207
0.000141737
-0.000616409
0.000296136
-0.000645342
0.000458465
-0.000659786
0.000631588
-0.000677553
0.000817023
-0.000697345
0.00101774
-0.000721222
0.00123271
-0.000744806
0.00146454
-0.000773142
0.00170796
-0.000797564
0.00196335
-0.000823249
0.0022276
-0.000845187
0.0024998
-0.00086642
0.00277626
-0.000883687
0.0030558
-0.000899962
0.00333724
-0.00091638
0.00362122
-0.000933921
0.00390848
-0.000952375
0.00420011
-0.000971584
0.00449704
-0.000991071
0.00480115
-0.00101151
0.00511273
-0.00103096
0.00543201
-0.00104902
0.00575719
-0.00106301
0.00608778
-0.00107416
0.00641952
-0.00107763
0.0067508
-0.00107634
0.00707378
-0.00106291
0.0073871
-0.00104431
0.0076807
-0.00101061
0.00795823
-0.000975987
0.008218
-0.000934647
0.00846279
-0.000891451
0.00869175
-0.000842676
0.00890485
-0.00078922
0.0091013
-0.000730324
0.00927838
-0.000665842
0.0094325
-0.000595892
0.0095619
-0.000520156
0.00966621
-0.00043862
0.00974328
-0.000351508
0.00979402
-0.000258979
0.0098196
-0.000160957
0.00982011
-5.99016e-05
0.00976544
8.17443e-05
0.00966871
0.000212957
0.00953325
0.000344139
0.00935998
0.000477248
0.00914951
0.000611666
0.00890088
0.000748342
0.00861444
0.000885356
0.00828925
0.00102286
0.00792528
0.00115953
0.0075224
0.00129459
0.00708036
0.00142741
0.00660104
0.00155497
0.00608537
0.00167761
0.00553594
0.00179202
0.00495462
0.00189839
0.00434489
0.00199299
0.00371035
0.00207576
0.00305633
0.00214273
0.00238732
0.00219394
0.00170923
0.0022268
0.00102826
0.00223982
0.000350802
0.00223251
-0.000316128
0.00220282
-0.000965572
0.0021506
-0.0015902
0.00207451
-0.0021822
0.00197407
-0.0027336
0.00184897
-0.00323792
0.00170176
-0.00368713
0.00153048
-0.00407408
0.00133676
-0.00439382
0.00112532
-0.00463976
0.000894805
-0.0048062
0.000647928
-0.00488972
0.000389824
-0.00488701
0.000122953
-0.0047958
-0.000165035
-0.00462048
-0.000441745
-0.00436022
-0.000712563
-0.0040175
-0.000973239
-0.0035965
-0.00122053
-0.00310364
-0.0014485
-0.00254765
-0.00165233
-0.00193704
-0.00182758
-0.00128386
-0.00196735
-0.000600667
-0.00206852
9.96295e-05
-0.00212739
0.000801727
-0.00214033
0.00149004
-0.00210476
0.00214809
-0.00201903
0.00275953
-0.00188251
0.00330996
-0.0016981
0.00378388
-0.00146603
0.00416762
-0.00119117
0.00444862
-0.000877921
0.00461645
-0.000532273
0.00466366
-0.000162716
0.00458365
0.000242127
0.00437876
0.00063541
0.00405045
0.00101888
0.00360427
0.00138354
0.00304995
0.00171966
0.00240084
0.00201435
0.00167449
0.00225588
0.000892258
0.00243342
7.66423e-05
0.00253997
-0.000745506
0.00256428
-0.00154759
0.00250526
-0.00229951
0.00235814
-0.00297628
0.0021263
-0.00355106
0.00181341
-0.0039983
0.00142563
-0.00429987
0.000976741
-0.00444081
0.000481905
-0.0044091
-5.92425e-05
-0.00420623
-0.000607821
-0.00383682
-0.00113195
-0.00331058
-0.00162091
-0.00264681
-0.0020528
-0.00187283
-0.00240493
-0.00101827
-0.00265994
-0.000123998
-0.00279846
0.000771147
-0.00280965
0.00162419
-0.00268879
0.00239373
-0.00243694
0.00303758
-0.002059
0.00352393
-0.00157426
0.00382548
-0.00100092
0.00392419
-0.000368357
0.00380343
0.000320966
0.00347708
0.000978428
0.00295751
0.00158642
0.0022718
0.0021141
0.00145776
0.00252432
0.000565984
0.0027869
-0.000349778
0.00288183
-0.00123265
0.00279594
-0.00202569
0.00253095
-0.0026757
0.00209875
-0.00313826
0.00152469
-0.00338042
0.000845175
-0.00338291
0.000104982
-0.00314913
-0.000666577
-0.00269377
-0.00136736
-0.0020506
-0.00196685
-0.00126942
-0.00241617
-0.000412667
-0.00267606
0.000449631
-0.00271951
0.00124571
-0.00253585
0.00190854
-0.00214147
0.00238091
-0.00156534
0.0026229
-0.000859263
0.00261502
-8.55929e-05
0.00235995
0.000709331
0.00188679
0.00140161
0.00124311
0.00194966
0.000497289
0.00229219
-0.000272476
0.00239229
-0.000981525
0.00222725
-0.00155352
0.0018215
-0.00192563
0.00121459
-0.00205867
0.000476256
-0.00193536
-0.00033386
-0.00157607
-0.00108202
-0.00102491
-0.00169715
-0.00035078
-0.00210258
0.000361967
-0.00224618
0.00101992
-0.00209599
0.00153976
-0.00167895
0.00185595
-0.00104784
0.00192915
-0.000285981
0.00175333
0.000523585
0.00135761
0.00123967
0.00080024
0.00178187
0.00016085
0.00207862
-0.000468306
0.00208862
-0.00100072
0.00181713
-0.0013693
0.00131995
-0.00153458
0.000681489
-0.0014868
3.39902e-06
-0.00126054
-0.000603065
-0.000908047
-0.00104696
-0.000501476
-0.00127248
-0.000115347
-0.0012629
0.000186996
-0.00104559
0.000366397
-0.00068863
0.000411748
-0.000274687
0.000339656
0.000108519
0.000186904
0.000391795
1.13074e-07
0.000535659
-0.000172615
0.000534483
-0.000299439
0.000417435
-0.000362927
0.000231108
-0.000362068
2.35552e-05
-0.000309899
-0.000162742
-0.000222344
-0.000302189
-0.000115323
-0.000391439
-0.000435529
9.3396e-05
-0.000709804
0.000195095
-0.000747041
0.000296455
-0.000761145
0.00039722
-0.000778317
0.000496444
-0.000796568
0.000604134
-0.000828912
0.000696926
-0.000837597
0.000771485
-0.000847701
0.000794659
-0.000820737
0.00078496
-0.000813549
0.000751111
-0.000811337
0.000712797
-0.000828106
0.000680864
-0.000851753
0.000667086
-0.000886183
0.000678357
-0.000927651
0.00072067
-0.000976233
0.000797489
-0.00102919
0.000911446
-0.00108554
0.00106279
-0.00114241
0.00124988
-0.00119861
0.00147052
-0.00125159
0.00172714
-0.00130564
0.00201704
-0.0013529
0.00234116
-0.00139828
0.00269312
-0.00142959
0.00307431
-0.00145753
0.00347011
-0.00145872
0.0038841
-0.0014583
0.0042947
-0.00142121
0.00470432
-0.0013856
0.00510609
-0.00133642
0.00549847
-0.00128383
0.00587978
-0.00122399
0.00624904
-0.00115848
0.00660564
-0.00108692
0.00694774
-0.00100795
0.00727316
-0.000921312
0.00757798
-0.000824973
0.00785937
-0.000720005
0.00811245
-0.000604591
0.00833173
-0.000478259
0.00851109
-0.00034032
0.00864563
-0.00019444
0.00875715
-2.97733e-05
0.00882674
0.000143367
0.00884898
0.000321899
0.00882027
0.000505952
0.00873795
0.000693993
0.00860049
0.000885801
0.00840626
0.00107958
0.00815511
0.00127401
0.00784604
0.0014686
0.00748023
0.0016604
0.00705868
0.00184897
0.00658232
0.00203132
0.00605397
0.00220597
0.00547754
0.00236845
0.00485691
0.00251901
0.00419691
0.00265299
0.00350169
0.00277098
0.00277819
0.00286623
0.00203227
0.00293986
0.00127123
0.00298784
0.000503062
0.00300799
-0.000264073
0.00299965
-0.00102094
0.00295969
-0.00175906
0.00288873
-0.00246884
0.0027843
-0.00314151
0.00264674
-0.00376756
0.00247502
-0.00433775
0.00227195
-0.0048428
0.00203553
-0.00527435
0.0017683
-0.0056257
0.00147667
-0.00588753
0.00115663
-0.00605828
0.00081868
-0.00613234
0.000463887
-0.00610182
9.24345e-05
-0.00596528
-0.000301579
-0.0057271
-0.000679929
-0.00538816
-0.0010515
-0.00495127
-0.00141013
-0.00442229
-0.00174951
-0.00380825
-0.00206254
-0.00311894
-0.00234164
-0.00236687
-0.00257965
-0.00156496
-0.00276926
-0.000728109
-0.00290537
0.000127557
-0.00298306
0.00098279
-0.00299557
0.00181936
-0.00294132
0.00261761
-0.00281728
0.00335909
-0.00262399
0.00402491
-0.00236392
0.00459688
-0.002038
0.00505761
-0.00165189
0.00539288
-0.00121319
0.00559047
-0.000729864
0.00564253
-0.000214775
0.00554213
0.00034253
0.00529021
0.000887329
0.00488833
0.00142076
0.00434393
0.00192793
0.00366906
0.00239454
0.00288123
0.00280217
0.00200165
0.00313546
0.001053
0.00338207
6.84574e-05
0.00352451
-0.000922925
0.00355567
-0.00188748
0.00346981
-0.00279289
0.00326356
-0.00360233
0.00293574
-0.00428865
0.00249973
-0.00482112
0.0019581
-0.00517851
0.00133414
-0.00534128
0.000644671
-0.00529258
-0.000107945
-0.00503926
-0.000861143
-0.00458419
-0.00158701
-0.00394125
-0.00226384
-0.00313325
-0.0028608
-0.00219327
-0.00334492
-0.00116321
-0.00368999
-8.2383e-05
-0.00387929
0.000994137
-0.00388617
0.00201569
-0.00371034
0.00293408
-0.00335533
0.00370096
-0.00282588
0.00427301
-0.00214631
0.00461906
-0.00134697
0.00471547
-0.000464761
0.00455861
0.000477827
0.0041515
0.00138554
0.00351259
0.00222533
0.00267771
0.00294898
0.00169582
0.00350621
0.000622518
0.00386021
-0.000478858
0.00398321
-0.00153493
0.00385201
-0.00247703
0.00347304
-0.00324349
0.00286521
-0.00378079
0.00206199
-0.004052
0.00111638
-0.00403307
8.60509e-05
-0.00372946
-0.000970184
-0.00316308
-0.00193375
-0.00237505
-0.00275487
-0.00142699
-0.00336423
-0.000393969
-0.00370908
0.000638148
-0.00375163
0.00158382
-0.00348152
0.00236398
-0.00292163
0.00291261
-0.00211396
0.0031796
-0.00112626
0.00313848
-4.44765e-05
0.00281025
0.00103757
0.002221
0.00199085
0.00143091
0.00273975
0.000523999
0.00319911
-0.000405497
0.00332178
-0.00125476
0.00307651
-0.00193371
0.00250045
-0.00236702
0.00164789
-0.00250757
0.000616809
-0.00234468
-0.000496748
-0.00189947
-0.00152724
-0.0012278
-0.00236881
-0.00041322
-0.00291717
0.000440379
-0.00309978
0.00122179
-0.00287739
0.00183232
-0.00228948
0.00219529
-0.00141081
0.00226555
-0.000356241
0.00204324
0.000745896
0.00156289
0.00172001
0.000897342
0.00244743
0.000144541
0.00283142
-0.000586075
0.00281924
-0.00119254
0.0024236
-0.00159639
0.0017238
-0.00175477
0.000839867
-0.00166502
-8.63541e-05
-0.00136716
-0.000900925
-0.000930289
-0.00148383
-0.000441917
-0.00176085
7.64829e-06
-0.00171247
0.000346132
-0.00138408
0.00053017
-0.000872668
0.000552765
-0.000297282
0.000438904
0.00022238
0.000236624
0.000594076
3.76974e-06
0.000768513
-0.000201648
0.000739901
-0.00034522
0.000561006
-0.000410301
0.00029619
-0.000400351
1.36045e-05
-0.00033492
-0.000228173
-0.000235426
-0.000401683
-0.000120343
-0.000506523
-0.000555872
-0.000180654
-0.00052915
-0.000342398
-0.000585296
-0.000457775
-0.000645767
-0.000499498
-0.000736594
-0.000448766
-0.000847299
-0.00028253
-0.000995147
-1.8911e-05
-0.00110122
0.000401286
-0.0012679
0.000818854
-0.0012383
0.00125929
-0.00125398
0.00166269
-0.00121474
0.00202366
-0.00118907
0.00233069
-0.00115878
0.00258703
-0.00114252
0.00279944
-0.00114006
0.00297878
-0.00115558
0.00313811
-0.00118852
0.00329332
-0.00124074
0.00345894
-0.00130803
0.0036555
-0.00139517
0.00389945
-0.00149553
0.00420653
-0.00161273
0.0045749
-0.00172127
0.00501471
-0.00183809
0.00549741
-0.00191228
0.0060378
-0.00199792
0.00656524
-0.00198616
0.00714323
-0.00203629
0.00763008
-0.00190806
0.00809905
-0.00185457
0.00850881
-0.00174618
0.00888731
-0.00166233
0.00922899
-0.00156567
0.00953983
-0.00146932
0.00982
-0.00136708
0.0100703
-0.00125824
0.010291
-0.00114198
0.0104837
-0.0010177
0.0106453
-0.000881628
0.0107763
-0.000735553
0.0108785
-0.000580494
0.0109464
-0.00040822
0.0109827
-0.000230731
0.0109713
-1.83822e-05
0.0109023
0.000212389
0.0107873
0.00043689
0.0106268
0.000666396
0.0104181
0.00090275
0.0101595
0.00114438
0.00984751
0.00139158
0.00948016
0.00164136
0.00905719
0.00189158
0.00857642
0.00214116
0.00803956
0.00238583
0.00744714
0.00262374
0.00680094
0.00285216
0.00610413
0.00306527
0.00535968
0.00326346
0.00457346
0.00343922
0.00375089
0.00359355
0.00289824
0.00371888
0.00202269
0.00381541
0.00113284
0.00387768
0.000237473
0.00390336
-0.000654274
0.0038914
-0.00153311
0.00383853
-0.00238815
0.00374377
-0.00320984
0.00360598
-0.00398498
0.00342187
-0.00470343
0.00319347
-0.00535528
0.00292381
-0.0059317
0.00261194
-0.00642182
0.00225843
-0.0068134
0.00186825
-0.00710657
0.00144981
-0.00728387
0.000995973
-0.00734903
0.000529054
-0.00728664
3.00402e-05
-0.00711129
-0.000476928
-0.00681567
-0.00097555
-0.00640096
-0.00146621
-0.00587122
-0.00193988
-0.00523382
-0.0023869
-0.00449805
-0.00279832
-0.00367473
-0.00316496
-0.00277795
-0.00347644
-0.00182424
-0.00372297
-0.000830606
-0.003899
0.000182826
-0.00399649
0.00119391
-0.00400665
0.00218134
-0.00392876
0.00312296
-0.0037589
0.00399586
-0.00349689
0.0047781
-0.00314615
0.00544801
-0.00270792
0.00598571
-0.00218959
0.00637446
-0.00160194
0.00660075
-0.000956147
0.0066565
-0.000270523
0.00653276
0.000466261
0.00622989
0.0011902
0.00575133
0.00189933
0.00510503
0.00257423
0.00430551
0.00319406
0.0033712
0.00373649
0.00232909
0.00417757
0.00121331
0.00449785
5.26572e-05
0.00468517
-0.00111595
0.00472428
-0.00225104
0.0046049
-0.00331196
0.00432447
-0.00426357
0.00388734
-0.00506282
0.00329898
-0.00567974
0.00257502
-0.00608734
0.00174173
-0.00626347
0.000820801
-0.00619754
-0.000173879
-0.0058901
-0.00116858
-0.00534469
-0.00213243
-0.0045788
-0.00302973
-0.00362259
-0.00381701
-0.0025145
-0.004453
-0.00129547
-0.00490903
-2.80839e-05
-0.00514667
0.00123357
-0.00514783
0.00243056
-0.00490733
0.00349794
-0.0044227
0.00438587
-0.00371381
0.00504519
-0.00280563
0.0054345
-0.00173628
0.00553522
-0.000565478
0.00533312
0.000679919
0.004839
0.00187966
0.00407547
0.00298887
0.00308611
0.00393834
0.00192299
0.00466933
0.000656345
0.00512685
-0.000630401
0.00526995
-0.00186204
0.00508365
-0.00295481
0.00456582
-0.00383733
0.00374773
-0.0044474
0.00267206
-0.00474142
0.00141041
-0.00469289
3.75192e-05
-0.00432034
-0.00134273
-0.00363723
-0.00261686
-0.0026989
-0.0036932
-0.0015776
-0.00448553
-0.000364361
-0.00492232
0.000842766
-0.00495876
0.00194185
-0.00458061
0.00283939
-0.00381918
0.00345954
-0.00273411
0.00375038
-0.0014171
0.00367781
2.80941e-05
0.00326866
0.00144671
0.00255502
0.0027045
0.00161244
0.00368233
0.000539981
0.00427157
-0.00055307
0.00441483
-0.00154446
0.0040679
-0.00232836
0.00328435
-0.00282121
0.00214075
-0.00296935
0.000764941
-0.00276071
-0.000705384
-0.00222256
-0.00206539
-0.00142453
-0.00316685
-0.00046708
-0.00387461
0.000529984
-0.00409684
0.00143567
-0.00378307
0.00213579
-0.00298961
0.00254183
-0.00181684
0.00260846
-0.000422875
0.00233364
0.00102071
0.00176362
0.00229003
0.000985943
0.00322511
0.000115903
0.00370146
-0.000715923
0.00365106
-0.00139451
0.00310218
-0.00183203
0.00216132
-0.00198019
0.000988031
-0.00184278
-0.000223766
-0.0014689
-0.00127481
-0.000944347
-0.00200838
-0.000374022
-0.00233117
0.000138294
-0.00222478
0.000510014
-0.0017558
0.000695009
-0.00105766
0.000690239
-0.000292512
0.000530908
0.000381711
0.000277294
0.00084769
-7.63319e-07
0.00104657
-0.000237567
0.000976705
-0.000395128
0.000718566
-0.00045828
0.000359342
-0.000436539
-8.13647e-06
-0.000356048
-0.000308664
-0.000244298
-0.000513433
-0.000122596
-0.000628225
-0.000678468
-1.71793e-05
-0.00051197
1.71297e-05
-0.000619604
0.000154078
-0.000782715
0.000463365
-0.00104588
0.00102575
-0.00140968
0.0018861
-0.0018555
0.00286478
-0.00207989
0.00368073
-0.00208384
0.0034228
-0.000980375
0.0027089
-0.000540086
0.00181307
-0.000318903
0.000935628
-0.000311633
0.000133284
-0.00035644
-0.000553548
-0.000455688
-0.00109922
-0.00059439
-0.00148707
-0.000767729
-0.00171212
-0.000963468
-0.00178349
-0.00116937
-0.00171548
-0.00137605
-0.00153127
-0.00157938
-0.00126395
-0.00176285
-0.000899891
-0.00197679
-0.000463213
-0.00215795
7.32297e-05
-0.00237453
0.00068909
-0.00252814
0.00145786
-0.0027667
0.00231868
-0.00284697
0.00338393
-0.00310154
0.00424126
-0.00276539
0.00496253
-0.00257584
0.00558588
-0.00236953
0.00614188
-0.00221833
0.0066521
-0.00207589
0.00712718
-0.00194439
0.00757893
-0.00181884
0.00801075
-0.00169006
0.00842414
-0.00155537
0.00881667
-0.00141022
0.00918312
-0.00124808
0.00951855
-0.00107098
0.00981421
-0.000876155
0.0100686
-0.000662645
0.0102662
-0.000428335
0.010421
-0.000173161
0.0105328
0.000100628
0.0105819
0.000387809
0.010563
0.000685302
0.0104709
0.000994803
0.0103061
0.00130921
0.0100651
0.00163256
0.00974754
0.00195891
0.00935411
0.002285
0.00888591
0.00260937
0.00834321
0.00292853
0.0077294
0.00323756
0.00704733
0.00353423
0.00630213
0.00381047
0.00549888
0.0040667
0.00464346
0.00429463
0.00374193
0.00449509
0.00280335
0.00465746
0.00183636
0.0047824
0.000850301
0.00486374
-0.000144432
0.00489809
-0.00113804
0.00488501
-0.00211625
0.00481674
-0.00307
0.00469751
-0.00398303
0.00451901
-0.00484562
0.00428446
-0.00564503
0.00399288
-0.00636906
0.00364785
-0.00700372
0.0032466
-0.00753953
0.00279423
-0.00796922
0.00229795
-0.00827896
0.00175955
-0.00846324
0.00118025
-0.00851667
0.00058249
-0.0084299
-5.67331e-05
-0.00821162
-0.000695205
-0.00785516
-0.00133202
-0.00736378
-0.00195758
-0.00674257
-0.00256109
-0.00599838
-0.0031311
-0.00514361
-0.00365308
-0.00418992
-0.00411865
-0.00315422
-0.00451214
-0.00205468
-0.0048225
-0.000911099
-0.00504258
0.000253355
-0.00516095
0.00141377
-0.00516706
0.00254586
-0.00506084
0.0036238
-0.00483684
0.00462144
-0.00449453
0.00551383
-0.00403854
0.00627581
-0.0034699
0.00688643
-0.00280021
0.00732539
-0.0020409
0.00757777
-0.00120853
0.00763604
-0.000328788
0.00748767
0.000614631
0.00713346
0.0015444
0.00657695
0.00245584
0.00582791
0.00332326
0.0049056
0.00411638
0.00383432
0.00480777
0.00264062
0.00537127
0.00135689
0.00578158
2.3233e-05
0.00601882
-0.00131312
0.00606063
-0.00260821
0.0059
-0.00382142
0.00553768
-0.0049006
0.00496653
-0.00581125
0.00420963
-0.00651133
0.00327511
-0.00696579
0.00219619
-0.00715697
0.00101198
-0.0070726
-0.000258251
-0.00670947
-0.00153171
-0.00607439
-0.0027675
-0.0051885
-0.00391562
-0.00408624
-0.00491927
-0.00280728
-0.00573196
-0.00141701
-0.0062993
3.67863e-05
-0.00660047
0.00147728
-0.00658833
0.00283885
-0.0062689
0.00405246
-0.00563632
0.00505306
-0.0047144
0.00579015
-0.00354273
0.00622291
-0.00216905
0.00631521
-0.000657772
0.00606789
0.000927238
0.005488
0.00245955
0.00460403
0.00387284
0.00346148
0.00508089
0.00212536
0.00600544
0.000684366
0.00656784
-0.000787663
0.00674198
-0.00218511
0.00648109
-0.00342057
0.00580129
-0.00440963
0.00473678
-0.00508603
0.00334846
-0.00540382
0.0017282
-0.00532993
-3.63641e-05
-0.00488142
-0.00179125
-0.00408372
-0.00341456
-0.00299789
-0.00477904
-0.00171104
-0.00577239
-0.000323804
-0.00630955
0.00105252
-0.00633508
0.00229735
-0.00582544
0.00330543
-0.00482726
0.00399123
-0.00341991
0.00429393
-0.0017198
0.00419313
0.000128897
0.00370057
0.00193928
0.00286481
0.00354025
0.00177432
0.00477282
0.000540188
0.0055057
-0.000706349
0.00566137
-0.00183136
0.00519292
-0.00271404
0.00416703
-0.00326091
0.00268762
-0.0034092
0.000913237
-0.00315424
-0.000960349
-0.00252559
-0.00269403
-0.00160389
-0.00408855
-0.000506736
-0.00497177
0.000626059
-0.00522964
0.00164801
-0.00480503
0.00243067
-0.00377227
0.00287642
-0.00226259
0.00293076
-0.000477208
0.00260342
0.00134805
0.0019448
0.00294866
0.00105805
0.00411185
7.50939e-05
0.00468442
-0.000849542
0.0045757
-0.00159385
0.00384649
-0.00205774
0.00262521
-0.00219227
0.00112256
-0.00200478
-0.000411251
-0.00155545
-0.00172414
-0.000945936
-0.00261789
-0.000297525
-0.00297959
0.000271488
-0.00279379
0.000669985
-0.0021543
0.000851089
-0.00123877
0.000815971
-0.000257394
0.000610034
0.000587648
0.000306504
0.00115122
-1.35733e-05
0.00136665
-0.000278557
0.00124169
-0.000445593
0.000885603
-0.000502634
0.000416383
-0.000466941
-4.38299e-05
-0.000370737
-0.000404868
-0.000248168
-0.000636001
-0.000122208
-0.000754185
-0.000800676
-0.00226068
0.00174871
-0.00455448
0.0016742
-0.00660369
0.0012665
-0.00798734
0.000337765
-0.00830494
-0.00109208
-0.0072206
-0.00293985
-0.00458868
-0.00471181
-0.000858391
-0.00581413
0.000533471
-0.00237224
0.00124974
-0.00125636
0.00160043
-0.000669587
0.00182295
-0.000534152
0.00191472
-0.000448213
0.00191769
-0.000458662
0.00186475
-0.000541443
0.00177499
-0.000677976
0.00166386
-0.000852331
0.00155234
-0.00105785
0.00147087
-0.00129457
0.00144569
-0.00155421
0.00152144
-0.00183859
0.00176157
-0.00221692
0.00218593
-0.00258231
0.00286651
-0.0030551
0.00375842
-0.00342006
0.00498147
-0.00398974
0.00629416
-0.00415966
0.00801258
-0.00481995
0.00869661
-0.00344943
0.00924973
-0.00312896
0.00950249
-0.00262229
0.00971682
-0.00243265
0.00989888
-0.00225796
0.0101015
-0.00214699
0.0103196
-0.00203693
0.0105406
-0.00191104
0.0107677
-0.00178253
0.0109839
-0.0016264
0.011193
-0.00145718
0.0113898
-0.00126779
0.0115564
-0.00104276
0.0117007
-0.000806991
0.0118148
-0.000542395
0.0118842
-0.000242571
0.0118858
9.89977e-05
0.0118337
0.000439922
0.0117259
0.000793112
0.0115575
0.00116324
0.0113188
0.0015479
0.01101
0.00194131
0.0106265
0.00234242
0.0101656
0.00274588
0.00962655
0.00314847
0.00901077
0.0035443
0.00832071
0.00392762
0.00755836
0.00429658
0.00672771
0.00464112
0.00583409
0.00496033
0.00488459
0.00524413
0.00388618
0.00549351
0.00284732
0.00569632
0.00177778
0.00585193
0.000688196
0.00595333
-0.000409779
0.00599607
-0.00150301
0.00597823
-0.00258085
0.00589458
-0.00362783
0.0057445
-0.00463308
0.00552425
-0.00558035
0.00523174
-0.00645599
0.00486851
-0.0072467
0.00443856
-0.00793963
0.00393953
-0.00852247
0.00337708
-0.00898349
0.00275896
-0.0093152
0.00209127
-0.00950621
0.00137125
-0.00954437
0.000620652
-0.00943897
-0.000162132
-0.00918035
-0.000953833
-0.0087709
-0.00174147
-0.00820926
-0.00251922
-0.00750519
-0.00326516
-0.00666508
-0.00397121
-0.00570286
-0.0046153
-0.00463224
-0.00518927
-0.00347146
-0.00567293
-0.0022408
-0.00605315
-0.000962635
-0.00632075
0.000337115
-0.0064607
0.00163139
-0.00646134
0.00289283
-0.00632228
0.00409236
-0.00603638
0.00520066
-0.00560283
0.00619033
-0.00502821
0.00703425
-0.00431382
0.00770802
-0.00347399
0.008191
-0.00252388
0.00846551
-0.00148304
0.00852033
-0.000383612
0.00834669
0.000788276
0.00794562
0.00194547
0.00731966
0.00308181
0.00648048
0.00416244
0.00544534
0.00515152
0.00424273
0.00601037
0.00290654
0.00670747
0.00147479
0.00721332
-1.01445e-05
0.00750376
-0.00149832
0.00754881
-0.00294361
0.00734529
-0.00429037
0.00688443
-0.00548963
0.00616579
-0.00649174
0.00521174
-0.00726329
0.00404665
-0.00776327
0.00269618
-0.00796514
0.00121384
-0.00785986
-0.000363526
-0.00744256
-0.00194901
-0.00672313
-0.00348693
-0.00572639
-0.00491237
-0.00448768
-0.00615798
-0.00306366
-0.00715598
-0.00150306
-0.0078599
0.000109702
-0.00821323
0.00171132
-0.00818995
0.00321683
-0.0077744
0.00456105
-0.00698054
0.00566491
-0.00581826
0.0064696
-0.00434741
0.00692903
-0.00262849
0.00701455
-0.000743291
0.00672675
0.00121505
0.00606627
0.00312002
0.00506718
0.00487193
0.00378261
0.00636546
0.00229577
0.00749229
0.000680903
0.00818271
-0.000944931
0.00836782
-0.00249002
0.00802618
-0.00385179
0.00716306
-0.00493819
0.00582318
-0.00567204
0.00408231
-0.00599614
0.0020523
-0.00589635
-0.000136155
-0.00537472
-0.00231288
-0.00446988
-0.00431939
-0.00324895
-0.00599996
-0.00180717
-0.00721417
-0.00025984
-0.00785688
0.00125683
-0.00785174
0.00262634
-0.00719495
0.00373037
-0.00593128
0.00447415
-0.00416369
0.00478735
-0.002033
0.0046512
0.000265045
0.00408076
0.00250971
0.00313356
0.00448746
0.00190846
0.00599792
0.000527721
0.00688644
-0.000856217
0.00704531
-0.00209919
0.00643589
-0.00306886
0.00513669
-0.00365728
0.00327605
-0.00380464
0.00106059
-0.00350186
-0.00126312
-0.00278741
-0.00340849
-0.00175434
-0.00512162
-0.000533974
-0.00619213
0.00072017
-0.00648378
0.00184465
-0.00592951
0.00269774
-0.00462536
0.0031733
-0.00273815
0.00321653
-0.000520438
0.00283585
0.00172873
0.00209521
0.00368929
0.00111092
0.00509615
2.72322e-05
0.0057681
-0.000977777
0.00558071
-0.00177722
0.00464594
-0.00226113
0.00310912
-0.00237781
0.00123924
-0.00214038
-0.000648684
-0.00162049
-0.00224403
-0.000933732
-0.00330465
-0.000216733
-0.00369658
0.00040012
-0.00341065
0.000818783
-0.00257296
0.000991274
-0.00141126
0.000924069
-0.00019019
0.000673056
0.000838662
0.000323012
0.00150126
-3.36264e-05
0.00172329
-0.000320473
0.00152854
-0.000492638
0.00105777
-0.000541033
0.000464777
-0.00048962
-9.52431e-05
-0.000377848
-0.00051664
-0.000245629
-0.00076822
-0.000118129
-0.000881685
-0.000918805
-0.00289316
0.00464187
-0.00577415
0.00455519
-0.00804828
0.00354063
-0.00875202
0.00104151
-0.00655155
-0.00329255
-0.000703847
-0.00878755
0.00766892
-0.0130846
0.0145
-0.0126452
0.0156969
-0.00356916
0.0131141
0.00132654
0.00861011
0.00383436
0.00418386
0.00389209
0.000496584
0.00323907
-0.00224314
0.00228106
-0.00413829
0.00135371
-0.00544475
0.000628486
-0.00617015
-0.000126932
-0.00645658
-0.000771423
-0.00646085
-0.0012903
-0.00631078
-0.00170428
-0.00605668
-0.00209269
-0.00573349
-0.00254011
-0.0054308
-0.002885
-0.00507366
-0.00341224
-0.00464297
-0.00385075
-0.00368408
-0.00494863
-0.00150207
-0.00634168
0.00279307
-0.00911509
0.00626386
-0.00692023
0.00769595
-0.00456105
0.00816923
-0.00309556
0.00827212
-0.00253555
0.00838679
-0.00237263
0.00853882
-0.00229902
0.00877316
-0.00227126
0.00906387
-0.00220175
0.00940824
-0.00212691
0.00978273
-0.00200088
0.0101808
-0.00185525
0.0105637
-0.0016507
0.0109237
-0.00140271
0.0112368
-0.00112015
0.0114912
-0.000796804
0.0116875
-0.000438812
0.011842
-5.55537e-05
0.011921
0.000360992
0.0119143
0.000799738
0.0118225
0.00125505
0.0116427
0.0017277
0.0113701
0.0022139
0.011005
0.00270759
0.0105486
0.00320231
0.0100017
0.00369531
0.00936766
0.00417835
0.00864685
0.00464843
0.00784364
0.00509979
0.00696496
0.0055198
0.00601539
0.0059099
0.00500295
0.00625657
0.00393584
0.00656061
0.0028241
0.00680806
0.00167818
0.00699786
0.000509833
0.00712167
-0.000668621
0.00717452
-0.00184312
0.00715274
-0.00299986
0.00705132
-0.00412422
0.00686886
-0.00520248
0.00660251
-0.00621712
0.00624637
-0.00715404
0.00580544
-0.00799947
0.00528399
-0.0087385
0.00467856
-0.0093574
0.00399598
-0.00984403
0.00324559
-0.0101843
0.00243155
-0.0103811
0.00156803
-0.0104138
0.000653347
-0.0102838
-0.00029212
-0.00999123
-0.0012464
-0.00953229
-0.00220041
-0.00891247
-0.00313904
-0.00813654
-0.00404108
-0.0072151
-0.00489266
-0.00616065
-0.00566975
-0.00499092
-0.006359
-0.00372184
-0.00694201
-0.00238101
-0.00739398
-0.000990096
-0.00771166
0.000422819
-0.00787361
0.001829
-0.00786752
0.00319839
-0.00769167
0.00449933
-0.00733732
0.00570026
-0.00680377
0.00677113
-0.00609907
0.00768295
-0.00522564
0.0084093
-0.00420033
0.00892841
-0.003043
0.00922058
-0.00177521
0.0092685
-0.000431534
0.00907571
0.000981068
0.00863056
0.00239062
0.00793895
0.00377341
0.00702118
0.00508021
0.00589239
0.00628031
0.0045808
0.00732196
0.00312349
0.00816478
0.00156026
0.00877656
-5.16366e-05
0.00911565
-0.00167049
0.00916766
-0.00323856
0.00891336
-0.00469578
0.00834165
-0.00599481
0.00746481
-0.00708183
0.00629876
-0.00790222
0.00486705
-0.00843771
0.00323166
-0.00864841
0.00142454
-0.00852046
-0.000491476
-0.00805524
-0.00241424
-0.00726335
-0.00427881
-0.00617117
-0.00600455
-0.00482239
-0.00750676
-0.00326658
-0.00871178
-0.00157345
-0.00955304
0.000181815
-0.00996849
0.00191939
-0.00992753
0.0035516
-0.00940661
0.00499633
-0.00842527
0.00618309
-0.00700502
0.00704392
-0.00520824
0.00752843
-0.003113
0.00760851
-0.000823369
0.0072772
0.00154635
0.00654385
0.00385338
0.0054445
0.00597127
0.00404445
0.00776551
0.00242248
0.00911426
0.000675573
0.00992962
-0.00109265
0.010136
-0.00276386
0.00969739
-0.00422763
0.00862683
-0.00538676
0.00698231
-0.00616181
0.00485736
-0.0064975
0.00238798
-0.00636988
-0.000263775
-0.00578547
-0.00289729
-0.00478663
-0.00531823
-0.0034495
-0.0073371
-0.00188013
-0.00878354
-0.000203021
-0.00953399
0.00144295
-0.00949771
0.00291773
-0.00866974
0.00409894
-0.00711248
0.00488285
-0.00494761
0.00520313
-0.00235329
0.00503384
0.000434336
0.0043931
0.00315045
0.00334783
0.00553273
0.00200462
0.00734113
0.000508405
0.00838266
-0.00099445
0.00854816
-0.00233545
0.00777689
-0.00337232
0.00617356
-0.0039956
0.00389933
-0.00413717
0.00120215
-0.00379042
-0.00160987
-0.00300099
-0.00419792
-0.00187079
-0.00625182
-0.000545629
-0.00751729
0.000809549
-0.00783896
0.00201678
-0.00713674
0.00292512
-0.0055337
0.00342176
-0.00323479
0.00344963
-0.00054831
0.00302129
0.00215706
0.00220961
0.00450097
0.00114371
0.00616205
-1.42684e-05
0.00692608
-0.00109282
0.00665926
-0.00193556
0.00548868
-0.002431
0.00360456
-0.0025276
0.00133584
-0.00224372
-0.000932561
-0.00166076
-0.00282699
-0.000907966
-0.00405744
-0.000131277
-0.00447327
0.000519247
-0.00406117
0.000949885
-0.0030036
0.0011099
-0.00157127
0.00101071
-9.10026e-05
0.000718202
0.00113117
0.000328662
0.0018908
-5.82153e-05
0.00211016
-0.000360714
0.00183103
-0.000533717
0.00123077
-0.000570997
0.000502057
-0.000503233
-0.000163007
-0.0003773
-0.000642572
-0.000238011
-0.00090751
-0.000111634
-0.00100806
-0.00103044
-0.00589802
0.0105399
-0.0124832
0.0111404
-0.0199781
0.0110355
-0.0284352
0.00949862
-0.0368124
0.00508462
-0.0424583
-0.00314166
-0.042308
-0.0132349
-0.0322831
-0.0226702
-0.0292018
-0.00665038
-0.0260333
-0.00184202
-0.0227373
0.000538432
-0.019533
0.000687729
-0.0165611
0.000267199
-0.0136921
-0.000587961
-0.0110867
-0.00125167
-0.00882181
-0.00163641
-0.00710476
-0.00184397
-0.00586775
-0.00200843
-0.00492971
-0.00222834
-0.00411328
-0.00252072
-0.00326328
-0.00294268
-0.00228722
-0.00351617
-0.00106725
-0.00410497
0.000357559
-0.00483705
0.00212604
-0.00561923
0.00413463
-0.00695722
0.00630302
-0.00851006
0.0159288
-0.0187408
0.0175645
-0.00855596
0.0153698
-0.00236633
0.013014
-0.000739795
0.0109617
-0.000483224
0.00988269
-0.00129364
0.00939821
-0.00181455
0.00942195
-0.002295
0.0096566
-0.0024364
0.0100192
-0.0024895
0.0104045
-0.00238621
0.0107858
-0.00223658
0.0111538
-0.00201864
0.011503
-0.00175195
0.0118072
-0.00142433
0.0120643
-0.00105387
0.0122634
-0.000637914
0.012396
-0.000188219
0.0124476
0.000309375
0.0124244
0.00082297
0.0123177
0.00136181
0.0121201
0.00192528
0.0118312
0.00250279
0.0114479
0.00309084
0.0109683
0.00368191
0.0103932
0.00427044
0.00972294
0.00484861
0.00896239
0.00540898
0.00811589
0.00594628
0.00718802
0.00644767
0.00618541
0.0069125
0.00511664
0.00732535
0.0039899
0.00768735
0.00281614
0.00798182
0.00160639
0.00820761
0.000373126
0.00835493
-0.000869266
0.00841691
-0.00210802
0.00839149
-0.00332758
0.00827088
-0.00451258
0.00805386
-0.00564583
0.00773576
-0.00671319
0.00731374
-0.00769811
0.00679035
-0.00858488
0.00617076
-0.00935831
0.00545199
-0.0100045
0.00464213
-0.0105112
0.00375233
-0.0108664
0.00278678
-0.0110561
0.00175772
-0.0110812
0.000678381
-0.0109357
-0.000437602
-0.0106138
-0.00156829
-0.0101151
-0.00269907
-0.00944674
-0.00380743
-0.00861385
-0.00487396
-0.00762837
-0.00587814
-0.00650229
-0.00679584
-0.005254
-0.00760728
-0.00390366
-0.00829235
-0.0024754
-0.00882224
-0.00099691
-0.00919016
0.000505828
-0.00937635
0.00199893
-0.00936062
0.00345126
-0.009144
0.00482933
-0.00871539
0.006101
-0.00807543
0.00723342
-0.0072315
0.00819616
-0.00618838
0.00896325
-0.00496742
0.00950806
-0.0035878
0.0098128
-0.00207995
0.00985458
-0.000473314
0.00964138
0.00119426
0.00916202
0.00286998
0.00842287
0.00451256
0.00743604
0.00606703
0.00623042
0.00748594
0.00483226
0.00872012
0.00327899
0.00971804
0.00162261
0.0104329
-9.55111e-05
0.0108338
-0.00181534
0.0108875
-0.00347597
0.010574
-0.00502374
0.00988943
-0.00639655
0.00883761
-0.0075444
0.00744661
-0.0084161
0.00573875
-0.00896889
0.00378445
-0.00918002
0.00163568
-0.0090378
-0.000633699
-0.00853306
-0.00291897
-0.00768051
-0.00513137
-0.00651066
-0.0071744
-0.00506642
-0.008951
-0.00340396
-0.0103743
-0.00160941
-0.0113476
0.000256695
-0.0118346
0.00209401
-0.0117648
0.0038207
-0.0111333
0.00534717
-0.00995174
0.00659385
-0.00825169
0.00749503
-0.00610943
0.00799587
-0.00361384
0.00806667
-0.000894172
0.00769788
0.00191515
0.0069029
0.00464837
0.00572324
0.00715093
0.004231
0.00925774
0.00249777
0.0108475
0.000648577
0.0117788
-0.00122326
0.0120079
-0.00298593
0.0114601
-0.00452783
0.0101687
-0.0057432
0.00819768
-0.00654904
0.0056632
-0.00688729
0.00272624
-0.006731
-0.000420071
-0.006091
-0.00353728
-0.00501398
-0.00639524
-0.0035841
-0.00876698
-0.00191181
-0.0104558
-0.000125156
-0.0113206
0.00160303
-0.0112259
0.00315532
-0.010222
0.00439372
-0.00835088
0.00520774
-0.00576162
0.00552683
-0.00267238
0.00532478
0.000636387
0.00462602
0.00384921
0.00350159
0.00665717
0.00206758
0.00877514
0.000470762
0.00997947
-0.00111648
0.0101354
-0.00252946
0.00918987
-0.00361711
0.00726121
-0.00426104
0.00454326
-0.00439431
0.00133542
-0.00400944
-0.00199473
-0.00315799
-0.00504937
-0.00195079
-0.00745902
-0.000542549
-0.00892553
0.000886928
-0.00926844
0.00215552
-0.00840534
0.00310305
-0.00648123
0.00361149
-0.00374323
0.00362364
-0.000560463
0.00315444
0.00262627
0.0022845
0.00537091
0.00115382
0.00729273
-6.44945e-05
0.0081444
-0.00119129
0.00778606
-0.00206227
0.00635966
-0.00256104
0.00410333
-0.00263616
0.00141096
-0.00231102
-0.0012577
-0.00167626
-0.00346176
-0.000871335
-0.00486236
-4.87124e-05
-0.0052959
0.000623372
-0.00473326
0.00105875
-0.00343898
0.00120334
-0.00171586
0.00107477
3.75636e-05
0.000746369
0.00145957
0.000323925
0.00231325
-8.49542e-05
0.00251904
-0.000396833
0.00214291
-0.000566552
0.00140049
-0.00059134
0.000526845
-0.000507884
-0.000246463
-0.000369778
-0.000780679
-0.000225731
-0.00105156
-0.000102768
-0.00113103
-0.00113321
-0.00574631
0.0162862
-0.0118095
0.0172036
-0.0183555
0.0175815
-0.0256478
0.016791
-0.0336441
0.0130809
-0.0426676
0.00588184
-0.0496049
-0.00629756
-0.0468616
-0.0254135
-0.049124
-0.0465267
-0.0414976
-0.0362672
-0.031404
-0.0273427
-0.023891
-0.0207691
-0.0177997
-0.0149386
-0.0122407
-0.00977785
-0.007679
-0.00609505
-0.00504036
-0.00465791
-0.00499654
-0.00661206
-0.00971807
-0.000963973
-0.0274949
0.00274758
-0.0122675
0.00461554
-0.00423428
0.0057497
-0.00187396
0.00647401
-0.00120753
0.00717757
-0.0019972
0.00764359
-0.00228058
0.00808698
-0.00273838
0.00852567
-0.00287509
0.00900801
-0.00297184
0.00954369
-0.00292189
0.0100831
-0.00277601
0.0106185
-0.00255397
0.0111059
-0.00223942
0.0115396
-0.00185799
0.0119088
-0.00142309
0.0122023
-0.000931389
0.0124141
-0.000400058
0.0125431
0.000180356
0.0125724
0.000793703
0.0125001
0.00143408
0.0123274
0.00209801
0.0120507
0.0027795
0.0116703
0.00347126
0.0111862
0.00416596
0.0106004
0.00485626
0.00991493
0.00553408
0.0091333
0.00619061
0.00826041
0.00681917
0.00730274
0.00740534
0.0062668
0.00794844
0.00516162
0.00843052
0.003996
0.00885297
0.00278137
0.00919646
0.00152937
0.0094596
0.000253584
0.00963072
-0.00103239
0.00970289
-0.00231378
0.00967288
-0.00357463
0.00953173
-0.00479961
0.00927884
-0.00597129
0.00890744
-0.00707335
0.0084158
-0.00808856
0.00780556
-0.00900355
0.00708575
-0.00979867
0.00624711
-0.0104607
0.00530414
-0.0109764
0.004268
-0.0113351
0.00314552
-0.0115283
0.00195089
-0.0115443
0.000694419
-0.0113814
-0.00060047
-0.0110361
-0.00191365
-0.0105114
-0.00322376
-0.00980771
-0.00451111
-0.0089334
-0.00574827
-0.00789993
-0.0069116
-0.0067236
-0.00797217
-0.00542056
-0.00891032
-0.00401165
-0.00970126
-0.00252332
-0.0103106
-0.000982907
-0.0107306
0.000580652
-0.0109399
0.00213354
-0.0109135
0.00364243
-0.0106529
0.00507376
-0.0101467
0.00639258
-0.00939425
0.00756674
-0.00840566
0.00856399
-0.00718564
0.00935512
-0.00575855
0.00991512
-0.0041478
0.0102253
-0.00239015
0.0102659
-0.000513845
0.0100344
0.00142575
0.00952936
0.00337499
0.00875346
0.00528846
0.00772316
0.00709733
0.00646059
0.00874851
0.00500071
0.01018
0.00338425
0.0113345
0.00165422
0.012163
-0.000135996
0.012624
-0.00192495
0.0126764
-0.00365446
0.0123035
-0.00526067
0.0114956
-0.00668635
0.0102633
-0.00787242
0.00863269
-0.0087742
0.00664053
-0.00934059
0.00435085
-0.00955307
0.00184815
-0.00939249
-0.000794284
-0.00885675
-0.00345471
-0.0079599
-0.00602821
-0.0067325
-0.0084018
-0.00521941
-0.0104641
-0.00349355
-0.0121001
-0.00161655
-0.0132246
0.000323796
-0.013775
0.00223354
-0.0136746
0.00402303
-0.0129228
0.00560279
-0.0115315
0.00688975
-0.00953866
0.00781358
-0.00703325
0.00832174
-0.004122
0.00837909
-0.000951526
0.00798048
0.00231375
0.00713846
0.00549039
0.00590558
0.00838381
0.0043398
0.0108235
0.00253938
0.0126479
0.000601636
0.0137165
-0.00133265
0.0139422
-0.00315733
0.0132847
-0.00474783
0.0117592
-0.00599862
0.00944848
-0.00681959
0.00648417
-0.00715123
0.00305787
-0.00697201
-0.000599292
-0.00629077
-0.00421852
-0.00515918
-0.00752684
-0.00366403
-0.0102621
-0.00192362
-0.0121962
-7.46446e-05
-0.0131696
0.00172886
-0.0130294
0.00333475
-0.0118279
0.00460766
-0.00962379
0.00543613
-0.0065901
0.00574975
-0.002986
0.00552197
0.000864166
0.00477796
0.00459323
0.00359264
0.00784249
0.00209249
0.0102753
0.000435666
0.0116363
-0.00121539
0.0117865
-0.00267594
0.0106504
-0.00379368
0.00837895
-0.00444879
0.00519838
-0.00457118
0.00145781
-0.0041549
-0.00241102
-0.00325676
-0.00594751
-0.00199325
-0.00872253
-0.000530757
-0.010388
0.000950079
-0.0107493
0.00225743
-0.00971269
0.00322752
-0.00745132
0.00373874
-0.00425446
0.00373496
-0.000556678
0.00323273
0.00312849
0.00232001
0.00628363
0.00114418
0.00846856
-0.000113161
0.00940174
-0.00126867
0.00894157
-0.00215353
0.00724452
-0.00264799
0.00459779
-0.00270164
0.00146461
-0.00234228
-0.00161706
-0.00166752
-0.00413653
-0.000825663
-0.00570422
1.52223e-05
-0.00613678
0.000709294
-0.00542733
0.001143
-0.00387268
0.00127075
-0.0018436
0.00111554
0.000192768
0.000757902
0.00181721
0.000311404
0.00275975
-0.000111413
0.00294186
-0.000426645
0.00245814
-0.000590097
0.00156394
-0.000601939
0.000538686
-0.000504444
-0.000343957
-0.000356471
-0.000928653
-0.00021011
-0.00119792
-9.2495e-05
-0.00124864
-0.0012257
0.00276137
0.0135248
0.00597685
0.0139881
0.00969086
0.0138675
0.0136352
0.0128466
0.0164966
0.0102195
0.0171923
0.00518614
0.0127239
-0.00182923
-0.0126896
-0.00986565
-0.0176293
-0.0120282
-0.010105
-0.0088218
-0.00744066
-0.00516243
-0.00553333
-0.00149145
-0.00487851
0.00119919
-0.00468784
0.00345629
-0.00453767
0.0052108
-0.00449289
0.00667727
-0.00434157
0.00787143
-0.004166
0.0088561
-0.00390656
0.00968833
-0.00360824
0.0103878
-0.00325341
0.0109997
-0.00285135
0.0115068
-0.00236506
0.0119312
-0.00184752
0.0122621
-0.00126227
0.0124972
-0.000635177
0.0126296
4.79079e-05
0.0126665
0.000756833
0.0126012
0.0014994
0.0124312
0.00226798
0.0121553
0.00305546
0.0117725
0.00385404
0.0112831
0.0046553
0.0106891
0.0054503
0.00999293
0.00623026
0.00919801
0.00698553
0.0083099
0.00770728
0.00733469
0.00838054
0.00627972
0.00900342
0.00515394
0.00955631
0.00396673
0.0100402
0.00272978
0.0104334
0.00145489
0.0107345
0.000155553
0.0109301
-0.00115347
0.0110119
-0.00245758
0.010977
-0.0037404
0.0108146
-0.00498577
0.0105242
-0.00617642
0.0100981
-0.00729617
0.00953555
-0.00832693
0.00883633
-0.00925187
0.00801069
-0.0100565
0.00705171
-0.0107257
0.00597336
-0.0112459
0.0047882
-0.0116048
0.00350445
-0.0117911
0.0021372
-0.0118006
0.000703911
-0.0116265
-0.000774568
-0.0112672
-0.00227295
-0.0107224
-0.00376862
-0.0099967
-0.00523676
-0.00909814
-0.00664684
-0.00803723
-0.00797251
-0.00682929
-0.00918011
-0.00549281
-0.0102468
-0.00405085
-0.0111432
-0.00252598
-0.0118354
-0.00095382
-0.0123027
0.000641818
-0.0125355
0.00222792
-0.0124996
0.00376796
-0.0121929
0.0052275
-0.0116063
0.00657144
-0.0107382
0.00776636
-0.00960058
0.00878043
-0.00819971
0.00958353
-0.00656165
0.0101497
-0.00471397
0.0104589
-0.00269938
0.0104977
-0.000552618
0.0102558
0.00166766
0.00973105
0.00389974
0.00893347
0.00608604
0.00787519
0.00815561
0.00658133
0.0100424
0.00508536
0.011676
0.00342795
0.0129919
0.00165682
0.0139341
-0.000173936
0.0144547
-0.00200286
0.0145054
-0.00376803
0.0140687
-0.00540928
0.0131369
-0.00686276
0.0117168
-0.00806716
0.00983709
-0.00898134
0.00755472
-0.0095551
0.00492461
-0.00976005
0.00205311
-0.00958827
-0.000966071
-0.00903042
-0.00401256
-0.00810372
-0.0069549
-0.00683897
-0.00966656
-0.00528938
-0.0120137
-0.00351966
-0.0138698
-0.00159363
-0.0151506
0.000382928
-0.0157515
0.00233076
-0.0156224
0.00415367
-0.0147457
0.00576042
-0.0131382
0.00706563
-0.0108439
0.00799771
-0.00796534
0.0085032
-0.00462748
0.00854865
-0.000996977
0.00812546
0.00273694
0.00725778
0.00635807
0.00598594
0.00965565
0.00437531
0.0124342
0.00253726
0.014486
0.000563725
0.0156901
-0.00141399
0.0159199
-0.00327016
0.0151409
-0.00488574
0.0133748
-0.00614919
0.0107119
-0.0069738
0.00730878
-0.00729793
0.003382
-0.00709824
-0.000798976
-0.00638782
-0.00492895
-0.0052189
-0.00869576
-0.0036813
-0.0117997
-0.00189595
-0.0139816
-1.47811e-05
-0.0150508
0.00182137
-0.0148656
0.00345186
-0.0134584
0.00473981
-0.0109117
0.00557111
-0.0074214
0.00587426
-0.00328915
0.00562353
0.0011149
0.00484804
0.00536872
0.00362646
0.00906407
0.0020869
0.0118148
0.000385645
0.0133376
-0.00128996
0.0134621
-0.00277306
0.0121335
-0.00390323
0.00950912
-0.00455761
0.00585275
-0.00466794
0.00156814
-0.00422906
-0.00284989
-0.00330064
-0.00687593
-0.00200308
-0.0100201
-0.000505607
-0.0118855
0.000996568
-0.0122514
0.00232089
-0.011037
0.00329768
-0.00842811
0.00380429
-0.00476107
0.00378488
-0.000537261
0.00325965
0.00365372
0.00232007
0.00722322
0.00111888
0.00966975
-0.000157176
0.0106778
-0.00132312
0.0101075
-0.00220838
0.00812978
-0.0026921
0.00508151
-0.00272544
0.00149795
-0.00233941
-0.00200309
-0.0016375
-0.00483844
-0.000773492
-0.00656822
7.9605e-05
-0.00698988
0.000776288
-0.00612401
0.00120204
-0.00429843
0.00131248
-0.00195404
0.00113479
0.000370453
0.000755502
0.0021965
0.000293468
0.00322178
-0.000135787
0.00337111
-0.000449073
0.00277143
-0.000603936
0.00171881
-0.000603291
0.000538041
-0.000493831
-0.000453417
-0.000338676
-0.00108381
-0.000192256
-0.00134434
-8.14525e-05
-0.00135944
-0.00130715
0.00192819
0.0115966
0.0039539
0.0119624
0.00584178
0.0119796
0.00746699
0.0112214
0.00811465
0.00957184
0.00768142
0.00561938
0.00538855
0.00046364
-0.00730104
-0.00295869
-0.0146706
-0.00304965
-0.010014
-0.00172452
-0.0087658
-0.00010341
-0.00715444
0.00163679
-0.00661872
0.00308297
-0.00613402
0.00442593
-0.00588063
0.00559284
-0.0056598
0.00667918
-0.00542791
0.00767514
-0.00516195
0.00859241
-0.00482384
0.0094214
-0.00443722
0.0101529
-0.00398493
0.0107846
-0.00348302
0.0113343
-0.00291481
0.0117807
-0.00229393
0.0121344
-0.00161591
0.0123856
-0.000886379
0.0125444
-0.000110865
0.0125964
0.000704755
0.0125404
0.00155549
0.0123771
0.00243123
0.0121053
0.00332732
0.0117249
0.00423436
0.0112357
0.00514459
0.0106409
0.00604504
0.00994249
0.00692868
0.00914581
0.00778221
0.00825463
0.00859846
0.00727629
0.00935888
0.00621742
0.0100623
0.00508805
0.0106857
0.00389711
0.0112311
0.00265615
0.0116744
0.00137765
0.012013
7.48503e-05
0.0122329
-0.00123742
0.0123242
-0.00254417
0.0122837
-0.00382941
0.0120998
-0.00507691
0.0117717
-0.00626895
0.0112901
-0.00738835
0.0106549
-0.00841805
0.00986603
-0.009343
0.00893565
-0.0101455
0.00785424
-0.0108114
0.0066392
-0.0113272
0.00530399
-0.0116806
0.00385787
-0.0118609
0.00231755
-0.0118636
0.000706545
-0.0116831
-0.000955005
-0.011315
-0.00264106
-0.0107614
-0.00432228
-0.010026
-0.00597209
-0.0091179
-0.00755496
-0.008047
-0.00904341
-0.00682881
-0.0103983
-0.00548158
-0.011594
-0.00403101
-0.0125938
-0.00249825
-0.0133682
-0.000914206
-0.0138868
0.000689335
-0.0141391
0.00228233
-0.0140926
0.00382845
-0.013739
0.00529268
-0.0130705
0.00664012
-0.0120856
0.00783758
-0.010798
0.00885243
-0.00921456
0.00965479
-0.00736401
0.0102208
-0.00528002
0.0105261
-0.00300462
0.0105583
-0.000584807
0.0103103
0.00191563
0.00977622
0.00443381
0.00897056
0.0068917
0.00790193
0.00922424
0.00659662
0.0113477
0.00508823
0.0131844
0.00341829
0.0146619
0.00163551
0.0157169
-0.000206956
0.0162972
-0.00204624
0.0163447
-0.00381963
0.0158421
-0.00546854
0.0147858
-0.00692456
0.0131728
-0.00813435
0.0110469
-0.00904503
0.0084654
-0.00961665
0.00549622
-0.00981583
0.00225229
-0.0096293
-0.00115261
-0.00905901
-0.00458285
-0.00811831
-0.00789561
-0.00684154
-0.0109433
-0.00528225
-0.013573
-0.00349546
-0.0156566
-0.0015629
-0.0170832
0.000428777
-0.0177432
0.00238597
-0.0175796
0.0042139
-0.0165736
0.0058219
-0.0147462
0.00712533
-0.0121473
0.00805256
-0.00889256
0.00854923
-0.00512415
0.00858231
-0.00103006
0.0081456
0.00317364
0.00726376
0.00723991
0.00597337
0.010946
0.00435232
0.0140552
0.00249464
0.0163436
0.000518712
0.017666
-0.00146826
0.0179068
-0.00332818
0.0170008
-0.0049421
0.0149887
-0.00619986
0.0119697
-0.0070145
0.00812342
-0.00732743
0.00369492
-0.00711232
-0.00101408
-0.00638433
-0.00565695
-0.00519641
-0.00988368
-0.00364363
-0.0133525
-0.00184899
-0.0157762
4.01359e-05
-0.0169399
0.00187908
-0.0167045
0.0035098
-0.0150891
0.00479189
-0.0121938
0.00561378
-0.0082433
0.00590367
-0.00357903
0.00563753
0.00138104
0.00484508
0.00616116
0.00360593
0.0103032
0.00204892
0.0133718
0.000342908
0.0150436
-0.0013387
0.0151437
-0.00282129
0.0136161
-0.00394693
0.0106348
-0.00459212
0.00649795
-0.00468992
0.00166594
-0.00423555
-0.00330426
-0.00329206
-0.00781942
-0.00198258
-0.0113296
-0.000478316
-0.0133898
0.00102508
-0.0137548
0.00234651
-0.0123584
0.00331591
-0.00939751
0.00381111
-0.00525626
0.00377811
-0.000504264
0.0032384
0.00419342
0.00228703
0.00817459
0.00107914
0.0108776
-0.00019467
0.0119516
-0.00135418
0.011267
-0.002228
0.0090036
-0.0026956
0.00554911
-0.00271031
0.00151266
-0.00230583
-0.00240758
-0.00158936
-0.00555491
-0.000717037
-0.00744054
0.000135315
-0.00784223
0.000824117
-0.00681281
0.0012366
-0.00471092
0.00132989
-0.00204732
0.00113437
0.00056597
0.000741076
0.00258979
0.000270973
0.00369188
-0.000156741
0.00379883
-0.0004636
0.00307829
-0.000608326
0.00186353
-0.000596269
0.000525984
-0.000477275
-0.00057241
-0.000317642
-0.00124344
-0.000173174
-0.00148881
-7.02341e-05
-0.00146238
-0.00137739
0.00167433
0.00992231
0.0034638
0.0101729
0.00537997
0.0100634
0.00730536
0.00929605
0.00867008
0.00820713
0.00880543
0.00548403
0.00621399
0.00305507
-0.00108705
-0.00239517
-0.0122754
-0.00265829
-0.00975089
-0.00172148
-0.00970261
-0.000383463
-0.00849246
0.00123832
-0.0082405
0.00272187
-0.00761757
0.00413641
-0.00729517
0.0053734
-0.00689679
0.00649537
-0.00654989
0.0074931
-0.00615968
0.0084009
-0.00573164
0.00921882
-0.00525514
0.00994828
-0.00471439
0.0105841
-0.00411887
0.0111269
-0.0034576
0.011577
-0.00274405
0.011932
-0.0019709
0.012189
-0.00114333
0.012346
-0.000267903
0.012399
0.000651747
0.0123471
0.00160741
0.0121867
0.00259163
0.0119184
0.00359564
0.0115408
0.00461194
0.0110584
0.005627
0.0104692
0.00663423
0.00977806
0.00761983
0.00898836
0.00857191
0.00810561
0.00948121
0.00713646
0.010328
0.00608787
0.0111109
0.0049697
0.0118038
0.00379043
0.0124104
0.00256292
0.0129019
0.00129826
0.0132777
1.0088e-05
0.013521
-0.00128737
0.0136216
-0.00257936
0.0135757
-0.00384937
0.0133698
-0.0050812
0.0130035
-0.00625857
0.0124675
-0.00736382
0.0117602
-0.00838009
0.0108823
-0.00929025
0.00984582
-0.0100806
0.00864458
-0.0107347
0.00729327
-0.0112401
0.00580943
-0.0115847
0.00420247
-0.0117594
0.00249227
-0.0117563
0.000703457
-0.0115704
-0.00114098
-0.0111999
-0.00301154
-0.0106463
-0.0048759
-0.00991293
-0.00670544
-0.00900646
-0.00846142
-0.00794293
-0.0101069
-0.00673371
-0.0116075
-0.00539677
-0.012931
-0.00395614
-0.0140344
-0.00243663
-0.0148877
-0.000866654
-0.0154567
0.000722516
-0.0157283
0.00229761
-0.0156677
0.00382869
-0.0152701
0.00527674
-0.0145185
0.00660857
-0.0134175
0.0077914
-0.0119809
0.00879287
-0.010216
0.00958253
-0.00815367
0.0101408
-0.00583828
0.0104391
-0.00330289
0.0104667
-0.000612443
0.0102162
0.00216611
0.00968402
0.00496602
0.0088767
0.00769902
0.00781597
0.010285
0.00651817
0.0126455
0.00501989
0.0146826
0.00336216
0.0163196
0.00159358
0.0174855
-0.000234277
0.0181251
-0.00205607
0.0181664
-0.00381513
0.0176011
-0.00544616
0.0164168
-0.00688424
0.0146109
-0.00808233
0.012245
-0.0089752
0.00935828
-0.00953851
0.00605952
-0.00972989
0.00244368
-0.00953862
-0.00134388
-0.00896337
-0.0051581
-0.00802464
-0.00883434
-0.00675542
-0.0122125
-0.00519963
-0.0151288
-0.00342052
-0.0174357
-0.00150995
-0.0189937
0.000462924
-0.0197161
0.00240129
-0.019518
0.00420852
-0.0183809
0.00579614
-0.0163339
0.00707997
-0.0134311
0.00798963
-0.00980222
0.00847156
-0.00560608
0.00849239
-0.00105089
0.00805249
0.00361355
0.00716788
0.00812452
0.00587744
0.0122365
0.00427071
0.015662
0.00242034
0.018194
0.000465865
0.0196205
-0.0014977
0.0198704
-0.00333369
0.0188368
-0.00492283
0.0165779
-0.00616077
0.0132076
-0.00695546
0.00891811
-0.00725223
0.00399169
-0.00702636
-0.00123995
-0.00629388
-0.00638942
-0.00510878
-0.0110688
-0.00356481
-0.0148965
-0.00178678
-0.0175543
8.72514e-05
-0.0188139
0.00190387
-0.0185211
0.00351116
-0.0166964
0.00477223
-0.0134549
0.00557451
-0.00904557
0.00584882
-0.00385334
0.00557107
0.00165878
0.00477387
0.00695837
0.00353701
0.0115401
0.00199026
0.0149186
0.000299849
0.016734
-0.00136257
0.0168061
-0.00282454
0.0150781
-0.00393031
0.0117405
-0.00455892
0.00712656
-0.00464397
0.00175098
-0.00418299
-0.00376524
-0.00323956
-0.00876284
-0.00193572
-0.0126334
-0.000446024
-0.0148795
0.00103638
-0.0152372
0.00233741
-0.0136595
0.00328708
-0.0103472
0.00376542
-0.0057346
0.00372054
-0.000459383
0.00317598
0.00473798
0.00222764
0.00912293
0.0010299
0.0120754
-0.000224794
0.0132063
-0.00136311
0.0124053
-0.00221511
0.0098556
-0.00266238
0.00599638
-0.00266085
0.00151113
-0.00224578
-0.00282265
-0.00152609
-0.0062746
-0.000658668
-0.00830796
0.00018071
-0.00868161
0.00085328
-0.00748538
0.00124848
-0.00510612
0.00132557
-0.00212441
0.00111737
0.000774164
0.000716865
0.0029903
0.000247443
0.0041613
-0.000173451
0.00421972
-0.00047027
0.00337511
-0.000603972
0.00199723
-0.000582023
0.000504036
-0.000456044
-0.00069839
-0.000294785
-0.0014047
-0.000154613
-0.00162898
-5.96764e-05
-0.00155732
-0.00143706
0.00119626
0.00872605
0.0024594
0.00890978
0.00369911
0.00882373
0.00475896
0.0082362
0.0052821
0.00768399
0.00483195
0.00593417
0.00293479
0.00495223
0.00184774
-0.000498354
-0.0117771
-0.000142835
-0.0101064
0.000463016
-0.0103085
0.0013381
-0.00936755
0.00234833
-0.00925072
0.0033871
-0.00865634
0.00445887
-0.00836694
0.00549515
-0.00793307
0.00647412
-0.00752886
0.00738657
-0.00707213
0.00823654
-0.00658161
0.00900142
-0.00602002
0.00969676
-0.00540973
0.010307
-0.00472913
0.0108381
-0.00398869
0.0112762
-0.00318211
0.0116232
-0.0023179
0.0118765
-0.00139667
0.0120302
-0.000421565
0.012082
0.000599968
0.0120297
0.00165968
0.0118724
0.00274889
0.0116096
0.00385853
0.0112411
0.00498038
0.0107665
0.00610156
0.0101893
0.00721146
0.00951183
0.00829732
0.00873795
0.00934579
0.00787359
0.0103456
0.00692577
0.0112759
0.00590071
0.0121359
0.00480658
0.012898
0.00365374
0.0135632
0.00245338
0.0141022
0.00121754
0.0145135
-4.08632e-05
0.0147794
-0.00130854
0.0148893
-0.00256993
0.0148371
-0.00380984
0.0146097
-0.00501261
0.0142063
-0.00616092
0.0136158
-0.00723846
0.0128377
-0.00822875
0.0118726
-0.00911547
0.0107325
-0.00988446
0.00941357
-0.0105195
0.00792827
-0.0110089
0.00629891
-0.0113413
0.00453486
-0.0115072
0.00265809
-0.0114992
0.000695463
-0.0113128
-0.00132733
-0.0109458
-0.00337859
-0.0103998
-0.00542186
-0.00967891
-0.00742633
-0.00878983
-0.00935049
-0.0077449
-0.0111519
-0.00655883
-0.0127936
-0.00524923
-0.0142406
-0.00383756
-0.0154461
-0.00234952
-0.0163758
-0.000809746
-0.0169965
0.000740774
-0.0172788
0.0022812
-0.0172081
0.00377483
-0.0167638
0.00518983
-0.0159335
0.00648981
-0.0147174
0.00764361
-0.0131347
0.00861785
-0.0111903
0.00939137
-0.0089272
0.00993112
-0.00637802
0.010221
-0.00359276
0.0102452
-0.000636604
0.00999463
0.00241663
0.0094693
0.00549135
0.00867412
0.0084942
0.00763396
0.0113251
0.00636122
0.0139182
0.00489186
0.016152
0.0032668
0.0179447
0.00153435
0.0192179
-0.000254955
0.0199144
-0.00203676
0.0199483
-0.0037582
0.0193225
-0.00535218
0.0180108
-0.00675703
0.0160157
-0.00792574
0.0134137
-0.00879582
0.0102284
-0.00934063
0.00660433
-0.0095227
0.00262576
-0.00932926
-0.00153732
-0.00876138
-0.00572598
-0.00783618
-0.00975954
-0.00658589
-0.0134628
-0.00505756
-0.0166571
-0.00331255
-0.0191807
-0.0014423
-0.020864
0.000487076
-0.0216454
0.00238076
-0.0214117
0.00414589
-0.020146
0.00569393
-0.0178819
0.00694333
-0.0146805
0.00782553
-0.0106844
0.00828718
-0.00606773
0.00829989
-0.0010636
0.00786114
0.0040523
0.00698642
0.00899924
0.00571736
0.0135055
0.00414021
0.0172391
0.00232769
0.0200065
0.000404905
0.0215433
-0.00150212
0.0217774
-0.00329159
0.0206263
-0.00483962
0.0181259
-0.00604143
0.0144094
-0.0068103
0.00968699
-0.00708951
0.0042709
-0.00685744
-0.00147202
-0.00613181
-0.00711505
-0.00496545
-0.0122351
-0.0034488
-0.0164131
-0.00170449
-0.0192986
0.000125873
-0.0206443
0.00189772
-0.020293
0.00346408
-0.0182628
0.00468837
-0.0146792
0.00546336
-0.00982057
0.00571989
-0.00410987
0.00543844
0.00194023
0.00464818
0.00774863
0.00343116
0.0127571
0.00191199
0.0164378
0.000250345
0.0183956
-0.0013637
0.0184201
-0.00278804
0.0165024
-0.00386178
0.0128143
-0.004467
0.00773178
-0.00454014
0.00182413
-0.00408012
-0.00422526
-0.00314987
-0.0096931
-0.00186923
-0.0139141
-0.000411835
-0.0163369
0.00103175
-0.0166808
0.00229757
-0.0149253
0.00321755
-0.0112672
0.00367486
-0.00619191
0.00362037
-0.000404891
0.00307878
0.00527957
0.00214516
0.0100566
0.000972447
0.0132481
-0.000247146
0.0144259
-0.00135195
0.0135101
-0.00217392
0.0106776
-0.00259795
0.00642041
-0.00258249
0.00149568
-0.00216454
-0.00324059
-0.00145191
-0.00698724
-0.000600249
-0.00915962
0.000215756
-0.00949761
0.000865212
-0.00813484
0.00124031
-0.00548122
0.00130275
-0.00218685
0.00108651
0.000990405
0.0006858
0.00339101
0.00022208
0.00462502
-0.000185643
0.00462745
-0.000469713
0.00365918
-0.000592031
0.00211955
-0.000561827
0.000473831
-0.000431916
-0.000828301
-0.000271369
-0.00156525
-0.000135784
-0.00176456
-4.94727e-05
-0.00164363
-0.00148654
0.000805482
0.00792057
0.00163457
0.00808069
0.00241417
0.00804413
0.00301318
0.00763719
0.00329965
0.00739752
0.00297765
0.00625617
0.00199159
0.00593829
0.00383933
-8.84469e-05
-0.0116886
0.000389451
-0.0105843
0.00097753
-0.0108965
0.00179484
-0.0101849
0.00267282
-0.0101287
0.0036056
-0.00958913
0.00454678
-0.00930812
0.00546404
-0.00885033
0.00636167
-0.00842649
0.00720892
-0.00791937
0.0079963
-0.00736898
0.00872599
-0.00674971
0.00938284
-0.00606658
0.00996512
-0.00531141
0.0104675
-0.0044911
0.0108894
-0.00360398
0.0112194
-0.00264792
0.0114599
-0.00163721
0.0116065
-0.000568072
0.0116559
0.000550542
0.0116058
0.00170976
0.0114525
0.00290215
0.0111971
0.00411401
0.0108385
0.00533892
0.010378
0.00656206
0.00981745
0.00777205
0.00916082
0.00895395
0.00841098
0.0100956
0.00757359
0.011183
0.0066555
0.0121939
0.0056635
0.0131279
0.00460562
0.0139558
0.00349094
0.0146779
0.00233056
0.0152626
0.00113608
0.015708
-7.99356e-05
0.0159954
-0.00130393
0.0161133
-0.00252284
0.016056
-0.00372014
0.015807
-0.00488145
0.0153676
-0.00598945
0.0147238
-0.0070296
0.0138779
-0.00798358
0.0128266
-0.0088377
0.0115867
-0.00957708
0.0101529
-0.0101888
0.00853999
-0.0106581
0.00676824
-0.0109754
0.00485217
-0.0111319
0.00281456
-0.0111205
0.00068408
-0.0109358
-0.00151207
-0.0105769
-0.00373743
-0.0100456
-0.00595317
-0.00934506
-0.00812689
-0.00848263
-0.0102129
-0.00746866
-0.0121659
-0.00631879
-0.0139435
-0.00504968
-0.0155097
-0.00368323
-0.0168125
-0.00224314
-0.0178158
-0.000758331
-0.0184813
0.000744464
-0.0187816
0.00223378
-0.0186974
0.00367642
-0.0182064
0.00504184
-0.017299
0.0062974
-0.015973
0.0074091
-0.0142464
0.00835198
-0.0121331
0.00909611
-0.00967133
0.009615
-0.00689692
0.00989173
-0.00386949
0.00991241
-0.000657281
0.00966688
0.00266216
0.00915523
0.006003
0.00838549
0.00926394
0.00736998
0.0123406
0.0061391
0.0151491
0.00471471
0.0175764
0.00313982
0.0195196
0.00145841
0.0208993
-0.000268495
0.0216413
-0.00199345
0.0216732
-0.00365728
0.0209864
-0.00519829
0.0195518
-0.00655653
0.017374
-0.00768264
0.0145398
-0.00852293
0.0110686
-0.00904244
0.00712384
-0.0092146
0.00279792
-0.0090216
-0.00173032
-0.00846641
-0.00628117
-0.00756538
-0.0106606
-0.00635007
-0.0146781
-0.0048664
-0.0181408
-0.00317945
-0.0208677
-0.00136453
-0.0226789
0.000501317
-0.0235113
0.00232946
-0.0232398
0.00403418
-0.0218507
0.0055274
-0.0193751
0.00673063
-0.0158838
0.00757678
-0.0115306
0.00801653
-0.00650748
0.00802213
-0.0010692
0.00758877
0.00448566
0.00673448
0.00985353
0.00550457
0.0147354
0.00397108
0.0187726
0.00222059
0.021757
0.000356846
0.023407
-0.00148298
0.0236173
-0.00320953
0.0223529
-0.00470205
0.0196184
-0.00585539
0.0155628
-0.00659166
0.0104233
-0.00685335
0.00453258
-0.00662036
-0.001705
-0.00590976
-0.00782565
-0.00477373
-0.0133712
-0.00330011
-0.0178867
-0.00160515
-0.0209935
0.000155808
-0.0224053
0.00186552
-0.0220027
0.00337536
-0.0197726
0.00455206
-0.0158559
0.00529243
-0.0105609
0.00553154
-0.00434898
0.00524903
0.00222275
0.00447785
0.00851981
0.00329309
0.0139419
0.00181611
0.0179147
0.000211332
0.0200004
-0.00134427
0.0199757
-0.00271757
0.0178757
-0.00374952
0.0138462
-0.00432672
0.00830899
-0.00438886
0.00188626
-0.00393502
-0.0046791
-0.00302868
-0.0105994
-0.00178737
-0.0151554
-0.000372193
-0.017752
0.00101319
-0.0180662
0.002232
-0.0161441
0.00311413
-0.0121493
0.00354741
-0.00662519
0.00348565
-0.000343131
0.00295429
0.00581093
0.00204678
0.0109641
0.000911683
0.0143832
-0.000262135
0.0155997
-0.00132348
0.0145715
-0.00210883
0.0114629
-0.00250749
0.00681906
-0.00248106
0.00146924
-0.00206632
-0.00365533
-0.00137056
-0.00768299
-0.000544871
-0.00998531
0.000241005
-0.0102835
0.000862201
-0.00875604
0.00121516
-0.00583417
0.0012644
-0.00223609
0.00104453
0.00121027
0.000649154
0.00378639
0.0001983
0.00507588
-0.000193299
0.00501904
-0.000462685
0.00392856
-0.000573691
0.00223056
-0.000537099
0.000437239
-0.000405288
-0.000960112
-0.00024737
-0.00172316
-0.000118104
-0.00189383
-3.99759e-05
-0.00172176
-0.00152651
0.00053756
0.00738301
0.00108183
0.00753642
0.00158385
0.00754211
0.00193347
0.00728757
0.00210802
0.00722297
0.00186085
0.00650334
0.00130352
0.00649562
0.00514286
0.000193233
-0.0118818
0.000796129
-0.0111872
0.00135462
-0.011455
0.00210556
-0.0109358
0.0028662
-0.0108893
0.00370104
-0.010424
0.00453768
-0.0101448
0.00537522
-0.00968787
0.00618985
-0.00924112
0.00697164
-0.00870116
0.00770479
-0.00810213
0.00838791
-0.00743283
0.00900551
-0.00668418
0.00955285
-0.00585875
0.0100279
-0.00496615
0.010423
-0.00399908
0.0107408
-0.00296572
0.0109698
-0.0018662
0.0111091
-0.000707387
0.0111532
0.000506428
0.0111002
0.00176275
0.0109513
0.00305109
0.010703
0.00436231
0.0103549
0.00568697
0.00991422
0.00700278
0.00937569
0.00831057
0.00874512
0.00958452
0.00802463
0.0108161
0.00722152
0.0119861
0.00634182
0.0130736
0.00539169
0.0140781
0.00437785
0.0149697
0.00330998
0.0157458
0.00219893
0.0163737
0.00105625
0.0168507
-0.00010706
0.0171588
-0.00127769
0.0172839
-0.00244431
0.0172226
-0.00358842
0.0169511
-0.00469946
0.0164787
-0.00575799
0.0157823
-0.00675297
0.0148729
-0.00766332
0.0137369
-0.00847793
0.0124013
-0.00918477
0.0108598
-0.00976622
0.00912144
-0.0102121
0.00721415
-0.0105127
0.0051527
-0.0106595
0.00296136
-0.0106457
0.000670314
-0.0104648
-0.00169295
-0.0101175
-0.00408473
-0.00960608
-0.0064646
-0.00893152
-0.00880145
-0.00810519
-0.0110392
-0.00713157
-0.0131395
-0.00602631
-0.0150487
-0.00481146
-0.0167245
-0.00349912
-0.0181249
-0.00212225
-0.0191927
-0.000700526
-0.0199031
0.000738015
-0.0202201
0.00216198
-0.0201214
0.00354325
-0.0195877
0.00484774
-0.0186034
0.00604688
-0.0171721
0.00711091
-0.0153104
0.00801108
-0.0130333
0.0087206
-0.0103808
0.00921509
-0.0073914
0.00947539
-0.00412979
0.00949442
-0.000676312
0.00925427
0.00290231
0.00876357
0.0064937
0.00802421
0.0100033
0.00704865
0.0133162
0.00586633
0.0163314
0.00449999
0.0189427
0.00298874
0.0210308
0.00137762
0.0225104
-0.00027528
0.0232942
-0.00192813
0.0233261
-0.00352056
0.0225788
-0.00499578
0.021027
-0.0062956
0.0186738
-0.00737098
0.0156152
-0.00817318
0.0118708
-0.00866431
0.00761498
-0.00882713
0.00296074
-0.00863695
-0.0019205
-0.00810016
-0.00681796
-0.00723204
-0.0115287
-0.00606351
-0.0158467
-0.00463504
-0.0195692
-0.0030214
-0.0224813
-0.00127803
-0.0244223
0.000505207
-0.0252945
0.00225394
-0.0249885
0.00388307
-0.0234798
0.00530953
-0.0208016
0.00645679
-0.017031
0.00726182
-0.0123356
0.00767752
-0.00692318
0.0076767
-0.00106838
0.00725395
0.00490842
0.00642928
0.0106782
0.00524821
0.0159165
0.00377102
0.0202498
0.00209721
0.0234308
0.000316046
0.0251882
-0.00144517
0.0253785
-0.00309588
0.0240036
-0.00451959
0.0210421
-0.00561805
0.0166612
-0.00631524
0.0111205
-0.00655884
0.00477618
-0.00632796
-0.00193588
-0.00564027
-0.00851334
-0.00454557
-0.0144659
-0.0031273
-0.019305
-0.0015057
-0.0226151
0.000177599
-0.0240886
0.00181169
-0.0236368
0.00325235
-0.0212133
0.0043737
-0.0169772
0.0050751
-0.0112623
0.00529638
-0.00457026
0.0050169
0.00250223
0.00427058
0.00926613
0.00313016
0.0150823
0.00171396
0.0193309
0.000178939
0.0215354
-0.00130798
0.0214627
-0.00261956
0.0191873
-0.00360238
0.014829
-0.00414828
0.00885489
-0.00420052
0.0019385
-0.00375889
-0.00512073
-0.00288584
-0.0114725
-0.00169164
-0.0163496
-0.000337449
-0.0191062
0.000982661
-0.0193863
0.00214574
-0.0173072
0.0029839
-0.0129875
0.00339095
-0.00703224
0.00332442
-0.000276597
0.0028092
0.00632614
0.00193655
0.0118367
0.00084647
0.0154733
-0.000270309
0.0167165
-0.0012807
0.0155819
-0.00202478
0.012207
-0.00239703
0.00719131
-0.00236176
0.00143397
-0.00195625
-0.00406085
-0.00128364
-0.0083556
-0.000490073
-0.0107789
0.000257403
-0.011031
0.000846463
-0.0093451
0.0011762
-0.00616391
0.00121399
-0.00227389
0.000994599
0.00142967
0.000609804
0.00417118
0.000174511
0.00551117
-0.00019678
0.00539034
-0.00045022
0.00418201
-0.000550277
0.00233062
-0.000508923
0.000395885
-0.00037787
-0.00109116
-0.000224786
-0.00187625
-0.000102306
-0.00201631
-3.21031e-05
-0.00179196
-0.00155862
0.000365681
0.00701733
0.000736213
0.00716589
0.0010761
0.00720223
0.00128974
0.00707392
0.00140967
0.00710304
0.00121279
0.00670021
0.000895225
0.00681319
0.00603808
0.000322808
-0.0122046
0.000940456
-0.0118048
0.0014898
-0.0120044
0.00221435
-0.0116603
0.00290732
-0.0115823
0.00367299
-0.0111896
0.00443335
-0.0109051
0.00520169
-0.0104562
0.005957
-0.00999643
0.00668056
-0.00942472
0.00736931
-0.00879088
0.00800007
-0.0080636
0.00857796
-0.00726206
0.00909214
-0.00637293
0.00953798
-0.00541199
0.00991071
-0.0043718
0.0102047
-0.00325971
0.0104199
-0.00208143
0.0105521
-0.000839575
0.0105902
0.000468353
0.010538
0.0018149
0.0103917
0.00319744
0.0101542
0.00459981
0.00982425
0.00601691
0.00940188
0.00742515
0.00888762
0.00882483
0.00828783
0.0101843
0.00760175
0.0115022
0.00683811
0.0127497
0.00600063
0.0139111
0.00509698
0.0149817
0.00413605
0.0159306
0.00312411
0.0167577
0.00207071
0.0174271
0.000985847
0.0179355
-0.000118263
0.0182629
-0.00122974
0.0183954
-0.00233497
0.0183279
-0.00341915
0.0180353
-0.00447415
0.0175337
-0.00547578
0.016784
-0.00641899
0.0158161
-0.00728182
0.0145997
-0.00805439
0.0131738
-0.0087193
0.0115247
-0.00927041
0.00967255
-0.00969028
0.00763402
-0.00997202
0.00543445
-0.010108
0.00309738
-0.010093
0.000655254
-0.00991888
-0.00186705
-0.00958718
-0.00441644
-0.00910016
-0.00695161
-0.00845843
-0.00944319
-0.00767138
-0.0118263
-0.00674538
-0.0140655
-0.00569844
-0.0160957
-0.00454165
-0.0178813
-0.00329886
-0.0193677
-0.00198725
-0.0205043
-0.000638941
-0.0212514
0.00072476
-0.0215838
0.00207625
-0.0214729
0.00338584
-0.0208973
0.00462272
-0.0198403
0.00575876
-0.0183082
0.00676567
-0.0163173
0.00761637
-0.013884
0.00828865
-0.0110531
0.00875578
-0.00785852
0.00900051
-0.00437453
0.00901722
-0.000693018
0.00878624
0.00313329
0.00831678
0.00696316
0.00761428
0.0107058
0.00668689
0.0142436
0.00555778
0.0174605
0.00425863
0.0202419
0.00282179
0.0224676
0.0012946
0.0240376
-0.000272618
0.0248614
-0.00184264
0.0248961
-0.00335495
0.0240911
-0.00475373
0.0224258
-0.00598737
0.0199074
-0.00700508
0.0166329
-0.00776527
0.012631
-0.00822792
0.00807762
-0.00837798
0.0031108
-0.00819358
-0.0021049
-0.00767996
-0.00733157
-0.00685177
-0.0123569
-0.00573863
-0.0169598
-0.00438042
-0.0209275
-0.00284535
-0.0240164
-0.0011839
-0.0260837
0.000501182
-0.0269796
0.00216015
-0.0266475
0.00370373
-0.0250234
0.00505454
-0.0221524
0.00613938
-0.0181159
0.00689888
-0.0130951
0.00728915
-0.00731345
0.00728217
-0.00106141
0.00687425
0.00531633
0.006088
0.0114644
0.00496132
0.0170432
0.00355694
0.0216542
0.00196564
0.0250221
0.00027934
0.0268745
-0.0013922
0.02705
-0.00295685
0.0255682
-0.00430315
0.0223884
-0.00534175
0.0176998
-0.00599606
0.0117748
-0.00622083
0.00500095
-0.00599546
-0.00216126
-0.00533634
-0.00917246
-0.00429142
-0.0155108
-0.0029439
-0.0206525
-0.0014019
-0.0241571
0.000192309
-0.0256828
0.0017402
-0.0251847
0.00310392
-0.022577
0.00416295
-0.0180363
0.00482299
-0.0119224
0.00502558
-0.00477285
0.00475413
0.00277368
0.00404018
0.00998008
0.00295324
0.0161692
0.00160614
0.020678
0.000148299
0.0229933
-0.00125823
0.0228692
-0.00250064
0.0204297
-0.00342865
0.0157571
-0.00394123
0.00936747
-0.00398429
0.00198155
-0.00355966
-0.00554536
-0.00272674
-0.0123054
-0.00159073
-0.0174856
-0.000303444
-0.0203935
0.000942865
-0.0206326
0.00204374
-0.0184081
0.00283376
-0.0137775
0.00321371
-0.00741219
0.00314387
-0.000206755
0.00264992
0.00682009
0.0018175
0.0126691
0.00078273
0.016508
-0.000272542
0.0177718
-0.00122676
0.0165361
-0.00192638
0.0129066
-0.00227181
0.00753675
-0.00223021
0.00139237
-0.00183823
-0.00445283
-0.00119513
-0.0089987
-0.000440309
-0.0115337
0.000266075
-0.0117373
0.000820484
-0.0098995
0.00112651
-0.00646993
0.0011546
-0.00230198
0.000938967
0.0016453
0.000568598
0.00454155
0.000153238
0.00592653
-0.000196572
0.00574015
-0.000433366
0.0044188
-0.000523048
0.0024203
-0.000478602
0.000351438
-0.000349724
-0.00122004
-0.000202975
-0.002023
-8.82384e-05
-0.00213105
-2.47837e-05
-0.00185542
-0.0015834
0.000254642
0.00676269
0.000527441
0.00689309
0.000777866
0.0069518
0.000917927
0.00693386
0.00101366
0.00700732
0.000844048
0.00686982
0.000661351
0.00699588
0.00669943
0.000367699
-0.0125723
0.00099023
-0.0124274
0.00151469
-0.0125288
0.0022057
-0.0123514
0.00285054
-0.0122272
0.00357883
-0.0119179
0.00427943
-0.0116057
0.00499691
-0.0111737
0.00568755
-0.0106871
0.00636164
-0.0100988
0.00700272
-0.00943196
0.00759985
-0.00866073
0.00813239
-0.0077946
0.00861024
-0.00685079
0.00902725
-0.00582899
0.00937204
-0.0047166
0.0096463
-0.00353397
0.00984847
-0.0022836
0.00997171
-0.000962817
0.0100032
0.000436885
0.00995016
0.00186792
0.00981027
0.00333734
0.00958362
0.00482646
0.00927179
0.00632874
0.00887028
0.00782667
0.00838715
0.00930796
0.00781777
0.0107537
0.00717086
0.0121491
0.00645008
0.0134705
0.00566089
0.0147003
0.00480949
0.0158331
0.00390375
0.0168363
0.00295012
0.0177113
0.00195781
0.0184194
0.000936653
0.0189567
-0.000102992
0.0193025
-0.00114711
0.0194395
-0.00218674
0.0193675
-0.00321035
0.0190589
-0.00419746
0.0185208
-0.0051451
0.0177316
-0.00602638
0.0166973
-0.0068394
0.0154128
-0.00756605
0.0139005
-0.00819136
0.01215
-0.00870356
0.0101847
-0.00909784
0.00802829
-0.0093616
0.00569821
-0.00948697
0.00322275
-0.00946776
0.000636038
-0.00930355
-0.00203126
-0.0089923
-0.00472768
-0.00853035
-0.00741357
-0.00792649
-0.010047
-0.00718281
-0.01257
-0.00631258
-0.0149357
-0.00532482
-0.0170834
-0.0042372
-0.0189689
-0.00306513
-0.0205397
-0.0018316
-0.0217379
-0.000561672
-0.0225213
0.000722417
-0.0228679
0.00199277
-0.0227433
0.00322096
-0.0221254
0.00438503
-0.0210044
0.00545299
-0.0193761
0.00639967
-0.017264
0.00719867
-0.014683
0.00782726
-0.0116817
0.00826602
-0.00829729
0.00849463
-0.00460314
0.00850401
-0.000702391
0.00828836
0.00334894
0.00784385
0.00740767
0.00718212
0.0113675
0.00630609
0.0151196
0.00524064
0.018526
0.00401455
0.021468
0.00265979
0.0238224
0.00121972
0.0254777
-0.000254736
0.0263359
-0.00173364
0.026375
-0.00316025
0.0255177
-0.00447386
0.0237394
-0.00563897
0.0210725
-0.00659003
0.0175839
-0.00730763
0.0133486
-0.00774229
0.00851227
-0.0078743
0.00324281
-0.00770152
-0.00227768
-0.00721526
-0.00781784
-0.00643217
-0.01314
-0.00537746
-0.0180145
-0.0041037
-0.0222012
-0.00265412
-0.025466
-0.00108806
-0.0276498
0.000496341
-0.028564
0.00205787
-0.028209
0.00350794
-0.0264735
0.00477762
-0.0234221
0.00579619
-0.0191345
0.00650766
-0.0138066
0.00687037
-0.00767616
0.00685717
-0.0010482
0.00646818
0.00570532
0.00572545
0.0122072
0.00466012
0.0181085
0.00333556
0.0229787
0.00183315
0.0265245
0.000246025
0.0284616
-0.00132385
0.0286199
-0.00279605
0.0270404
-0.00406019
0.0236526
-0.00503328
0.0186729
-0.00564508
0.0123866
-0.00585039
0.00520627
-0.0056332
-0.00237845
-0.00500854
-0.00979711
-0.00402176
-0.0164976
-0.00274996
-0.0219243
-0.00129922
-0.0256079
0.000202649
-0.0271846
0.00165716
-0.0266392
0.00293843
-0.0238583
0.0039303
-0.0190281
0.00454682
-0.0125389
0.0047314
-0.00495743
0.00447185
0.00303323
0.00379462
0.0106573
0.00276748
0.0171964
0.00149722
0.0219483
0.000114946
0.0243755
-0.00119736
0.0241815
-0.00236629
0.0215986
-0.00323647
0.0166272
-0.00371314
0.00984414
-0.00374842
0.00201683
-0.00334508
-0.00594869
-0.00255777
-0.0130927
-0.00148542
-0.0185579
-0.000272938
-0.021606
0.000895961
-0.0218015
0.00193078
-0.0194429
0.00267031
-0.014517
0.00302235
-0.00776423
0.00295107
-0.000135472
0.00248148
0.00728968
0.00169541
0.0134552
0.000719705
0.0174838
-0.000269548
0.018761
-0.00116439
0.0174309
-0.00181798
0.0135602
-0.00213672
0.00785549
-0.00209043
0.00134608
-0.00171559
-0.00482767
-0.00110594
-0.00960834
-0.000392811
-0.0122468
0.000268382
-0.0123985
0.000786503
-0.0104176
0.00106912
-0.00675255
0.00108864
-0.0023215
0.000879791
0.00185415
0.000526644
0.0048947
0.000133871
0.0063193
-0.000193272
0.00606729
-0.00041316
0.00463869
-0.000493128
0.00250027
-0.00044689
0.0003052
-0.000322236
-0.0013447
-0.000182256
-0.00216298
-7.48659e-05
-0.00223844
-1.88871e-05
-0.0019114
-0.00160229
0.000170379
0.00040238
0.000612113
0.00071339
0.000799782
0.000645616
0.000527809
0.000396389
0.000990477
0.00148189
0.00217824
0.00275731
0.00344629
0.00408246
0.00475489
0.00539664
0.00603321
0.00662975
0.00718362
0.00769081
0.00813788
0.00851952
0.00884545
0.0091076
0.0092945
0.00940328
0.0094389
0.00938892
0.00925722
0.00904369
0.00875049
0.00837532
0.00792083
0.00738722
0.00678208
0.00610546
0.00536806
0.00457301
0.00372699
0.00283515
0.00190755
0.000953265
-1.6066e-05
-0.000993522
-0.00196447
-0.00291867
-0.00384258
-0.00472579
-0.00554875
-0.00630855
-0.00698702
-0.00756972
-0.00804687
-0.00841397
-0.00865877
-0.00877428
-0.00875571
-0.00860201
-0.00831051
-0.00788208
-0.00731777
-0.00662439
-0.00581337
-0.00489268
-0.00387803
-0.00278625
-0.00163535
-0.000448556
0.00074667
0.0019329
0.00307957
0.00416811
0.00516723
0.00605144
0.00679736
0.00738521
0.00779725
0.00801232
0.00801856
0.00781728
0.00739702
0.00677284
0.00595834
0.00496407
0.00381622
0.00255034
0.00120094
-0.000182872
-0.00156605
-0.00289974
-0.00413132
-0.00521871
-0.00610951
-0.0067777
-0.00718448
-0.00730807
-0.00714058
-0.00668507
-0.00595354
-0.00497578
-0.00378583
-0.00242691
-0.000975922
0.000507015
0.00196575
0.00332102
0.00450849
0.00545964
0.00612225
0.00645799
0.00644335
0.00607663
0.00537938
0.00437843
0.00313859
0.0017335
0.000244787
-0.00121715
-0.0025931
-0.00377371
-0.00468155
-0.00525148
-0.00544002
-0.00523438
-0.00464906
-0.00372756
-0.00254092
-0.00118229
0.000217054
0.00157475
0.00277116
0.00369619
0.00426919
0.00443785
0.00419065
0.00355366
0.0025905
0.00140039
0.000104363
-0.00111671
-0.00220964
-0.00302086
-0.00346348
-0.00349323
-0.0031131
-0.00237542
-0.00137513
-0.00024029
0.000846772
0.00181336
0.00250199
0.00282761
0.00275703
0.00231429
0.00157712
0.000664416
-0.000258831
-0.00109306
-0.00170043
-0.00199393
-0.00194537
-0.00159044
-0.00101775
-0.000350782
0.000265445
0.000747008
0.00100687
0.00102022
0.00082009
0.000486593
0.000117836
-0.000186366
-0.000390081
-0.000461699
-0.000415191
-0.000295711
-0.000163447
-6.37589e-05
-1.41205e-05
)
;

boundaryField
{
    freeSurface
    {
        type            calculated;
        value           nonuniform List<scalar> 
181
(
0.00659231
0.00666109
0.00674207
0.00683258
0.00692092
0.00702398
0.00711369
0.00722724
-0.0129687
-0.0130215
-0.0130202
-0.0130477
-0.0128062
-0.0126069
-0.0122419
-0.0118461
-0.0113288
-0.0107354
-0.0100285
-0.00921459
-0.00830179
-0.00729786
-0.00621064
-0.00504252
-0.00379613
-0.0024705
-0.00107159
0.000401262
0.00191789
0.00346904
0.00503999
0.00662194
0.00820184
0.00976244
0.0112873
0.0127543
0.0141471
0.0154377
0.0166282
0.0176824
0.0186032
0.019347
0.019911
0.0202718
0.020417
0.0203384
0.0200131
0.0194447
0.0186148
0.0175203
0.0161726
0.014579
0.0127327
0.0106619
0.00839539
0.005943
0.00333827
0.000617464
-0.00218495
-0.00501918
-0.007842
-0.0106114
-0.0132634
-0.0157467
-0.0180041
-0.0199836
-0.0216315
-0.0228888
-0.0237081
-0.0240631
-0.0239295
-0.0232721
-0.0220929
-0.0203753
-0.0181482
-0.0154289
-0.0122696
-0.00870932
-0.00481821
-0.000708634
0.00355022
0.00782792
0.0119917
0.0159341
0.0195203
0.0226158
0.0250883
0.0268271
0.0277197
0.0277582
0.0268514
0.024971
0.0221599
0.0184747
0.0140168
0.00891905
0.0033664
-0.00244517
-0.00827334
-0.0138715
-0.0189923
-0.0233912
-0.0268249
-0.0291008
-0.0300469
-0.0296678
-0.0278288
-0.0246095
-0.0200856
-0.0144692
-0.0080119
-0.00103356
0.00607203
0.0129044
0.0191095
0.0242186
0.0279296
0.0299503
0.0300818
0.0284164
0.0248332
0.0195808
0.0129565
0.0053948
-0.00258409
-0.0103824
-0.0174191
-0.023111
-0.0269665
-0.028584
-0.0279969
-0.0250547
-0.0199532
-0.0131119
-0.00512609
0.00328044
0.0112943
0.0181595
0.0231384
0.0256716
0.0254026
0.0226916
0.0174384
0.0102868
0.00204659
-0.00632883
-0.0138304
-0.0195582
-0.0227408
-0.0228886
-0.0204095
-0.0152056
-0.00808984
-6.48981e-05
0.00773243
0.0141923
0.0183965
0.0196843
0.0182651
0.0141676
0.00814899
0.00129752
-0.0051826
-0.010181
-0.0129138
-0.0130148
-0.0108992
-0.00701241
-0.00233486
0.00205429
0.00522819
0.00668806
0.00637149
0.0048424
0.00257188
0.000258691
-0.00146418
-0.00229524
-0.00233812
-0.00196103
-0.00161641
)
;
    }
    walls
    {
        type            calculated;
        value           uniform 0;
    }
    floatingObject
    {
        type            calculated;
        value           nonuniform List<scalar> 
37
(
-0.00438792
-0.0044393
-0.00449069
-0.0045427
-0.00459597
-0.00464924
-0.00470344
-0.00475828
-0.00481342
-0.00486951
-0.00492622
-0.00498356
-0.00504153
-0.00510012
-0.00515966
-0.0052195
-0.0052806
-0.0053417
-0.00540406
0
0
0
-2.71051e-20
0
0
0
0
0
6.77626e-21
0
0
0
0
0
0
0
0
)
;
    }
    frontAndBack
    {
        type            empty;
    }
}


// ************************************************************************* //
