/*--------------------------------*- C++ -*----------------------------------*\
  =========                 |
  \\      /  F ield         | OpenFOAM: The Open Source CFD Toolbox
   \\    /   O peration     | Website:  https://openfoam.org
    \\  /    A nd           | Version:  12
     \\/     M anipulation  |
\*---------------------------------------------------------------------------*/
FoamFile
{
    format      ascii;
    class       surfaceScalarField;
    location    "1.88";
    object      phi;
}
// * * * * * * * * * * * * * * * * * * * * * * * * * * * * * * * * * * * * * //

dimensions      [1 0 -1 0 0 0 0];

internalField   nonuniform List<scalar> 
7429
(
0.000114827
-0.000114827
0.000230922
-0.000116095
0.000348289
-0.000117366
0.000466892
-0.000118603
0.000586696
-0.000119804
0.000707658
-0.000120962
0.000829685
-0.000122026
0.000952699
-0.000123014
0.00107662
-0.000123917
0.00120129
-0.000124673
0.00132652
-0.000125234
0.00145216
-0.000125636
0.00157795
-0.000125792
0.00170365
-0.0001257
0.00182895
-0.000125301
0.0019535
-0.000124551
0.00207694
-0.000123441
0.00219886
-0.000121917
0.00231881
-0.000119946
0.00243632
-0.000117513
0.00255089
-0.000114573
0.00266201
-0.000111112
0.00276912
-0.000107118
0.00287169
-0.00010257
0.00296917
-9.74764e-05
0.00306101
-9.18446e-05
0.00314669
-8.56751e-05
0.00322567
-7.89845e-05
0.00329752
-7.18502e-05
0.00336172
-6.42002e-05
0.00341795
-5.62237e-05
0.00346578
-4.78335e-05
0.00350485
-3.90721e-05
0.0035348
-2.99471e-05
0.00355535
-2.05538e-05
0.00356634
-1.09876e-05
0.0035679
-1.55691e-06
0.00356004
7.85541e-06
0.00354272
1.73194e-05
0.00351599
2.67339e-05
0.00347996
3.60308e-05
0.0034348
4.51631e-05
0.00338073
5.40652e-05
0.00331802
6.27086e-05
0.00324699
7.10372e-05
0.00316799
7.9e-05
0.00308142
8.65694e-05
0.00298773
9.36889e-05
0.00288739
0.000100341
0.00278092
0.00010647
0.00266885
0.000112066
0.00255177
0.000117078
0.00243028
0.00012149
0.00230499
0.000125292
0.00217655
0.000128439
0.0020456
0.000130953
0.00191286
0.000132737
0.00177894
0.000133918
0.00164461
0.000134331
0.00151046
0.000134149
0.00137724
0.000133224
0.00124558
0.00013166
0.00111613
0.000129446
0.000989603
0.00012653
0.000866551
0.000123052
0.000747568
0.000118983
0.000633182
0.000114386
0.000523926
0.000109255
0.000420299
0.000103628
0.000322635
9.76632e-05
0.000231297
9.13388e-05
0.000146787
8.451e-05
6.92418e-05
7.75448e-05
-1.12102e-06
7.03628e-05
-6.42433e-05
6.31223e-05
-0.000119956
5.57131e-05
-0.000168212
4.82555e-05
-0.000208972
4.076e-05
-0.000242505
3.35328e-05
-0.000268763
2.62583e-05
-0.000288037
1.92737e-05
-0.000300645
1.2608e-05
-0.000306752
6.107e-06
-0.000306929
1.77472e-07
-0.000301559
-5.36988e-06
-0.000290958
-1.06009e-05
-0.000275558
-1.54008e-05
-0.000255799
-1.97584e-05
-0.00023215
-2.36488e-05
-0.000205096
-2.70546e-05
-0.00017512
-2.99757e-05
-0.000142713
-3.24068e-05
-0.000108364
-3.4349e-05
-7.2534e-05
-3.58303e-05
-3.56917e-05
-3.68423e-05
1.71788e-06
-3.74096e-05
3.92824e-05
-3.75646e-05
7.65871e-05
-3.73047e-05
0.000113289
-3.67015e-05
0.000149021
-3.57326e-05
0.000183478
-3.44571e-05
0.000216389
-3.29107e-05
0.00024749
-3.1101e-05
0.000276567
-2.90765e-05
0.000303443
-2.68763e-05
0.000327953
-2.45095e-05
0.00034998
-2.20273e-05
0.000369442
-1.94617e-05
0.000386254
-1.68127e-05
0.000400384
-1.41298e-05
0.000411826
-1.14419e-05
0.000420594
-8.76826e-06
0.000426733
-6.13931e-06
0.00043028
-3.54669e-06
0.000431283
-1.00303e-06
0.000429929
1.35399e-06
0.000426279
3.65023e-06
0.000420444
5.83525e-06
0.00041254
7.90419e-06
0.000402715
9.82477e-06
0.00039112
1.15944e-05
0.000377889
1.32316e-05
0.000363196
1.46928e-05
0.000347181
1.60153e-05
0.00033002
1.71608e-05
0.000311847
1.81732e-05
0.000292844
1.90024e-05
0.000273159
1.96852e-05
0.000252938
2.02213e-05
0.00023232
2.06173e-05
0.000211455
2.0865e-05
0.000190477
2.09788e-05
0.000169509
2.09673e-05
0.000148686
2.08238e-05
0.000128081
2.06043e-05
0.000107844
2.02368e-05
8.80345e-05
1.98099e-05
6.87798e-05
1.92547e-05
5.01313e-05
1.86485e-05
3.21542e-05
1.79771e-05
1.49444e-05
1.72098e-05
-1.44869e-06
1.63931e-05
-1.6995e-05
1.55463e-05
-3.16482e-05
1.46532e-05
-4.53814e-05
1.37332e-05
-5.81718e-05
1.27905e-05
-6.99932e-05
1.18213e-05
-8.0847e-05
1.08539e-05
-9.07215e-05
9.87449e-06
-9.96258e-05
8.9043e-06
-0.00010757
7.94447e-06
-0.000114567
6.99657e-06
-0.000120634
6.06691e-06
-0.000125796
5.16176e-06
-0.00013008
4.28399e-06
-0.000133511
3.43185e-06
-0.000136135
2.62398e-06
-0.000137979
1.8436e-06
-0.00013909
1.11088e-06
-0.000139507
4.17477e-07
-0.000139285
-2.22179e-07
-0.000138461
-8.23807e-07
-0.00013708
-1.3814e-06
-0.000135187
-1.89339e-06
-0.000132827
-2.35937e-06
-0.000130046
-2.7808e-06
-0.000126888
-3.15825e-06
-0.000123396
-3.49219e-06
-0.00011961
-3.78557e-06
-0.000115571
-4.03911e-06
-0.000111317
-4.2541e-06
-0.000106885
-4.43171e-06
-0.000102312
-4.57341e-06
-9.76331e-05
-4.67891e-06
-9.2883e-05
-4.75014e-06
-8.80975e-05
-4.7855e-06
-8.331e-05
-4.78746e-06
-7.85541e-05
-4.75598e-06
-7.38607e-05
-4.69333e-06
-6.92594e-05
-4.60137e-06
-6.47724e-05
-4.48697e-06
-6.04185e-05
-4.35392e-06
-5.62093e-05
-4.2092e-06
-5.21493e-05
-4.05997e-06
-4.82369e-05
-3.91235e-06
-4.44647e-05
-3.77225e-06
-4.08199e-05
-3.64482e-06
-3.72862e-05
-3.53372e-06
-3.38457e-05
-3.44043e-06
-3.04827e-05
-3.36298e-06
-2.71838e-05
-3.2989e-06
-2.39414e-05
-3.24246e-06
-2.07548e-05
-3.18662e-06
-1.76267e-05
-3.12802e-06
-1.45608e-05
-3.06596e-06
-1.15598e-05
-3.00103e-06
-8.61879e-06
-2.94097e-06
-5.72636e-06
-2.89242e-06
-2.86263e-06
-2.86373e-06
-2.86263e-06
0.000107226
-0.000222053
0.000215719
-0.000224588
0.000325651
-0.000227299
0.000437075
-0.000230027
0.000550018
-0.000232747
0.000664558
-0.000235503
0.000780744
-0.000238212
0.000898546
-0.000240816
0.00101788
-0.000243253
0.00113883
-0.000245621
0.00126112
-0.000247529
0.00138471
-0.000249222
0.00150932
-0.000250401
0.00163456
-0.000250937
0.00176024
-0.000250983
0.00188585
-0.000250164
0.00201102
-0.000248605
0.00213513
-0.000246031
0.00225773
-0.00024254
0.00237808
-0.000237868
0.00249563
-0.000232128
0.00260968
-0.000225153
0.00271951
-0.000216951
0.00282442
-0.000207477
0.00292369
-0.000196746
0.00301669
-0.000184852
0.00310268
-0.000171657
0.00318109
-0.000157396
0.00325143
-0.000142195
0.00331315
-0.000125914
0.00336571
-0.000108788
0.00340888
-9.10049e-05
0.00344224
-7.24316e-05
0.00346554
-5.32406e-05
0.00347855
-3.35716e-05
0.00348148
-1.39112e-05
0.00347466
5.25826e-06
0.0034579
2.46156e-05
0.00343135
4.38751e-05
0.00339517
6.29056e-05
0.00334963
8.15714e-05
0.00329501
9.97904e-05
0.00323163
0.000117444
0.00315987
0.000134464
0.00308015
0.000150758
0.00299292
0.000166233
0.00289865
0.000180839
0.00279785
0.000194488
0.00269106
0.000207129
0.00257884
0.000218695
0.00246177
0.000229132
0.00234046
0.000238383
0.00221552
0.000246439
0.00208761
0.0002532
0.00195736
0.000258688
0.00182543
0.000262879
0.00169259
0.000265581
0.00155937
0.000267132
0.0014266
0.000267107
0.00129481
0.000265934
0.00116469
0.000263344
0.00103696
0.000259398
0.000912216
0.000254186
0.000791034
0.000247713
0.000673975
0.000240111
0.000561615
0.000231343
0.000454375
0.000221626
0.00035282
0.00021081
0.000257342
0.000199106
0.000168341
0.000186664
8.6025e-05
0.000173655
1.0639e-05
0.000159896
-5.76309e-05
0.000145815
-0.00011869
0.000131422
-0.000172246
0.000116678
-0.00021837
0.000101837
-0.000257177
8.70623e-05
-0.000288636
7.22196e-05
-0.000313069
5.79657e-05
-0.000330754
4.39427e-05
-0.000341888
3.04079e-05
-0.000346522
1.72427e-05
-0.000345411
4.99572e-06
-0.000339011
-6.22223e-06
-0.000327479
-1.69019e-05
-0.000311307
-2.67732e-05
-0.000290947
-3.57614e-05
-0.000266861
-4.3844e-05
-0.000239529
-5.09809e-05
-0.000209432
-5.71511e-05
-0.000177049
-6.23591e-05
-0.000142855
-6.66006e-05
-0.000107304
-6.99006e-05
-7.08294e-05
-7.23045e-05
-3.38797e-05
-7.37919e-05
3.15129e-06
-7.44406e-05
3.98988e-05
-7.43121e-05
7.60007e-05
-7.34066e-05
0.000111158
-7.18589e-05
0.000145071
-6.96451e-05
0.000177466
-6.68525e-05
0.000208111
-6.35558e-05
0.000236826
-5.98162e-05
0.000263427
-5.5677e-05
0.00028777
-5.12196e-05
0.000309764
-4.65035e-05
0.000329332
-4.15956e-05
0.000346382
-3.6511e-05
0.000360884
-3.13154e-05
0.000372873
-2.61187e-05
0.000382324
-2.08931e-05
0.000389273
-1.57165e-05
0.000393818
-1.06848e-05
0.000396005
-5.73394e-06
0.000395891
-8.88279e-07
0.000393652
3.59235e-06
0.000389343
7.95952e-06
0.000383078
1.21002e-05
0.000374999
1.59838e-05
0.000365228
1.95958e-05
0.000353896
2.29263e-05
0.000341163
2.59641e-05
0.00032717
2.86856e-05
0.000312054
3.11319e-05
0.000295972
3.32429e-05
0.000279073
3.50718e-05
0.000261453
3.66221e-05
0.000243292
3.78465e-05
0.000224717
3.87963e-05
0.000205851
3.94831e-05
0.000186829
3.98875e-05
0.000167772
4.00362e-05
0.000148773
3.99661e-05
0.000129917
3.96798e-05
0.000111349
3.91721e-05
9.31341e-05
3.84516e-05
7.53836e-05
3.75604e-05
5.81229e-05
3.65154e-05
4.14595e-05
3.53119e-05
2.54618e-05
3.39748e-05
1.01409e-05
3.25308e-05
-4.44418e-06
3.09781e-05
-1.82425e-05
2.93446e-05
-3.12152e-05
2.76259e-05
-4.33417e-05
2.58597e-05
-5.4616e-05
2.40647e-05
-6.50135e-05
2.22188e-05
-7.45365e-05
2.0377e-05
-8.31791e-05
1.8517e-05
-9.09561e-05
1.66813e-05
-9.78693e-05
1.48576e-05
-0.000103935
1.30623e-05
-0.000109171
1.13027e-05
-0.000113602
9.59276e-06
-0.000117254
7.93652e-06
-0.000120156
6.33344e-06
-0.000122334
4.802e-06
-0.000123829
3.33828e-06
-0.000124675
1.95731e-06
-0.000124909
6.51623e-07
-0.000124579
-5.52357e-07
-0.00012372
-1.68323e-06
-0.000122372
-2.72877e-06
-0.000120578
-3.68753e-06
-0.000118379
-4.55888e-06
-0.000115813
-5.34614e-06
-0.000112921
-6.05042e-06
-0.00010974
-6.6728e-06
-0.000106307
-7.21919e-06
-0.000102655
-7.69099e-06
-9.88183e-05
-8.09073e-06
-9.48294e-05
-8.42061e-06
-9.07194e-05
-8.68341e-06
-8.65198e-05
-8.87845e-06
-8.22608e-05
-9.00917e-06
-7.79741e-05
-9.07221e-06
-7.36897e-05
-9.07183e-06
-6.94382e-05
-9.00749e-06
-6.52485e-05
-8.88305e-06
-6.11478e-05
-8.70205e-06
-5.7157e-05
-8.47783e-06
-5.32928e-05
-8.21802e-06
-4.95655e-05
-7.9365e-06
-4.59781e-05
-7.64746e-06
-4.25277e-05
-7.36275e-06
-3.92062e-05
-7.09372e-06
-3.60003e-05
-6.85071e-06
-3.28932e-05
-6.64083e-06
-2.98662e-05
-6.4674e-06
-2.69033e-05
-6.32592e-06
-2.3991e-05
-6.21117e-06
-2.11227e-05
-6.11072e-06
-1.82996e-05
-6.00972e-06
-1.55272e-05
-5.90042e-06
-1.28121e-05
-5.78105e-06
-1.01597e-05
-5.65351e-06
-7.56686e-06
-5.53377e-06
-5.02263e-06
-5.43666e-06
-2.50981e-06
-5.37655e-06
-5.37245e-06
9.80662e-05
-0.000320119
0.00019753
-0.000324052
0.000298802
-0.00032857
0.000402158
-0.000333383
0.000508196
-0.000338785
0.000617004
-0.00034431
0.000729018
-0.000350226
0.000844453
-0.000356251
0.000963444
-0.000362244
0.00108599
-0.000368162
0.00121223
-0.000373773
0.0013419
-0.000378896
0.00147488
-0.000383381
0.00161082
-0.00038687
0.00174908
-0.00038925
0.00188917
-0.000390254
0.00203026
-0.000389691
0.00217155
-0.000387318
0.00231199
-0.00038298
0.00245065
-0.000376528
0.00258633
-0.000367814
0.00271796
-0.000356779
0.00284437
-0.000343363
0.00296441
-0.000327516
0.003077
-0.000309332
0.00318093
-0.000288785
0.00327544
-0.000266167
0.00335963
-0.000241587
0.00343275
-0.000215318
0.00349435
-0.000187512
0.00354408
-0.000158517
0.00358149
-0.000128417
0.00360657
-9.751e-05
0.00361903
-6.57002e-05
0.00361937
-3.3911e-05
0.0036086
-3.14105e-06
0.00358579
2.80648e-05
0.0035517
5.87112e-05
0.00350679
8.87867e-05
0.00345153
0.000118164
0.00338642
0.000146678
0.00331198
0.000174233
0.00322875
0.000200677
0.00313728
0.000225932
0.00303815
0.000249888
0.00293197
0.000272415
0.00281931
0.000293501
0.00270082
0.000312972
0.00257709
0.000330857
0.00244885
0.000346943
0.00231663
0.000361347
0.00218123
0.000373785
0.00204329
0.000384381
0.00190341
0.000393071
0.00176245
0.000399647
0.00162091
0.00040442
0.00147973
0.000406762
0.00133942
0.000407445
0.00120079
0.000405735
0.0010644
0.000402324
0.000931058
0.000396687
0.000801262
0.000389194
0.000675678
0.00037977
0.000554892
0.000368499
0.000439489
0.000355514
0.000329934
0.000340898
0.000226961
0.000324599
0.000130617
0.000307155
4.11642e-05
0.000288558
-4.06348e-05
0.000268463
-0.000115048
0.000248068
-0.000181429
0.000226277
-0.000239781
0.000204166
-0.000290327
0.000181968
-0.000332855
0.000159206
-0.000367546
0.000136529
-0.00039494
0.000114456
-0.000414862
9.2142e-05
-0.00042755
7.06534e-05
-0.000433434
4.98272e-05
-0.000433119
3.0093e-05
-0.000426814
1.09373e-05
-0.000415601
-6.21684e-06
-0.000399167
-2.26566e-05
-0.000378175
-3.78938e-05
-0.000353147
-5.18013e-05
-0.000324606
-6.43019e-05
-0.000293079
-7.53711e-05
-0.000259072
-8.4988e-05
-0.00022308
-9.31438e-05
-0.00018558
-9.98587e-05
-0.000147038
-0.000105143
-0.000107929
-0.000109009
-6.8645e-05
-0.000111589
-2.95949e-05
-0.000112842
8.84222e-06
-0.000112878
4.63704e-05
-0.00011184
8.26879e-05
-0.000109724
0.000117526
-0.000106697
0.00015066
-0.00010278
0.000181846
-9.80383e-05
0.00021098
-9.26896e-05
0.000237877
-8.67133e-05
0.000262459
-8.02595e-05
0.00028462
-7.33806e-05
0.000304256
-6.61391e-05
0.000321408
-5.87474e-05
0.000336038
-5.11415e-05
0.00034816
-4.34369e-05
0.000357808
-3.57667e-05
0.000365066
-2.81518e-05
0.000369979
-2.06288e-05
0.000372535
-1.32412e-05
0.000372889
-6.08784e-06
0.000371309
6.91648e-07
0.000367682
7.21985e-06
0.000362192
1.34493e-05
0.000354983
1.9309e-05
0.000346176
2.47903e-05
0.000335894
2.98781e-05
0.0003243
3.45201e-05
0.000311517
3.8747e-05
0.000297662
4.25406e-05
0.000282899
4.58949e-05
0.00026733
4.88127e-05
0.000251118
5.12838e-05
0.000234397
5.33425e-05
0.000217283
5.49602e-05
0.000199868
5.62117e-05
0.000182288
5.70632e-05
0.000164648
5.75273e-05
0.000147021
5.76629e-05
0.000129562
5.74259e-05
0.000112334
5.69074e-05
9.54053e-05
5.61007e-05
7.88689e-05
5.49881e-05
6.27887e-05
5.36405e-05
4.72585e-05
5.20457e-05
3.22813e-05
5.02891e-05
1.79322e-05
4.83239e-05
4.28721e-06
4.61757e-05
-8.68377e-06
4.39491e-05
-2.09126e-05
4.15734e-05
-3.23782e-05
3.90914e-05
-4.30677e-05
3.65493e-05
-5.29607e-05
3.39578e-05
-6.20545e-05
3.13126e-05
-7.03493e-05
2.86718e-05
-7.78481e-05
2.60158e-05
-8.45569e-05
2.33901e-05
-9.04922e-05
2.07929e-05
-9.56692e-05
1.82392e-05
-0.000100107
1.57401e-05
-0.000103824
1.33104e-05
-0.000106848
1.096e-05
-0.0001092
8.68604e-06
-0.000110922
6.5239e-06
-0.000112032
4.44799e-06
-0.000112574
2.49922e-06
-0.000112581
6.58893e-07
-0.000112091
-1.04222e-06
-0.000111139
-2.63525e-06
-0.000109764
-4.10432e-06
-0.000108002
-5.44876e-06
-0.000105893
-6.6684e-06
-0.000103471
-7.76817e-06
-0.000100771
-8.75056e-06
-9.78261e-05
-9.61748e-06
-9.46675e-05
-1.03777e-05
-9.1325e-05
-1.10335e-05
-8.78272e-05
-1.15885e-05
-8.42018e-05
-1.20459e-05
-8.04756e-05
-1.24097e-05
-7.66755e-05
-1.26785e-05
-7.28277e-05
-1.2857e-05
-6.89602e-05
-1.29397e-05
-6.51003e-05
-1.29317e-05
-6.12766e-05
-1.28312e-05
-5.75171e-05
-1.26426e-05
-5.38479e-05
-1.23712e-05
-5.02893e-05
-1.20365e-05
-4.68567e-05
-1.16506e-05
-4.35585e-05
-1.12347e-05
-4.03957e-05
-1.08102e-05
-3.73639e-05
-1.03946e-05
-3.44537e-05
-1.0004e-05
-3.16499e-05
-9.65447e-06
-2.89345e-05
-9.35631e-06
-2.62858e-05
-9.11605e-06
-2.36864e-05
-8.92531e-06
-2.11216e-05
-8.77598e-06
-1.85857e-05
-8.64662e-06
-1.60823e-05
-8.51313e-06
-1.36216e-05
-8.36108e-06
-1.12158e-05
-8.18688e-06
-8.87386e-06
-7.99547e-06
-6.59581e-06
-7.81182e-06
-4.37029e-06
-7.66218e-06
-2.18201e-06
-7.56482e-06
-7.55446e-06
7.86237e-05
-0.000398743
0.000158826
-0.000404254
0.000241842
-0.000411586
0.000328643
-0.000420183
0.000420064
-0.000430206
0.000517296
-0.000441543
0.000621028
-0.000453958
0.000731962
-0.000467185
0.000850783
-0.000481066
0.000978013
-0.000495392
0.00111342
-0.000509182
0.00125617
-0.000521646
0.00140592
-0.000533125
0.00156231
-0.000543268
0.00172455
-0.000551488
0.00189186
-0.000557557
0.00206232
-0.000560154
0.00223483
-0.000559824
0.00240783
-0.000555981
0.00257971
-0.00054841
0.00274835
-0.00053646
0.0029119
-0.000520325
0.00306837
-0.000499835
0.00321589
-0.000475032
0.00335265
-0.000446095
0.00347709
-0.000413225
0.00358767
-0.000376747
0.00368306
-0.000336971
0.00376258
-0.000294837
0.00382526
-0.0002502
0.00387056
-0.000203818
0.00389852
-0.000156378
0.00390944
-0.000108426
0.00390414
-6.0403e-05
0.00388473
-1.44966e-05
0.00385084
3.07468e-05
0.00380382
7.50832e-05
0.00374422
0.000118315
0.00367285
0.000160152
0.00359055
0.000200468
0.00349815
0.000239082
0.00339647
0.000275911
0.0032863
0.000310848
0.00316839
0.000343835
0.00304353
0.00037475
0.00291242
0.000403531
0.00277583
0.000430088
0.00263439
0.000454409
0.00248892
0.000476331
0.00233994
0.000495918
0.00218839
0.000512898
0.0020348
0.000527375
0.00188005
0.000539135
0.0017247
0.000548423
0.00156962
0.000554727
0.00141538
0.000558652
0.00126283
0.000559319
0.0011127
0.000557572
0.000965551
0.000552885
0.000822211
0.000545664
0.000683342
0.000535556
0.000549571
0.000522965
0.000421599
0.000507742
0.000300097
0.00049
0.000185691
0.000469921
7.85916e-05
0.000447997
-2.12133e-05
0.000424404
-0.000112481
0.000398422
-0.000195371
0.000371448
-0.000269425
0.000342517
-0.000334765
0.000313408
-0.000391564
0.000283076
-0.000439566
0.000252169
-0.000478702
0.000221103
-0.000509143
0.000189647
-0.000531663
0.000159048
-0.000545602
0.000128395
-0.000552489
9.90288e-05
-0.000552122
7.0286e-05
-0.00054507
4.27752e-05
-0.000531998
1.70217e-05
-0.000514054
-7.00648e-06
-0.000490674
-2.95972e-05
-0.000462777
-5.0554e-05
-0.000430989
-6.96813e-05
-0.000395888
-8.69029e-05
-0.000358086
-0.000102104
-0.000318146
-0.000115311
-0.000276554
-0.000126581
-0.00023386
-0.000135837
-0.000190615
-0.000143105
-0.000147196
-0.000148562
-0.000104055
-0.00015215
-6.16331e-05
-0.00015401
-2.02103e-05
-0.000154265
1.99754e-05
-0.000153064
5.85406e-05
-0.000150405
9.52142e-05
-0.000146398
0.000129865
-0.000141348
0.000162313
-0.000135227
0.000192408
-0.000128134
0.000220007
-0.000120288
0.00024506
-0.000111766
0.000267571
-0.000102771
0.000287453
-9.32627e-05
0.000304809
-8.34952e-05
0.00031949
-7.34286e-05
0.000331618
-6.32689e-05
0.000341261
-5.30804e-05
0.000348532
-4.30369e-05
0.000353473
-3.30935e-05
0.000356151
-2.33066e-05
0.000356641
-1.37311e-05
0.000355208
-4.65472e-06
0.000351875
4.025e-06
0.000346741
1.2353e-05
0.00033996
2.02309e-05
0.00033165
2.76192e-05
0.000321958
3.44818e-05
0.000311015
4.08212e-05
0.000298938
4.65969e-05
0.000285886
5.17991e-05
0.000271987
5.64395e-05
0.000257351
6.05312e-05
0.000242134
6.40296e-05
0.000226434
6.69839e-05
0.000210355
6.94217e-05
0.000194014
7.13008e-05
0.000177533
7.26926e-05
0.000161004
7.35932e-05
0.000144529
7.4002e-05
0.00012821
7.39821e-05
0.000112052
7.35838e-05
9.62009e-05
7.27582e-05
8.07263e-05
7.15753e-05
6.5653e-05
7.00614e-05
5.10682e-05
6.82253e-05
3.69983e-05
6.61156e-05
2.35234e-05
6.3764e-05
1.06837e-05
6.11635e-05
-1.54906e-06
5.84085e-05
-1.30723e-05
5.54724e-05
-2.39063e-05
5.24074e-05
-3.40286e-05
4.92137e-05
-4.34132e-05
4.59339e-05
-5.20539e-05
4.25985e-05
-5.99774e-05
3.92361e-05
-6.71519e-05
3.58463e-05
-7.36186e-05
3.24825e-05
-7.93544e-05
2.91259e-05
-8.43958e-05
2.58343e-05
-8.87566e-05
2.26001e-05
-9.24559e-05
1.94394e-05
-9.55129e-05
1.63674e-05
-9.79511e-05
1.33982e-05
-9.97968e-05
1.05318e-05
-0.000101082
7.80888e-06
-0.000101834
5.20041e-06
-0.000102078
2.74287e-06
-0.000101858
4.39449e-07
-0.000101202
-1.6983e-06
-0.000100145
-3.69211e-06
-9.87239e-05
-5.52588e-06
-9.69724e-05
-7.20026e-06
-9.49252e-05
-8.71555e-06
-9.26143e-05
-1.00791e-05
-9.00701e-05
-1.12948e-05
-8.73221e-05
-1.23655e-05
-8.43961e-05
-1.33037e-05
-8.13175e-05
-1.41121e-05
-7.81106e-05
-1.47955e-05
-7.47987e-05
-1.53578e-05
-7.14043e-05
-1.5804e-05
-6.79502e-05
-1.61326e-05
-6.44588e-05
-1.63485e-05
-6.09543e-05
-1.64442e-05
-5.7462e-05
-1.6424e-05
-5.40089e-05
-1.62843e-05
-5.06232e-05
-1.60283e-05
-4.73311e-05
-1.56633e-05
-4.41528e-05
-1.52148e-05
-4.11026e-05
-1.47009e-05
-3.81867e-05
-1.41506e-05
-3.54041e-05
-1.35927e-05
-3.27484e-05
-1.30503e-05
-3.0209e-05
-1.25433e-05
-2.77688e-05
-1.20947e-05
-2.54082e-05
-1.17169e-05
-2.31016e-05
-1.14227e-05
-2.0829e-05
-1.11979e-05
-1.85735e-05
-1.10315e-05
-1.63301e-05
-1.089e-05
-1.41053e-05
-1.0738e-05
-1.19158e-05
-1.05505e-05
-9.78047e-06
-1.03222e-05
-7.71236e-06
-1.00636e-05
-5.71559e-06
-9.80858e-06
-3.77838e-06
-9.59939e-06
-1.88358e-06
-9.45962e-06
-9.43804e-06
3.67344e-05
-0.000435477
7.52861e-05
-0.000442806
0.000118102
-0.000454402
0.000167617
-0.000469698
0.000225631
-0.000488219
0.000294374
-0.000510286
0.000375648
-0.000535231
0.000471097
-0.000562634
0.000582247
-0.000592215
0.0007098
-0.000622945
0.000854278
-0.00065366
0.00101607
-0.000683442
0.00119439
-0.000711436
0.00138775
-0.00073663
0.00159422
-0.000757957
0.0018114
-0.000774743
0.00203735
-0.000786106
0.00226908
-0.000791555
0.00250343
-0.000790329
0.00273704
-0.000782021
0.00296672
-0.000766138
0.00318879
-0.000742388
0.00339957
-0.000710615
0.00359536
-0.000670831
0.00377262
-0.000623347
0.00392801
-0.000568614
0.00405913
-0.000507876
0.00416435
-0.000442182
0.00424296
-0.000373455
0.00429583
-0.000303068
0.00432432
-0.000232301
0.0043296
-0.000161667
0.00431304
-9.18628e-05
0.00427896
-2.63235e-05
0.00422557
3.89003e-05
0.00415567
0.000100647
0.00407132
0.000159425
0.00397431
0.000215331
0.00386604
0.000268421
0.00374777
0.000318737
0.00362065
0.000366202
0.00348567
0.000410892
0.00334376
0.000452758
0.00319575
0.000491844
0.00304237
0.00052813
0.00288447
0.000561427
0.00272255
0.000592017
0.00255754
0.000619415
0.00238978
0.000644091
0.00222038
0.000665321
0.0020495
0.000683775
0.00187814
0.000698731
0.0017067
0.000710576
0.00153632
0.000718804
0.00136743
0.000723619
0.00120096
0.000725125
0.00103755
0.000722727
0.000877895
0.000717225
0.000723011
0.000707769
0.000573163
0.000695511
0.000429578
0.000679142
0.000292702
0.000659841
0.000163284
0.00063716
4.19345e-05
0.00061135
-7.16251e-05
0.00058348
-0.00017589
0.000552262
-0.000270793
0.000519307
-0.000355921
0.000483551
-0.00043135
0.000446877
-0.000497209
0.000408376
-0.000552894
0.000369093
-0.000598705
0.000328887
-0.000634848
0.000288311
-0.000661086
0.000247342
-0.00067905
0.000207611
-0.000687594
0.000167592
-0.000688287
0.000129089
-0.000681113
9.18548e-05
-0.000666989
5.6162e-05
-0.00064688
2.2666e-05
-0.000621318
-8.54048e-06
-0.000590414
-3.79106e-05
-0.000554963
-6.50485e-05
-0.0005157
-8.98169e-05
-0.00047334
-0.000112041
-0.000428422
-0.000131821
-0.000381716
-0.00014881
-0.000333717
-0.00016331
-0.000285084
-0.000175213
-0.000236311
-0.00018461
-0.000187792
-0.000191624
-0.000140059
-0.000196294
-9.34808e-05
-0.000198728
-4.83886e-05
-0.000199102
-5.08198e-06
-0.000197571
3.61505e-05
-0.000194296
7.51385e-05
-0.000189394
0.000111717
-0.000182977
0.000145729
-0.000175359
0.000177047
-0.000166545
0.000205632
-0.000156719
0.000231484
-0.00014614
0.000254474
-0.000134757
0.000274737
-0.000123033
0.000292207
-0.000110733
0.000306982
-9.82704e-05
0.000319204
-8.565e-05
0.000328916
-7.29811e-05
0.000336128
-6.02926e-05
0.000340958
-4.78669e-05
0.000343616
-3.57513e-05
0.000344128
-2.38188e-05
0.000342744
-1.2347e-05
0.000339485
-1.39527e-06
0.000334508
9.00112e-06
0.000327937
1.89249e-05
0.000319919
2.82485e-05
0.000310576
3.69621e-05
0.000300049
4.50088e-05
0.000288484
5.23868e-05
0.000275983
5.90973e-05
0.000262686
6.50966e-05
0.000248741
7.03836e-05
0.000234243
7.50297e-05
0.000219329
7.89431e-05
0.000204093
8.22203e-05
0.000188638
8.48767e-05
0.000173032
8.69065e-05
0.000157403
8.83216e-05
0.000141849
8.91473e-05
0.000126435
8.94158e-05
0.000111197
8.92207e-05
9.62633e-05
8.85172e-05
8.16694e-05
8.73521e-05
6.74767e-05
8.5768e-05
5.37203e-05
8.38178e-05
4.04843e-05
8.14613e-05
2.77773e-05
7.88226e-05
1.56466e-05
7.58947e-05
4.12177e-06
7.26884e-05
-6.78666e-06
6.9317e-05
-1.70369e-05
6.57226e-05
-2.66173e-05
6.19878e-05
-3.55181e-05
5.81145e-05
-4.37255e-05
5.41413e-05
-5.12733e-05
5.01463e-05
-5.81281e-05
4.60909e-05
-6.43177e-05
4.20359e-05
-6.98383e-05
3.8003e-05
-7.47256e-05
3.40133e-05
-7.89713e-05
3.008e-05
-8.26e-05
2.62287e-05
-8.5643e-05
2.24824e-05
-8.811e-05
1.88345e-05
-9.00268e-05
1.53149e-05
-9.14346e-05
1.19396e-05
-9.23262e-05
8.70048e-06
-9.27592e-05
5.63338e-06
-9.27419e-05
2.72557e-06
-9.2322e-05
1.95298e-08
-9.15173e-05
-2.50299e-06
-9.0368e-05
-4.84138e-06
-8.89069e-05
-6.987e-06
-8.71658e-05
-8.94137e-06
-8.51756e-05
-1.07057e-05
-8.29658e-05
-1.2289e-05
-8.05631e-05
-1.36975e-05
-7.79928e-05
-1.49358e-05
-7.52764e-05
-1.602e-05
-7.2435e-05
-1.69536e-05
-6.94889e-05
-1.77416e-05
-6.64575e-05
-1.83892e-05
-6.33597e-05
-1.89018e-05
-6.02143e-05
-1.9278e-05
-5.704e-05
-1.95228e-05
-5.38573e-05
-1.96269e-05
-5.06895e-05
-1.95918e-05
-4.75625e-05
-1.94112e-05
-4.45058e-05
-1.9085e-05
-4.15465e-05
-1.86226e-05
-3.87053e-05
-1.8056e-05
-3.59953e-05
-1.74108e-05
-3.34203e-05
-1.67255e-05
-3.0977e-05
-1.6036e-05
-2.86568e-05
-1.53706e-05
-2.6449e-05
-1.47511e-05
-2.43338e-05
-1.42099e-05
-2.22918e-05
-1.37589e-05
-2.02916e-05
-1.34229e-05
-1.8311e-05
-1.31785e-05
-1.6329e-05
-1.30135e-05
-1.43415e-05
-1.28775e-05
-1.23576e-05
-1.2722e-05
-1.04023e-05
-1.25057e-05
-8.5023e-06
-1.22223e-05
-6.67503e-06
-1.18908e-05
-4.92826e-06
-1.15554e-05
-3.24968e-06
-1.1278e-05
-1.61591e-06
-1.10934e-05
-1.10539e-05
-4.10336e-05
-0.000394443
-7.93787e-05
-0.000404461
-0.000110546
-0.000423234
-0.000130503
-0.000449742
-0.000134334
-0.000484388
-0.000117385
-0.000527234
-7.47545e-05
-0.000577862
-1.65204e-06
-0.000635737
0.000104771
-0.000698639
0.000244
-0.000762173
0.000414336
-0.000823995
0.000613301
-0.000882406
0.00083814
-0.000936276
0.0010859
-0.000984389
0.00135418
-0.00102624
0.00163951
-0.00106007
0.00193862
-0.00108522
0.00224732
-0.00110025
0.00256139
-0.00110441
0.00287597
-0.0010966
0.00318592
-0.00107608
0.00348543
-0.0010419
0.00376872
-0.000993906
0.0040299
-0.000932011
0.00426305
-0.000856503
0.00446317
-0.000768732
0.00462555
-0.00067025
0.0047447
-0.000561337
0.00481908
-0.000447832
0.00485213
-0.000336114
0.00484788
-0.000228054
0.00481088
-0.000124673
0.00474999
-3.0971e-05
0.0046653
5.83643e-05
0.00456326
0.000140946
0.00444589
0.00021802
0.00431548
0.00028983
0.00417417
0.000356641
0.00402382
0.000418769
0.00386602
0.000476537
0.00370202
0.000530208
0.00353295
0.000579962
0.0033595
0.000626204
0.00318249
0.000668856
0.00300267
0.00070795
0.00282023
0.000743864
0.00263614
0.000776107
0.00245021
0.000805353
0.00226377
0.000830529
0.00207643
0.000852658
0.00188969
0.000870517
0.00170358
0.000884843
0.00151904
0.000895113
0.00133644
0.000901406
0.00115653
0.00090353
0.000980039
0.000901614
0.000808107
0.000894659
0.000641313
0.000884019
0.000480478
0.000868604
0.000326427
0.000849561
0.000179639
0.00082593
4.14484e-05
0.000798031
-8.83537e-05
0.000766962
-0.000208931
0.000731927
-0.000318879
0.000693428
-0.000418603
0.000651987
-0.000507652
0.000608355
-0.000586113
0.000562011
-0.000652757
0.000513521
-0.000708142
0.000463762
-0.000752959
0.00041391
-0.000787233
0.000363162
-0.000810355
0.000311434
-0.00082457
0.000261557
-0.000828211
0.000211252
-0.000823361
0.000162741
-0.000810221
0.000115949
-0.000789601
7.1235e-05
-0.000762539
2.91001e-05
-0.000729686
-1.01878e-05
-0.00069127
-4.69561e-05
-0.000648189
-8.09916e-05
-0.00060132
-0.000111918
-0.000551446
-0.000139691
-0.000499427
-0.00016406
-0.000445861
-0.000185387
-0.000391373
-0.000203299
-0.000336673
-0.000218009
-0.000282193
-0.000229694
-0.000228549
-0.000238254
-0.000176052
-0.00024412
-0.000125236
-0.000247111
-7.63956e-05
-0.000247569
-2.98157e-05
-0.000245682
1.4343e-05
-0.00024173
5.57987e-05
-0.000235752
9.44044e-05
-0.000227999
0.000130036
-0.000218609
0.000162741
-0.000208064
0.000192437
-0.000196241
0.00021909
-0.000183372
0.000242658
-0.000169708
0.000263376
-0.000155474
0.000281152
-0.00014081
0.000296182
-0.000125763
0.00030845
-0.000110538
0.000318106
-9.53063e-05
0.000325316
-8.01912e-05
0.000330243
-6.52191e-05
0.000332809
-5.04332e-05
0.000333348
-3.62907e-05
0.000331906
-2.23766e-05
0.000328713
-9.15334e-06
0.000323899
3.41862e-06
0.000317489
1.54103e-05
0.000309686
2.6728e-05
0.000300611
3.73238e-05
0.000290421
4.71519e-05
0.000279241
5.61891e-05
0.000267193
6.44343e-05
0.000254416
7.18742e-05
0.000241037
7.84761e-05
0.000227161
8.42591e-05
0.000212906
8.92855e-05
0.000198334
9.35151e-05
0.000183598
9.69563e-05
0.000168761
9.9713e-05
0.000153942
0.000101725
0.000139194
0.00010307
0.000124558
0.000103783
0.000110118
0.000103855
9.5987e-05
0.000103352
8.2176e-05
0.000102328
6.87519e-05
0.000100776
5.57614e-05
9.87585e-05
4.32489e-05
9.63303e-05
3.12345e-05
9.34756e-05
1.97542e-05
9.0303e-05
8.83987e-06
8.6809e-05
-1.48245e-06
8.30107e-05
-1.11816e-05
7.90161e-05
-2.02634e-05
7.48044e-05
-2.87121e-05
7.04365e-05
-3.65305e-05
6.59329e-05
-4.37192e-05
6.13301e-05
-5.02634e-05
5.66905e-05
-5.6186e-05
5.20134e-05
-6.14916e-05
4.73416e-05
-6.61985e-05
4.27099e-05
-7.03128e-05
3.81276e-05
-7.38637e-05
3.36309e-05
-7.68691e-05
2.92341e-05
-7.93373e-05
2.49506e-05
-8.13021e-05
2.07993e-05
-8.2784e-05
1.67969e-05
-8.3792e-05
1.29476e-05
-8.43677e-05
9.27616e-06
-8.45202e-05
5.78588e-06
-8.42912e-05
2.49661e-06
-8.37016e-05
-5.70072e-07
-8.27809e-05
-3.4237e-06
-8.15639e-05
-6.0584e-06
-8.00813e-05
-8.46961e-06
-7.83621e-05
-1.06606e-05
-7.64354e-05
-1.26323e-05
-7.43279e-05
-1.43965e-05
-7.20629e-05
-1.59625e-05
-6.96622e-05
-1.73365e-05
-6.71429e-05
-1.85393e-05
-6.45221e-05
-1.95744e-05
-6.18164e-05
-2.04473e-05
-5.90424e-05
-2.11633e-05
-5.62157e-05
-2.17284e-05
-5.33515e-05
-2.21422e-05
-5.04651e-05
-2.24092e-05
-4.75722e-05
-2.25197e-05
-4.46954e-05
-2.24686e-05
-4.18587e-05
-2.22479e-05
-3.90943e-05
-2.18494e-05
-3.64309e-05
-2.12861e-05
-3.38903e-05
-2.05965e-05
-3.14843e-05
-1.98169e-05
-2.92135e-05
-1.89963e-05
-2.7072e-05
-1.81775e-05
-2.50492e-05
-1.73934e-05
-2.31356e-05
-1.66646e-05
-2.13089e-05
-1.60366e-05
-1.95509e-05
-1.55169e-05
-1.78237e-05
-1.51501e-05
-1.61025e-05
-1.48997e-05
-1.43614e-05
-1.47546e-05
-1.25967e-05
-1.46421e-05
-1.08201e-05
-1.44986e-05
-9.06692e-06
-1.4259e-05
-7.3719e-06
-1.39173e-05
-5.75712e-06
-1.35056e-05
-4.23212e-06
-1.30804e-05
-2.78272e-06
-1.27274e-05
-1.38009e-06
-1.2496e-05
-1.2434e-05
-0.000172301
-0.000222142
-0.000341171
-0.000235591
-0.000501106
-0.000263299
-0.000643633
-0.000307215
-0.000761536
-0.000366485
-0.000849173
-0.000439597
-0.000893558
-0.000533477
-0.000885991
-0.000643304
-0.000819125
-0.000765505
-0.000690708
-0.000890591
-0.0005017
-0.001013
-0.000254279
-0.00112983
4.71776e-05
-0.00123773
0.000396563
-0.00133377
0.000786142
-0.00141582
0.00120812
-0.00148205
0.00165411
-0.0015312
0.00211644
-0.00156258
0.00258701
-0.00157497
0.00305782
-0.00156741
0.0035204
-0.00153867
0.00396587
-0.00148737
0.00438383
-0.00141187
0.00476232
-0.00131049
0.00508871
-0.00118289
0.00534993
-0.00102996
0.00553244
-0.000852756
0.00562702
-0.000655921
0.00564768
-0.000468492
0.0056053
-0.000293727
0.00551286
-0.000135619
0.00539466
-6.47041e-06
0.00524066
0.000123029
0.0050687
0.000230323
0.00488503
0.000324614
0.00469409
0.000408961
0.00449889
0.000485033
0.00430138
0.000554144
0.00410255
0.000617599
0.00390312
0.000675975
0.00370332
0.000730005
0.00350337
0.000779913
0.00330368
0.000825891
0.003104
0.000868535
0.00290395
0.000907999
0.00270431
0.000943503
0.00250441
0.000976009
0.00230508
0.00100468
0.00210572
0.0010299
0.00190742
0.00105096
0.00170997
0.00106796
0.00151408
0.00108073
0.00132011
0.00108908
0.00112914
0.00109238
0.000942052
0.00109061
0.000759336
0.00108433
0.000581854
0.00107214
0.00041102
0.00105485
0.000246703
0.00103292
9.01384e-05
0.00100613
-5.70503e-05
0.000973119
-0.000195737
0.000936718
-0.000323233
0.000894458
-0.000440376
0.000849071
-0.000546074
0.000799126
-0.000639617
0.00074553
-0.000721173
0.000689911
-0.000790718
0.000631555
-0.00084798
0.000570783
-0.000893092
0.000508874
-0.000926532
0.000447349
-0.000948095
0.000384725
-0.000959519
0.000322858
-0.000959377
0.000261414
-0.000950157
0.000202032
-0.000931877
0.000144461
-0.000905352
8.94247e-05
-0.000872078
3.79608e-05
-0.000832724
-1.02533e-05
-0.000787583
-5.53288e-05
-0.000737583
-9.69562e-05
-0.000683889
-0.000134686
-0.000627219
-0.000168588
-0.000568529
-0.000198381
-0.000508462
-0.000224127
-0.000447825
-0.000246024
-0.000387257
-0.000263866
-0.000327326
-0.00027794
-0.000268767
-0.000288253
-0.000211745
-0.000295276
-0.000156905
-0.000298959
-0.000104488
-0.000299528
-5.48311e-05
-0.000297225
-7.8326e-06
-0.000292681
3.604e-05
-0.000285603
7.6626e-05
-0.000276338
0.000114093
-0.000265466
0.000148155
-0.000252671
0.000178982
-0.000238891
0.000206493
-0.000223751
0.00023082
-0.000207699
0.000251972
-0.000190861
0.000270106
-0.000173607
0.000285313
-0.000156016
0.000297758
-0.000138208
0.000307559
-0.000120339
0.00031475
-0.000102498
0.000319648
-8.50891e-05
0.000322345
-6.79159e-05
0.000322947
-5.10348e-05
0.00032164
-3.49836e-05
0.000318491
-1.92275e-05
0.00031381
-4.47286e-06
0.000307628
9.6005e-06
0.000300074
2.29646e-05
0.000291295
3.55072e-05
0.000281432
4.71868e-05
0.000270641
5.79428e-05
0.000259036
6.7794e-05
0.000246733
7.67376e-05
0.000233877
8.47298e-05
0.00022056
9.17929e-05
0.000206876
9.79438e-05
0.000192943
0.000103218
0.000178877
0.000107582
0.000164735
0.000111098
0.0001506
0.000113847
0.000136554
0.000115772
0.000122661
0.000116963
0.000108975
0.000117469
9.55733e-05
0.000117257
8.24853e-05
0.00011644
6.97717e-05
0.000115042
5.74722e-05
0.000113076
4.55894e-05
0.000110641
3.42175e-05
0.000107702
2.33691e-05
0.000104324
1.30216e-05
0.00010065
3.26265e-06
9.6568e-05
-5.99249e-06
9.22658e-05
-1.46342e-05
8.76578e-05
-2.26793e-05
8.28495e-05
-3.01302e-05
7.78874e-05
-3.69804e-05
7.27831e-05
-4.32293e-05
6.7579e-05
-4.89068e-05
6.23679e-05
-5.40052e-05
5.71118e-05
-5.85397e-05
5.1876e-05
-6.25288e-05
4.66989e-05
-6.59929e-05
4.15917e-05
-6.89391e-05
3.65771e-05
-7.13975e-05
3.16925e-05
-7.3385e-05
2.69382e-05
-7.49216e-05
2.23359e-05
-7.60265e-05
1.79017e-05
-7.67215e-05
1.36426e-05
-7.70272e-05
9.58192e-06
-7.69666e-05
5.72522e-06
-7.65614e-05
2.09143e-06
-7.58447e-05
-1.28679e-06
-7.48417e-05
-4.42668e-06
-7.35844e-05
-7.31566e-06
-7.21018e-05
-9.95225e-06
-7.04206e-05
-1.23418e-05
-6.85674e-05
-1.44856e-05
-6.65676e-05
-1.63963e-05
-6.44408e-05
-1.80893e-05
-6.22062e-05
-1.95711e-05
-5.98759e-05
-2.08696e-05
-5.74638e-05
-2.19865e-05
-5.4983e-05
-2.2928e-05
-5.24478e-05
-2.36985e-05
-4.98719e-05
-2.43043e-05
-4.72668e-05
-2.47474e-05
-4.46449e-05
-2.50311e-05
-4.20158e-05
-2.51489e-05
-3.94021e-05
-2.50823e-05
-3.68255e-05
-2.48245e-05
-3.43225e-05
-2.43525e-05
-3.19233e-05
-2.36853e-05
-2.96518e-05
-2.28679e-05
-2.75178e-05
-2.1951e-05
-2.55182e-05
-2.09958e-05
-2.36442e-05
-2.00515e-05
-2.18834e-05
-1.91542e-05
-2.02287e-05
-1.83193e-05
-1.86559e-05
-1.76094e-05
-1.71491e-05
-1.70237e-05
-1.56637e-05
-1.66355e-05
-1.41719e-05
-1.63915e-05
-1.26425e-05
-1.6284e-05
-1.10713e-05
-1.62133e-05
-9.47333e-06
-1.60965e-05
-7.89407e-06
-1.58382e-05
-6.37805e-06
-1.54333e-05
-4.9519e-06
-1.49318e-05
-3.62334e-06
-1.44089e-05
-2.37396e-06
-1.39767e-05
-1.17612e-06
-1.36939e-05
-1.36102e-05
-0.000400951
0.000178808
-0.00080363
0.000167089
-0.00119575
0.000128824
-0.00156513
6.2162e-05
-0.00187961
-5.20013e-05
-0.00215121
-0.000168002
-0.0023559
-0.000328787
-0.00243474
-0.000564464
-0.00226663
-0.000933614
-0.00196718
-0.00119004
-0.00158093
-0.00139925
-0.00113323
-0.00157753
-0.000645717
-0.00172524
-0.000131485
-0.00184801
0.000401473
-0.00194878
0.000948722
-0.0020293
0.00150737
-0.00208985
0.00207538
-0.0021306
0.00265072
-0.00215031
0.00323078
-0.00214747
0.00381185
-0.00211974
0.00438832
-0.00206384
0.00495202
-0.00197557
0.00549059
-0.00184907
0.0059816
-0.0016739
0.00639706
-0.00144542
0.00668732
-0.00114302
0.00667725
-0.000645853
0.00653831
-0.00032955
0.00633909
-9.45118e-05
0.00609756
0.000105912
0.00583233
0.000258758
0.00556909
0.000386271
0.0053057
0.000493716
0.00504446
0.000585853
0.00478778
0.00066564
0.00453707
0.00073574
0.00429323
0.000797985
0.00405658
0.00085425
0.0038267
0.000905853
0.00360316
0.000953543
0.00338452
0.000998556
0.00316983
0.00104059
0.00295781
0.00108055
0.00274903
0.00111677
0.00254145
0.00115109
0.00233535
0.0011821
0.00212991
0.00121012
0.0019254
0.00123441
0.00172175
0.00125461
0.0015191
0.00127061
0.00131851
0.00128133
0.00112069
0.0012869
0.000925799
0.00128727
0.000734701
0.00128171
0.000548653
0.00127038
0.000368595
0.0012522
0.000195535
0.00122791
3.00032e-05
0.00119845
-0.000126108
0.00116224
-0.000273289
0.0011203
-0.000408277
0.00107171
-0.000533138
0.00101932
-0.000645223
0.000961156
-0.000744838
0.00089874
-0.000831804
0.000832495
-0.000905238
0.000763346
-0.000965346
0.000691664
-0.00101279
0.00061823
-0.00104667
0.000542748
-0.00106837
0.000469057
-0.00107727
0.000393623
-0.00107517
0.000320755
-0.00106314
0.00024938
-0.00104139
0.000180291
-0.00101085
0.000113913
-0.000972062
5.06398e-05
-0.000927226
-6.8749e-06
-0.000876321
-6.1158e-05
-0.000820497
-0.000111154
-0.000760731
-0.000156722
-0.00069805
-0.000197367
-0.000633476
-0.000233162
-0.000567816
-0.000264041
-0.00050168
-0.000290262
-0.000435893
-0.000311811
-0.000371265
-0.000328494
-0.000308341
-0.000340865
-0.000247121
-0.000349473
-0.000188537
-0.00035386
-0.000132704
-0.000354793
-8.00611e-05
-0.000352171
-3.05432e-05
-0.000346743
1.55328e-05
-0.000338757
5.80988e-05
-0.000328169
9.70735e-05
-0.000315312
0.000132491
-0.000300884
0.00016436
-0.00028454
0.000192763
-0.000267294
0.000217801
-0.000248789
0.000239503
-0.000229402
0.000258079
-0.000209437
0.000273572
-0.0001891
0.00028617
-0.000168615
0.00029612
-0.000148158
0.000303542
-0.000127762
0.000308634
-0.000107589
0.000311405
-8.78606e-05
0.000312145
-6.86557e-05
0.000311004
-4.98939e-05
0.000308095
-3.20749e-05
0.000303611
-1.4743e-05
0.000297724
1.41404e-06
0.00029047
1.68543e-05
0.000282047
3.13872e-05
0.000272597
4.4958e-05
0.000262208
5.75753e-05
0.000251071
6.908e-05
0.000239275
7.95904e-05
0.000226935
8.90776e-05
0.000214175
9.74898e-05
0.000201108
0.000104859
0.000187782
0.00011127
0.000174336
0.000116664
0.000160862
0.000121056
0.000147395
0.000124565
0.000134032
0.000127211
0.000120827
0.000128977
0.000107819
0.00012997
9.50911e-05
0.000130197
8.26737e-05
0.000129675
7.06168e-05
0.000128497
5.89478e-05
0.000126711
4.7702e-05
0.000124321
3.69373e-05
0.000121406
2.65837e-05
0.000118056
1.6764e-05
0.000114144
7.46523e-06
0.000109949
-1.3089e-06
0.000105342
-9.51349e-06
0.00010047
-1.7178e-05
9.53223e-05
-2.42855e-05
8.9957e-05
-3.08293e-05
8.44313e-05
-3.68188e-05
7.87725e-05
-4.227e-05
7.30302e-05
-4.71737e-05
6.72716e-05
-5.1549e-05
6.14871e-05
-5.54191e-05
5.57462e-05
-5.87853e-05
5.00651e-05
-6.16823e-05
4.44887e-05
-6.41239e-05
3.90187e-05
-6.61191e-05
3.36876e-05
-6.76993e-05
2.85185e-05
-6.88798e-05
2.35164e-05
-6.96807e-05
1.87026e-05
-7.01231e-05
1.4085e-05
-7.02137e-05
9.67252e-06
-6.99842e-05
5.49568e-06
-6.94535e-05
1.56069e-06
-6.86451e-05
-2.09516e-06
-6.75914e-05
-5.48035e-06
-6.63203e-05
-8.58677e-06
-6.48589e-05
-1.14137e-05
-6.32315e-05
-1.39692e-05
-6.14622e-05
-1.62548e-05
-5.95762e-05
-1.82823e-05
-5.75894e-05
-2.00761e-05
-5.55188e-05
-2.16417e-05
-5.33714e-05
-2.3017e-05
-5.11581e-05
-2.41998e-05
-4.88888e-05
-2.51973e-05
-4.65765e-05
-2.60108e-05
-4.4234e-05
-2.66468e-05
-4.18693e-05
-2.71121e-05
-3.94924e-05
-2.7408e-05
-3.7105e-05
-2.75363e-05
-3.47312e-05
-2.74561e-05
-3.2389e-05
-2.71667e-05
-3.01208e-05
-2.66207e-05
-2.79587e-05
-2.58475e-05
-2.59288e-05
-2.48978e-05
-2.40387e-05
-2.38411e-05
-2.22809e-05
-2.27536e-05
-2.06433e-05
-2.16892e-05
-1.91122e-05
-2.06852e-05
-1.76835e-05
-1.97481e-05
-1.6333e-05
-1.89599e-05
-1.50466e-05
-1.83101e-05
-1.37749e-05
-1.79071e-05
-1.24854e-05
-1.76811e-05
-1.11419e-05
-1.76275e-05
-9.73879e-06
-1.76164e-05
-8.29487e-06
-1.75405e-05
-6.86616e-06
-1.72669e-05
-5.50783e-06
-1.67917e-05
-4.25029e-06
-1.61893e-05
-3.09527e-06
-1.55639e-05
-2.01826e-06
-1.50537e-05
-9.96816e-07
-1.47153e-05
-1.4607e-05
-0.000589494
0.000768303
-0.00118284
0.00076044
-0.00177021
0.000716188
-0.00234196
0.000633916
-0.00289679
0.000502824
-0.00336899
0.000304204
-0.00372741
2.96298e-05
-0.0039831
-0.000308771
-0.00393564
-0.000981073
-0.00374245
-0.00138324
-0.00339758
-0.00174412
-0.00291958
-0.00205553
-0.00233389
-0.00231094
-0.00166081
-0.00252108
-0.00091795
-0.00269164
-0.000120444
-0.0028268
0.000717789
-0.00292808
0.0015852
-0.00299801
0.00247084
-0.00303595
0.00336327
-0.00303989
0.0042497
-0.00300618
0.00511425
-0.00292839
0.00593602
-0.00279733
0.00668796
-0.00260101
0.00733107
-0.00231701
0.0078214
-0.00193575
0.00813576
-0.00145738
0.00793813
-0.000448221
0.00762849
-1.99112e-05
0.00719735
0.000336635
0.0067215
0.000581754
0.00624261
0.000737649
0.00578813
0.000840752
0.00537515
0.000906701
0.00500714
0.000953863
0.00467877
0.000994004
0.00438205
0.00103246
0.00411023
0.00106981
0.00385744
0.00110704
0.00361899
0.00114431
0.00339192
0.00118061
0.00317346
0.00121702
0.00296164
0.00125241
0.00275487
0.00128732
0.00254912
0.00132253
0.00234516
0.00135505
0.00214159
0.00138567
0.00193825
0.00141346
0.00173475
0.00143792
0.00153151
0.00145784
0.00132948
0.00147264
0.00112858
0.00148223
0.000929548
0.00148593
0.000733628
0.00148319
0.000542309
0.00147303
0.000355432
0.00145726
0.000175069
0.00143256
1.56353e-06
0.00140142
-0.000162598
0.00136262
-0.000317532
0.00131717
-0.000460458
0.00126323
-0.000593278
0.00120453
-0.000712851
0.00113889
-0.000819284
0.00106759
-0.000912097
0.000991553
-0.000990927
0.000911325
-0.00105552
0.00082794
-0.00110537
0.000741512
-0.00114203
0.000654893
-0.00116514
0.000565855
-0.00117523
0.000479148
-0.00117377
0.00039216
-0.00115982
0.000306811
-0.00113535
0.000224908
-0.00110143
0.000146368
-0.00105944
7.19297e-05
-0.00101113
2.32735e-06
-0.000955829
-6.2178e-05
-0.000895165
-0.000121822
-0.000830442
-0.000175877
-0.000762856
-0.000224308
-0.000693445
-0.000266778
-0.000622948
-0.000303659
-0.000552326
-0.000334663
-0.000482315
-0.000360273
-0.000413583
-0.000380543
-0.000346504
-0.000395574
-0.000281772
-0.000405597
-0.000219869
-0.000411375
-0.000161059
-0.00041267
-0.000105982
-0.00040987
-5.41545e-05
-0.000403999
-6.0919e-06
-0.000394806
3.82423e-05
-0.000383091
7.86724e-05
-0.000368599
0.00011541
-0.00035205
0.000148219
-0.000333693
0.000177535
-0.000313856
0.000203249
-0.000293007
0.000225498
-0.000271039
0.000244493
-0.000248396
0.000260431
-0.000225375
0.000273456
-0.000202125
0.000283757
-0.000178916
0.000291276
-0.000155676
0.000296525
-0.000133011
0.000299569
-0.000110633
0.000300567
-8.88582e-05
0.00029964
-6.77284e-05
0.00029712
-4.73743e-05
0.000292901
-2.78557e-05
0.00028741
-9.25185e-06
0.000280545
8.27879e-06
0.000272548
2.48517e-05
0.000263559
4.03757e-05
0.000253684
5.4833e-05
0.000243089
6.81702e-05
0.000231809
8.03599e-05
0.000220037
9.13624e-05
0.000207874
0.00010124
0.000195372
0.000109992
0.000182683
0.000117548
0.000169878
0.000124075
0.000157066
0.000129476
0.000144237
0.000133885
0.000131518
0.000137283
0.000118987
0.000139742
0.000106669
0.000141295
9.46079e-05
0.000142031
8.28266e-05
0.000141978
7.13803e-05
0.000141121
6.02866e-05
0.000139591
4.9601e-05
0.000137396
3.93481e-05
0.000134574
2.95547e-05
0.000131199
2.02675e-05
0.000127343
1.13844e-05
0.000123027
3.08497e-06
0.000118249
-4.78314e-06
0.00011321
-1.21024e-05
0.00010779
-1.88917e-05
0.000102112
-2.5157e-05
9.62223e-05
-3.09092e-05
9.01835e-05
-3.61443e-05
8.40076e-05
-4.08711e-05
7.7757e-05
-4.51027e-05
7.15033e-05
-4.88583e-05
6.52428e-05
-5.21427e-05
5.90306e-05
-5.49916e-05
5.2914e-05
-5.74025e-05
4.68995e-05
-5.94073e-05
4.10235e-05
-6.10253e-05
3.53057e-05
-6.2265e-05
2.97582e-05
-6.31551e-05
2.44065e-05
-6.37161e-05
1.92635e-05
-6.39522e-05
1.43211e-05
-6.38868e-05
9.60717e-06
-6.35281e-05
5.13699e-06
-6.29076e-05
9.40174e-07
-6.20427e-05
-2.96007e-06
-6.09667e-05
-6.55635e-06
-5.97052e-05
-9.84825e-06
-5.82835e-05
-1.28354e-05
-5.67235e-05
-1.55291e-05
-5.50468e-05
-1.79315e-05
-5.32793e-05
-2.00499e-05
-5.14332e-05
-2.19222e-05
-4.95239e-05
-2.3551e-05
-4.75531e-05
-2.49878e-05
-4.55287e-05
-2.62242e-05
-4.34578e-05
-2.72682e-05
-4.13534e-05
-2.81152e-05
-3.9228e-05
-2.87722e-05
-3.70867e-05
-2.92533e-05
-3.49371e-05
-2.95576e-05
-3.27718e-05
-2.97016e-05
-3.06169e-05
-2.9611e-05
-2.84867e-05
-2.92969e-05
-2.64299e-05
-2.86774e-05
-2.44808e-05
-2.77966e-05
-2.26682e-05
-2.67104e-05
-2.09968e-05
-2.55125e-05
-1.9454e-05
-2.42964e-05
-1.80244e-05
-2.31189e-05
-1.66938e-05
-2.20158e-05
-1.54603e-05
-2.09816e-05
-1.43036e-05
-2.01166e-05
-1.32092e-05
-1.94045e-05
-1.21253e-05
-1.8991e-05
-1.10132e-05
-1.87932e-05
-9.83288e-06
-1.88078e-05
-8.57584e-06
-1.88735e-05
-7.26572e-06
-1.88506e-05
-5.96815e-06
-1.85645e-05
-4.74944e-06
-1.80104e-05
-3.64298e-06
-1.72958e-05
-2.64051e-06
-1.65664e-05
-1.71088e-06
-1.59834e-05
-8.37169e-07
-1.5589e-05
-1.54441e-05
-0.000833492
0.00160179
-0.00171362
0.00164057
-0.00267966
0.00168222
-0.00379672
0.00175097
-0.00515475
0.00186086
-0.00692025
0.0020697
-0.0092011
0.00231048
-0.01127
0.00176011
-0.00898252
-0.00326853
-0.00699862
-0.00336714
-0.00531179
-0.00343095
-0.0039037
-0.00346363
-0.00271376
-0.00350087
-0.00167332
-0.00356152
-0.000732988
-0.00363198
0.000141196
-0.00370099
0.000977494
-0.00376438
0.00179803
-0.00381855
0.0026244
-0.00386232
0.00347882
-0.00389431
0.00438585
-0.00391321
0.00537527
-0.00391781
0.00648557
-0.00390763
0.00776837
-0.00388381
0.00930334
-0.00385197
0.0112057
-0.00383811
0.0136157
-0.00386735
0.0112098
0.0019576
0.00914219
0.00204774
0.00772272
0.00175611
0.00674692
0.00155755
0.00603372
0.00145085
0.00549487
0.00137961
0.00506133
0.00134024
0.00469082
0.00132437
0.0043566
0.00132823
0.004056
0.00133306
0.00378675
0.00133906
0.00354376
0.00135002
0.00332141
0.00136667
0.00311246
0.00138955
0.0029126
0.00141688
0.0027174
0.00144761
0.00252358
0.00148114
0.00233139
0.00151471
0.00213815
0.0015483
0.0019434
0.00158042
0.00174701
0.00160985
0.00154936
0.00163558
0.00135095
0.00165625
0.00115142
0.00167217
0.000952357
0.00168129
0.000755667
0.00168262
0.000561125
0.00167774
0.000370125
0.00166403
0.000184776
0.0016426
5.69561e-06
0.00161164
-0.00016592
0.00157303
-0.000326928
0.00152362
-0.000478253
0.0014685
-0.000618767
0.00140374
-0.000746104
0.00133186
-0.00085993
0.00125272
-0.000959759
0.00116742
-0.0010451
0.0010769
-0.00111467
0.000980893
-0.0011701
0.000883367
-0.00121157
0.00078298
-0.001237
0.00068033
-0.00124991
0.000578759
-0.0012489
0.000478143
-0.00123547
0.000378725
-0.00121111
0.000282457
-0.00117671
0.000190503
-0.0011332
0.000102857
-0.00108134
2.00717e-05
-0.0010236
-5.54071e-05
-0.000960028
-0.000125754
-0.000892182
-0.000189668
-0.000821288
-0.000246771
-0.000748215
-0.000297381
-0.000673925
-0.000341069
-0.000599568
-0.000378016
-0.000525784
-0.000408447
-0.000453451
-0.000432605
-0.000383191
-0.000450803
-0.0003156
-0.000463165
-0.000251057
-0.00047014
-0.000189877
-0.000472554
-0.000132439
-0.000470108
-7.86089e-05
-0.0004637
-2.87722e-05
-0.000453835
1.70839e-05
-0.000440662
5.88346e-05
-0.000424842
9.65746e-05
-0.000406339
0.000130482
-0.000385957
0.000160643
-0.000363854
0.000187043
-0.000340256
0.000209893
-0.000315857
0.000229429
-0.000290575
0.000245791
-0.000264759
0.000259107
-0.00023869
0.000269701
-0.000212719
0.000277696
-0.000186911
0.000283276
-0.000161257
0.000286647
-0.000136382
0.000287978
-0.000111965
0.000287531
-8.84106e-05
0.000285271
-6.54687e-05
0.000281555
-4.36584e-05
0.000276418
-2.27188e-05
0.000270108
-2.9416e-06
0.00026265
1.57371e-05
0.000254183
3.33186e-05
0.000244849
4.97096e-05
0.000234796
6.48856e-05
0.000224147
7.88192e-05
0.000213025
9.14823e-05
0.000201468
0.000102919
0.000189592
0.000113117
0.000177585
0.000121999
0.000165378
0.000129755
0.000153224
0.00013623
0.000141008
0.000141692
0.000128971
0.000145922
0.000117106
0.000149148
0.000105392
0.000151457
9.3929e-05
0.000152758
8.27466e-05
0.000153214
7.18995e-05
0.000152826
6.14017e-05
0.000151619
5.12906e-05
0.000149702
4.15801e-05
0.000147107
3.23198e-05
0.000143835
2.34347e-05
0.000140085
1.50171e-05
0.000135761
7.0794e-06
0.000130965
-3.95961e-07
0.000125724
-7.3782e-06
0.000120193
-1.38781e-05
0.00011429
-1.98862e-05
0.00010812
-2.54069e-05
0.000101743
-3.04477e-05
9.52243e-05
-3.50158e-05
8.85757e-05
-3.91141e-05
8.18553e-05
-4.27696e-05
7.51588e-05
-4.59803e-05
6.84535e-05
-4.87751e-05
6.18253e-05
-5.11666e-05
5.53055e-05
-5.31747e-05
4.89077e-05
-5.48168e-05
4.26656e-05
-5.61113e-05
3.66001e-05
-5.70822e-05
3.07291e-05
-5.77394e-05
2.50637e-05
-5.81062e-05
1.96303e-05
-5.81887e-05
1.44037e-05
-5.80041e-05
9.42249e-06
-5.75569e-05
4.68979e-06
-5.68779e-05
2.6118e-07
-5.59849e-05
-3.85301e-06
-5.49109e-05
-7.63036e-06
-5.36785e-05
-1.10807e-05
-5.23119e-05
-1.42019e-05
-5.08301e-05
-1.70109e-05
-4.92525e-05
-1.95092e-05
-4.76055e-05
-2.16969e-05
-4.58995e-05
-2.36281e-05
-4.41477e-05
-2.53028e-05
-4.23465e-05
-2.6789e-05
-4.05013e-05
-2.80695e-05
-3.8616e-05
-2.91535e-05
-3.67048e-05
-3.00264e-05
-3.47811e-05
-3.06959e-05
-3.28476e-05
-3.11868e-05
-3.09083e-05
-3.14969e-05
-2.89484e-05
-3.16616e-05
-2.69931e-05
-3.15662e-05
-2.50556e-05
-3.12344e-05
-2.31896e-05
-3.05434e-05
-2.14325e-05
-2.95538e-05
-1.98155e-05
-2.83274e-05
-1.83403e-05
-2.69877e-05
-1.69887e-05
-2.5648e-05
-1.57414e-05
-2.43661e-05
-1.45853e-05
-2.3172e-05
-1.35194e-05
-2.20474e-05
-1.2531e-05
-2.11049e-05
-1.16026e-05
-2.03329e-05
-1.06832e-05
-1.99104e-05
-9.72637e-06
-1.97501e-05
-8.68922e-06
-1.9845e-05
-7.55974e-06
-2.0003e-05
-6.36647e-06
-2.00438e-05
-5.18455e-06
-1.97464e-05
-4.09079e-06
-1.91041e-05
-3.11975e-06
-1.82668e-05
-2.25125e-06
-1.74349e-05
-1.44689e-06
-1.67877e-05
-6.97647e-07
-1.63383e-05
-1.61418e-05
-0.00107627
0.00267806
-0.00220821
0.00277252
-0.00342883
0.00290283
-0.00476841
0.00309055
-0.006231
0.00332346
-0.00775695
0.00359565
-0.00927374
0.00382726
-0.0109003
0.00338666
-0.00966322
-0.00847198
-0.00729179
-0.00609087
-0.0048725
-0.00366008
-0.00246246
-0.00127755
-9.94034e-05
0.00108216
0.0022782
0.00350112
0.00476465
0.00608376
0.00747418
0.00894987
0.0105201
0.012167
0.0138486
0.0116274
0.00417885
0.00959428
0.00408086
0.00798638
0.00336402
0.00673567
0.00280826
0.00577352
0.00241299
0.00504585
0.00210727
0.0044956
0.00189049
0.00408066
0.00173931
0.00377013
0.00163877
0.00352661
0.00157657
0.00332179
0.00154388
0.00313753
0.00153428
0.00296432
0.00153988
0.00279643
0.00155744
0.00262963
0.00158369
0.00246167
0.00161556
0.00229113
0.00165168
0.00211673
0.00168911
0.0019384
0.00172663
0.00175527
0.00176355
0.00156845
0.00179666
0.00137841
0.00182562
0.00118529
0.00184937
0.000991741
0.00186571
0.000796951
0.00187608
0.000602472
0.0018771
0.000410647
0.00186956
0.000222122
0.00185256
3.93092e-05
0.00182542
-0.000136172
0.00178712
-0.000303715
0.00174058
-0.000462613
0.00168252
-0.000609761
0.00161564
-0.000744541
0.00153852
-0.00086593
0.00145325
-0.000973359
0.00136015
-0.001066
0.00126006
-0.00114318
0.00115408
-0.0012054
0.00104311
-0.00125226
0.000930224
-0.00128254
0.000813266
-0.00129958
0.000697363
-0.0013022
0.000581381
-0.00129131
0.000467252
-0.00126824
0.00035566
-0.00123436
0.000248578
-0.00119058
0.000146719
-0.00113841
5.06878e-05
-0.00108007
-3.8269e-05
-0.00101492
-0.00012055
-0.00094483
-0.000195848
-0.000871366
-0.000263132
-0.000795651
-0.000322486
-0.000718894
-0.000374138
-0.00064208
-0.000417882
-0.000565797
-0.0004543
-0.000491023
-0.000483221
-0.00041846
-0.000505168
-0.000348591
-0.000520672
-0.000281906
-0.000529849
-0.000218698
-0.000533348
-0.000159386
-0.000531867
-0.000104023
-0.00052547
-5.2644e-05
-0.00051508
-5.50834e-06
-0.000500971
3.75011e-05
-0.000483671
7.63559e-05
-0.000463696
0.00011119
-0.000441173
0.000142053
-0.00041682
0.00016916
-0.00039096
0.000192633
-0.00036373
0.000212675
-0.000335899
0.000229553
-0.000307453
0.000243355
-0.00027856
0.000254439
-0.000249774
0.000262797
-0.000221078
0.000268779
-0.000192892
0.000272581
-0.000165059
0.000274323
-0.000138123
0.000274248
-0.000111891
0.00027249
-8.66522e-05
0.000269337
-6.2316e-05
0.000264696
-3.90167e-05
0.000258942
-1.69649e-05
0.000252084
3.91558e-06
0.000244245
2.35763e-05
0.000235583
4.19807e-05
0.000226209
5.90835e-05
0.000216225
7.48697e-05
0.000205779
8.92656e-05
0.000194868
0.000102393
0.000183687
0.000114101
0.000172322
0.000124482
0.00016077
0.000133551
0.000149221
0.000141305
0.000137712
0.000147738
0.000126326
0.000153078
0.000115028
0.000157221
0.000103962
0.000160214
9.31366e-05
0.000162282
8.25898e-05
0.000163305
7.23547e-05
0.000163449
6.24185e-05
0.000162762
5.28312e-05
0.000161206
4.36157e-05
0.000158917
3.47954e-05
0.000155927
2.63512e-05
0.000152279
1.83641e-05
0.000148072
1.08172e-05
0.000143307
3.71857e-06
0.000138063
-2.9866e-06
0.000132429
-9.2079e-06
0.000126414
-1.49749e-05
0.000120057
-2.02833e-05
0.000113428
-2.51403e-05
0.0001066
-2.95548e-05
9.96389e-05
-3.35351e-05
9.2556e-05
-3.70969e-05
8.54171e-05
-4.0244e-05
7.83059e-05
-4.29899e-05
7.11994e-05
-4.53615e-05
6.41969e-05
-4.73699e-05
5.73139e-05
-4.90387e-05
5.05765e-05
-5.03797e-05
4.40066e-05
-5.14121e-05
3.76325e-05
-5.21589e-05
3.1476e-05
-5.26303e-05
2.55351e-05
-5.28499e-05
1.98499e-05
-5.28187e-05
1.43725e-05
-5.25496e-05
9.15338e-06
-5.20455e-05
4.18568e-06
-5.13343e-05
-4.50037e-07
-5.04358e-05
-4.75152e-06
-4.93826e-05
-8.68353e-06
-4.81951e-05
-1.22682e-05
-4.68953e-05
-1.55018e-05
-4.54993e-05
-1.84068e-05
-4.40248e-05
-2.09837e-05
-4.24982e-05
-2.32235e-05
-4.09296e-05
-2.51967e-05
-3.93299e-05
-2.69025e-05
-3.76907e-05
-2.84282e-05
-3.60139e-05
-2.97463e-05
-3.43015e-05
-3.08659e-05
-3.25693e-05
-3.17586e-05
-3.08323e-05
-3.24329e-05
-2.90917e-05
-3.29274e-05
-2.7346e-05
-3.32426e-05
-2.55764e-05
-3.34312e-05
-2.38028e-05
-3.33398e-05
-2.20412e-05
-3.2996e-05
-2.03477e-05
-3.22369e-05
-1.8764e-05
-3.11374e-05
-1.73232e-05
-2.97682e-05
-1.60237e-05
-2.82873e-05
-1.48414e-05
-2.68302e-05
-1.37538e-05
-2.54537e-05
-1.27485e-05
-2.41772e-05
-1.18261e-05
-2.29698e-05
-1.09832e-05
-2.19479e-05
-1.01975e-05
-2.11186e-05
-9.42155e-06
-2.06863e-05
-8.60003e-06
-2.05716e-05
-7.68851e-06
-2.07565e-05
-6.67109e-06
-2.10204e-05
-5.58063e-06
-2.11343e-05
-4.50188e-06
-2.08252e-05
-3.52083e-06
-2.00852e-05
-2.67083e-06
-1.91168e-05
-1.92025e-06
-1.81855e-05
-1.22152e-06
-1.74865e-05
-5.78139e-07
-1.69816e-05
-1.67199e-05
-0.000125477
0.00280354
-0.000216094
0.00286314
-0.000242505
0.00292924
-0.00017974
0.00302779
-2.44412e-05
0.00316816
0.00022065
0.00335056
0.000410319
0.00363759
0.00379698
0.000686621
0.00349223
0.00167086
0.00309662
0.00233991
0.00269496
0.00276408
0.00238409
0.00302629
0.00215078
0.00315533
0.00197824
0.00318422
0.0018616
0.00314355
0.00177997
0.00306594
0.00171638
0.00296836
0.00167415
0.00286021
0.00165203
0.00274596
0.00164854
0.00262591
0.00165992
0.00249933
0.00168403
0.00236611
0.00171691
0.00222551
0.00175615
0.00207704
0.00180015
0.00192066
0.00184549
0.00175625
0.00189104
0.0015856
0.00193419
0.00140878
0.00197349
0.00122668
0.00200772
0.00104088
0.00203517
0.000851588
0.00205501
0.000661819
0.00206585
0.000471715
0.0020672
0.000284454
0.00205682
0.000100326
0.00203668
-7.93019e-05
0.00200504
-0.000251728
0.00195955
-0.000414965
0.00190381
-0.000568421
0.00183598
-0.000710654
0.00175788
-0.000840036
0.0016679
-0.000954805
0.00156802
-0.00105532
0.00146066
-0.00114055
0.00134529
-0.00120992
0.00122344
-0.00126372
0.00109691
-0.00130111
0.000967614
-0.00132446
0.000836622
-0.00133136
0.000704262
-0.00132478
0.0005748
-0.00130531
0.000447776
-0.00127459
0.00032494
-0.001233
0.000206987
-0.00118172
9.5444e-05
-0.00112366
-7.37017e-06
-0.00105835
-0.000103587
-0.000988051
-0.000190845
-0.00091399
-0.000269909
-0.000837401
-0.000339721
-0.000759208
-0.000400678
-0.000680652
-0.000452694
-0.00060271
-0.000495824
-0.000526262
-0.000530748
-0.000451961
-0.000557522
-0.000380374
-0.000576755
-0.000312017
-0.000589029
-0.000247351
-0.000594515
-0.000186622
-0.000594077
-0.000130015
-0.000588474
-7.7429e-05
-0.000578056
-2.9131e-05
-0.000563377
1.48911e-05
-0.000544993
5.46547e-05
-0.000523435
9.03071e-05
-0.000499349
0.000121898
-0.000472764
0.000149696
-0.000444618
0.000173819
-0.000415084
0.000194526
-0.000384436
0.000212008
-0.000353381
0.000226302
-0.000321747
0.000237849
-0.000290108
0.000246712
-0.000258637
0.000253199
-0.000227564
0.000257428
-0.000197121
0.000259769
-0.0001674
0.000260168
-0.000138522
0.000259011
-0.000110733
0.000256336
-8.39773e-05
0.000252343
-5.83227e-05
0.000247222
-3.38961e-05
0.00024099
-1.07332e-05
0.000233852
1.10539e-05
0.000225889
3.15395e-05
0.000217225
5.0645e-05
0.00020797
6.83385e-05
0.00019822
8.46187e-05
0.000188025
9.94614e-05
0.000177554
0.000112863
0.000166863
0.000124792
0.000156016
0.000135329
0.000145131
0.000144436
0.000134288
0.000152147
0.000123485
0.000158541
0.000112841
0.000163722
0.00010241
0.000167652
9.21624e-05
0.000170461
8.21914e-05
0.000172253
7.25024e-05
0.000172994
6.31117e-05
0.000172839
5.40599e-05
0.000171814
4.53566e-05
0.00016991
3.70061e-05
0.000167268
2.90058e-05
0.000163928
2.1411e-05
0.000159873
1.42264e-05
0.000155256
7.46191e-06
0.000150072
1.12712e-06
0.000144398
-4.86686e-06
0.000138423
-1.04087e-05
0.000131956
-1.5518e-05
0.000125166
-2.02028e-05
0.000118113
-2.44719e-05
0.000110869
-2.83351e-05
0.000103502
-3.18087e-05
9.60296e-05
-3.48943e-05
8.85026e-05
-3.76058e-05
8.10174e-05
-3.99562e-05
7.35498e-05
-4.19663e-05
6.62071e-05
-4.36529e-05
5.90005e-05
-4.50371e-05
5.19607e-05
-4.613e-05
4.50995e-05
-4.69481e-05
3.84506e-05
-4.75156e-05
3.20434e-05
-4.78414e-05
2.58609e-05
-4.79492e-05
1.99577e-05
-4.78372e-05
1.42604e-05
-4.75107e-05
8.82695e-06
-4.69772e-05
3.65214e-06
-4.62536e-05
-1.17367e-06
-4.53669e-05
-5.63823e-06
-4.43488e-05
-9.70163e-06
-4.32179e-05
-1.3399e-05
-4.1993e-05
-1.67267e-05
-4.06875e-05
-1.97123e-05
-3.93177e-05
-2.23535e-05
-3.7909e-05
-2.46321e-05
-3.64734e-05
-2.66323e-05
-3.5019e-05
-2.83569e-05
-3.35328e-05
-2.99144e-05
-3.20133e-05
-3.12659e-05
-3.04611e-05
-3.2418e-05
-2.88937e-05
-3.33261e-05
-2.73288e-05
-3.39977e-05
-2.57665e-05
-3.44897e-05
-2.41979e-05
-3.48113e-05
-2.26047e-05
-3.50244e-05
-2.0996e-05
-3.49485e-05
-1.93956e-05
-3.45964e-05
-1.7858e-05
-3.37745e-05
-1.6431e-05
-3.25644e-05
-1.51488e-05
-3.10504e-05
-1.40062e-05
-2.94299e-05
-1.29737e-05
-2.78627e-05
-1.20253e-05
-2.64021e-05
-1.11503e-05
-2.50521e-05
-1.03503e-05
-2.37699e-05
-9.63192e-06
-2.26662e-05
-8.96852e-06
-2.1782e-05
-8.31677e-06
-2.13381e-05
-7.61292e-06
-2.12754e-05
-6.81157e-06
-2.15578e-05
-5.89328e-06
-2.19387e-05
-4.89406e-06
-2.21335e-05
-3.90815e-06
-2.18111e-05
-3.02929e-06
-2.0964e-05
-2.28717e-06
-1.98589e-05
-1.6403e-06
-1.88324e-05
-1.03035e-06
-1.80964e-05
-4.77304e-07
-1.75347e-05
-1.71972e-05
-0.000116589
0.00292013
-0.000241471
0.00298802
-0.000367165
0.00305494
-0.000476132
0.00313676
-0.00054458
0.00323661
-0.000530159
0.00333614
-0.000300128
0.00340756
0.00349685
0.000915768
0.00257646
0.00160592
0.00240647
0.00198782
0.00231307
0.00220596
0.00216595
0.00233972
0.00201702
0.0024236
0.00189436
0.00248357
0.00180164
0.00252157
0.00174197
0.00253041
0.00170753
0.00251269
0.00169188
0.00247179
0.00169293
0.00241178
0.00170854
0.00233429
0.00173742
0.00224293
0.00177539
0.00213764
0.0018222
0.00201919
0.00187461
0.00188922
0.00193011
0.001748
0.00198672
0.00159697
0.00204208
0.00143675
0.00209441
0.00126898
0.00214126
0.0010944
0.0021823
0.000914909
0.00221466
0.000732401
0.00223751
0.000547543
0.00225071
0.000363063
0.00225168
0.000179444
0.00224044
-1.08855e-07
0.00221624
-0.000173857
0.00217879
-0.000341316
0.00212701
-0.000499983
0.00206248
-0.000647598
0.00198359
-0.000783405
0.00189368
-0.000906217
0.00179071
-0.00101541
0.00167722
-0.00110876
0.00155401
-0.00118607
0.0014226
-0.00124768
0.00128506
-0.00129316
0.00114239
-0.00132269
0.000997146
-0.00133698
0.000850905
-0.00133719
0.000704473
-0.00132311
0.000560723
-0.00129606
0.000420722
-0.00125789
0.000286774
-0.00121019
0.000159286
-0.00115441
3.96662e-05
-0.00109083
-7.09487e-05
-0.00102187
-0.000172551
-0.000948147
-0.000264565
-0.000871598
-0.000346458
-0.000793245
-0.000418075
-0.0007146
-0.000479322
-0.00063593
-0.000531364
-0.000558623
-0.000573132
-0.000483306
-0.000606064
-0.000410717
-0.000630111
-0.000341341
-0.00064613
-0.000275575
-0.000654796
-0.000213764
-0.000656326
-0.000156056
-0.000651785
-0.000102679
-0.000641851
-5.37732e-05
-0.000626962
-8.89971e-06
-0.000608251
3.18436e-05
-0.000585736
6.82203e-05
-0.000559811
0.000100541
-0.00053167
0.000129056
-0.000501279
0.00015384
-0.000469402
0.000175081
-0.000436325
0.000193121
-0.000402476
0.000208049
-0.000368309
0.000220163
-0.000333861
0.000229614
-0.000299559
0.00023664
-0.000265663
0.000241468
-0.000232393
0.000244302
-0.000199955
0.000245316
-0.000168414
0.000244759
-0.000137965
0.000242734
-0.000108708
0.000239379
-8.06222e-05
0.000234901
-5.38449e-05
0.000229381
-2.83766e-05
0.000222975
-4.32694e-06
0.000215746
1.82833e-05
0.000207823
3.94621e-05
0.000199318
5.91504e-05
0.000190326
7.73298e-05
0.000180925
9.40198e-05
0.000171162
0.000109224
0.000161192
0.000122833
0.000151073
0.000134911
0.000140844
0.000145558
0.000130636
0.000154644
0.000120518
0.000162265
0.000110473
0.000168586
0.00010062
0.000173574
9.10005e-05
0.000177272
8.15805e-05
0.000179881
7.24469e-05
0.000181386
6.35977e-05
0.000181843
5.50468e-05
0.00018139
4.68384e-05
0.000180022
3.89487e-05
0.000177799
3.13874e-05
0.000174829
2.4187e-05
0.000171128
1.7354e-05
0.000166706
1.08807e-05
0.00016173
4.81711e-06
0.000156136
-8.8969e-07
0.000150105
-6.17816e-06
0.000143712
-1.10963e-05
0.000136874
-1.56204e-05
0.00012969
-1.97518e-05
0.000122244
-2.35016e-05
0.000114619
-2.68826e-05
0.000106883
-2.99109e-05
9.90579e-05
-3.25866e-05
9.11784e-05
-3.49236e-05
8.33543e-05
-3.69333e-05
7.55595e-05
-3.86373e-05
6.79111e-05
-4.00543e-05
6.04175e-05
-4.12024e-05
5.31088e-05
-4.2091e-05
4.5988e-05
-4.27352e-05
3.90949e-05
-4.31597e-05
3.24679e-05
-4.33735e-05
2.60747e-05
-4.33984e-05
1.99827e-05
-4.32309e-05
1.40928e-05
-4.2871e-05
8.46711e-06
-4.23256e-05
3.10669e-06
-4.16068e-05
-1.89248e-06
-4.07451e-05
-6.49986e-06
-3.97723e-05
-1.06744e-05
-3.87064e-05
-1.44649e-05
-3.75618e-05
-1.78714e-05
-3.63486e-05
-2.09255e-05
-3.5083e-05
-2.36191e-05
-3.37887e-05
-2.59265e-05
-3.24798e-05
-2.79412e-05
-3.11629e-05
-2.96738e-05
-2.98204e-05
-3.12569e-05
-2.84472e-05
-3.2639e-05
-2.70428e-05
-3.38224e-05
-2.56264e-05
-3.47425e-05
-2.42197e-05
-3.54045e-05
-2.28213e-05
-3.5888e-05
-2.14143e-05
-3.62183e-05
-1.99835e-05
-3.64551e-05
-1.85254e-05
-3.64066e-05
-1.70728e-05
-3.60491e-05
-1.56768e-05
-3.51705e-05
-1.43914e-05
-3.38499e-05
-1.32518e-05
-3.219e-05
-1.22491e-05
-3.04326e-05
-1.13487e-05
-2.87632e-05
-1.05217e-05
-2.72291e-05
-9.75863e-06
-2.58152e-05
-9.06326e-06
-2.44653e-05
-8.45126e-06
-2.32782e-05
-7.8927e-06
-2.23406e-05
-7.34775e-06
-2.1883e-05
-6.74569e-06
-2.18775e-05
-6.04095e-06
-2.22626e-05
-5.21095e-06
-2.27687e-05
-4.29357e-06
-2.30509e-05
-3.39217e-06
-2.27125e-05
-2.60629e-06
-2.17499e-05
-1.96004e-06
-2.05052e-05
-1.40337e-06
-1.9389e-05
-8.68544e-07
-1.86312e-05
-3.92787e-07
-1.80105e-05
-1.759e-05
-7.0359e-05
0.00299049
-0.000133269
0.00305093
-0.0001822
0.00310387
-0.000207204
0.00316176
-0.000198143
0.00322755
-0.000154648
0.00329264
-7.90431e-05
0.00333196
0.00341781
0.000503647
0.00207282
0.000944645
0.00196547
0.00131695
0.00194076
0.00160518
0.00187772
0.00181743
0.00180477
0.00196555
0.00174623
0.00206609
0.0017011
0.00213317
0.00167489
0.00217392
0.00166678
0.00218957
0.00167623
0.002181
0.0017015
0.0021502
0.00173934
0.00210033
0.00178729
0.00203138
0.00184434
0.00194522
0.00190836
0.00184359
0.00197623
0.00172747
0.00204623
0.00159834
0.00211584
0.00145769
0.00218272
0.00130691
0.00224519
0.00114702
0.00230116
0.00098
0.00234932
0.0008077
0.00238696
0.000630481
0.00241473
0.000451829
0.00242936
0.000272879
0.00243063
9.56149e-05
0.00241771
-7.82495e-05
0.0023901
-0.000246927
0.00234747
-0.000407926
0.00228801
-0.000560154
0.00221471
-0.000701839
0.00212528
-0.000831449
0.00202329
-0.000947493
0.00190676
-0.00104894
0.00177866
-0.00113531
0.00164038
-0.00120553
0.00149281
-0.00125993
0.00133947
-0.00129764
0.0011801
-0.00132034
0.00101985
-0.00132732
0.000857879
-0.00132025
0.000697403
-0.00129952
0.00053999
-0.0012674
0.000388606
-0.00122408
0.000243453
-0.00117179
0.000106998
-0.00111167
-2.04571e-05
-0.00104504
-0.000137581
-0.000973835
-0.000243751
-0.000898563
-0.000339837
-0.000821365
-0.000423657
-0.000743301
-0.000496138
-0.00066496
-0.000557664
-0.000587612
-0.000608711
-0.000512176
-0.000648568
-0.00043921
-0.00067903
-0.000369392
-0.00069993
-0.000303107
-0.000712415
-0.000240651
-0.000717252
-0.000182284
-0.000714693
-0.000128137
-0.000705932
-7.83545e-05
-0.000691634
-3.28854e-05
-0.000672431
8.36137e-06
-0.000649498
4.53089e-05
-0.000622684
7.83148e-05
-0.000592817
0.000107381
-0.000560736
0.000132773
-0.000526671
0.000154666
-0.000491295
0.00017332
-0.000454979
0.000188897
-0.000418052
0.000201575
-0.000380988
0.000211682
-0.000343969
0.000219321
-0.000307197
0.000224794
-0.000271136
0.000228231
-0.00023583
0.000229874
-0.000201598
0.000229917
-0.000168457
0.000228566
-0.000136614
0.000225881
-0.000106022
0.000222104
-7.68457e-05
0.00021732
-4.90606e-05
0.000211645
-2.27018e-05
0.0002052
2.11784e-06
0.000198049
2.54349e-05
0.000190308
4.72026e-05
0.000182082
6.73769e-05
0.000173451
8.59608e-05
0.000164499
0.000102971
0.000155291
0.000118433
0.000145866
0.000132258
0.00013636
0.000144418
0.000126837
0.00015508
0.00011729
0.000164191
0.000107885
0.00017167
9.86337e-05
0.000177837
8.96025e-05
0.000182605
8.07252e-05
0.000186149
7.21245e-05
0.000188482
6.38015e-05
0.000189709
5.57699e-05
0.000189875
4.80281e-05
0.000189132
4.05456e-05
0.000187505
3.33919e-05
0.000184953
2.65704e-05
0.000181651
2.00902e-05
0.000177608
1.39717e-05
0.000172825
8.22507e-06
0.000167476
2.79507e-06
0.000161566
-2.30121e-06
0.000155201
-7.01581e-06
0.000148426
-1.13811e-05
0.000141239
-1.53843e-05
0.000133693
-1.90251e-05
0.000125885
-2.2317e-05
0.000117911
-2.52759e-05
0.000109842
-2.7916e-05
0.000101698
-3.02381e-05
9.35004e-05
-3.22529e-05
8.53691e-05
-3.39713e-05
7.72779e-05
-3.54159e-05
6.93557e-05
-3.66075e-05
6.1609e-05
-3.75605e-05
5.40619e-05
-3.82817e-05
4.67092e-05
-3.87863e-05
3.95995e-05
-3.90951e-05
3.27767e-05
-3.92265e-05
2.62061e-05
-3.91906e-05
1.99468e-05
-3.89879e-05
1.38902e-05
-3.86132e-05
8.09241e-06
-3.80688e-05
2.5623e-06
-3.73679e-05
-2.59344e-06
-3.6541e-05
-7.32675e-06
-3.56204e-05
-1.1595e-05
-3.46245e-05
-1.54608e-05
-3.3563e-05
-1.89329e-05
-3.24419e-05
-2.20466e-05
-3.1278e-05
-2.4783e-05
-3.00934e-05
-2.71111e-05
-2.89048e-05
-2.91298e-05
-2.77166e-05
-3.0862e-05
-2.65077e-05
-3.24657e-05
-2.52691e-05
-3.38776e-05
-2.40008e-05
-3.50907e-05
-2.27229e-05
-3.60204e-05
-2.14605e-05
-3.66668e-05
-2.02121e-05
-3.71365e-05
-1.89529e-05
-3.74775e-05
-1.76701e-05
-3.77379e-05
-1.63502e-05
-3.77265e-05
-1.50329e-05
-3.73664e-05
-1.3766e-05
-3.64373e-05
-1.26087e-05
-3.50072e-05
-1.15971e-05
-3.32015e-05
-1.07189e-05
-3.13109e-05
-9.93459e-06
-2.95475e-05
-9.21326e-06
-2.79504e-05
-8.54636e-06
-2.64821e-05
-7.9406e-06
-2.5071e-05
-7.41902e-06
-2.37998e-05
-6.95001e-06
-2.28096e-05
-6.49602e-06
-2.2337e-05
-5.98184e-06
-2.23917e-05
-5.36207e-06
-2.28823e-05
-4.61132e-06
-2.35194e-05
-3.76812e-06
-2.38941e-05
-2.9442e-06
-2.35364e-05
-2.24275e-06
-2.24514e-05
-1.68137e-06
-2.10666e-05
-1.20209e-06
-1.98683e-05
-7.31921e-07
-1.91014e-05
-3.22131e-07
-1.84202e-05
-1.79121e-05
-3.08354e-05
0.00302132
-5.78192e-05
0.00307791
-7.65875e-05
0.00312264
-8.44196e-05
0.00316959
-7.85457e-05
0.00322168
-5.80372e-05
0.00327213
-3.89452e-05
0.00331287
0.00337886
0.00037191
0.00170091
0.000689662
0.00164772
0.000988028
0.0016424
0.00124533
0.00162042
0.00145693
0.00159317
0.00162481
0.00157835
0.00175355
0.00157236
0.00184741
0.00158103
0.0019105
0.00160369
0.0019464
0.00164033
0.00195691
0.00169099
0.00194509
0.00175116
0.00191073
0.00182164
0.00185612
0.00189896
0.00178316
0.00198132
0.0016931
0.00206629
0.00158755
0.00215178
0.00146793
0.00223547
0.00133574
0.00231491
0.00119268
0.00238826
0.00104024
0.00245359
0.000880333
0.00250923
0.000714009
0.00255328
0.000544435
0.00258431
0.000372439
0.00260136
0.000200075
0.00260299
2.91715e-05
0.00258861
-0.000138094
0.00255737
-0.000299826
0.0025092
-0.000454249
0.00244243
-0.00059986
0.00236032
-0.000734768
0.00226019
-0.000856815
0.00214534
-0.000965917
0.00201586
-0.00106088
0.00187363
-0.00113924
0.00171874
-0.00120312
0.00155669
-0.00124988
0.00138623
-0.00128155
0.00121177
-0.00129734
0.00103564
-0.00129821
0.000858743
-0.00128533
0.000684523
-0.00125962
0.000514285
-0.00122263
0.000351612
-0.0011757
0.000196526
-0.00112051
5.18097e-05
-0.00105807
-8.2896e-05
-0.00099041
-0.000205245
-0.000917834
-0.000316327
-0.000842872
-0.000414799
-0.000766563
-0.000499965
-0.000689381
-0.000573321
-0.000612939
-0.000634105
-0.000538161
-0.000683489
-0.000465706
-0.000721024
-0.000396189
-0.000748547
-0.000329949
-0.00076617
-0.000267319
-0.000775045
-0.000208643
-0.000775928
-0.000154147
-0.000769189
-0.000103827
-0.000756252
-5.76076e-05
-0.000737853
-1.58058e-05
-0.000714233
2.18892e-05
-0.000687193
5.54272e-05
-0.000656222
8.50976e-05
-0.000622488
0.000111081
-0.000586719
0.000133574
-0.000549164
0.000152792
-0.000510513
0.000169012
-0.0004712
0.000182359
-0.000431399
0.000193134
-0.000391763
0.000201437
-0.000352271
0.000207577
-0.000313337
0.000211678
-0.000275237
0.00021401
-0.000238162
0.000214717
-0.000202305
0.000214026
-0.000167765
0.000212029
-0.000134618
0.000208956
-0.000102949
0.000204921
-7.281e-05
0.00020002
-4.41597e-05
0.000194375
-1.70573e-05
0.000188019
8.47392e-06
0.000181057
3.23965e-05
0.000173584
5.46763e-05
0.000165718
7.52431e-05
0.000157527
9.41516e-05
0.000149067
0.000111431
0.000140434
0.000127066
0.000131675
0.000141017
0.000122775
0.000153318
0.000113888
0.000163967
0.000105127
0.000172952
9.64187e-05
0.000180378
8.79608e-05
0.000186295
7.96179e-05
0.000190948
7.15504e-05
0.000194216
6.37445e-05
0.000196288
5.61728e-05
0.000197281
4.88624e-05
0.000197185
4.18351e-05
0.000196159
3.51076e-05
0.000194232
2.86719e-05
0.000191389
2.25428e-05
0.00018778
1.67238e-05
0.000183427
1.12298e-05
0.000178319
6.06321e-06
0.000172643
1.23776e-06
0.000166391
-3.28844e-06
0.000159727
-7.48308e-06
0.000152621
-1.13575e-05
0.000145113
-1.4898e-05
0.000137234
-1.81051e-05
0.000129092
-2.09943e-05
0.0001208
-2.35843e-05
0.000112432
-2.58873e-05
0.000104001
-2.79044e-05
9.55175e-05
-2.96417e-05
8.71064e-05
-3.11125e-05
7.87487e-05
-3.23372e-05
7.05804e-05
-3.33403e-05
6.26121e-05
-3.41333e-05
5.48548e-05
-3.47183e-05
4.72943e-05
-3.51108e-05
3.9992e-05
-3.53288e-05
3.29946e-05
-3.53967e-05
2.6274e-05
-3.53193e-05
1.98693e-05
-3.50976e-05
1.36685e-05
-3.47212e-05
7.71603e-06
-3.41893e-05
2.03033e-06
-3.35142e-05
-3.26852e-06
-3.27288e-05
-8.11215e-06
-3.18653e-05
-1.24585e-05
-3.09416e-05
-1.63845e-05
-2.99633e-05
-1.99112e-05
-2.89323e-05
-2.30776e-05
-2.78656e-05
-2.58497e-05
-2.67851e-05
-2.81917e-05
-2.57098e-05
-3.02051e-05
-2.46408e-05
-3.1931e-05
-2.35554e-05
-3.35511e-05
-2.24416e-05
-3.49915e-05
-2.12972e-05
-3.62352e-05
-2.01449e-05
-3.71726e-05
-1.90146e-05
-3.77972e-05
-1.79018e-05
-3.82493e-05
-1.67776e-05
-3.86017e-05
-1.56288e-05
-3.88867e-05
-1.44357e-05
-3.89196e-05
-1.32422e-05
-3.85599e-05
-1.20933e-05
-3.75862e-05
-1.10516e-05
-3.60489e-05
-1.01547e-05
-3.40984e-05
-9.38662e-06
-3.2079e-05
-8.70413e-06
-3.023e-05
-8.07493e-06
-2.85796e-05
-7.49054e-06
-2.70665e-05
-6.96143e-06
-2.56002e-05
-6.51619e-06
-2.42451e-05
-6.12349e-06
-2.32023e-05
-5.74736e-06
-2.27131e-05
-5.30856e-06
-2.28305e-05
-4.76307e-06
-2.34278e-05
-4.08374e-06
-2.41987e-05
-3.30831e-06
-2.46695e-05
-2.5559e-06
-2.42888e-05
-1.93085e-06
-2.30764e-05
-1.44415e-06
-2.15533e-05
-1.0307e-06
-2.02818e-05
-6.16851e-07
-1.95153e-05
-2.63261e-07
-1.87738e-05
-1.81754e-05
-1.55686e-05
0.00303689
-2.91429e-05
0.00309149
-3.85088e-05
0.003132
-4.27585e-05
0.00317384
-4.05891e-05
0.00321951
-3.17435e-05
0.00326329
-2.25787e-05
0.0033037
0.00335629
0.000302655
0.00139825
0.000571849
0.00137852
0.000824932
0.00138932
0.00105082
0.00139454
0.00124542
0.00139857
0.00140878
0.00141499
0.00153997
0.00144118
0.00164123
0.00147977
0.00171393
0.00153098
0.0017592
0.00159506
0.00178037
0.00166983
0.00177774
0.00175379
0.0017526
0.00184677
0.00170754
0.00194402
0.00164321
0.00204565
0.00156135
0.00214815
0.00146363
0.0022495
0.0013516
0.0023475
0.00122687
0.00243965
0.00109093
0.0025242
0.000945729
0.00259879
0.000792768
0.00266219
0.000634202
0.00271185
0.000471251
0.00274726
0.000306668
0.00276594
0.000141635
0.00276803
-2.18287e-05
0.00275207
-0.000181775
0.00271731
-0.000336261
0.00266369
-0.000483355
0.00258953
-0.000621399
0.00249836
-0.000748845
0.00238763
-0.000864031
0.00226053
-0.000965708
0.00211754
-0.0010528
0.00196072
-0.00112561
0.00179154
-0.00118148
0.00161256
-0.00122267
0.00142742
-0.00124794
0.00123703
-0.00125767
0.00104537
-0.00125395
0.000855021
-0.00123637
0.000666945
-0.00120749
0.000485403
-0.00116711
0.000311235
-0.00111791
0.000147321
-0.00106051
-5.59076e-06
-0.000997606
-0.000145795
-0.000928971
-0.00027388
-0.000857428
-0.00038787
-0.000784098
-0.000488129
-0.000708879
-0.000575184
-0.000634375
-0.000647825
-0.000561086
-0.000707395
-0.000489785
-0.000754791
-0.000420437
-0.000790371
-0.000354323
-0.000814661
-0.00029184
-0.000828653
-0.000233296
-0.000833589
-0.000178705
-0.000830519
-0.000128223
-0.00081967
-8.19312e-05
-0.000802544
-3.98267e-05
-0.000779958
-1.8169e-06
-0.000752243
3.22645e-05
-0.000721274
6.24733e-05
-0.000686431
8.9014e-05
-0.000649029
0.000112097
-0.000609802
0.000131926
-0.000568993
0.000148721
-0.000527308
0.00016273
-0.000485208
0.000174135
-0.000442805
0.00018317
-0.000400797
0.000190044
-0.000359146
0.000194816
-0.000318109
0.000197865
-0.000278286
0.000199263
-0.000239561
0.000199259
-0.000202301
0.000197943
-0.00016645
0.000195611
-0.000132285
0.000192306
-9.96447e-05
0.000188109
-6.86131e-05
0.000183198
-3.9248e-05
0.000177633
-1.14925e-05
0.000171476
1.4631e-05
0.00016481
3.90626e-05
0.000157724
6.17617e-05
0.000150307
8.26602e-05
0.000142636
0.000101823
0.000134758
0.000119308
0.000126669
0.000135156
0.000118496
0.00014919
0.000110295
0.000161519
0.000102127
0.000172135
9.39868e-05
0.000181092
8.60443e-05
0.000188321
7.82702e-05
0.000194069
7.07387e-05
0.00019848
6.33607e-05
0.000201594
5.6245e-05
0.000203404
4.94042e-05
0.000204122
4.28272e-05
0.000203762
3.65236e-05
0.000202463
3.043e-05
0.000200326
2.46329e-05
0.000197186
1.9121e-05
0.000193292
1.39002e-05
0.000188648
8.99148e-06
0.000183228
4.3876e-06
0.000177247
8.12678e-08
0.000170697
-3.93762e-06
0.000163746
-7.66517e-06
0.000156348
-1.11025e-05
0.000148551
-1.42337e-05
0.000140365
-1.70577e-05
0.000131916
-1.95923e-05
0.000123335
-2.18607e-05
0.0001147
-2.38706e-05
0.000106011
-2.56255e-05
9.72724e-05
-2.71243e-05
8.86053e-05
-2.83837e-05
8.00081e-05
-2.94232e-05
7.16199e-05
-3.02694e-05
6.34584e-05
-3.09299e-05
5.55153e-05
-3.14041e-05
4.77685e-05
-3.17064e-05
4.02943e-05
-3.18539e-05
3.31422e-05
-3.18752e-05
2.62953e-05
-3.17708e-05
1.97649e-05
-3.15418e-05
1.34396e-05
-3.11724e-05
7.34668e-06
-3.06613e-05
1.51923e-06
-3.00186e-05
-3.91124e-06
-2.92787e-05
-8.85202e-06
-2.84741e-05
-1.32631e-05
-2.76229e-05
-1.72357e-05
-2.67269e-05
-2.08071e-05
-2.57829e-05
-2.40216e-05
-2.48086e-05
-2.6824e-05
-2.38268e-05
-2.91735e-05
-2.28564e-05
-3.11754e-05
-2.18975e-05
-3.28899e-05
-2.09251e-05
-3.45235e-05
-1.99244e-05
-3.59921e-05
-1.88934e-05
-3.72662e-05
-1.7856e-05
-3.821e-05
-1.6845e-05
-3.88082e-05
-1.58551e-05
-3.92392e-05
-1.48544e-05
-3.96023e-05
-1.38262e-05
-3.9915e-05
-1.27495e-05
-3.99963e-05
-1.16691e-05
-3.96403e-05
-1.06277e-05
-3.86276e-05
-9.69067e-06
-3.6986e-05
-8.89653e-06
-3.48925e-05
-8.22615e-06
-3.27493e-05
-7.63275e-06
-3.08234e-05
-7.08308e-06
-2.91293e-05
-6.5698e-06
-2.75798e-05
-6.10655e-06
-2.60634e-05
-5.72637e-06
-2.46252e-05
-5.39822e-06
-2.35304e-05
-5.08718e-06
-2.30242e-05
-4.71289e-06
-2.32048e-05
-4.23313e-06
-2.39076e-05
-3.61872e-06
-2.48131e-05
-2.9059e-06
-2.53824e-05
-2.21974e-06
-2.4975e-05
-1.66341e-06
-2.36327e-05
-1.24202e-06
-2.19747e-05
-8.84404e-07
-2.06394e-05
-5.19955e-07
-1.98797e-05
-2.14279e-07
-1.90795e-05
-1.83897e-05
-9.5043e-06
0.0030464
-1.75373e-05
0.00309952
-2.29095e-05
0.00313738
-2.544e-05
0.00317637
-2.38975e-05
0.00321796
-1.8883e-05
0.00325827
-1.30267e-05
0.00329784
0.00334326
0.000256757
0.0011415
0.000492998
0.00114228
0.000718167
0.00116415
0.000923476
0.00118923
0.0011034
0.00121864
0.00125779
0.0012606
0.00138532
0.00131365
0.00148592
0.00137917
0.00155999
0.00145692
0.00160926
0.00154579
0.00163433
0.00164475
0.00163603
0.0017521
0.00161709
0.00186571
0.0015773
0.00198381
0.00151889
0.00210406
0.00144319
0.00222385
0.00135178
0.00234091
0.00124621
0.00245307
0.00112807
0.00255778
0.000998997
0.00265328
0.000861003
0.00273678
0.000715386
0.00280781
0.000564204
0.00286303
0.000409219
0.00290224
0.000252469
0.00292269
9.51741e-05
0.00292532
-6.05527e-05
0.0029078
-0.000212194
0.00286895
-0.000358475
0.00280997
-0.000497667
0.00272872
-0.000628041
0.00262874
-0.000747504
0.00250709
-0.000855422
0.00236845
-0.00094996
0.00221207
-0.00103025
0.00204102
-0.00109555
0.00185684
-0.00114601
0.00166302
-0.00118089
0.0014623
-0.00120063
0.00125678
-0.00120669
0.00105143
-0.00119798
0.000846311
-0.00117768
0.000646644
-0.00114508
0.000452808
-0.00110315
0.000269304
-0.00105263
9.68001e-05
-0.000995487
-6.27351e-05
-0.000931827
-0.000209456
-0.000864985
-0.000340722
-0.000794769
-0.000458086
-0.000723312
-0.000559586
-0.000651784
-0.000646712
-0.000579972
-0.000719637
-0.000509935
-0.000777431
-0.000442274
-0.000822452
-0.000377474
-0.000855171
-0.000315895
-0.000876239
-0.000257623
-0.000886925
-0.000203006
-0.000888207
-0.00015255
-0.000880975
-0.000106207
-0.000866013
-6.40524e-05
-0.000844699
-2.57774e-05
-0.000818233
9.04323e-06
-0.000787064
3.97788e-05
-0.00075201
6.69142e-05
-0.000713566
9.04839e-05
-0.000672598
0.000110883
-0.000630201
0.000128275
-0.000586385
0.0001429
-0.000541934
0.000154983
-0.000497291
0.000164708
-0.00045253
0.000172298
-0.000408387
0.000177818
-0.000364665
0.000181564
-0.000321855
0.000183719
-0.000280441
0.000184398
-0.00024024
0.000183827
-0.00020173
0.000182159
-0.000164781
0.000179543
-0.00012967
0.000176102
-9.62037e-05
0.000171968
-6.44786e-05
0.000167162
-3.44422e-05
0.000161778
-6.10858e-06
0.000155902
2.05075e-05
0.000149595
4.5369e-05
0.000142917
6.84398e-05
0.000135955
8.96221e-05
0.000128772
0.000109006
0.000121439
0.000126642
0.000113989
0.000142606
0.000106464
0.000156715
9.89099e-05
0.000169073
9.13518e-05
0.000179693
8.39289e-05
0.000188515
7.66759e-05
0.000195574
6.95993e-05
0.000201146
6.27308e-05
0.000205348
5.61042e-05
0.000208221
4.96383e-05
0.00020987
4.34596e-05
0.000210301
3.75241e-05
0.000209698
3.18369e-05
0.00020815
2.64199e-05
0.000205743
2.11954e-05
0.00020241
1.62466e-05
0.000198241
1.15707e-05
0.000193324
7.18749e-06
0.000187611
3.09368e-06
0.00018134
-7.50078e-07
0.000174541
-4.32132e-06
0.000167317
-7.63292e-06
0.00015966
-1.06823e-05
0.0001516
-1.34505e-05
0.000143133
-1.5937e-05
0.000134403
-1.8161e-05
0.000125559
-2.01489e-05
0.000116688
-2.19029e-05
0.000107765
-2.34336e-05
9.88031e-05
-2.47263e-05
8.9898e-05
-2.58052e-05
8.1087e-05
-2.66877e-05
7.25024e-05
-2.74027e-05
6.41734e-05
-2.79552e-05
5.60678e-05
-2.83406e-05
4.81538e-05
-2.85713e-05
4.0525e-05
-2.86642e-05
3.32351e-05
-2.86507e-05
2.62819e-05
-2.853e-05
1.96442e-05
-2.8303e-05
1.32126e-05
-2.79478e-05
6.99149e-06
-2.74629e-05
1.03427e-06
-2.68554e-05
-4.5187e-06
-2.61637e-05
-9.54377e-06
-2.54197e-05
-1.40071e-05
-2.46395e-05
-1.80159e-05
-2.38221e-05
-2.16245e-05
-2.29608e-05
-2.4883e-05
-2.20726e-05
-2.77122e-05
-2.11833e-05
-3.00628e-05
-2.03096e-05
-3.20491e-05
-1.94523e-05
-3.37472e-05
-1.85827e-05
-3.53931e-05
-1.76865e-05
-3.68884e-05
-1.67582e-05
-3.81944e-05
-1.58247e-05
-3.91435e-05
-1.49222e-05
-3.97107e-05
-1.40422e-05
-4.01192e-05
-1.31535e-05
-4.0491e-05
-1.22339e-05
-4.08346e-05
-1.12639e-05
-4.09663e-05
-1.02868e-05
-4.06174e-05
-9.3443e-06
-3.95701e-05
-8.50179e-06
-3.78285e-05
-7.79907e-06
-3.55953e-05
-7.21429e-06
-3.33341e-05
-6.69871e-06
-3.1339e-05
-6.21878e-06
-2.96092e-05
-5.76696e-06
-2.80316e-05
-5.35993e-06
-2.64704e-05
-5.03453e-06
-2.49506e-05
-4.76079e-06
-2.38042e-05
-4.50554e-06
-2.32794e-05
-4.18635e-06
-2.3524e-05
-3.76383e-06
-2.43301e-05
-3.20811e-06
-2.53689e-05
-2.55303e-06
-2.60374e-05
-1.9285e-06
-2.55995e-05
-1.43408e-06
-2.41272e-05
-1.06976e-06
-2.2339e-05
-7.59811e-07
-2.09493e-05
-4.38644e-07
-2.02009e-05
-1.73836e-07
-1.93443e-05
-1.85635e-05
-7.58084e-06
0.00305398
-1.28832e-05
0.00310482
-1.61954e-05
0.00314069
-1.75756e-05
0.00317775
-1.61631e-05
0.00321655
-1.27313e-05
0.00325484
-8.34515e-06
0.00329346
0.00333491
0.000227184
0.000914311
0.000440982
0.000928481
0.000645272
0.000959857
0.000832649
0.00100185
0.00099972
0.00105157
0.00114458
0.00111573
0.00126582
0.0011924
0.00136232
0.00128268
0.00143471
0.00138453
0.0014832
0.0014973
0.00150876
0.00161919
0.00151301
0.00174785
0.0014961
0.00188262
0.00146017
0.00201974
0.00140573
0.0021585
0.00133477
0.00229481
0.0012487
0.00242699
0.00114903
0.00255274
0.00103708
0.00266972
0.000914965
0.00277539
0.000784046
0.0028677
0.000645863
0.00294599
0.000502729
0.00300616
0.000356227
0.00304875
0.000207359
0.00307156
5.87486e-05
0.00307393
-8.80494e-05
0.0030546
-0.000231379
0.00301228
-0.000369401
0.00294799
-0.00050046
0.00285978
-0.000622426
0.0027507
-0.000734107
0.00261878
-0.000834503
0.00246884
-0.00092182
0.00229939
-0.000995532
0.00211473
-0.00105444
0.00191575
-0.00109897
0.00170755
-0.00112881
0.00149214
-0.00114433
0.0012723
-0.00114549
0.00105259
-0.00113412
0.000834937
-0.00111098
0.000623508
-0.00107712
0.000418945
-0.00103387
0.000226055
-0.000983446
4.63759e-05
-0.000926482
-0.000119699
-0.000864667
-0.000271271
-0.000799499
-0.00040589
-0.000732383
-0.000525201
-0.000663448
-0.000628521
-0.000594971
-0.000715189
-0.00052768
-0.000786928
-0.000461275
-0.000843836
-0.00039778
-0.000885947
-0.000337101
-0.00091585
-0.000279625
-0.000933715
-0.00022584
-0.00094071
-0.000175922
-0.000938124
-0.000129774
-0.000927123
-8.73995e-05
-0.000908388
-4.87374e-05
-0.000883361
-1.38947e-05
-0.000853075
1.73225e-05
-0.000818281
4.48606e-05
-0.000779548
6.90238e-05
-0.000737729
8.99672e-05
-0.000693542
0.000107973
-0.000648206
0.000123172
-0.000601584
0.000135857
-0.000554619
0.000146269
-0.000507702
0.000154519
-0.00046078
0.000160793
-0.000414661
0.000165293
-0.000369165
0.000168174
-0.000324736
0.000169593
-0.00028186
0.00016974
-0.000240388
0.000168761
-0.00020075
0.000166864
-0.000162885
0.000164087
-0.000126893
0.00016062
-9.27368e-05
0.000156535
-6.0394e-05
0.000151916
-2.98225e-05
0.000146815
-1.0079e-06
0.000141258
2.60647e-05
0.000135315
5.13115e-05
0.000129071
7.46836e-05
0.000122608
9.6086e-05
0.000115983
0.000115631
0.000109232
0.000133393
0.000102388
0.00014945
9.54893e-05
0.000163614
8.85192e-05
0.000176043
8.16226e-05
0.00018659
7.4854e-05
0.000195284
6.82444e-05
0.000202183
6.1839e-05
0.000207551
5.56192e-05
0.000211568
4.96062e-05
0.000214234
4.38162e-05
0.00021566
3.82349e-05
0.000215882
3.28959e-05
0.000215037
2.77907e-05
0.000213255
2.29142e-05
0.000210619
1.82758e-05
0.000207049
1.38243e-05
0.000202692
9.64076e-06
0.000197507
5.73137e-06
0.00019152
2.09689e-06
0.000184975
-1.33171e-06
0.00017797
-4.50377e-06
0.00017049
-7.44317e-06
0.000162599
-1.01485e-05
0.000154305
-1.25966e-05
0.000145581
-1.47849e-05
0.000136591
-1.67353e-05
0.000127509
-1.84786e-05
0.000118432
-2.0012e-05
0.000109298
-2.13485e-05
0.00010014
-2.24651e-05
9.10147e-05
-2.33915e-05
8.20133e-05
-2.41417e-05
7.32527e-05
-2.47472e-05
6.47789e-05
-2.521e-05
5.65306e-05
-2.55223e-05
4.84661e-05
-2.56958e-05
4.06985e-05
-2.5748e-05
3.32873e-05
-2.57105e-05
2.62443e-05
-2.55819e-05
1.95155e-05
-2.53618e-05
1.29925e-05
-2.50248e-05
6.65449e-06
-2.45692e-05
5.7873e-07
-2.40002e-05
-5.08771e-06
-2.33572e-05
-1.01868e-05
-2.26728e-05
-1.46915e-05
-2.19609e-05
-1.87278e-05
-2.12191e-05
-2.23663e-05
-2.04359e-05
-2.56662e-05
-1.9628e-05
-2.85202e-05
-1.88245e-05
-3.08663e-05
-1.80389e-05
-3.28347e-05
-1.72754e-05
-3.45107e-05
-1.64988e-05
-3.61697e-05
-1.56969e-05
-3.76903e-05
-1.48619e-05
-3.90294e-05
-1.40224e-05
-3.9983e-05
-1.32175e-05
-4.05156e-05
-1.24364e-05
-4.09002e-05
-1.16492e-05
-4.12782e-05
-1.08275e-05
-4.16563e-05
-9.95511e-06
-4.18386e-05
-9.07182e-06
-4.15007e-05
-8.21947e-06
-4.04224e-05
-7.46245e-06
-3.85855e-05
-6.84129e-06
-3.62164e-05
-6.332e-06
-3.38434e-05
-5.88414e-06
-3.17868e-05
-5.46412e-06
-3.00292e-05
-5.06554e-06
-2.84302e-05
-4.70722e-06
-2.68288e-05
-4.42884e-06
-2.5229e-05
-4.20083e-06
-2.40322e-05
-3.99175e-06
-2.34885e-05
-3.71913e-06
-2.37966e-05
-3.34716e-06
-2.47021e-05
-2.84523e-06
-2.58708e-05
-2.24431e-06
-2.66384e-05
-1.67704e-06
-2.61668e-05
-1.2377e-06
-2.45665e-05
-9.23017e-07
-2.26537e-05
-6.53939e-07
-2.12184e-05
-3.70344e-07
-2.04845e-05
-1.40568e-07
-1.95741e-05
-1.87041e-05
-8.33478e-06
0.00306231
-1.16156e-05
0.0031081
-1.37433e-05
0.00314282
-1.43275e-05
0.00317834
-1.28516e-05
0.00321508
-1.00676e-05
0.00325206
-6.29345e-06
0.00328968
0.00332862
0.000205451
0.00070886
0.000401359
0.000732573
0.000589651
0.000771565
0.00076132
0.00083018
0.000916422
0.000896469
0.00105145
0.000980705
0.00116503
0.00107883
0.00125691
0.0011908
0.0013254
0.00131604
0.00137174
0.00145095
0.00139636
0.00159457
0.00140009
0.00174412
0.00138531
0.00189739
0.0013509
0.00205415
0.00130053
0.00220887
0.00123374
0.0023616
0.00115232
0.00250841
0.00105788
0.00264717
0.000952514
0.00277509
0.000837191
0.00289072
0.000713391
0.0029915
0.000583503
0.00307588
0.000448418
0.00314125
0.00031025
0.00318691
0.000170426
0.00321138
3.08153e-05
0.00321354
-0.000107053
0.00319247
-0.000241799
0.00314703
-0.000371427
0.00307762
-0.000493562
0.00298191
-0.00060716
0.0028643
-0.00071177
0.00272338
-0.000803915
0.00256099
-0.000884803
0.00238028
-0.000951252
0.00218118
-0.00100507
0.00196957
-0.00104429
0.00174677
-0.00106889
0.00151675
-0.00108032
0.00128373
-0.00107876
0.00105103
-0.00106542
0.0008216
-0.0010404
0.00059849
-0.00100602
0.000384561
-0.000962123
0.000182159
-0.000912301
-3.4457e-06
-0.000857066
-0.000174934
-0.000797695
-0.000330641
-0.000734815
-0.00046877
-0.000670466
-0.00058955
-0.000605534
-0.000693453
-0.0005408
-0.000779924
-0.000477246
-0.000850482
-0.000415746
-0.000905335
-0.00035643
-0.000945264
-0.000300084
-0.000972196
-0.000247003
-0.000986797
-0.000197503
-0.00099021
-0.000151633
-0.000983994
-0.000109464
-0.000969291
-7.09965e-05
-0.000946855
-3.61296e-05
-0.000918228
-4.75246e-06
-0.000884452
2.32521e-05
-0.000846285
4.78562e-05
-0.000804152
6.93547e-05
-0.000759228
8.78759e-05
-0.000712063
0.00010365
-0.00066398
0.000116986
-0.000614919
0.000128012
-0.000565646
0.000136868
-0.000516558
0.000143872
-0.000467784
0.000149138
-0.000419927
0.000152735
-0.000372763
0.000154907
-0.000326907
0.000155771
-0.000282724
0.000155526
-0.000240143
0.000154279
-0.000199502
0.000152174
-0.00016078
0.000149379
-0.000124097
0.000145976
-8.93344e-05
0.000142037
-5.64552e-05
0.00013764
-2.54254e-05
0.000132839
3.79375e-06
0.00012764
3.12629e-05
0.000122105
5.6847e-05
0.000116314
8.04739e-05
0.000110345
0.000102055
0.000104253
0.000121722
9.8068e-05
0.000139579
9.18247e-05
0.000155693
8.54724e-05
0.000169966
7.91284e-05
0.000182387
7.28417e-05
0.000192877
6.6686e-05
0.00020144
6.06913e-05
0.000208178
5.49031e-05
0.000213339
4.92891e-05
0.000217182
4.38686e-05
0.000219654
3.86542e-05
0.000220874
3.36429e-05
0.000220893
2.88515e-05
0.000219828
2.4279e-05
0.000217828
1.99144e-05
0.000214984
1.57596e-05
0.000211204
1.17785e-05
0.000206673
8.04025e-06
0.000201246
4.55639e-06
0.000195004
1.3182e-06
0.000188213
-1.71948e-06
0.000181007
-4.53335e-06
0.000173303
-7.14351e-06
0.00016521
-9.54189e-06
0.000156704
-1.17079e-05
0.000147747
-1.3635e-05
0.000138518
-1.53462e-05
0.00012922
-1.68765e-05
0.000119962
-1.82174e-05
0.000110639
-1.93853e-05
0.000101308
-2.03516e-05
9.1981e-05
-2.11458e-05
8.28075e-05
-2.17845e-05
7.38914e-05
-2.22987e-05
6.52932e-05
-2.26895e-05
5.69213e-05
-2.29421e-05
4.87187e-05
-2.30714e-05
4.08279e-05
-2.30936e-05
3.33095e-05
-2.30375e-05
2.61882e-05
-2.29075e-05
1.93855e-05
-2.26985e-05
1.27835e-05
-2.23826e-05
6.33863e-06
-2.19583e-05
1.54349e-07
-2.14287e-05
-5.61726e-06
-2.08338e-05
-1.07817e-05
-2.02073e-05
-1.5318e-05
-1.95606e-05
-1.93745e-05
-1.88896e-05
-2.30373e-05
-1.81794e-05
-2.63764e-05
-1.74461e-05
-2.92534e-05
-1.67225e-05
-3.15899e-05
-1.60164e-05
-3.35408e-05
-1.53381e-05
-3.5189e-05
-1.46449e-05
-3.68629e-05
-1.39288e-05
-3.84064e-05
-1.31785e-05
-3.97797e-05
-1.24243e-05
-4.07372e-05
-1.17078e-05
-4.12321e-05
-1.10148e-05
-4.15932e-05
-1.03183e-05
-4.19747e-05
-9.58461e-06
-4.239e-05
-8.80111e-06
-4.26221e-05
-8.00339e-06
-4.22984e-05
-7.23363e-06
-4.11922e-05
-6.55388e-06
-3.92652e-05
-6.00522e-06
-3.67651e-05
-5.56183e-06
-3.42868e-05
-5.17297e-06
-3.21757e-05
-4.80537e-06
-3.03968e-05
-4.45321e-06
-2.87823e-05
-4.13667e-06
-2.71453e-05
-3.89801e-06
-2.54677e-05
-3.70795e-06
-2.42222e-05
-3.53737e-06
-2.36591e-05
-3.30466e-06
-2.40293e-05
-2.9772e-06
-2.50295e-05
-2.52411e-06
-2.63239e-05
-1.9733e-06
-2.71892e-05
-1.45927e-06
-2.66808e-05
-1.0696e-06
-2.49562e-05
-7.97152e-07
-2.29261e-05
-5.62905e-07
-2.14527e-05
-3.13089e-07
-2.07343e-05
-1.13402e-07
-1.97738e-05
-1.88175e-05
-1.22631e-05
-1.27769e-05
-1.33059e-05
-1.32756e-05
-1.16708e-05
-9.07608e-06
-5.54027e-06
0.000187637
0.000370886
0.000547276
0.000703011
0.000848158
0.000974177
0.00108026
0.00116486
0.00122894
0.00127194
0.00129473
0.00129826
0.00128254
0.00125078
0.00120202
0.00113897
0.00106242
0.000973786
0.000874368
0.000765907
0.000649999
0.000528162
0.00040177
0.000272271
0.000141312
1.03973e-05
-0.000118719
-0.000244243
-0.000364386
-0.000478245
-0.000584406
-0.000680336
-0.000766197
-0.000839534
-0.000901168
-0.000948666
-0.000983023
-0.00100421
-0.00101265
-0.00100873
-0.000993522
-0.000967615
-0.000933559
-0.000892088
-0.000843169
-0.000789084
-0.000732123
-0.000672306
-0.000611433
-0.000550367
-0.000489749
-0.000430455
-0.00037323
-0.000318469
-0.000266494
-0.000217687
-0.000172385
-0.000130586
-9.22961e-05
-5.74913e-05
-2.60491e-05
2.28908e-06
2.73011e-05
4.9275e-05
6.82846e-05
8.46443e-05
9.85246e-05
0.000110098
0.000119617
0.000127289
0.000133196
0.000137517
0.000140435
0.000142066
0.000142481
0.000141915
0.000140481
0.000138322
0.000135565
0.000132282
0.000128564
0.000124442
0.000119927
0.000115086
0.000109955
0.000104612
9.91257e-05
9.35515e-05
8.79068e-05
8.22195e-05
7.64392e-05
7.06541e-05
6.49374e-05
5.93516e-05
5.3943e-05
4.87191e-05
4.3671e-05
3.88001e-05
3.40941e-05
2.96091e-05
2.53196e-05
2.12347e-05
1.73491e-05
1.35973e-05
1.00561e-05
6.71978e-06
3.61819e-06
7.37675e-07
-1.95563e-06
-4.45171e-06
-6.76914e-06
-8.89506e-06
-1.08128e-05
-1.25062e-05
-1.40098e-05
-1.53517e-05
-1.65262e-05
-1.75519e-05
-1.83878e-05
-1.90698e-05
-1.96175e-05
-2.00532e-05
-2.0384e-05
-2.05885e-05
-2.06818e-05
-2.0682e-05
-2.06142e-05
-2.0488e-05
-2.02911e-05
-1.99993e-05
-1.96066e-05
-1.9116e-05
-1.85685e-05
-1.79977e-05
-1.74116e-05
-1.68064e-05
-1.61642e-05
-1.54996e-05
-1.48491e-05
-1.42155e-05
-1.36147e-05
-1.29965e-05
-1.23582e-05
-1.16846e-05
-1.10071e-05
-1.03697e-05
-9.75527e-06
-9.13996e-06
-8.48569e-06
-7.78287e-06
-7.06323e-06
-6.36914e-06
-5.75914e-06
-5.27467e-06
-4.8889e-06
-4.55126e-06
-4.22905e-06
-3.91751e-06
-3.63734e-06
-3.43266e-06
-3.27415e-06
-3.13561e-06
-2.93685e-06
-2.64819e-06
-2.23975e-06
-1.73644e-06
-1.27135e-06
-9.24784e-07
-6.8991e-07
-4.86772e-07
-2.65046e-07
-9.08981e-08
)
;

boundaryField
{
    freeSurface
    {
        type            calculated;
        value           nonuniform List<scalar> 
181
(
0.00307458
0.00310861
0.00314334
0.00317831
0.00321347
0.00324946
0.00328615
0.00332308
0.000521223
0.000549324
0.000595175
0.000674446
0.000751322
0.000854685
0.000972743
0.00110621
0.00125196
0.00140795
0.00157178
0.00174059
0.00191311
0.00208592
0.00225763
0.00242465
0.00258497
0.00273581
0.00287451
0.00299918
0.00310741
0.00319771
0.00326764
0.00331641
0.00334234
0.00334446
0.00332158
0.00327255
0.00319776
0.00309577
0.00297046
0.00281931
0.00264685
0.00245362
0.00224282
0.00201707
0.00178113
0.00153794
0.00129216
0.00104711
0.000806394
0.000572583
0.000350505
0.000140688
-5.23651e-05
-0.000229019
-0.000387602
-0.000528587
-0.000650424
-0.000754519
-0.000840542
-0.000909776
-0.00096256
-0.00100002
-0.00102417
-0.0010356
-0.00103551
-0.00102579
-0.00100758
-0.00098166
-0.00094967
-0.000912791
-0.000871297
-0.000826126
-0.000778237
-0.000728423
-0.000677861
-0.000626493
-0.000575164
-0.000524231
-0.00047369
-0.000424248
-0.000375681
-0.000328538
-0.00028314
-0.000239577
-0.000198068
-0.000158621
-0.00012134
-8.60515e-05
-5.27375e-05
-2.13033e-05
8.30841e-06
3.61044e-05
6.19777e-05
8.58175e-05
0.000107541
0.000127297
0.000145223
0.00016138
0.000175746
0.000188172
0.000198593
0.000207026
0.000213587
0.000218563
0.00022223
0.000224525
0.00022558
0.000225378
0.000224118
0.000221913
0.000218869
0.000214955
0.000210214
0.000204582
0.000198106
0.000191094
0.000183701
0.000175799
0.000167527
0.00015883
0.000149665
0.000140211
0.000130724
0.000121304
0.000111814
0.000102333
9.28169e-05
8.34895e-05
7.4439e-05
6.57289e-05
5.72521e-05
4.89232e-05
4.09211e-05
3.33097e-05
2.61204e-05
1.92593e-05
1.25866e-05
6.04682e-06
-2.38339e-07
-6.10781e-06
-1.13292e-05
-1.58888e-05
-1.99606e-05
-2.36425e-05
-2.70186e-05
-2.9918e-05
-3.22404e-05
-3.41744e-05
-3.57899e-05
-3.74811e-05
-3.90447e-05
-4.04533e-05
-4.14147e-05
-4.18695e-05
-4.22076e-05
-4.25901e-05
-4.30443e-05
-4.3325e-05
-4.30181e-05
-4.18863e-05
-3.98752e-05
-3.72495e-05
-3.46725e-05
-3.25134e-05
-3.0719e-05
-2.90939e-05
-2.74255e-05
-2.56724e-05
-2.43807e-05
-2.37976e-05
-2.42281e-05
-2.53182e-05
-2.67323e-05
-2.76925e-05
-2.71459e-05
-2.53027e-05
-2.3161e-05
-2.16558e-05
-2.0956e-05
-1.99479e-05
-1.89084e-05
)
;
    }
    walls
    {
        type            calculated;
        value           uniform 0;
    }
    floatingObject
    {
        type            calculated;
        value           nonuniform List<scalar> 
37
(
-0.00450561
-0.00455837
-0.00461114
-0.00466455
-0.00471924
-0.00477394
-0.0048296
-0.0048859
-0.00494253
-0.00500012
-0.00505835
-0.00511723
-0.00517675
-0.00523692
-0.00529805
-0.0053595
-0.00542224
-0.00548497
-0.005549
0
0
0
0
0
0
0
-4.23516e-22
0
0
0
0
0
0
-2.64698e-23
0
0
0
)
;
    }
    frontAndBack
    {
        type            empty;
    }
}


// ************************************************************************* //
