/*--------------------------------*- C++ -*----------------------------------*\
  =========                 |
  \\      /  F ield         | OpenFOAM: The Open Source CFD Toolbox
   \\    /   O peration     | Website:  https://openfoam.org
    \\  /    A nd           | Version:  12
     \\/     M anipulation  |
\*---------------------------------------------------------------------------*/
FoamFile
{
    format      ascii;
    class       surfaceScalarField;
    location    "3.36";
    object      phi;
}
// * * * * * * * * * * * * * * * * * * * * * * * * * * * * * * * * * * * * * //

dimensions      [1 0 -1 0 0 0 0];

internalField   nonuniform List<scalar> 
7429
(
-8.82222e-05
8.82221e-05
-0.000177578
8.93552e-05
-0.000268434
9.08559e-05
-0.000361026
9.25926e-05
-0.000455607
9.45801e-05
-0.000552412
9.68049e-05
-0.000651665
9.92528e-05
-0.000753549
0.000101885
-0.000858244
0.000104695
-0.000965874
0.00010763
-0.00107649
0.000110618
-0.0011901
0.000113609
-0.00130665
0.000116548
-0.00142599
0.000119344
-0.00154794
0.000121943
-0.00167218
0.000124242
-0.00179834
0.000126158
-0.00192595
0.000127614
-0.00205448
0.000128532
-0.00218332
0.000128835
-0.00231177
0.000128451
-0.00243908
0.000127311
-0.00256446
0.000125379
-0.00268705
0.000122589
-0.00280598
0.000118936
-0.00292036
0.000114379
-0.0030293
0.000108938
-0.0031319
0.000102602
-0.00322731
9.54131e-05
-0.00331472
8.74004e-05
-0.00339334
7.86219e-05
-0.00346246
6.91229e-05
-0.00352145
5.8985e-05
-0.00356972
4.82729e-05
-0.0036068
3.70772e-05
-0.00363229
2.54931e-05
-0.0036459
1.36091e-05
-0.0036477
1.80166e-06
-0.00363698
-1.07206e-05
-0.00361402
-2.29545e-05
-0.00357893
-3.50927e-05
-0.00353186
-4.70679e-05
-0.00347307
-5.87924e-05
-0.00340291
-7.01654e-05
-0.0033218
-8.11104e-05
-0.00323026
-9.15319e-05
-0.0031289
-0.000101366
-0.00301838
-0.000110515
-0.00289945
-0.000118929
-0.00277294
-0.000126511
-0.00263973
-0.000133217
-0.00250074
-0.000138984
-0.002357
-0.000143744
-0.00220953
-0.000147471
-0.00205941
-0.000150121
-0.00190772
-0.000151685
-0.00175568
-0.000152037
-0.0016044
-0.000151283
-0.00145512
-0.000149286
-0.0013089
-0.00014622
-0.00116695
-0.00014195
-0.00103032
-0.000136626
-0.000900163
-0.000130157
-0.000777566
-0.000122598
-0.000663336
-0.000114229
-0.000558501
-0.000104835
-0.00046372
-9.47812e-05
-0.000379749
-8.39708e-05
-0.000307141
-7.26082e-05
-0.000246352
-6.0789e-05
-0.000197703
-4.86487e-05
-0.00016133
-3.63731e-05
-0.000137159
-2.41709e-05
-0.000125086
-1.2073e-05
-0.000125112
2.57072e-08
-0.000136566
1.1454e-05
-0.000158758
2.2192e-05
-0.000190767
3.20091e-05
-0.000231633
4.0866e-05
-0.000280219
4.85854e-05
-0.00033528
5.5061e-05
-0.000395481
6.02019e-05
-0.00045934
6.38585e-05
-0.000525363
6.60227e-05
-0.000591943
6.65802e-05
-0.000657524
6.55816e-05
-0.000720501
6.29762e-05
-0.000779344
5.88437e-05
-0.000832611
5.32665e-05
-0.000878934
4.6323e-05
-0.000917116
3.8182e-05
-0.000946063
2.89472e-05
-0.000964999
1.89356e-05
-0.000973199
8.20062e-06
-0.000969176
-4.02356e-06
-0.000953093
-1.6083e-05
-0.000925395
-2.76976e-05
-0.000886517
-3.88786e-05
-0.000836892
-4.96247e-05
-0.000777195
-5.96974e-05
-0.000708278
-6.89169e-05
-0.000631201
-7.70764e-05
-0.00054723
-8.39711e-05
-0.000457718
-8.95124e-05
-0.00036419
-9.35276e-05
-0.000268188
-9.60025e-05
-0.000171346
-9.68421e-05
-7.5232e-05
-9.61137e-05
1.8586e-05
-9.38179e-05
0.000108625
-9.00388e-05
0.000193482
-8.48577e-05
0.000271853
-7.83709e-05
0.000342676
-7.08223e-05
0.00040495
-6.22741e-05
0.000457959
-5.30095e-05
0.000501115
-4.3156e-05
0.000534066
-3.29512e-05
0.000556626
-2.25595e-05
0.000568839
-1.22136e-05
0.000570885
-2.04563e-06
0.000563211
7.67448e-06
0.000546279
1.69311e-05
0.000520846
2.54333e-05
0.000487646
3.32002e-05
0.000447637
4.00085e-05
0.000401782
4.58552e-05
0.000351104
5.06779e-05
0.000296702
5.44022e-05
0.000239586
5.71159e-05
0.0001809
5.86861e-05
0.000121668
5.92321e-05
6.28505e-05
5.88176e-05
5.48041e-06
5.73701e-05
-4.96649e-05
5.51453e-05
-0.000101765
5.21003e-05
-0.000150142
4.83765e-05
-0.000194175
4.40336e-05
-0.000233371
3.91957e-05
-0.00026734
3.39688e-05
-0.000295784
2.84441e-05
-0.000318513
2.27292e-05
-0.000335433
1.692e-05
-0.000346554
1.11209e-05
-0.000351936
5.3817e-06
-0.000351816
-1.19489e-07
-0.000346418
-5.3985e-06
-0.000336048
-1.03702e-05
-0.00032107
-1.4978e-05
-0.0003019
-1.91694e-05
-0.000278993
-2.29074e-05
-0.000252835
-2.61575e-05
-0.000223919
-2.89165e-05
-0.000192775
-3.11437e-05
-0.000159924
-3.28509e-05
-0.000125872
-3.40519e-05
-9.11287e-05
-3.47436e-05
-5.61777e-05
-3.49511e-05
-2.14787e-05
-3.4699e-05
1.25278e-05
-3.40064e-05
4.54621e-05
-3.29344e-05
7.69459e-05
-3.14837e-05
0.000106671
-2.97251e-05
0.000134354
-2.76827e-05
0.000159754
-2.54006e-05
0.000182699
-2.2945e-05
0.000203023
-2.0324e-05
0.000220644
-1.76212e-05
0.00023548
-1.48352e-05
0.000247509
-1.20297e-05
0.000256752
-9.24286e-06
0.000263243
-6.49086e-06
0.000267082
-3.83915e-06
0.000268377
-1.29473e-06
0.000267286
1.09093e-06
0.000263971
3.31488e-06
0.000258616
5.35544e-06
0.000251424
7.19173e-06
0.000242607
8.81726e-06
0.000232406
1.0201e-05
0.000221045
1.13608e-05
0.000208774
1.22706e-05
0.000195812
1.29619e-05
0.000182383
1.3429e-05
0.000168691
1.3692e-05
0.000154927
1.37643e-05
0.000141254
1.3673e-05
0.000127818
1.3436e-05
0.000114737
1.30816e-05
0.000102127
1.26099e-05
9.00505e-05
1.20762e-05
7.85554e-05
1.1495e-05
6.77025e-05
1.08529e-05
5.74812e-05
1.02214e-05
4.7898e-05
9.58314e-06
3.88982e-05
8.99981e-06
3.04427e-05
8.45551e-06
2.24419e-05
8.0008e-06
1.47866e-05
7.65528e-06
7.35172e-06
7.4349e-06
7.35172e-06
-6.6978e-05
0.0001552
-0.000135075
0.000157452
-0.00020502
0.000160801
-0.000277443
0.000165015
-0.000352897
0.000170034
-0.000431919
0.000175827
-0.000515017
0.00018235
-0.000602678
0.000189546
-0.000695367
0.000197384
-0.000793255
0.000205517
-0.000896697
0.000214059
-0.00100561
0.000222517
-0.00112002
0.000230963
-0.00123962
0.000238944
-0.00136382
0.000246146
-0.00149285
0.000253265
-0.00162568
0.000258991
-0.00176194
0.00026387
-0.00190089
0.000267488
-0.00204162
0.000269558
-0.00218305
0.000269884
-0.00232415
0.000268405
-0.00246377
0.000265001
-0.00260055
0.000259374
-0.00273335
0.000251734
-0.00286091
0.000241937
-0.00298195
0.000229973
-0.00309527
0.000215923
-0.00319985
0.000199997
-0.00329461
0.000182159
-0.00337868
0.000162688
-0.00345115
0.0001416
-0.00351149
0.000119321
-0.00355924
9.60228e-05
-0.00359376
7.16006e-05
-0.00361448
4.62072e-05
-0.00362153
2.06626e-05
-0.00361492
-4.80848e-06
-0.0035951
-3.05451e-05
-0.0035619
-5.61485e-05
-0.00351558
-8.14129e-05
-0.00345649
-0.000106162
-0.00338507
-0.000130211
-0.00330185
-0.000153387
-0.00320743
-0.00017553
-0.0031025
-0.000196461
-0.00298781
-0.000216055
-0.00286417
-0.000234154
-0.00273247
-0.000250628
-0.00259363
-0.000265353
-0.00244866
-0.000278184
-0.00229859
-0.000289062
-0.0021445
-0.000297825
-0.00198751
-0.000304468
-0.00182878
-0.000308844
-0.00166951
-0.000310958
-0.00151093
-0.000310621
-0.00135415
-0.000308064
-0.00120044
-0.000302991
-0.00105092
-0.000295737
-0.000906804
-0.00028607
-0.000769227
-0.000274203
-0.000639422
-0.000259961
-0.000518185
-0.000243835
-0.000406702
-0.000225713
-0.000305751
-0.000205786
-0.000216069
-0.000184463
-0.000138287
-0.000161753
-7.29079e-05
-0.000137987
-2.04377e-05
-0.000113259
1.90547e-05
-8.81412e-05
4.5388e-05
-6.27064e-05
5.84956e-05
-3.72785e-05
5.87476e-05
-1.2325e-05
4.67408e-05
1.20325e-05
2.30972e-05
3.50976e-05
-1.13842e-05
5.66734e-05
-5.59997e-05
7.66246e-05
-0.000109647
9.45138e-05
-0.000171009
0.000109947
-0.000238668
0.000122721
-0.000311042
0.000132576
-0.000386545
0.000139361
-0.000463472
0.000142949
-0.000540187
0.000143295
-0.00061496
0.000140355
-0.000686095
0.000134111
-0.000752002
0.000124752
-0.000811194
0.000112458
-0.000862283
9.74124e-05
-0.000904033
7.99321e-05
-0.000935313
6.02266e-05
-0.000955486
3.91089e-05
-0.000963622
1.6337e-05
-0.000958994
-8.65169e-06
-0.000941981
-3.30961e-05
-0.00091287
-5.68085e-05
-0.000872004
-7.97447e-05
-0.000819969
-0.00010166
-0.000757623
-0.000122044
-0.000686032
-0.000140508
-0.000606431
-0.000156677
-0.00052026
-0.000170143
-0.000429038
-0.000180734
-0.000334328
-0.000188237
-0.000237819
-0.000192512
-0.000141146
-0.000193515
-4.59416e-05
-0.000191318
4.62805e-05
-0.00018604
0.00013398
-0.000177738
0.000215907
-0.000166785
0.00029077
-0.000153234
0.000357617
-0.000137669
0.000415579
-0.000120236
0.00046403
-0.000101461
0.000502549
-8.16751e-05
0.000530882
-6.12834e-05
0.000548947
-4.06246e-05
0.000556925
-2.01922e-05
0.000555163
-2.82986e-07
0.000544109
1.87281e-05
0.00052441
3.66299e-05
0.000496775
5.30686e-05
0.000462089
6.78859e-05
0.000421239
8.08584e-05
0.000375248
9.18466e-05
0.000325102
0.000100823
0.000271858
0.000107647
0.000216577
0.000112396
0.0001602
0.000115063
0.000103786
0.000115646
4.82393e-05
0.000114364
-5.69626e-06
0.000111306
-5.7128e-05
0.000106577
-0.00010541
0.000100382
-0.000149886
9.28527e-05
-0.000190077
8.42245e-05
-0.000225543
7.46616e-05
-0.000255978
6.44041e-05
-0.000281156
5.36217e-05
-0.000300945
4.25187e-05
-0.00031531
3.12848e-05
-0.000324284
2.00943e-05
-0.000327998
9.09565e-06
-0.000326664
-1.45266e-06
-0.00032053
-1.15328e-05
-0.000309892
-2.10083e-05
-0.000295111
-2.97593e-05
-0.000276594
-3.7686e-05
-0.000254763
-4.47383e-05
-0.000230078
-5.08423e-05
-0.000202996
-5.59991e-05
-0.000174017
-6.01229e-05
-0.000143605
-6.32627e-05
-0.000112222
-6.54341e-05
-8.03407e-05
-6.66254e-05
-4.8408e-05
-6.68838e-05
-1.67872e-05
-6.63197e-05
1.40822e-05
-6.48759e-05
4.38936e-05
-6.27457e-05
7.22916e-05
-5.98817e-05
9.90331e-05
-5.64666e-05
0.000123834
-5.24839e-05
0.000146542
-4.81082e-05
0.000166955
-4.33583e-05
0.000184986
-3.83553e-05
0.000200531
-3.31658e-05
0.000213537
-2.78409e-05
0.00022402
-2.2513e-05
0.000231969
-1.71922e-05
0.000237434
-1.1956e-05
0.000240513
-6.91795e-06
0.000241318
-2.10006e-06
0.000239987
2.42208e-06
0.000236675
6.62739e-06
0.000231545
1.04853e-05
0.000224802
1.39345e-05
0.000216613
1.70066e-05
0.000207219
1.95947e-05
0.0001968
2.17802e-05
0.000185615
2.34556e-05
0.000173843
2.47334e-05
0.000161691
2.55807e-05
0.000149364
2.60191e-05
0.000136957
2.61716e-05
0.000124696
2.59342e-05
0.000112672
2.54595e-05
0.000101008
2.4746e-05
8.97546e-05
2.38631e-05
7.90158e-05
2.2815e-05
6.88533e-05
2.16576e-05
5.92498e-05
2.04564e-05
5.02373e-05
1.92338e-05
4.1791e-05
1.80294e-05
3.39014e-05
1.68895e-05
2.64905e-05
1.58664e-05
1.94973e-05
1.4994e-05
1.28326e-05
1.432e-05
6.38124e-06
1.38862e-05
1.3733e-05
-2.70786e-05
0.000182278
-5.54936e-05
0.000185867
-8.67144e-05
0.000192021
-0.000122028
0.000200329
-0.000162752
0.000210758
-0.000210221
0.000223296
-0.000265672
0.000237801
-0.000330238
0.000254111
-0.000404865
0.00027201
-0.000490503
0.000291154
-0.000587603
0.000311159
-0.000696706
0.00033162
-0.000817869
0.000352125
-0.000950973
0.000372048
-0.00109583
0.000391
-0.00125094
0.000408381
-0.00141564
0.000423691
-0.0015883
0.000436527
-0.0017672
0.000446391
-0.00195054
0.000452892
-0.00213633
0.000455676
-0.00232239
0.000454468
-0.00250648
0.000449087
-0.00268647
0.000439366
-0.00286003
0.000425293
-0.00302506
0.000406963
-0.00317958
0.000384494
-0.00332186
0.000358211
-0.0034503
0.000328434
-0.0035636
0.000295454
-0.00366082
0.000259911
-0.00374124
0.000222021
-0.00380425
0.000182329
-0.00384956
0.000141331
-0.00387722
9.92658e-05
-0.00388787
5.68542e-05
-0.00388219
1.49794e-05
-0.00385803
-2.89672e-05
-0.00381716
-7.1412e-05
-0.00376046
-0.000112849
-0.00368865
-0.00015322
-0.00360249
-0.00019233
-0.00350277
-0.000229927
-0.00339034
-0.000265817
-0.00326611
-0.000299756
-0.00313104
-0.000331531
-0.00298612
-0.00036098
-0.00283244
-0.000387832
-0.00267103
-0.000412036
-0.00250316
-0.000433225
-0.00232986
-0.000451488
-0.00215238
-0.00046654
-0.00197204
-0.000478166
-0.00179006
-0.000486448
-0.00160767
-0.000491229
-0.00142619
-0.000492438
-0.00124711
-0.000489706
-0.00107158
-0.000483591
-0.000901247
-0.000473323
-0.000737196
-0.000459788
-0.00058061
-0.000442656
-0.000433131
-0.000421682
-0.000295363
-0.000397729
-0.000168676
-0.000370522
-5.40622e-05
-0.000340327
4.77967e-05
-0.000307645
0.000135825
-0.000272491
0.000209313
-0.000235241
0.00026771
-0.000196384
0.000310843
-0.000156393
0.00033843
-0.000115727
0.000350618
-7.48951e-05
0.000347673
-3.43328e-05
0.000329889
5.4582e-06
0.000298164
4.37582e-05
0.000253245
8.00162e-05
0.000196071
0.000113847
0.000128052
0.000144644
5.07302e-05
0.000171836
-3.43584e-05
0.000195035
-0.000125749
0.000214111
-0.000221379
0.000228206
-0.00031939
0.000237372
-0.000417743
0.000241303
-0.00051446
0.000240012
-0.000607567
0.000233462
-0.000695126
0.000221669
-0.000775312
0.000204938
-0.000846382
0.000183527
-0.000906883
0.000157914
-0.000955637
0.000128686
-0.00099151
9.61004e-05
-0.00101367
6.12636e-05
-0.00102163
2.43023e-05
-0.00101476
-1.55172e-05
-0.000993853
-5.40076e-05
-0.000959159
-9.15029e-05
-0.000911208
-0.000127696
-0.000850939
-0.000161928
-0.000779488
-0.000193495
-0.000698354
-0.000221643
-0.000609081
-0.00024595
-0.000513444
-0.000265779
-0.000413234
-0.000280944
-0.000310296
-0.000291176
-0.00020653
-0.000296278
-0.00010373
-0.000296315
-3.64155e-06
-0.000291406
9.20593e-05
-0.000281741
0.000181884
-0.000267563
0.000264534
-0.000249435
0.000338853
-0.000227552
0.00040391
-0.000202727
0.000458934
-0.00017526
0.000503471
-0.000145997
0.000537353
-0.000115557
0.000560461
-8.43923e-05
0.000572906
-5.30689e-05
0.000574994
-2.22803e-05
0.000567422
7.28929e-06
0.000550666
3.54833e-05
0.00052559
6.17066e-05
0.000492992
8.5666e-05
0.000453893
0.000106985
0.000409278
0.000125474
0.000360234
0.00014089
0.000307749
0.000153308
0.000252903
0.000162494
0.000196745
0.000168554
0.000140274
0.000171534
8.4329e-05
0.000171591
2.98754e-05
0.000168818
-2.23663e-05
0.000163547
-7.16589e-05
0.00015587
-0.000117407
0.00014613
-0.000159102
0.000134548
-0.000196324
0.000121447
-0.000228736
0.000107074
-0.0002561
9.17685e-05
-0.00027826
7.57811e-05
-0.000295176
5.94351e-05
-0.000306858
4.29667e-05
-0.00031342
2.66567e-05
-0.000314958
1.0633e-05
-0.000311854
-4.55664e-06
-0.000304298
-1.90887e-05
-0.00029263
-3.26764e-05
-0.000277223
-4.51661e-05
-0.000258481
-5.64276e-05
-0.000236828
-6.63913e-05
-0.000212682
-7.49882e-05
-0.000186506
-8.21758e-05
-0.000158779
-8.78498e-05
-0.000129882
-9.21594e-05
-0.000100295
-9.50216e-05
-7.04459e-05
-9.64743e-05
-4.06274e-05
-9.67022e-05
-1.13444e-05
-9.56028e-05
1.71138e-05
-9.33342e-05
4.44442e-05
-9.0076e-05
7.03481e-05
-8.57857e-05
9.46145e-05
-8.0733e-05
0.000117015
-7.48847e-05
0.000137397
-6.84899e-05
0.000155614
-6.15755e-05
0.000171584
-5.43248e-05
0.000185241
-4.68227e-05
0.000196557
-3.91576e-05
0.000205543
-3.14987e-05
0.000212211
-2.386e-05
0.000216645
-1.63896e-05
0.000218896
-9.16978e-06
0.000219086
-2.28989e-06
0.000217388
4.12066e-06
0.000213889
1.01259e-05
0.000208765
1.56098e-05
0.000202186
2.05128e-05
0.000194382
2.48108e-05
0.000185509
2.84678e-05
0.000175811
3.14778e-05
0.000165419
3.38478e-05
0.000154566
3.55864e-05
0.000143421
3.67259e-05
0.000132127
3.73129e-05
0.000120909
3.73903e-05
0.000109802
3.70407e-05
9.89866e-05
3.6275e-05
8.85229e-05
3.52097e-05
7.84799e-05
3.39061e-05
6.89303e-05
3.23647e-05
5.98749e-05
3.0713e-05
5.14058e-05
2.89255e-05
4.34697e-05
2.71699e-05
3.60648e-05
2.54344e-05
2.91789e-05
2.37754e-05
2.27477e-05
2.22975e-05
1.67169e-05
2.10249e-05
1.09859e-05
2.0051e-05
5.4541e-06
1.9418e-05
1.91871e-05
5.04935e-05
0.000131785
9.89245e-05
0.000137436
0.000142763
0.000148182
0.000178597
0.000164495
0.000204267
0.000185087
0.000216251
0.000211311
0.000211574
0.000242478
0.000187892
0.000277793
0.000143085
0.000316818
7.54647e-05
0.000358774
-1.58717e-05
0.000402496
-0.000131335
0.000447083
-0.000270718
0.000491508
-0.000433271
0.000534602
-0.000617684
0.000575413
-0.00082229
0.000612987
-0.00104482
0.000646216
-0.00128258
0.000674289
-0.00153237
0.000696179
-0.00179086
0.000711388
-0.0020542
0.000719015
-0.00231867
0.000718935
-0.00257986
0.000710273
-0.00283433
0.000693843
-0.00307775
0.00066871
-0.00330667
0.000635888
-0.00351774
0.000595559
-0.00370809
0.000548556
-0.00387554
0.000495892
-0.00401852
0.000438435
-0.00413574
0.000377128
-0.00422671
0.000312993
-0.00429139
0.000247011
-0.00432991
0.000179846
-0.00434275
0.000112106
-0.00433214
4.62444e-05
-0.00429903
-1.81277e-05
-0.00424626
-8.17366e-05
-0.00417394
-0.000143739
-0.00408302
-0.000203771
-0.00397473
-0.000261506
-0.00385035
-0.00031671
-0.00371124
-0.000369041
-0.00355871
-0.000418345
-0.00339408
-0.000464388
-0.00321868
-0.00050693
-0.00303379
-0.000545871
-0.00284076
-0.000580858
-0.0026409
-0.000611891
-0.00243533
-0.000638804
-0.00222556
-0.000661257
-0.00201317
-0.000678926
-0.00179933
-0.000692009
-0.00158552
-0.000700257
-0.00137329
-0.000703458
-0.00116405
-0.000701676
-0.000959367
-0.00069439
-0.000760271
-0.000682686
-0.000568639
-0.000664955
-0.000385479
-0.000642949
-0.00021292
-0.000615214
-5.1373e-05
-0.000583229
9.73722e-05
-0.000546474
0.000231884
-0.000505034
0.000351128
-0.000459571
0.000453969
-0.000410485
0.000539853
-0.000358375
0.000608085
-0.000303473
0.00065817
-0.000246469
0.000689806
-0.000188029
0.000702994
-0.000128915
0.000698011
-6.99122e-05
0.000675382
-1.17042e-05
0.000635307
4.55331e-05
0.000579004
0.000100062
0.000507657
0.000151363
0.000422667
0.000198837
0.000325642
0.000241669
0.000218422
0.000279056
0.000103046
0.000310411
-1.81472e-05
0.000335304
-0.000143033
0.000353092
-0.000269248
0.000363587
-0.000394324
0.000366379
-0.000515876
0.000361564
-0.000631552
0.000349138
-0.00073911
0.000329227
-0.000836431
0.00030226
-0.000921785
0.000268881
-0.000993377
0.000229506
-0.0010495
0.000184807
-0.00108979
0.000136391
-0.00111262
8.4089e-05
-0.0011189
3.05904e-05
-0.00110767
-2.67549e-05
-0.00107995
-8.17265e-05
-0.00103612
-0.000135325
-0.000977224
-0.000186596
-0.000904562
-0.000234591
-0.000819838
-0.000278219
-0.00072496
-0.000316521
-0.000621855
-0.000349054
-0.000512822
-0.000374812
-0.000399724
-0.000394043
-0.000284996
-0.000405904
-0.000170763
-0.00041051
-5.90641e-05
-0.000408014
4.82774e-05
-0.000398747
0.000149377
-0.000382841
0.000242893
-0.000361079
0.000327366
-0.000333908
0.000401791
-0.000301978
0.000465278
-0.000266213
0.000517413
-0.000227395
0.000557828
-0.000186412
0.000586519
-0.000144248
0.000603654
-0.000101528
0.000609541
-5.89554e-05
0.00060478
-1.75196e-05
0.000590264
2.18055e-05
0.000566676
5.90706e-05
0.000534985
9.3398e-05
0.000496258
0.000124393
0.000451546
0.000151697
0.000402028
0.000174992
0.000348698
0.00019422
0.000292805
0.000209201
0.00023534
0.000219959
0.000177466
0.000226428
0.000119882
0.000229118
6.3792e-05
0.000227681
9.7239e-06
0.000222886
-4.1487e-05
0.000214758
-8.9191e-05
0.000203574
-0.000132978
0.000189917
-0.000172341
0.000173911
-0.000206907
0.000156012
-0.000236477
0.000136644
-0.000260904
0.000116195
-0.000280136
9.50126e-05
-0.000294189
7.3489e-05
-0.000303135
5.19126e-05
-0.000307179
3.07e-05
-0.000306604
1.00588e-05
-0.000301552
-9.60894e-06
-0.000292374
-2.82664e-05
-0.000279433
-4.56181e-05
-0.000263122
-6.14763e-05
-0.000243831
-7.57191e-05
-0.000221971
-8.82512e-05
-0.000198018
-9.89416e-05
-0.000172373
-0.00010782
-0.000145425
-0.000114797
-0.000117646
-0.000119938
-8.94122e-05
-0.000123256
-6.1102e-05
-0.000124784
-3.31355e-05
-0.000124669
-5.79385e-06
-0.000122944
2.06412e-05
-0.000119769
4.58564e-05
-0.000115291
6.96206e-05
-0.00010955
9.17186e-05
-0.000102831
0.000112013
-9.51793e-05
0.000130324
-8.6801e-05
0.000146587
-7.78384e-05
0.000160703
-6.84408e-05
0.000172663
-5.87827e-05
0.000182425
-4.89193e-05
0.000190038
-3.91115e-05
0.00019554
-2.93626e-05
0.000198971
-1.982e-05
0.000200422
-1.06212e-05
0.000200028
-1.89536e-06
0.000197892
6.2566e-06
0.000194136
1.38816e-05
0.000188961
2.07853e-05
0.000182486
2.69875e-05
0.000174934
3.2363e-05
0.000166473
3.69282e-05
0.000157298
4.0653e-05
0.000147556
4.35904e-05
0.000137457
4.56852e-05
0.000127167
4.70162e-05
0.000116809
4.76704e-05
0.000106542
4.76574e-05
9.64758e-05
4.71067e-05
8.67018e-05
4.60491e-05
7.72977e-05
4.46137e-05
6.83006e-05
4.29033e-05
5.97834e-05
4.08818e-05
5.1799e-05
3.86974e-05
4.42723e-05
3.64523e-05
3.73179e-05
3.41243e-05
3.08872e-05
3.1865e-05
2.48992e-05
2.97634e-05
1.93569e-05
2.78398e-05
1.41709e-05
2.62108e-05
9.29405e-06
2.49279e-05
4.60484e-06
2.41072e-05
2.37919e-05
0.000197979
-6.61942e-05
0.000392841
-5.74269e-05
0.000575657
-3.46339e-05
0.000736181
3.97045e-06
0.000874627
4.66413e-05
0.000989113
9.68254e-05
0.00107291
0.000158684
0.00111955
0.000231147
0.00112363
0.000312734
0.00108106
0.000401352
0.000989691
0.000493862
0.000849028
0.000587746
0.000660209
0.000680327
0.000425823
0.000768988
0.000149568
0.000851668
-0.000163841
0.000926396
-0.000508926
0.000991301
-0.000879772
0.00104514
-0.0012701
0.0010865
-0.00167285
0.00111414
-0.00208078
0.00112695
-0.00248603
0.00112419
-0.00288123
0.00110547
-0.00325805
0.00107066
-0.00360975
0.00102041
-0.00392939
0.000955527
-0.0042113
0.000877475
-0.00445193
0.000789183
-0.00464948
0.000693443
-0.00480384
0.000592799
-0.00491663
0.000489913
-0.0049901
0.000386461
-0.00502711
0.000284028
-0.00503078
0.000183513
-0.00500559
8.69165e-05
-0.00495278
-6.56673e-06
-0.00486897
-0.000101942
-0.00476118
-0.000189524
-0.00463261
-0.000272306
-0.00448558
-0.000350798
-0.00432208
-0.000425012
-0.00414382
-0.000494964
-0.00395231
-0.000560556
-0.00374896
-0.000621695
-0.00353517
-0.000678181
-0.00331246
-0.000729634
-0.00308193
-0.000776398
-0.00284489
-0.000817904
-0.00260266
-0.000854125
-0.00235708
-0.00088438
-0.00210907
-0.000909266
-0.00186003
-0.000927963
-0.00161147
-0.000940571
-0.00136467
-0.000947054
-0.00112121
-0.000946927
-0.000882446
-0.000940436
-0.000650512
-0.000926324
-0.000426786
-0.000906413
-0.000213039
-0.000878702
-1.0751e-05
-0.000845237
0.000178859
-0.000804824
0.000353717
-0.000758087
0.00051233
-0.000705087
0.000653591
-0.000646294
0.000776482
-0.000582462
0.000879773
-0.000513776
0.000962575
-0.000441177
0.00102423
-0.00036513
0.00106432
-0.000286555
0.00108263
-0.000206337
0.00107927
-0.000125556
0.00105442
-4.50677e-05
0.00100867
3.40513e-05
0.000943486
0.000110714
0.000859742
0.000183806
0.000758945
0.00025216
0.000642898
0.000314884
0.000513778
0.000370789
0.000373787
0.000419046
0.000225532
0.000458667
7.15773e-05
0.000489258
-8.51416e-05
0.000509811
-0.000241817
0.000520263
-0.000395522
0.000520084
-0.000543443
0.000509484
-0.000682947
0.000488643
-0.000811255
0.000457534
-0.000926001
0.000417006
-0.00102491
0.000367793
-0.00110625
0.00031084
-0.00116933
0.000247886
-0.00121192
0.000178981
-0.00123447
0.000106645
-0.00123569
3.18064e-05
-0.00121786
-4.45866e-05
-0.00118056
-0.000119023
-0.00112474
-0.00019114
-0.00105211
-0.000259234
-0.000964376
-0.000322321
-0.00086385
-0.000378744
-0.000752814
-0.000427557
-0.000633824
-0.000468045
-0.00050925
-0.000499386
-0.000382005
-0.000521289
-0.000254378
-0.00053353
-0.000128886
-0.000536003
-7.85051e-06
-0.000529049
0.000106917
-0.000513515
0.000213343
-0.000489267
0.000310186
-0.000457922
0.000396081
-0.000419803
0.000470021
-0.000375917
0.000531455
-0.000327647
0.000579905
-0.000275845
0.000615531
-0.000222039
0.000638373
-0.00016709
0.000648851
-0.000112006
0.000647433
-5.75374e-05
0.000635424
-5.51091e-06
0.000613418
4.38114e-05
0.000582589
8.98994e-05
0.000544037
0.00013195
0.000498951
0.000169479
0.000448408
0.00020224
0.00039382
0.00022958
0.00033636
0.00025168
0.000277056
0.000268505
0.0002171
0.000279914
0.000157344
0.000286184
9.8936e-05
0.000287527
4.25341e-05
0.000284083
-1.10448e-05
0.000276465
-6.10986e-05
0.000264812
-0.000107324
0.000249799
-0.000149052
0.000231645
-0.000186002
0.000210861
-0.000217909
0.000187919
-0.00024478
0.000163515
-0.00026644
0.000137856
-0.000282906
0.000111479
-0.000294215
8.47976e-05
-0.000300618
5.83153e-05
-0.000302285
3.23675e-05
-0.000299461
7.23467e-06
-0.000292533
-1.65374e-05
-0.000281797
-3.90024e-05
-0.000267615
-5.97997e-05
-0.000250432
-7.86598e-05
-0.000230577
-9.55741e-05
-0.00020852
-0.000110308
-0.000184659
-0.000122803
-0.00015943
-0.000133049
-0.00013319
-0.000141038
-0.000106377
-0.000146751
-7.93512e-05
-0.000150282
-5.24862e-05
-0.000151649
-2.61043e-05
-0.000151051
-4.88146e-07
-0.000148561
2.40954e-05
-0.000144353
4.73886e-05
-0.000138585
6.92317e-05
-0.000131393
8.93758e-05
-0.000122975
0.000107752
-0.000113556
0.000124194
-0.000103243
0.000138686
-9.23308e-05
0.000151135
-8.08891e-05
0.000161564
-6.92124e-05
0.000169949
-5.73039e-05
0.000176339
-4.55013e-05
0.000180782
-3.38053e-05
0.000183306
-2.2344e-05
0.000184045
-1.1361e-05
0.000183096
-9.46443e-07
0.000180549
8.80353e-06
0.000176578
1.7853e-05
0.00017133
2.6033e-05
0.000164973
3.33449e-05
0.000157643
3.96926e-05
0.00014955
4.50217e-05
0.000140813
4.93898e-05
0.000131663
5.27408e-05
0.000122231
5.51168e-05
0.00011268
5.65669e-05
0.000103172
5.71789e-05
9.37968e-05
5.70325e-05
8.46761e-05
5.62274e-05
7.58402e-05
5.48849e-05
6.73451e-05
5.31088e-05
5.9321e-05
5.09274e-05
5.17173e-05
4.84854e-05
4.45822e-05
4.58325e-05
3.79961e-05
4.30384e-05
3.18838e-05
4.02366e-05
2.62527e-05
3.74961e-05
2.10894e-05
3.49267e-05
1.63222e-05
3.2607e-05
1.19103e-05
3.06227e-05
7.78535e-06
2.90529e-05
3.85266e-06
2.80399e-05
2.76446e-05
0.000419349
-0.000485543
0.00083607
-0.000474148
0.0012403
-0.000438861
0.00162582
-0.000381554
0.00197399
-0.000301528
0.00226859
-0.000197776
0.00249221
-6.49304e-05
0.00262949
9.38622e-05
0.00268312
0.00025911
0.00265142
0.000433043
0.00253607
0.000609212
0.00234185
0.000781971
0.00207394
0.000948237
0.00173819
0.00110474
0.00134046
0.0012494
0.000887097
0.00137976
0.0003852
0.0014932
-0.000156926
0.00158726
-0.00072975
0.00165933
-0.00132245
0.00170684
-0.00192293
0.00172742
-0.00251869
0.00171995
-0.00309702
0.00168379
-0.00364462
0.00161827
-0.00414987
0.00152566
-0.00460031
0.00140596
-0.00498576
0.00126293
-0.00529315
0.00109657
-0.00552702
0.000927309
-0.00568907
0.000754855
-0.00578667
0.000587514
-0.00582647
0.00042626
-0.00581424
0.000271797
-0.00575752
0.000126791
-0.00566606
-4.55017e-06
-0.00554239
-0.000130232
-0.00539656
-0.000247778
-0.00522823
-0.000357853
-0.00503987
-0.000460663
-0.00483411
-0.000556561
-0.00461349
-0.000645623
-0.00438001
-0.000728448
-0.00413566
-0.000804903
-0.00388228
-0.000875076
-0.00362099
-0.000939478
-0.00335301
-0.000997611
-0.00307985
-0.00104955
-0.00280282
-0.00109494
-0.00252266
-0.00113428
-0.00224075
-0.0011663
-0.00195811
-0.0011919
-0.00167613
-0.00120994
-0.00139623
-0.00122047
-0.00111967
-0.00122361
-0.000848834
-0.00121776
-0.000584511
-0.00120476
-0.000329154
-0.00118168
-8.41921e-05
-0.00115137
0.000149326
-0.00111222
0.000368714
-0.00106462
0.000572281
-0.00100839
0.000758416
-0.000944223
0.00092566
-0.000872331
0.00107229
-0.000792923
0.00119718
-0.000707352
0.00129918
-0.000615775
0.00137724
-0.000519237
0.00143074
-0.00041863
0.0014592
-0.000315012
0.00146262
-0.000209759
0.00144105
-0.000103992
0.00139509
8.99853e-07
0.00132563
0.000103508
0.00123379
0.000202558
0.00112121
0.000296382
0.00098981
0.000383558
0.000841771
0.000462923
0.000679596
0.000532965
0.000506145
0.000592497
0.00032445
0.000640362
0.000137588
0.00067612
-5.10586e-05
0.000698458
-0.000238011
0.000707215
-0.00041994
0.000702013
-0.000593513
0.000683057
-0.000755503
0.000650632
-0.000903069
0.000605101
-0.00103336
0.000547296
-0.00114422
0.000478655
-0.00123394
0.000400554
-0.00130067
0.000314625
-0.00134379
0.000222099
-0.00136339
0.00012624
-0.00135852
2.69406e-05
-0.00133109
-7.20181e-05
-0.0012816
-0.000168511
-0.00121176
-0.000260986
-0.00112349
-0.0003475
-0.00101922
-0.000426592
-0.000901725
-0.000496239
-0.000773758
-0.000555524
-0.000638201
-0.000603602
-0.000498428
-0.000639159
-0.00035709
-0.000662627
-0.000217294
-0.000673326
-8.13838e-05
-0.000671913
4.812e-05
-0.000658553
0.000169183
-0.000634578
0.000279771
-0.000599855
0.000378684
-0.000556835
0.000464656
-0.000505775
0.000536894
-0.000448155
0.000595094
-0.000385848
0.000639076
-0.000319827
0.000668984
-0.000251947
0.000685269
-0.000183375
0.000688588
-0.000115324
0.000679779
-4.87283e-05
0.00066045
1.38187e-05
0.000631078
7.31827e-05
0.000593155
0.000127823
0.000548063
0.000177042
0.000497041
0.000220501
0.000441415
0.000257866
0.000382372
0.000288624
0.000321353
0.000312698
0.000259254
0.000330605
0.000197326
0.000341843
0.000136517
0.000346993
7.77127e-05
0.000346331
2.16515e-05
0.000340144
-3.10242e-05
0.000329141
-7.97917e-05
0.000313579
-0.000124091
0.000294098
-0.000163588
0.000271143
-0.000198087
0.000245359
-0.000227517
0.00021735
-0.000251606
0.000187603
-0.000270474
0.000156724
-0.000284214
0.000125219
-0.000292969
9.35526e-05
-0.00029692
6.22662e-05
-0.000296345
3.17925e-05
-0.000291675
2.56477e-06
-0.000283087
-2.5126e-05
-0.00027098
-5.11089e-05
-0.000255769
-7.5011e-05
-0.000237828
-9.66007e-05
-0.000217582
-0.00011582
-0.000195465
-0.000132425
-0.000171832
-0.000146436
-0.000147119
-0.000157762
-0.000121656
-0.000166501
-9.58573e-05
-0.00017255
-7.00551e-05
-0.000176084
-4.45949e-05
-0.00017711
-1.97198e-05
-0.000175926
4.24931e-06
-0.00017253
2.71042e-05
-0.000167208
4.86335e-05
-0.000160114
6.8653e-05
-0.000151413
8.70403e-05
-0.000141362
0.000103627
-0.000130142
0.000118402
-0.000118018
0.000131255
-0.000105183
0.000142229
-9.18637e-05
0.000151265
-7.82478e-05
0.000158438
-6.4477e-05
0.000163741
-5.0804e-05
0.000167214
-3.7279e-05
0.000168989
-2.41186e-05
0.000169112
-1.14845e-05
0.000167693
4.73173e-07
0.000164855
1.16408e-05
0.000160736
2.19729e-05
0.000155448
3.13208e-05
0.000149179
3.96135e-05
0.000142122
4.675e-05
0.00013433
5.28136e-05
0.000126071
5.76484e-05
0.00011747
6.13425e-05
0.000108675
6.39115e-05
9.98176e-05
6.54242e-05
9.10369e-05
6.59596e-05
8.24666e-05
6.56028e-05
7.41553e-05
6.45388e-05
6.61784e-05
6.28618e-05
5.85582e-05
6.0729e-05
5.13472e-05
5.81383e-05
4.45691e-05
5.52636e-05
3.8276e-05
5.21256e-05
3.2443e-05
4.88713e-05
2.71078e-05
4.55718e-05
2.22324e-05
4.23715e-05
1.77608e-05
3.93983e-05
1.36823e-05
3.66855e-05
9.94298e-06
3.4362e-05
6.47443e-06
3.25214e-05
3.19828e-06
3.13161e-05
3.08428e-05
0.000824965
-0.00131051
0.00164347
-0.00129265
0.00243379
-0.00122919
0.00317414
-0.0011219
0.00384121
-0.000968597
0.00441308
-0.000769646
0.00487555
-0.000527399
0.00522509
-0.000255682
0.00543987
4.43338e-05
0.00546608
0.00040683
0.00531562
0.000759675
0.00499918
0.00109841
0.00453057
0.00141684
0.00392721
0.00170809
0.00320923
0.00196739
0.00239832
0.00219066
0.00151696
0.00237457
0.000586742
0.00251747
-0.000371851
0.00261792
-0.00133975
0.00267474
-0.00229905
0.00268673
-0.00323083
0.00265173
-0.00411531
0.00256827
-0.0049304
0.00243336
-0.00565138
0.00224663
-0.00625324
0.00200782
-0.00671166
0.00172135
-0.00700751
0.00139242
-0.00716505
0.00108485
-0.00721177
0.000801569
-0.00716958
0.000545326
-0.00705997
0.000316652
-0.00690527
0.0001171
-0.00670887
-6.96139e-05
-0.00647546
-0.000237957
-0.00622188
-0.000383817
-0.00595535
-0.000514299
-0.00567998
-0.000633228
-0.00539845
-0.000742189
-0.005112
-0.000843013
-0.00482171
-0.000935916
-0.00452767
-0.00102249
-0.00423078
-0.00110179
-0.00393034
-0.00117551
-0.00362715
-0.00124266
-0.003322
-0.00130276
-0.00301479
-0.00135677
-0.00270585
-0.00140388
-0.00239614
-0.00144398
-0.00208566
-0.00147678
-0.00177614
-0.00150142
-0.00146794
-0.00151814
-0.00116365
-0.00152477
-0.000864427
-0.00152283
-0.000571414
-0.00151078
-0.000286779
-0.00148939
-1.15273e-05
-0.00145693
0.000251633
-0.00141453
0.000500338
-0.00136093
0.000733356
-0.00129764
0.000947854
-0.00122289
0.00114298
-0.00113935
0.00131617
-0.00104551
0.00146621
-0.000942964
0.00159129
-0.000832434
0.00169032
-0.000714806
0.00176241
-0.000591326
0.0018067
-0.000462918
0.00182267
-0.000330987
0.00181032
-0.000197411
0.00177018
-6.38527e-05
0.00170284
6.8246e-05
0.00160941
0.000196937
0.00149134
0.000320623
0.00135043
0.000437294
0.00118908
0.000544912
0.0010099
0.000642106
0.000815762
0.000727099
0.000610104
0.000798155
0.000396394
0.000854072
0.00017837
0.000894144
-4.00575e-05
0.000916885
-0.000255003
0.000922161
-0.000462607
0.000909617
-0.00065915
0.0008796
-0.000841141
0.000832624
-0.00100521
0.000769167
-0.00114855
0.000690639
-0.00126875
0.000598854
-0.00136382
0.000495627
-0.00143224
0.000383044
-0.00147359
0.000263449
-0.00148698
0.00013963
-0.001474
1.39583e-05
-0.00143552
-0.000110496
-0.00137259
-0.000231441
-0.00128759
-0.000345984
-0.0011831
-0.000451988
-0.00106221
-0.000547482
-0.000927863
-0.000630589
-0.000783566
-0.000699821
-0.000632775
-0.000754393
-0.000478577
-0.000793357
-0.000324668
-0.000816536
-0.000174058
-0.000823936
-2.97422e-05
-0.000816228
0.000106353
-0.000794648
0.000231723
-0.000759948
0.000344601
-0.000712733
0.000443788
-0.000656022
0.000528237
-0.000590224
0.000597444
-0.000517362
0.000651217
-0.000439621
0.000689564
-0.000358174
0.000713103
-0.000275486
0.000722502
-0.000192773
0.000718461
-0.000111284
0.000702813
-3.308e-05
0.000676267
4.03644e-05
0.000640243
0.000109207
0.000596108
0.000171958
0.000545207
0.000227943
0.00048914
0.000276568
0.00042934
0.000317666
0.000367117
0.000350847
0.000303299
0.000376516
0.000239476
0.000394427
0.000176584
0.000404735
0.000115336
0.000408241
5.69896e-05
0.000404677
1.79533e-06
0.000395338
-4.94147e-05
0.000380351
-9.63528e-05
0.000360518
-0.000138434
0.000336179
-0.000175548
0.000308256
-0.00020752
0.000277332
-0.000234216
0.000244046
-0.000255551
0.000208938
-0.000271786
0.000172959
-0.000282977
0.00013641
-0.000289386
9.99613e-05
-0.000291222
6.41022e-05
-0.000288772
2.93432e-05
-0.000282415
-3.7923e-06
-0.000272432
-3.5109e-05
-0.000259276
-6.42647e-05
-0.000243309
-9.09788e-05
-0.000224895
-0.000115014
-0.000204517
-0.000136198
-0.000182525
-0.000154417
-0.00015928
-0.000169681
-0.000135233
-0.000181809
-0.000110696
-0.000191038
-8.60368e-05
-0.000197209
-6.15442e-05
-0.000200577
-3.74312e-05
-0.000201223
-1.41075e-05
-0.000199249
8.30759e-06
-0.000194945
2.94919e-05
-0.000188392
4.93507e-05
-0.000179973
6.76621e-05
-0.000169724
8.43837e-05
-0.000158084
9.93663e-05
-0.000145125
0.000112592
-0.000131244
0.00012398
-0.000116572
0.0001336
-0.000101483
0.000141416
-8.60643e-05
0.000147503
-7.05641e-05
0.000151843
-5.51435e-05
0.000154538
-3.99739e-05
0.000155669
-2.52495e-05
0.000155269
-1.10843e-05
0.000153509
2.23238e-06
0.000150418
1.47319e-05
0.000146189
2.62017e-05
0.000140963
3.65476e-05
0.000134864
4.57116e-05
0.000128029
5.35857e-05
0.000120632
6.021e-05
0.000112852
6.54284e-05
0.000104766
6.94285e-05
9.65456e-05
7.21323e-05
8.83506e-05
7.36192e-05
8.03028e-05
7.40074e-05
7.24625e-05
7.34431e-05
6.4918e-05
7.20832e-05
5.77204e-05
7.00595e-05
5.08981e-05
6.75513e-05
4.44187e-05
6.46177e-05
3.8381e-05
6.13013e-05
3.27912e-05
5.77154e-05
2.76724e-05
5.39902e-05
2.30052e-05
5.0239e-05
1.87545e-05
4.66222e-05
1.49079e-05
4.32449e-05
1.14155e-05
4.0178e-05
8.25942e-06
3.7518e-05
5.34961e-06
3.54312e-05
2.63619e-06
3.40295e-05
3.3479e-05
0.00133728
-0.00264779
0.00268457
-0.00263994
0.00402909
-0.00257371
0.00535707
-0.00244988
0.00664164
-0.00225317
0.00784546
-0.00197346
0.00884728
-0.00152922
0.0096098
-0.0010182
0.00951299
0.000141146
0.00913125
0.00078857
0.00851123
0.00137969
0.00771728
0.00189237
0.00679816
0.00233596
0.00579221
0.00271404
0.00472275
0.00303685
0.00360602
0.00330739
0.00245165
0.00352894
0.00126624
0.00370289
5.60464e-05
0.00382811
-0.00117171
0.0039025
-0.00240752
0.00392253
-0.00363787
0.00388209
-0.00484438
0.00377477
-0.00599709
0.00358608
-0.00705635
0.00330589
-0.00795944
0.00291091
-0.00864342
0.00240532
-0.0087305
0.00147951
-0.00868713
0.00104148
-0.00849954
0.000613979
-0.0082366
0.000282384
-0.00792824
8.29363e-06
-0.00759479
-0.000216351
-0.00725235
-0.000412048
-0.00690892
-0.000581388
-0.0065622
-0.00073054
-0.00621488
-0.000861622
-0.00586866
-0.000979442
-0.00552554
-0.00108531
-0.00518629
-0.00118227
-0.00485053
-0.00127167
-0.00451828
-0.00135475
-0.00418862
-0.00143144
-0.00385984
-0.0015043
-0.00353301
-0.00156949
-0.00320636
-0.00162941
-0.00287945
-0.00168368
-0.0025521
-0.00173123
-0.00222431
-0.00177177
-0.00189674
-0.00180435
-0.00157016
-0.001828
-0.00124652
-0.00184178
-0.000925429
-0.00184586
-0.000609534
-0.00183873
-0.000300493
-0.00181982
-3.48978e-07
-0.00178954
0.000288372
-0.00174565
0.000564163
-0.00169033
0.000824323
-0.00162109
0.0010671
-0.00154042
0.00129017
-0.00144596
0.00149097
-0.00134015
0.00166795
-0.00122249
0.00181889
-0.0010939
0.00194218
-0.00095572
0.002037
-0.000809634
0.00210206
-0.000656386
0.00213645
-0.000497307
0.00214001
-0.000334546
0.00211181
-0.000169215
0.00205373
-5.77059e-06
0.00196588
0.000156102
0.00184956
0.000313251
0.00170661
0.000463572
0.00153922
0.000604689
0.00135017
0.000733962
0.00114234
0.000849939
0.000919123
0.000950313
0.000684371
0.00103291
0.000442161
0.00109628
0.000196494
0.00113981
-4.81925e-05
0.00116157
-0.00028763
0.0011616
-0.000517441
0.00113943
-0.000733496
0.00109565
-0.000932015
0.00103114
-0.00110911
0.000946265
-0.00126216
0.000843682
-0.00138848
0.000725177
-0.001486
0.000593142
-0.00155344
0.000450488
-0.00159028
0.000300286
-0.00159675
0.000146107
-0.00157382
-8.98031e-06
-0.00152275
-0.000161565
-0.00144597
-0.000308219
-0.00134594
-0.000446011
-0.0012257
-0.000572234
-0.00108878
-0.0006844
-0.00093887
-0.000780497
-0.000779963
-0.000858729
-0.000615622
-0.000918734
-0.000449897
-0.000959082
-0.000286056
-0.000980377
-0.000127168
-0.000982824
2.3553e-05
-0.000966949
0.000163749
-0.000934844
0.000291122
-0.000887322
0.000404211
-0.000825822
0.0005018
-0.000753611
0.000583166
-0.000671589
0.000647955
-0.000582151
0.00069619
-0.000487857
0.000728409
-0.000390393
0.000745274
-0.000292351
0.000747777
-0.000195277
0.00073703
-0.000100536
0.000714598
-1.06477e-05
0.000681652
7.33096e-05
0.000639682
0.000151177
0.000590235
0.000221405
0.000534927
0.000283251
0.000475226
0.000336269
0.000412453
0.00038044
0.00034774
0.000415559
0.000282661
0.000441596
0.000218297
0.000458791
0.000155279
0.000467753
9.48369e-05
0.000468683
3.74343e-05
0.00046208
-1.61404e-05
0.000448913
-6.54709e-05
0.000429681
-0.000110088
0.000405134
-0.000149678
0.000375769
-0.000184214
0.000342792
-0.000213474
0.000306592
-0.000237403
0.000267975
-0.000256272
0.000227807
-0.00027002
0.000186707
-0.000278908
0.000145298
-0.000283158
0.000104212
-0.000283088
6.40325e-05
-0.000279045
2.52999e-05
-0.000271343
-1.14946e-05
-0.00026035
-4.61019e-05
-0.000246443
-7.81715e-05
-0.000230046
-0.000107376
-0.000211499
-0.000133562
-0.000191203
-0.000156493
-0.000169615
-0.000176005
-0.000147089
-0.000192206
-0.000123793
-0.000205105
-0.000100308
-0.000214522
-7.67795e-05
-0.000220738
-5.35466e-05
-0.000223809
-3.09293e-05
-0.00022384
-9.12495e-06
-0.000221054
1.16227e-05
-0.000215692
3.12085e-05
-0.000207978
4.94346e-05
-0.000198199
6.61547e-05
-0.000186444
8.13044e-05
-0.000173233
9.47935e-05
-0.000158614
0.000106596
-0.000143047
0.000116689
-0.000126664
0.000125096
-0.000109891
0.000131827
-9.2795e-05
0.000136945
-7.5682e-05
0.000140489
-5.86876e-05
0.000142523
-4.20082e-05
0.000143102
-2.58283e-05
0.00014232
-1.03022e-05
0.000140266
4.28595e-06
0.000137056
1.79427e-05
0.000132812
3.04454e-05
0.000127676
4.16832e-05
0.000121782
5.16062e-05
0.000115254
6.01131e-05
0.000108262
6.72023e-05
0.000100898
7.27928e-05
9.33314e-05
7.69947e-05
8.57006e-05
7.97631e-05
7.81307e-05
8.1189e-05
7.07303e-05
8.14078e-05
6.3609e-05
8.05644e-05
5.67871e-05
7.89052e-05
5.03112e-05
7.65353e-05
4.41543e-05
7.37083e-05
3.83798e-05
7.03922e-05
3.29899e-05
6.66912e-05
2.80436e-05
6.26617e-05
2.35298e-05
5.8504e-05
1.9455e-05
5.43138e-05
1.57759e-05
5.03013e-05
1.24665e-05
4.65542e-05
9.49433e-06
4.31502e-05
6.81431e-06
4.0198e-05
4.39669e-06
3.78489e-05
2.16041e-06
3.62658e-05
3.56394e-05
0.00198234
-0.00463013
0.00398218
-0.00463978
0.00598054
-0.00457207
0.00794632
-0.00441566
0.00983683
-0.00414368
0.0115676
-0.0037042
0.0131053
-0.00306695
0.0145146
-0.00242756
0.0146754
-1.95846e-05
0.0143441
0.00111989
0.0136178
0.00210596
0.0125713
0.00293889
0.0112689
0.00363828
0.00976741
0.00421558
0.00811148
0.00469277
0.00634093
0.00507794
0.00448882
0.00538105
0.00258318
0.00560853
0.000649458
0.00576183
-0.00128773
0.00583968
-0.0032026
0.0058374
-0.00506446
0.00574395
-0.00683581
0.00554611
-0.00846474
0.00521501
-0.00988102
0.00472217
-0.0109963
0.00402617
-0.0117869
0.00319592
-0.0115869
0.00127952
-0.0111445
0.000599071
-0.0105806
5.01274e-05
-0.0098849
-0.000413338
-0.00916183
-0.000714771
-0.00845789
-0.000920298
-0.00780928
-0.00106066
-0.00722882
-0.00116185
-0.00671282
-0.00124654
-0.00624877
-0.00132566
-0.00582485
-0.00140337
-0.00543052
-0.00147964
-0.00505729
-0.0015555
-0.00470159
-0.00162737
-0.00435771
-0.00169862
-0.00402139
-0.00176777
-0.00368919
-0.00183649
-0.00335905
-0.00189964
-0.0030285
-0.00195996
-0.00269671
-0.00201546
-0.00236351
-0.00206443
-0.0020295
-0.00210578
-0.00169499
-0.00213887
-0.00136057
-0.00216242
-0.00102706
-0.00217529
-0.000696774
-0.00217614
-0.000371328
-0.00216417
-5.25793e-05
-0.00213857
0.000257218
-0.00209933
0.000555566
-0.002044
0.000839365
-0.00197413
0.00110742
-0.00188914
0.00135663
-0.00178963
0.00158469
-0.00167403
0.00178855
-0.00154401
0.00196684
-0.00140078
0.00211745
-0.00124451
0.00223872
-0.00107699
0.00232844
-0.000899354
0.00238568
-0.000713624
0.0024101
-0.000521729
0.00240094
-0.000325383
0.00235902
-0.000127297
0.00228399
6.92569e-05
0.00217732
0.000262775
0.00204049
0.00045008
0.00187546
0.000628604
0.00168488
0.000795264
0.00147156
0.000947286
0.00123878
0.00108272
0.000990541
0.00119855
0.000730924
0.00129252
0.000464411
0.0013628
0.000195423
0.0014088
-7.10889e-05
0.00142808
-0.000330475
0.00142099
-0.000577985
0.00138694
-0.000809179
0.00132685
-0.00101994
0.0012419
-0.00120653
0.00113286
-0.00136579
0.00100294
-0.00149496
0.000854349
-0.00159206
0.00069024
-0.00165632
0.000514753
-0.00168724
0.000331207
-0.00168501
0.00014387
-0.00165137
-4.26153e-05
-0.00158805
-0.000224888
-0.00149778
-0.000398484
-0.00138324
-0.00056055
-0.0012488
-0.000706682
-0.00109775
-0.000835449
-0.000934369
-0.000943875
-0.000763073
-0.00103002
-0.00058814
-0.00109367
-0.000413529
-0.00113369
-0.000242492
-0.00115141
-7.84363e-05
-0.00114688
7.58746e-05
-0.00112126
0.000217504
-0.00107647
0.000344504
-0.00101432
0.00045583
-0.000937148
0.000550142
-0.000847923
0.000627005
-0.000748452
0.000686294
-0.000641441
0.000728573
-0.000530135
0.000754415
-0.000416235
0.000764631
-0.000302568
0.000760414
-0.000191059
0.000743511
-8.36326e-05
0.000715288
1.75749e-05
0.000676847
0.000111751
0.000630146
0.000197878
0.000576749
0.000274802
0.000518221
0.000341778
0.000455927
0.000398563
0.000391236
0.00044513
0.000325724
0.000481072
0.000260413
0.000506907
0.000196145
0.000523059
0.000134262
0.000529635
7.52466e-05
0.000527698
1.96372e-05
0.000517689
-3.17565e-05
0.000500307
-7.86757e-05
0.0004766
-0.000120626
0.000447085
-0.00015766
0.000412803
-0.000189404
0.000374536
-0.000215976
0.000333163
-0.000237359
0.000289358
-0.000253675
0.000244124
-0.000265101
0.000198133
-0.000271907
0.000152103
-0.000274334
0.000106639
-0.000272727
6.24257e-05
-0.000267426
1.99982e-05
-0.000258677
-2.0243e-05
-0.00024696
-5.78194e-05
-0.000232631
-9.25006e-05
-0.000216065
-0.000123941
-0.000197695
-0.000151933
-0.000177856
-0.000176331
-0.000156789
-0.000197073
-0.000135025
-0.000213971
-0.000112821
-0.000227309
-9.04527e-05
-0.000236891
-6.82272e-05
-0.000242964
-4.64539e-05
-0.000245583
-2.53761e-05
-0.000244918
-5.10453e-06
-0.000241325
1.41892e-05
-0.000234986
3.22201e-05
-0.000226009
4.88917e-05
-0.00021487
6.4126e-05
-0.000201678
7.7812e-05
-0.000186919
8.99255e-05
-0.000170727
0.000100424
-0.000153545
0.000109338
-0.000135579
0.000116663
-0.000117216
0.000122452
-9.85836e-05
0.000126748
-7.99779e-05
0.000129617
-6.15568e-05
0.000131112
-4.35032e-05
0.000131257
-2.59731e-05
0.000130189
-9.23447e-06
0.00012794
6.5347e-06
0.000124675
2.12078e-05
0.000120481
3.46391e-05
0.000115491
4.66736e-05
0.000109831
5.72667e-05
0.000103643
6.63002e-05
9.70517e-05
7.3794e-05
9.01491e-05
7.96954e-05
8.3104e-05
8.40399e-05
7.60336e-05
8.68335e-05
6.90634e-05
8.81592e-05
6.22941e-05
8.8177e-05
5.58168e-05
8.70417e-05
4.96887e-05
8.50333e-05
4.3848e-05
8.2376e-05
3.83319e-05
7.92244e-05
3.31837e-05
7.55403e-05
2.83767e-05
7.14982e-05
2.39701e-05
6.70683e-05
2.00255e-05
6.24486e-05
1.64648e-05
5.78744e-05
1.32551e-05
5.3511e-05
1.04042e-05
4.94052e-05
7.85111e-06
4.57033e-05
5.60039e-06
4.24487e-05
3.60081e-06
3.98484e-05
1.76134e-06
3.81052e-05
3.74008e-05
0.00244922
-0.00707935
0.00499025
-0.00718081
0.00770843
-0.00729025
0.0106992
-0.00740641
0.0141683
-0.00761276
0.0182819
-0.00781784
0.0239454
-0.00873041
0.0328068
-0.011289
0.0277174
0.00506981
0.0229665
0.00587081
0.0189621
0.00611041
0.0156107
0.00629023
0.0127425
0.00650653
0.0102235
0.00673451
0.00796232
0.006954
0.00588548
0.00715478
0.00393292
0.00733361
0.00205173
0.00748972
0.000193198
0.00762036
-0.00169123
0.00772411
-0.0036534
0.00779958
-0.00575325
0.00784381
-0.00806308
0.00785595
-0.0106819
0.00783383
-0.0137457
0.00778596
-0.017459
0.00773947
-0.021784
0.00752088
-0.0165443
-0.00396011
-0.0134191
-0.00252617
-0.0114068
-0.00196215
-0.00994567
-0.00187447
-0.00890347
-0.00175697
-0.00809811
-0.00172566
-0.00745423
-0.00170453
-0.00689914
-0.00171694
-0.00639442
-0.00175127
-0.00592647
-0.00179361
-0.00550068
-0.00182916
-0.00511131
-0.00186901
-0.0047527
-0.00191412
-0.00441403
-0.00196604
-0.00408617
-0.00202649
-0.00376641
-0.00208753
-0.00345047
-0.00215243
-0.00313276
-0.00221735
-0.00281288
-0.00227984
-0.00248995
-0.00233839
-0.00216285
-0.00239153
-0.00183132
-0.00243731
-0.00149706
-0.00247313
-0.00116112
-0.00249836
-0.000825379
-0.00251103
-0.000491433
-0.00251009
-0.000161227
-0.00249438
0.000162706
-0.0024625
0.000477659
-0.00241429
0.000781262
-0.0023476
0.00107107
-0.00226393
0.0013432
-0.00216127
0.00159571
-0.00204214
0.001826
-0.00190431
0.00203166
-0.00174967
0.00220894
-0.00157807
0.00235649
-0.00139206
0.0024732
-0.00119369
0.00255728
-0.000983433
0.00260722
-0.000763568
0.00262216
-0.000536665
0.00260198
-0.000305205
0.00254716
-7.24766e-05
0.00245765
0.000158768
0.00233464
0.000385783
0.00218026
0.000604458
0.00199665
0.000812214
0.00178635
0.00100557
0.00155307
0.00118057
0.00130003
0.00133576
0.0010318
0.00146678
0.000752331
0.00157199
0.000466839
0.00164829
0.000179836
0.0016958
-0.000103162
0.00171108
-0.00037747
0.00169529
-0.000637891
0.00164736
-0.00087978
0.00156874
-0.0010988
0.00146092
-0.00129083
0.00132489
-0.00145271
0.00116482
-0.00158178
0.000983416
-0.00167652
0.000784982
-0.00173613
0.000574366
-0.00175906
0.000354131
-0.00174811
0.000132923
-0.00170374
-8.69839e-05
-0.00162883
-0.000299796
-0.00152549
-0.000501827
-0.00139895
-0.000687089
-0.00125191
-0.000853718
-0.00108904
-0.000998325
-0.000915387
-0.00111752
-0.000735309
-0.0012101
-0.000552691
-0.00127628
-0.000371665
-0.00131472
-0.000196186
-0.00132689
-3.00523e-05
-0.00131301
0.000124904
-0.00127622
0.000265414
-0.00121698
0.000390118
-0.00113903
0.000497688
-0.00104472
0.00058711
-0.000937345
0.000658489
-0.000819832
0.000711723
-0.000694675
0.000747555
-0.000565966
0.000766893
-0.000435573
0.000770982
-0.000306657
0.000761025
-0.000181103
0.000738657
-6.12648e-05
0.000705367
5.08655e-05
0.000662719
0.000154399
0.000612515
0.000248082
0.00055641
0.000330907
0.000495875
0.000402314
0.000432209
0.000462229
0.000367119
0.00051022
0.000301734
0.000546457
0.000237242
0.000571399
0.000174281
0.00058602
0.000114057
0.000589859
5.73221e-05
0.000584433
4.10544e-06
0.000570906
-4.47722e-05
0.000549184
-8.88265e-05
0.000520655
-0.000128111
0.00048637
-0.000162179
0.00044687
-0.000191241
0.000403598
-0.000215148
0.00035707
-0.000233985
0.000308195
-0.000248048
0.000258187
-0.000257478
0.000207563
-0.000262404
0.000157029
-0.000263308
0.000107542
-0.00026047
5.95881e-05
-0.000254083
1.36118e-05
-0.000244692
-2.9634e-05
-0.000232593
-6.99191e-05
-0.000218147
-0.000106946
-0.000201712
-0.000140376
-0.000183685
-0.00016996
-0.000164424
-0.000195593
-0.000144306
-0.00021719
-0.000123438
-0.00023484
-0.000102353
-0.000248394
-8.1273e-05
-0.000257971
-6.04187e-05
-0.000263818
-4.00067e-05
-0.000265995
-2.03732e-05
-0.000264551
-1.62729e-06
-0.000260071
1.60875e-05
-0.000252701
3.25936e-05
-0.000242515
4.78043e-05
-0.000230081
6.16064e-05
-0.00021548
7.3953e-05
-0.000199266
8.47977e-05
-0.000181572
9.41345e-05
-0.000162882
0.000101962
-0.000143407
0.000108321
-0.000123574
0.000113298
-0.000103561
0.000116912
-8.35919e-05
0.000119201
-6.38458e-05
0.000120242
-4.45443e-05
0.00012007
-2.58015e-05
0.000118791
-7.95499e-06
0.000116442
8.88384e-06
0.000113184
2.44651e-05
0.000109096
3.87271e-05
0.0001043
5.14704e-05
9.89218e-05
6.26445e-05
9.30832e-05
7.21389e-05
8.69153e-05
7.99618e-05
8.04935e-05
8.61172e-05
7.39441e-05
9.05892e-05
6.7413e-05
9.33646e-05
6.10132e-05
9.4559e-05
5.48485e-05
9.43417e-05
4.89716e-05
9.29186e-05
4.34246e-05
9.05803e-05
3.82037e-05
8.75968e-05
3.32937e-05
8.41345e-05
2.86529e-05
8.0181e-05
2.43767e-05
7.57745e-05
2.04918e-05
7.09531e-05
1.70024e-05
6.5938e-05
1.38992e-05
6.09777e-05
1.11398e-05
5.62704e-05
8.66475e-06
5.18802e-05
6.49121e-06
4.78768e-05
4.59871e-06
4.43413e-05
2.92429e-06
4.15229e-05
1.42502e-06
3.96045e-05
3.88258e-05
0.00279746
-0.00987681
0.00575066
-0.010134
0.00897825
-0.0105178
0.0126092
-0.0110374
0.0167815
-0.011785
0.021603
-0.0126394
0.0271792
-0.0143066
0.0333131
-0.0174228
0.029319
0.0260199
0.0228542
0.0197608
0.0167738
0.0139047
0.0111431
0.00846902
0.00585986
0.00329096
0.000735552
-0.00183455
-0.00444893
-0.0071401
-0.00994211
-0.0128899
-0.0160117
-0.0193062
-0.0229481
-0.0188557
-0.0080525
-0.0152998
-0.00608208
-0.0125819
-0.00468007
-0.0105122
-0.00394414
-0.00893818
-0.00333103
-0.00775038
-0.00291346
-0.00685048
-0.00260443
-0.00616556
-0.00240186
-0.00564607
-0.00227075
-0.00524165
-0.00219803
-0.00490205
-0.00216876
-0.00459909
-0.00217197
-0.00431216
-0.00220105
-0.00403183
-0.00224637
-0.00375398
-0.00230434
-0.00347292
-0.00236859
-0.00318697
-0.00243837
-0.00289417
-0.00251015
-0.00259342
-0.00258059
-0.00228433
-0.00264749
-0.00196781
-0.00270805
-0.00164476
-0.00276036
-0.00131609
-0.0028018
-0.000983454
-0.00283099
-0.000649086
-0.0028454
-0.000314992
-0.00284419
1.57098e-05
-0.00282508
0.000340852
-0.00278764
0.000657549
-0.00273098
0.000962552
-0.00265261
0.00125376
-0.00255514
0.00152689
-0.0024344
0.00178002
-0.00229528
0.00200976
-0.00213405
0.00221324
-0.00195316
0.00238908
-0.0017539
0.00253422
-0.0015372
0.00264652
-0.00130599
0.00272468
-0.00106159
0.00276627
-0.000805153
0.00277275
-0.000543151
0.00274245
-0.000274903
0.00267606
-6.08879e-06
0.00257405
0.000260779
0.00243817
0.000521664
0.00227003
0.000772602
0.00207183
0.00101041
0.00184657
0.00123083
0.0015982
0.00142894
0.00133046
0.0016035
0.00104697
0.00175027
0.000753257
0.0018657
0.000454022
0.00194752
0.00015449
0.00199533
-0.000139982
0.00200555
-0.000423953
0.00197926
-0.000692337
0.00191574
-0.000940311
0.00181671
-0.00116318
0.00168379
-0.00135707
0.00151877
-0.00151877
0.00132653
-0.00164536
0.00111
-0.00173598
0.000875601
-0.00178823
0.000626624
-0.00180439
0.000370287
-0.00178377
0.000112302
-0.00172964
-0.00014111
-0.00164372
-0.000385717
-0.00153077
-0.000614776
-0.00139305
-0.000824815
-0.00123631
-0.00101045
-0.00106551
-0.00116912
-0.000884506
-0.00129853
-0.000697433
-0.00139718
-0.000509995
-0.00146372
-0.000326185
-0.00149853
-0.000149927
-0.00150315
1.6079e-05
-0.00147902
0.000168525
-0.00142866
0.000305913
-0.00135437
0.000426194
-0.00125931
0.00052855
-0.00114707
0.000611902
-0.0010207
0.000677009
-0.00088494
0.000724256
-0.000741921
0.000753884
-0.000595594
0.000767293
-0.000448982
0.000765665
-0.000305029
0.000750388
-0.000165826
0.000723462
-3.43388e-05
0.000686302
8.80255e-05
0.00064063
0.000200071
0.000588142
0.00030057
0.000530453
0.000388596
0.000469122
0.000463644
0.000405735
0.000525616
0.000341214
0.000574741
0.000276843
0.000610828
0.000214024
0.000634219
0.00015349
0.000646554
9.53965e-05
0.000647953
4.10676e-05
0.000638762
-9.15764e-06
0.000621131
-5.49513e-05
0.000594978
-9.61429e-05
0.000561846
-0.000132371
0.000522598
-0.0001637
0.0004782
-0.000189961
0.000429859
-0.000211336
0.000378445
-0.000227931
0.000324789
-0.000239817
0.000270073
-0.000247374
0.00021512
-0.000250865
0.000160521
-0.000250527
0.000107204
-0.000246618
5.56792e-05
-0.000239616
6.60922e-06
-0.000229911
-3.93384e-05
-0.000217654
-8.21768e-05
-0.000203302
-0.000121298
-0.00018725
-0.000156428
-0.000169858
-0.000187352
-0.000151332
-0.000214119
-0.000132049
-0.000236473
-0.000112358
-0.000254531
-9.25982e-05
-0.000268154
-7.27426e-05
-0.000277826
-5.33174e-05
-0.000283243
-3.43573e-05
-0.000284955
-1.61839e-05
-0.000282725
1.10124e-06
-0.000277356
1.73261e-05
-0.000268926
3.23958e-05
-0.000257584
4.62133e-05
-0.000243899
5.86983e-05
-0.000227965
6.98079e-05
-0.000210376
7.95032e-05
-0.000191267
8.77572e-05
-0.000171136
9.46235e-05
-0.000150273
0.000100152
-0.000129103
0.00010441
-0.000107818
0.000107429
-8.66106e-05
0.000109282
-6.56988e-05
0.000109947
-4.52091e-05
0.000109542
-2.53968e-05
0.000108112
-6.52501e-06
0.000105738
1.12577e-05
0.000102536
2.76667e-05
9.85982e-05
4.26652e-05
9.40365e-05
5.60322e-05
8.89857e-05
6.76953e-05
8.34931e-05
7.76315e-05
7.77281e-05
8.57269e-05
7.17926e-05
9.20527e-05
6.57709e-05
9.66109e-05
5.97377e-05
9.93978e-05
5.38733e-05
0.000100423
4.82627e-05
9.99524e-05
4.29593e-05
9.82221e-05
3.79745e-05
9.55651e-05
3.33036e-05
9.22677e-05
2.89172e-05
8.85209e-05
2.47672e-05
8.4331e-05
2.09558e-05
7.95859e-05
1.75199e-05
7.43891e-05
1.44482e-05
6.90097e-05
1.17441e-05
6.36817e-05
9.35155e-06
5.8663e-05
7.21349e-06
5.40183e-05
5.35938e-06
4.97309e-05
3.75631e-06
4.59443e-05
2.37767e-06
4.29015e-05
1.15406e-06
4.08281e-05
3.99799e-05
0.000826053
-0.0107029
0.00159232
-0.0109003
0.00220234
-0.0111279
0.00265033
-0.0114854
0.00280781
-0.0119425
0.0028923
-0.0127239
0.00211326
-0.0135276
-0.0153096
-0.00215645
-0.00589605
-0.0035401
-0.00469843
-0.00416396
-0.00405621
-0.00465446
-0.00345364
-0.0048959
-0.00308959
-0.00500369
-0.00280567
-0.00497596
-0.00263216
-0.00485939
-0.00251843
-0.00469342
-0.00243672
-0.00450365
-0.0023878
-0.00430225
-0.00237015
-0.00409431
-0.00237991
-0.00388181
-0.00241355
-0.00366166
-0.00246652
-0.00343293
-0.00253306
-0.00319068
-0.00261084
-0.00293601
-0.00269304
-0.00266813
-0.00277803
-0.00238811
-0.00286061
-0.00209569
-0.0029399
-0.00179227
-0.00301147
-0.00147897
-0.00307365
-0.00115793
-0.00312284
-0.000831846
-0.00315708
-0.00050174
-0.00317551
-0.000171161
-0.00317476
0.000157133
-0.00315337
0.000480949
-0.00311146
0.000796441
-0.00304648
0.00110028
-0.00295644
0.00138941
-0.00284428
0.00166109
-0.00270608
0.00191196
-0.00254615
0.00213878
-0.00236087
0.00233933
-0.00215371
0.00251076
-0.00192533
0.00265106
-0.0016775
0.00275769
-0.00141262
0.00282879
-0.0011327
0.0028647
-0.00084106
0.00286316
-0.000541613
0.00282469
-0.000236431
0.00274941
6.9198e-05
0.00263818
0.000372006
0.00249205
0.000667793
0.00231336
0.000951292
0.00210505
0.00121872
0.00186997
0.00146591
0.00161109
0.00168782
0.00133291
0.00188168
0.00104016
0.00204302
0.000737612
0.00216825
0.000430224
0.00225491
0.00012361
0.00230195
-0.000176736
0.0023059
-0.000465593
0.00226812
-0.000737353
0.0021875
-0.000987215
0.00206657
-0.00121057
0.00190714
-0.0014034
0.0017116
-0.00156199
0.00148512
-0.00168396
0.00123197
-0.00176848
0.000960115
-0.00181407
0.000672219
-0.0018223
0.000378518
-0.00179302
8.30145e-05
-0.0017301
-0.000204025
-0.00163567
-0.000480146
-0.00151339
-0.000737055
-0.00136876
-0.000969452
-0.00120573
-0.00117348
-0.00102782
-0.00134703
-0.000842116
-0.00148424
-0.000653079
-0.00158621
-0.000464599
-0.0016522
-0.000281408
-0.00168172
-0.000106538
-0.00167802
5.66588e-05
-0.00164222
0.000205296
-0.0015773
0.000337745
-0.00148682
0.000452032
-0.00137359
0.000548186
-0.00124323
0.000625548
-0.00109806
0.000684179
-0.000943571
0.00072473
-0.000782473
0.000748323
-0.000619187
0.00075617
-0.00045683
0.000749704
-0.000298562
0.000730328
-0.00014645
0.000699891
-3.90222e-06
0.00065998
0.000127936
0.000612426
0.000247625
0.000558787
0.00035421
0.00050072
0.000446663
0.000439694
0.00052467
0.000377118
0.000588192
0.000314293
0.000637565
0.000252267
0.000672854
0.00019151
0.000694976
0.000133347
0.000704717
7.87827e-05
0.000702517
2.72493e-05
0.000690295
-1.98375e-05
0.000668218
-6.26065e-05
0.000637747
-0.000100673
0.000599913
-0.000133981
0.000555905
-0.000162461
0.000506679
-0.000186122
0.00045352
-0.000205051
0.000397375
-0.0002195
0.000339238
-0.00022959
0.000280163
-0.000235545
0.000221074
-0.000237734
0.000162711
-0.000236352
0.000105822
-0.000231873
5.12e-05
-0.00022442
-8.44032e-07
-0.000214452
-4.93061e-05
-0.000202332
-9.42974e-05
-0.000188348
-0.000135282
-0.000172839
-0.000171936
-0.000156134
-0.000204057
-0.000138565
-0.000231687
-0.000120408
-0.000254629
-0.000101967
-0.000272972
-8.3344e-05
-0.000286777
-6.49312e-05
-0.000296239
-4.68847e-05
-0.00030129
-2.94412e-05
-0.000302398
-1.26699e-05
-0.000299496
3.19153e-06
-0.000293218
1.801e-05
-0.000283744
3.17246e-05
-0.000271299
4.42381e-05
-0.000256412
5.55147e-05
-0.000239242
6.54709e-05
-0.000220332
7.41035e-05
-0.0001999
8.14179e-05
-0.00017845
8.74389e-05
-0.000156294
9.22384e-05
-0.000133902
9.58756e-05
-0.000111456
9.83889e-05
-8.9124e-05
9.98441e-05
-6.71541e-05
0.000100251
-4.56164e-05
9.96819e-05
-2.48273e-05
9.81599e-05
-5.00307e-06
9.58306e-05
1.35871e-05
9.27113e-05
3.07859e-05
8.89593e-05
4.64172e-05
8.46741e-05
6.03174e-05
7.98999e-05
7.24695e-05
7.48296e-05
8.27018e-05
6.94693e-05
9.10871e-05
6.39776e-05
9.75444e-05
5.84255e-05
0.000102163
5.29342e-05
0.000104889
4.75592e-05
0.000105798
4.24564e-05
0.000105055
3.76768e-05
0.000103002
3.32233e-05
0.000100019
2.90507e-05
9.64403e-05
2.5122e-05
9.24496e-05
2.1441e-05
8.80121e-05
1.80372e-05
8.29897e-05
1.49732e-05
7.7453e-05
1.22978e-05
7.16851e-05
9.93558e-06
6.60439e-05
7.85502e-06
6.07436e-05
6.00339e-06
5.58699e-05
4.41554e-06
5.13188e-05
3.05812e-06
4.73017e-05
1.92295e-06
4.40367e-05
9.26633e-07
4.18244e-05
4.09065e-05
0.000455017
-0.0111579
0.000919387
-0.0113646
0.00138238
-0.0115908
0.00179402
-0.011897
0.00208206
-0.0122305
0.00207513
-0.0127169
0.00148942
-0.0129419
-0.0138202
-0.00168958
-0.00420647
-0.00279305
-0.00359495
-0.00334156
-0.0035077
-0.00362073
-0.00317447
-0.00376241
-0.00294791
-0.00383338
-0.0027347
-0.00387751
-0.00258803
-0.00389918
-0.00249677
-0.00388457
-0.00245134
-0.00383228
-0.00244009
-0.00374614
-0.00245629
-0.00363089
-0.00249516
-0.00349012
-0.00255433
-0.00332552
-0.00263112
-0.00313964
-0.00271894
-0.00293419
-0.0028163
-0.00270882
-0.00291841
-0.00246531
-0.00302154
-0.00220428
-0.00312164
-0.00192781
-0.00321637
-0.00163748
-0.0033018
-0.00133538
-0.00337575
-0.00102372
-0.0034345
-0.000704385
-0.00347641
-0.000381185
-0.00349871
-5.64093e-05
-0.00349954
0.000267389
-0.00347717
0.000585887
-0.00342996
0.000895894
-0.00335648
0.00119565
-0.0032562
0.00148001
-0.00312864
0.00174756
-0.00297363
0.0019938
-0.00279238
0.0022159
-0.00258297
0.00241149
-0.0023493
0.0025773
-0.00209114
0.00271162
-0.00181182
0.00281237
-0.00151338
0.00287798
-0.0011983
0.00290746
-0.000870544
0.00289921
-0.000533358
0.00285383
-0.00019105
0.00277146
0.000151562
0.00265361
0.000489862
0.00250122
0.000820174
0.00231663
0.00113588
0.00210152
0.00143382
0.00185958
0.00170786
0.00159578
0.00195162
0.00131288
0.00216458
0.00101559
0.00234031
0.000709459
0.00247438
0.0003994
0.00256497
9.0517e-05
0.00261083
-0.000210909
0.00260733
-0.000500009
0.00255722
-0.000770747
0.00245824
-0.00101902
0.00231485
-0.00123916
0.00212728
-0.00142778
0.00190022
-0.00158151
0.00163886
-0.00169837
0.00134883
-0.00177566
0.00103741
-0.00181429
0.000710854
-0.00181468
0.000378906
-0.00177841
4.67484e-05
-0.00170767
-0.000274768
-0.00160625
-0.000581566
-0.00147775
-0.000865551
-0.00132789
-0.00111932
-0.00116049
-0.00134088
-0.000981519
-0.001526
-0.000794232
-0.00167152
-0.000604604
-0.00177584
-0.000417658
-0.00183915
-0.000236936
-0.00186244
-6.64286e-05
-0.00184853
9.18105e-05
-0.00180046
0.000234461
-0.00171995
0.000360329
-0.00161269
0.000468515
-0.00148178
0.000557514
-0.00133223
0.000628044
-0.00116859
0.000680179
-0.000995706
0.000714661
-0.000816955
0.000732905
-0.00063743
0.000735874
-0.000459799
0.00072512
-0.000287808
0.000702432
-0.000123762
0.000669737
2.87923e-05
0.00062845
0.000169224
0.000580111
0.000295965
0.000526448
0.000407872
0.000468969
0.000504143
0.000409154
0.000584485
0.000348223
0.000649123
0.000287362
0.000698427
0.000227706
0.00073251
0.000170199
0.000752483
0.000115543
0.000759373
6.3592e-05
0.000754468
1.57088e-05
0.000738178
-2.81706e-05
0.000712098
-6.76996e-05
0.000677276
-0.000102662
0.000634876
-0.000133061
0.000586304
-0.000158827
0.000532446
-0.000180039
0.000474732
-0.000196806
0.000414142
-0.000209382
0.000351814
-0.000217785
0.000288566
-0.000222415
0.000225704
-0.000223577
0.000163873
-0.000221423
0.000103669
-0.000216421
4.61979e-05
-0.000208878
-8.38685e-06
-0.000198912
-5.92726e-05
-0.000187071
-0.000106139
-0.000173574
-0.000148779
-0.000158759
-0.000186751
-0.000142933
-0.000219882
-0.00012639
-0.000248231
-0.00010939
-0.00027163
-9.21645e-05
-0.000290197
-7.48586e-05
-0.000304083
-5.78297e-05
-0.000313268
-4.11524e-05
-0.000317967
-2.51175e-05
-0.000318433
-9.74955e-06
-0.000314864
4.73576e-06
-0.000307703
1.82385e-05
-0.000297247
3.06665e-05
-0.000283727
4.19753e-05
-0.000267721
5.21098e-05
-0.000249377
6.10396e-05
-0.000229262
6.87374e-05
-0.000207598
7.51871e-05
-0.0001849
8.0458e-05
-0.000161565
8.4606e-05
-0.00013805
8.77081e-05
-0.000114558
8.98196e-05
-9.12355e-05
9.0973e-05
-6.83074e-05
9.11593e-05
-4.58027e-05
9.04591e-05
-2.41271e-05
8.8941e-05
-3.48496e-06
8.66283e-05
1.58998e-05
8.36817e-05
3.37325e-05
8.01308e-05
4.99681e-05
7.60847e-05
6.43635e-05
7.16848e-05
7.68694e-05
6.69459e-05
8.74407e-05
6.20253e-05
9.60076e-05
5.69966e-05
0.000102573
5.19088e-05
0.000107251
4.68482e-05
0.00010995
4.19875e-05
0.000110659
3.73567e-05
0.000109686
3.30538e-05
0.000107305
2.90989e-05
0.000103973
2.53775e-05
0.000100162
2.18469e-05
9.59802e-05
1.85466e-05
9.13124e-05
1.55133e-05
8.6023e-05
1.28141e-05
8.01522e-05
1.04701e-05
7.40292e-05
8.41404e-06
6.80999e-05
6.59217e-06
6.25654e-05
4.99987e-06
5.74622e-05
3.63248e-06
5.26861e-05
2.49117e-06
4.84431e-05
1.5504e-06
4.49774e-05
7.41417e-07
4.26334e-05
4.16479e-05
0.000265537
-0.0114234
0.000516304
-0.0116154
0.00073141
-0.011806
0.000874814
-0.0120404
0.000920425
-0.0122761
0.00080026
-0.0125968
0.000600687
-0.0127423
-0.0132195
-0.000963959
-0.00324251
-0.00163832
-0.00292059
-0.00222175
-0.00292428
-0.00264237
-0.00275385
-0.00294535
-0.00264493
-0.00314445
-0.0025356
-0.00326763
-0.00246484
-0.00334086
-0.00242354
-0.00337411
-0.00241809
-0.00337318
-0.00244102
-0.00333846
-0.002491
-0.0032707
-0.00256292
-0.00317218
-0.00265284
-0.00304571
-0.00275759
-0.00289137
-0.00287328
-0.00271212
-0.00299555
-0.00250955
-0.00312098
-0.00228547
-0.00324562
-0.00204137
-0.00336574
-0.00177947
-0.00347827
-0.00150193
-0.00357934
-0.00121111
-0.00366657
-0.000909428
-0.00373619
-0.000599834
-0.00378601
-0.000285271
-0.00381327
3.13133e-05
-0.00381612
0.00034688
-0.00379274
0.000657953
-0.00374103
0.000961849
-0.00366038
0.00125365
-0.003548
0.00153202
-0.00340701
0.00179193
-0.00323354
0.00203111
-0.00303156
0.00224642
-0.00279828
0.00243548
-0.00253836
0.00259477
-0.00225044
0.00272284
-0.00193989
0.00281744
-0.00160797
0.0028769
-0.00125777
0.00290008
-0.00089372
0.00288691
-0.000520189
0.00283644
-0.000140585
0.00274986
0.000238146
0.00262733
0.000612389
0.00247113
0.000976376
0.00228286
0.00132415
0.0020662
0.00165049
0.00182346
0.00195059
0.00155802
0.00221706
0.0012748
0.0024478
0.000978012
0.00263709
0.000672839
0.00277956
0.000364691
0.00287312
5.90485e-05
0.00291647
-0.000239913
0.00290629
-0.000525031
0.00284234
-0.000792041
0.00272525
-0.00103467
0.00255748
-0.00124973
0.00234234
-0.00143174
0.00208223
-0.00157896
0.00178608
-0.00168877
0.00145863
-0.00175882
0.00110745
-0.00179101
0.000743044
-0.00178399
0.000371894
-0.00174146
4.21875e-06
-0.00166483
-0.000351399
-0.00155861
-0.000687791
-0.00142726
-0.0009969
-0.0012742
-0.00127238
-0.0011055
-0.00150958
-0.000926029
-0.00170547
-0.000741118
-0.00185644
-0.000555201
-0.00196176
-0.000371803
-0.00202255
-0.00019602
-0.00203822
-3.16284e-05
-0.00201292
0.000120153
-0.00195224
0.000256332
-0.00185613
0.00037465
-0.00173101
0.000475329
-0.00158246
0.00055728
-0.00141418
0.000621158
-0.00123247
0.000666817
-0.00104136
0.000695931
-0.00084607
0.000708874
-0.000650372
0.00070773
-0.000458656
0.000694095
-0.000274172
0.000669223
-9.88907e-05
0.000634599
6.34163e-05
0.000592386
0.000211437
0.000544119
0.000344231
0.00049124
0.000460751
0.000435203
0.00056018
0.000377388
0.000642299
0.000318998
0.000707513
0.000261108
0.000756317
0.000204722
0.000788896
0.000150703
0.000806501
9.88991e-05
0.000811177
5.06892e-05
0.000802678
6.54453e-06
0.000782323
-3.43345e-05
0.000752977
-7.06945e-05
0.000713636
-0.00010262
0.000666801
-0.000130201
0.000613886
-0.00015341
0.000555654
-0.000172332
0.000493655
-0.000187132
0.000428943
-0.000197891
0.000362573
-0.00020494
0.000295615
-0.000208476
0.00022924
-0.000208756
0.000164154
-0.000206123
0.000101035
-0.000200811
4.08859e-05
-0.000193203
-1.59952e-05
-0.000183536
-6.89392e-05
-0.000172098
-0.000117576
-0.000159223
-0.000161654
-0.000145203
-0.000200771
-0.000130324
-0.000234762
-0.000114857
-0.000263697
-9.90434e-05
-0.000287444
-8.30447e-05
-0.000306196
-6.70626e-05
-0.000320065
-5.13758e-05
-0.000328955
-3.60575e-05
-0.000333285
-2.1388e-05
-0.000333103
-7.34304e-06
-0.000328909
5.83728e-06
-0.000320883
1.80805e-05
-0.00030949
2.93178e-05
-0.000294964
3.95176e-05
-0.000277921
4.86129e-05
-0.000258472
5.65924e-05
-0.000237241
6.34296e-05
-0.000214435
6.91352e-05
-0.000190605
7.37513e-05
-0.000166181
7.73335e-05
-0.000141633
7.99828e-05
-0.000117207
8.1752e-05
-9.30047e-05
8.26312e-05
-6.91867e-05
8.26903e-05
-4.58618e-05
8.1903e-05
-2.33398e-05
8.03725e-05
-1.95449e-06
7.81854e-05
1.80869e-05
7.53619e-05
3.6556e-05
7.20429e-05
5.3287e-05
6.83035e-05
6.8103e-05
6.41938e-05
8.09791e-05
5.9848e-05
9.17864e-05
5.53491e-05
0.000100507
5.07211e-05
0.000107201
4.60657e-05
0.000111906
4.14713e-05
0.000114544
3.70406e-05
0.00011509
3.28736e-05
0.000113853
2.90261e-05
0.000111152
2.54603e-05
0.000107539
2.21503e-05
0.000103472
1.9042e-05
9.90885e-05
1.60867e-05
9.42676e-05
1.33813e-05
8.87285e-05
1.09968e-05
8.25366e-05
8.915e-06
7.6111e-05
7.12534e-06
6.98896e-05
5.55571e-06
6.41351e-05
4.16581e-06
5.88521e-05
2.98355e-06
5.38684e-05
2.02704e-06
4.93996e-05
1.24284e-06
4.57616e-05
5.91798e-07
4.32845e-05
4.22397e-05
0.000126339
-0.0115498
0.000241706
-0.0117308
0.000334324
-0.0118986
0.000386209
-0.0120923
0.000394468
-0.0122844
0.000318727
-0.012521
0.000241268
-0.0126649
-0.0129782
-0.000642631
-0.00259988
-0.00113964
-0.00242358
-0.0016197
-0.00244422
-0.00201092
-0.00236263
-0.0023332
-0.00232266
-0.00258233
-0.00228647
-0.00276697
-0.0022802
-0.00289669
-0.00229382
-0.0029791
-0.00233568
-0.00301702
-0.0024031
-0.0030176
-0.00249042
-0.00298133
-0.00259919
-0.00291111
-0.00272306
-0.00280891
-0.00285979
-0.00267739
-0.00300479
-0.00251842
-0.00315453
-0.00233371
-0.00330569
-0.00212548
-0.00345385
-0.00189604
-0.00359518
-0.00164745
-0.00372686
-0.00138229
-0.00384451
-0.00110319
-0.00394567
-0.000812971
-0.00402641
-0.000514129
-0.00408485
-0.000209895
-0.0041175
9.66533e-05
-0.00412267
0.000402269
-0.00409836
0.000703351
-0.00404211
0.00099709
-0.00395412
0.00128014
-0.00383105
0.00154876
-0.00367564
0.00179954
-0.00348432
0.00203018
-0.0032622
0.00223767
-0.00300577
0.00241808
-0.00271877
0.00257042
-0.00240278
0.00269128
-0.00206074
0.00277918
-0.00169587
0.00283318
-0.00131176
0.00285156
-0.000912099
0.0028339
-0.00050253
0.00277969
-8.63815e-05
0.00269033
0.000327514
0.0025665
0.000736218
0.00240941
0.00113346
0.00222188
0.00151168
0.00200533
0.00186704
0.00176437
0.00219155
0.00150195
0.00247948
0.00122263
0.00272711
0.000930348
0.00292938
0.000630303
0.0030796
0.000327865
0.00317556
2.79233e-05
0.00321641
-0.000263678
0.00319789
-0.000541142
0.0031198
-0.00080028
0.00298439
-0.00103527
0.00279247
-0.00124224
0.00254931
-0.00141658
0.00225657
-0.00155603
0.00192553
-0.00165798
0.00156059
-0.00172152
0.00117099
-0.00174692
0.000768449
-0.0017338
0.000358768
-0.00168601
-4.35646e-05
-0.00160577
-0.000431646
-0.00149671
-0.00079685
-0.00136352
-0.00113009
-0.00121083
-0.00142507
-0.00104342
-0.00167699
-0.000866572
-0.00188232
-0.000685308
-0.0020377
-0.000504384
-0.00214268
-0.000327981
-0.00219895
-0.000159196
-0.00220701
-1.12311e-06
-0.00217099
0.00014267
-0.00209603
0.00027056
-0.00198402
0.00038115
-0.0018416
0.000474163
-0.00167547
0.000548785
-0.0014888
0.00060595
-0.00128963
0.000645712
-0.00108113
0.00066964
-0.000869998
0.000678811
-0.000659543
0.000674184
-0.000454029
0.000657927
-0.000257915
0.000631622
-7.25856e-05
0.000596654
9.83837e-05
0.000554341
0.00025375
0.000506901
0.000391671
0.000455498
0.000512155
0.000401521
0.000614157
0.00034627
0.00069755
0.000290854
0.000762928
0.00023623
0.000810941
0.000183293
0.000841833
0.000132343
0.000857451
8.4413e-05
0.000859108
3.97764e-05
0.000847314
-1.45564e-06
0.000823555
-3.86034e-05
0.000790124
-7.17939e-05
0.000746827
-0.00010088
0.000695887
-0.000125804
0.00063881
-0.000146619
0.000576469
-0.000163442
0.000510477
-0.000176391
0.000441892
-0.000185631
0.000371812
-0.000191498
0.000301482
-0.000194141
0.000231883
-0.000193746
0.000163758
-0.000190775
9.80646e-05
-0.00018533
3.54408e-05
-0.000177834
-2.34914e-05
-0.000168552
-7.8221e-05
-0.000157624
-0.000128505
-0.000145454
-0.000173823
-0.000132293
-0.000213932
-0.000118406
-0.000248649
-0.000104035
-0.000278069
-8.93933e-05
-0.000302085
-7.46792e-05
-0.00032091
-5.99529e-05
-0.000334791
-4.55476e-05
-0.00034336
-3.15604e-05
-0.000347272
-1.81594e-05
-0.000346504
-5.39243e-06
-0.000341676
6.55637e-06
-0.000332832
1.76284e-05
-0.000320562
2.7765e-05
-0.000305101
3.69287e-05
-0.000287084
4.50939e-05
-0.000266637
5.22156e-05
-0.000244363
5.82867e-05
-0.000220506
6.33141e-05
-0.000195633
6.73462e-05
-0.000170213
7.04575e-05
-0.000144744
7.27202e-05
-0.00011947
7.41815e-05
-9.4466e-05
7.48736e-05
-6.98788e-05
7.48047e-05
-4.57929e-05
7.40067e-05
-2.25417e-05
7.25042e-05
-4.5202e-07
7.04035e-05
2.01876e-05
6.77681e-05
3.91914e-05
6.46774e-05
5.63777e-05
6.12124e-05
7.1568e-05
5.74369e-05
8.47546e-05
5.34657e-05
9.57576e-05
4.93277e-05
0.000104645
4.51141e-05
0.000111415
4.08803e-05
0.00011614
3.67149e-05
0.00011871
3.2685e-05
0.00011912
2.89325e-05
0.000117606
2.54642e-05
0.00011462
2.23297e-05
0.000110674
1.93837e-05
0.000106418
1.65874e-05
0.000101885
1.39502e-05
9.69049e-05
1.15376e-05
9.11411e-05
9.42405e-06
8.46502e-05
7.61557e-06
7.79195e-05
6.05287e-06
7.14523e-05
4.67876e-06
6.55092e-05
3.47561e-06
6.00553e-05
2.4639e-06
5.48801e-05
1.63827e-06
5.02252e-05
9.94925e-07
4.6405e-05
4.69899e-07
4.38095e-05
4.27096e-05
6.72274e-05
-0.011617
0.000127735
-0.0117913
0.000175085
-0.0119459
0.000200012
-0.0121172
0.000202098
-0.0122865
0.000161757
-0.0124807
0.0001213
-0.0126244
-0.0128569
-0.000515814
-0.00208407
-0.000940578
-0.00199881
-0.00135013
-0.00203466
-0.00169895
-0.00201381
-0.00199682
-0.00202479
-0.0022417
-0.00204159
-0.00243744
-0.00208446
-0.00258365
-0.00214762
-0.00268359
-0.00223574
-0.00274294
-0.00234375
-0.00276183
-0.00247153
-0.00274414
-0.00261688
-0.00269204
-0.00277517
-0.00260625
-0.00294558
-0.0024902
-0.00312084
-0.00234574
-0.003299
-0.00217496
-0.00347647
-0.00198014
-0.00364867
-0.00176359
-0.00381174
-0.00152766
-0.00396278
-0.001275
-0.00409718
-0.00100811
-0.00421255
-0.000729917
-0.00430461
-0.000443324
-0.00437144
-0.000151276
-0.00440955
0.000143173
-0.00441712
0.000436741
-0.00439192
0.000725888
-0.00433126
0.00100809
-0.00423631
0.00127954
-0.0041025
0.00153696
-0.00393305
0.00177745
-0.00372481
0.00199792
-0.00348267
0.002195
-0.00320285
0.00236675
-0.00289053
0.0025106
-0.00254663
0.00262407
-0.00217422
0.00270578
-0.00177758
0.00275414
-0.00136012
0.00276817
-0.000926133
0.00274719
-0.000481552
0.00269174
-3.09247e-05
0.00260126
0.000417994
0.00247719
0.00086029
0.00232193
0.00128871
0.00213684
0.00169677
0.0019252
0.00207868
0.00168928
0.00242747
0.00143307
0.0027357
0.00116048
0.0029997
0.000876374
0.00321349
0.000585337
0.00337064
0.000292284
0.00346861
1.98959e-06
0.00350671
-0.000279789
0.00347967
-0.000548277
0.00338829
-0.000796868
0.00323298
-0.00102221
0.00301781
-0.00121926
0.00274636
-0.00138535
0.00242266
-0.00151556
0.00205575
-0.00160991
0.00165494
-0.00166621
0.00122729
-0.00168541
0.000787648
-0.00166786
0.000341217
-0.00161669
-9.4738e-05
-0.00153372
-0.00051461
-0.00142388
-0.000906691
-0.00129157
-0.00126241
-0.00114067
-0.00157596
-0.000976697
-0.00184096
-0.00080469
-0.00205433
-0.000629269
-0.00221312
-0.000455147
-0.0023168
-0.00028657
-0.00236753
-0.000125971
-0.00236761
2.36378e-05
-0.0023206
0.000158827
-0.00223122
0.000278188
-0.00210338
0.000380845
-0.00194425
0.000465897
-0.00176052
0.000533715
-0.00155662
0.000584331
-0.00134025
0.000618917
-0.00111571
0.000638091
-0.000889172
0.000643575
-0.000665026
0.00063666
-0.000447114
0.000618595
-0.00023985
0.0005914
-4.53904e-05
0.000556457
0.000133326
0.000515313
0.000294894
0.000469239
0.000437746
0.000419846
0.000561548
0.000368397
0.000665605
0.000316093
0.000749854
0.00026397
0.000815051
0.000212859
0.000862052
0.000163242
0.00089145
0.000115989
0.000904704
7.17109e-05
0.000903386
3.07381e-05
0.000888287
-7.22911e-06
0.000861522
-4.12178e-05
0.000824113
-7.1389e-05
0.000776998
-9.77444e-05
0.000722242
-0.000120178
0.000661243
-0.000138805
0.000595096
-0.000153702
0.000525375
-0.000165034
0.000453224
-0.000172968
0.000379747
-0.000177799
0.000306314
-0.000179707
0.000233791
-0.00017883
0.000162882
-0.000175651
9.48852e-05
-0.000170217
3.00067e-05
-0.000162973
-3.07354e-05
-0.000154073
-8.71213e-05
-0.000143793
-0.000138784
-0.000132388
-0.000185229
-0.000120122
-0.000226198
-0.000107243
-0.000261528
-9.39638e-05
-0.000291348
-8.04759e-05
-0.000315573
-6.69502e-05
-0.000334435
-5.35369e-05
-0.000348204
-4.0338e-05
-0.000356559
-2.76632e-05
-0.000359947
-1.5381e-05
-0.000358786
-3.84482e-06
-0.000353212
6.96547e-06
-0.000343643
1.6957e-05
-0.000330554
2.60763e-05
-0.00031422
3.43012e-05
-0.000295309
4.1612e-05
-0.000273948
4.79623e-05
-0.000250713
5.33488e-05
-0.000225893
5.77785e-05
-0.000200062
6.12968e-05
-0.000173731
6.39905e-05
-0.000147438
6.59231e-05
-0.000121402
6.71456e-05
-9.56886e-05
6.76816e-05
-7.04147e-05
6.75296e-05
-4.5641e-05
6.67204e-05
-2.17325e-05
6.5291e-05
9.77368e-07
6.32996e-05
2.21791e-05
6.0847e-05
4.1644e-05
5.79855e-05
5.92392e-05
5.47905e-05
7.47629e-05
5.13349e-05
8.82102e-05
4.77077e-05
9.93849e-05
4.39363e-05
0.000108416
4.01094e-05
0.000115242
3.62663e-05
0.000119983
3.24814e-05
0.000122494
2.88463e-05
0.000122755
2.54574e-05
0.000120994
2.23647e-05
0.000117713
1.95649e-05
0.000113473
1.69606e-05
0.000109022
1.44761e-05
0.000104369
1.21215e-05
9.92594e-05
9.97139e-06
9.32912e-05
8.09876e-06
8.65228e-05
6.5219e-06
7.94963e-05
5.15936e-06
7.28148e-05
3.95346e-06
6.67151e-05
2.90158e-06
6.11072e-05
2.02355e-06
5.57581e-05
1.335e-06
5.09138e-05
7.97016e-07
4.6943e-05
3.72935e-07
4.42336e-05
4.30825e-05
3.92018e-05
-0.0116562
7.36008e-05
-0.0118257
9.95886e-05
-0.0119719
0.000111868
-0.0121295
0.000111048
-0.0122857
8.72449e-05
-0.0124569
6.38504e-05
-0.012601
-0.012793
-0.00042764
-0.00165643
-0.000801285
-0.00162517
-0.00116434
-0.00167161
-0.00148538
-0.00169277
-0.00176609
-0.00174409
-0.00200323
-0.00180445
-0.0021968
-0.00189089
-0.0023467
-0.00199772
-0.00245386
-0.00212858
-0.00252117
-0.00227644
-0.00254947
-0.00244323
-0.00254176
-0.0026246
-0.00249833
-0.00281859
-0.00242553
-0.00301838
-0.00232028
-0.0032261
-0.00218743
-0.00343184
-0.00202809
-0.00363581
-0.00184508
-0.00383168
-0.00164057
-0.00401624
-0.00141705
-0.0041863
-0.00117682
-0.0043374
-0.000922769
-0.00446661
-0.000657931
-0.00456945
-0.000384775
-0.0046446
-0.000106185
-0.00468814
0.000174612
-0.00469792
0.000454403
-0.00467172
0.00073046
-0.00460732
0.000998988
-0.00450484
0.00125748
-0.00436099
0.00150234
-0.00417792
0.00173043
-0.0039529
0.00193937
-0.0036916
0.00212613
-0.00338962
0.00228833
-0.00305272
0.00242329
-0.0026816
0.00252901
-0.00227993
0.00260454
-0.00185311
0.00264772
-0.00140331
0.00265797
-0.000936378
0.00263525
-0.000458832
0.00257864
2.56777e-05
0.00248935
0.000507286
0.00236725
0.000982389
0.00221527
0.0014407
0.00203565
0.00187639
0.00182996
0.00228437
0.00160184
0.00265558
0.00135495
0.00298259
0.00109273
0.00326192
0.000819458
0.00348676
0.000539298
0.0036508
0.00025793
0.00374998
-2.0119e-05
0.00378476
-0.000289757
0.0037493
-0.000545516
0.00364405
-0.000783293
0.00347076
-0.000996997
0.00323151
-0.00118374
0.00293311
-0.00133916
0.00257808
-0.00146102
0.00217761
-0.00154705
0.00174096
-0.00159698
0.00127722
-0.00161077
0.000801436
-0.00158954
0.000319991
-0.001536
-0.000148276
-0.00145225
-0.000598367
-0.00134341
-0.00101553
-0.00121371
-0.0013921
-0.0010663
-0.00172338
-0.000907698
-0.00199956
-0.000742237
-0.00221979
-0.000574411
-0.00238095
-0.000409055
-0.00248216
-0.000248725
-0.00252786
-9.73006e-05
-0.00251903
4.33901e-05
-0.00246129
0.000169383
-0.00235721
0.000280071
-0.00221407
0.000374399
-0.00203858
0.000451982
-0.00183811
0.000513027
-0.00161766
0.000557798
-0.00138502
0.000587482
-0.0011454
0.000602766
-0.000904457
0.000605297
-0.000667558
0.000596581
-0.000438398
0.000577418
-0.000220686
0.000550046
-1.80188e-05
0.000515702
0.00016767
0.000475981
0.000334615
0.000431912
0.000481815
0.000384928
0.000608532
0.000336337
0.000714197
0.000287216
0.000798975
0.000238523
0.000863744
0.000191009
0.000909566
0.000145113
0.000937346
0.000101412
0.000948405
6.06918e-05
0.000944106
2.30802e-05
0.000925899
-1.15304e-05
0.000896133
-4.24665e-05
0.000855049
-6.98046e-05
0.000804336
-9.35748e-05
0.000746013
-0.000113714
0.000681382
-0.000130307
0.000611689
-0.000143507
0.000538575
-0.000153423
0.000463139
-0.000160217
0.000386541
-0.000164168
0.000310265
-0.00016544
0.000235062
-0.000164279
0.00016172
-0.000160938
9.15447e-05
-0.000155675
2.47435e-05
-0.000148781
-3.76298e-05
-0.000140327
-9.55751e-05
-0.000130722
-0.000148389
-0.000120114
-0.000195837
-0.000108762
-0.00023755
-9.68822e-05
-0.000273408
-8.46692e-05
-0.000303561
-7.23028e-05
-0.000327939
-5.99196e-05
-0.000346819
-4.76957e-05
-0.000360428
-3.57048e-05
-0.00036855
-2.41249e-05
-0.000371527
-1.306e-05
-0.000369851
-2.69416e-06
-0.000363578
7.13493e-06
-0.000353472
1.61282e-05
-0.000339547
2.43157e-05
-0.000322408
3.16874e-05
-0.000302681
3.82164e-05
-0.000280477
4.38776e-05
-0.000256374
4.86555e-05
-0.000230671
5.25577e-05
-0.000203964
5.56331e-05
-0.000176807
5.79592e-05
-0.000149764
5.96124e-05
-0.000123055
6.06401e-05
-9.67163e-05
6.10482e-05
-7.08228e-05
6.08421e-05
-4.54349e-05
6.00418e-05
-2.09322e-05
5.86852e-05
2.33395e-06
5.68239e-05
2.40404e-05
5.4554e-05
4.39139e-05
5.19198e-05
6.18734e-05
4.89939e-05
7.76888e-05
4.58357e-05
9.13684e-05
4.25313e-05
0.000102689
3.91163e-05
0.000111831
3.56443e-05
0.000118714
3.21631e-05
0.000123465
2.87401e-05
0.000125917
2.54623e-05
0.000126033
2.24124e-05
0.000124044
1.96619e-05
0.000120463
1.71646e-05
0.000115971
1.48528e-05
0.000111334
1.26496e-05
0.000106573
1.05459e-05
0.000101363
8.63061e-06
9.52065e-05
6.97336e-06
8.81801e-05
5.5827e-06
8.0887e-05
4.39828e-06
7.39993e-05
3.3485e-06
6.77648e-05
2.42889e-06
6.20268e-05
1.66762e-06
5.65194e-05
1.07992e-06
5.15015e-05
6.36558e-07
4.73863e-05
2.95113e-07
4.4575e-05
4.33776e-05
2.69367e-05
-0.0116831
4.85367e-05
-0.0118473
6.41815e-05
-0.0119876
7.07311e-05
-0.012136
6.91619e-05
-0.0122841
5.38134e-05
-0.0124416
3.82373e-05
-0.0125854
-0.0127548
-0.000374588
-0.00128184
-0.0007138
-0.00128596
-0.0010428
-0.00134261
-0.00133754
-0.00139802
-0.00160047
-0.00148117
-0.00182529
-0.00157963
-0.00201061
-0.00170557
-0.00215707
-0.00185125
-0.00226461
-0.00202103
-0.0023331
-0.00220795
-0.00236444
-0.00241189
-0.00236178
-0.00262726
-0.00232565
-0.00285473
-0.0022592
-0.00308482
-0.00216212
-0.00332317
-0.00203826
-0.00355571
-0.00188861
-0.00378546
-0.00171677
-0.00400352
-0.00152431
-0.0042087
-0.00131335
-0.00439726
-0.00108591
-0.00456484
-0.000845217
-0.0047073
-0.000594257
-0.00482041
-0.000335486
-0.00490337
-7.19037e-05
-0.00495172
0.000194242
-0.00496407
0.000459215
-0.00493669
0.000720122
-0.00486822
0.000974394
-0.00475911
0.0012189
-0.00460549
0.00144972
-0.00440873
0.00166493
-0.00416811
0.0018615
-0.00388817
0.00203696
-0.00356508
0.00218876
-0.00320452
0.00231488
-0.00280772
0.00241286
-0.00237792
0.00248224
-0.00192249
0.00252104
-0.0014421
0.00252792
-0.000943265
0.00250418
-0.000435084
0.00244761
8.22431e-05
0.00235988
0.000595019
0.00224167
0.0011006
0.00209512
0.00158725
0.0019223
0.0020492
0.00172518
0.00248149
0.00150676
0.00287401
0.00127064
0.0032187
0.00101992
0.00351265
0.000759065
0.00374762
0.00049304
0.00391682
0.000225706
0.00401731
-3.84366e-05
0.0040489
-0.000294047
0.00400491
-0.000536107
0.00388611
-0.000760484
0.00369513
-0.000961875
0.0034329
-0.00113747
0.0031087
-0.00128231
0.00272291
-0.00139588
0.00229118
-0.00147363
0.00181872
-0.00151756
0.00132114
-0.00152671
0.000810593
-0.00150312
0.000296396
-0.0014472
-0.000204197
-0.00136469
-0.000680874
-0.00125889
-0.00112133
-0.0011316
-0.00151939
-0.000990289
-0.00186469
-0.000838375
-0.00215147
-0.000681029
-0.00237714
-0.000522246
-0.00253973
-0.000365118
-0.00263929
-0.000213804
-0.00267917
-7.2028e-05
-0.00266081
5.84234e-05
-0.00259174
0.000175089
-0.00247388
0.000277005
-0.00231598
0.000363265
-0.00212484
0.000433628
-0.00190847
0.000488298
-0.00167233
0.000527726
-0.00142444
0.000553059
-0.00117073
0.000565027
-0.000916425
0.000565257
-0.000667787
0.000555233
-0.000428375
0.000535549
-0.000201002
0.000508548
8.98219e-06
0.000475409
0.000200809
0.000437362
0.000372662
0.000395471
0.000523706
0.000351255
0.000652748
0.000305747
0.000759705
0.000259951
0.00084477
0.00021472
0.000908975
0.000170713
0.000953572
0.00012864
0.00097942
8.85906e-05
0.000988454
5.12194e-05
0.000981478
1.67855e-05
0.000960333
-1.4576e-05
0.000927494
-4.2621e-05
0.000883094
-6.73331e-05
0.000829048
-8.86675e-05
0.000767347
-0.000106684
0.000699399
-0.000121464
0.000626469
-0.0001331
0.000550211
-0.000141771
0.00047181
-0.000147654
0.000392424
-0.000150852
0.000313463
-0.000151645
0.000235856
-0.000150311
0.000160386
-0.000146902
8.81364e-05
-0.000141884
1.97249e-05
-0.000135264
-4.42494e-05
-0.000127405
-0.000103434
-0.000118508
-0.000157285
-0.000108717
-0.000205629
-9.82253e-05
-0.000248041
-8.73193e-05
-0.000284314
-7.61805e-05
-0.0003147
-6.49023e-05
-0.000339217
-5.35791e-05
-0.000358142
-4.24302e-05
-0.000371577
-3.15881e-05
-0.000379392
-2.10845e-05
-0.000382031
-1.11514e-05
-0.000379784
-1.67029e-06
-0.000373059
7.12116e-06
-0.000362263
1.5199e-05
-0.000347625
2.2533e-05
-0.000329742
2.91284e-05
-0.000309276
3.49566e-05
-0.000286305
3.9998e-05
-0.000261416
4.42338e-05
-0.000234906
4.76739e-05
-0.000207405
5.0358e-05
-0.000179491
5.23606e-05
-0.000151766
5.3775e-05
-0.00012447
5.46518e-05
-9.7593e-05
5.49578e-05
-7.11289e-05
5.4726e-05
-4.52031e-05
5.39462e-05
-2.01524e-05
5.26665e-05
3.61365e-06
5.0939e-05
2.5768e-05
4.88472e-05
4.60057e-05
4.6435e-05
6.42855e-05
4.37749e-05
8.03489e-05
4.08897e-05
9.42536e-05
3.78824e-05
0.000105697
3.48066e-05
0.000114907
3.16682e-05
0.000121852
2.8518e-05
0.000126615
2.54313e-05
0.000129004
2.24718e-05
0.000128992
1.97382e-05
0.000126778
1.7286e-05
0.000122916
1.50716e-05
0.000118185
1.30241e-05
0.000113381
1.10659e-05
0.000108531
9.18653e-06
0.000103242
7.47849e-06
9.69145e-05
6.01348e-06
8.96451e-05
4.79236e-06
8.21081e-05
3.76099e-06
7.50306e-05
2.84175e-06
6.86841e-05
2.03738e-06
6.28311e-05
1.37692e-06
5.71799e-05
8.73045e-07
5.20053e-05
5.06553e-07
4.77528e-05
2.32776e-07
4.48488e-05
4.36104e-05
2.35952e-05
-0.0117067
3.74887e-05
-0.0118612
4.76453e-05
-0.0119977
5.11443e-05
-0.0121395
4.9212e-05
-0.0122822
3.79686e-05
-0.0124303
2.62484e-05
-0.0125737
-0.0127286
-0.000337015
-0.000944826
-0.000649197
-0.000973775
-0.000952903
-0.0010389
-0.00122279
-0.00112813
-0.00146778
-0.00123618
-0.00167889
-0.00136852
-0.00185488
-0.00152958
-0.00199368
-0.00171245
-0.00209705
-0.00191767
-0.00216425
-0.00214075
-0.00219684
-0.00237929
-0.00219528
-0.00262882
-0.0021634
-0.00288661
-0.0021004
-0.00314783
-0.00201314
-0.00341043
-0.00189656
-0.00367228
-0.00175726
-0.00392476
-0.00159511
-0.00416567
-0.00141314
-0.00439067
-0.00121419
-0.00459622
-0.00100074
-0.00477829
-0.000774623
-0.00493342
-0.000538113
-0.00505692
-0.000294251
-0.00514723
-4.56208e-05
-0.00520035
0.000204619
-0.00521431
0.000454075
-0.00518615
0.000699087
-0.00511323
0.000938255
-0.00499828
0.00116689
-0.00483413
0.00138338
-0.00462522
0.0015854
-0.00437013
0.00176938
-0.00407216
0.00193314
-0.00372884
0.00207439
-0.00334577
0.0021916
-0.00292493
0.00228203
-0.00246834
0.00234539
-0.00198585
0.00238015
-0.00147686
0.00238429
-0.000947406
0.0023586
-0.000409395
0.0023039
0.000136943
0.00221896
0.000679955
0.00210666
0.00121291
0.00196639
0.00172752
0.00180161
0.00221398
0.00161428
0.00266882
0.00140721
0.00308108
0.00118337
0.00344255
0.000946272
0.00374974
0.000700516
0.00399337
0.000449008
0.00416833
0.000196881
0.00426944
-5.20247e-05
0.00429781
-0.000292846
0.00424574
-0.000520693
0.00411396
-0.000730634
0.00390507
-0.000919556
0.00362182
-0.00108271
0.00327186
-0.00121767
0.00285787
-0.00132107
0.00239458
-0.00139279
0.00189043
-0.00143063
0.00135899
-0.00143581
0.000815774
-0.00140927
0.000269857
-0.00135449
-0.000258981
-0.00127445
-0.00076091
-0.00117077
-0.00122502
-0.00104912
-0.00164104
-0.000914495
-0.00199931
-0.000771139
-0.00229483
-0.000621593
-0.00252668
-0.000471094
-0.00269023
-0.000323885
-0.0027865
-0.000183161
-0.00281989
-5.15184e-05
-0.00279245
6.91432e-05
-0.00271241
0.000176693
-0.00258143
0.000269955
-0.00240925
0.000348439
-0.00220333
0.000412019
-0.00197205
0.000460773
-0.00172109
0.000495465
-0.00145914
0.000516943
-0.00119221
0.000526093
-0.000925576
0.00052464
-0.000666334
0.000513405
-0.00041714
0.000493836
-0.000181433
0.000467793
3.50251e-05
0.000436156
0.000232446
0.000399826
0.000408993
0.000360596
0.000562936
0.000319309
0.000694035
0.000276968
0.000802046
0.000234534
0.000887204
0.0001928
0.000950709
0.000152259
0.000994113
0.000113579
0.0010181
7.73699e-05
0.00102466
4.32609e-05
0.00101559
1.18597e-05
0.000991734
-1.65855e-05
0.00095594
-4.19393e-05
0.000908448
-6.41497e-05
0.000851258
-8.32791e-05
0.000786476
-9.94092e-05
0.000715529
-0.000112537
0.000639597
-0.000122813
0.000560487
-0.000130351
0.000479349
-0.00013538
0.000397453
-0.000138045
0.000316127
-0.000138462
0.000236273
-0.000136928
0.000158851
-0.000133647
8.48555e-05
-0.000128803
1.48814e-05
-0.000122642
-5.0411e-05
-0.000115398
-0.000110679
-0.000107098
-0.000165585
-9.80469e-05
-0.00021468
-8.84404e-05
-0.000257648
-7.84746e-05
-0.00029428
-6.83026e-05
-0.000324872
-5.80547e-05
-0.000349465
-4.78376e-05
-0.000368359
-3.7791e-05
-0.000381624
-2.78933e-05
-0.00038929
-1.84745e-05
-0.00039145
-9.41799e-06
-0.000388841
-9.84709e-07
-0.000381492
6.95971e-06
-0.000370208
1.42007e-05
-0.000354866
2.07707e-05
-0.000336312
2.66576e-05
-0.000315163
3.1861e-05
-0.000291509
3.63474e-05
-0.000265902
4.01068e-05
-0.000238666
4.31291e-05
-0.000210427
4.54637e-05
-0.000181825
4.72009e-05
-0.000153504
4.84147e-05
-0.000125684
4.91485e-05
-9.83268e-05
4.93953e-05
-7.13757e-05
4.9137e-05
-4.49448e-05
4.83878e-05
-1.94032e-05
4.71889e-05
4.81253e-06
4.5607e-05
2.73499e-05
4.36878e-05
4.7925e-05
4.14892e-05
6.64841e-05
3.90579e-05
8.27803e-05
3.64533e-05
9.68582e-05
3.37278e-05
0.000108422
3.09407e-05
0.000117694
2.81289e-05
0.000124664
2.52846e-05
0.000129459
2.24917e-05
0.000131797
1.98356e-05
0.000131648
1.73887e-05
0.000129225
1.52001e-05
0.000125104
1.3244e-05
0.000120141
1.14384e-05
0.000115187
9.69222e-06
0.000110277
8.01313e-06
0.000104922
6.4885e-06
9.84391e-05
5.19215e-06
9.09414e-05
4.12906e-06
8.31712e-05
3.22381e-06
7.59359e-05
2.41785e-06
6.949e-05
1.71266e-06
6.35363e-05
1.13871e-06
5.77538e-05
7.08413e-07
5.24356e-05
4.03381e-07
4.80578e-05
1.82716e-07
4.50695e-05
4.37931e-05
2.73025e-05
3.41587e-05
4.04816e-05
4.21789e-05
4.01646e-05
3.0804e-05
2.09604e-05
-0.000305614
-0.000597335
-0.000880647
-0.00112624
-0.00135484
-0.00155246
-0.00171893
-0.00185068
-0.00194747
-0.00200944
-0.00203904
-0.00203798
-0.00200758
-0.0019498
-0.00186531
-0.00175735
-0.00162687
-0.0014752
-0.00130523
-0.00111904
-0.000919083
-0.000707358
-0.000486303
-0.000258516
-2.636e-05
0.000207498
0.000440242
0.000669799
0.000892526
0.00110584
0.00130871
0.00149657
0.0016675
0.00181945
0.00195049
0.00205849
0.00214343
0.00220019
0.00223054
0.00223463
0.00220914
0.00215547
0.00207469
0.00196742
0.00183525
0.0016792
0.00150271
0.00130768
0.00109763
0.000875421
0.000644542
0.000408944
0.000172199
-6.06357e-05
-0.000285461
-0.000498503
-0.000694268
-0.000870351
-0.00102108
-0.00114638
-0.00124101
-0.00130563
-0.00133876
-0.00134063
-0.0013142
-0.00126037
-0.00118173
-0.00108321
-0.000968182
-0.000840608
-0.000704442
-0.000564603
-0.000424315
-0.000287405
-0.000157063
-3.55818e-05
7.60103e-05
0.000174661
0.000259862
0.000330826
0.000388029
0.000431273
0.000461961
0.000479991
0.000487076
0.000484302
0.00047255
0.000453844
0.000428675
0.00039826
0.000364305
0.000327755
0.000289463
0.000250372
0.000211271
0.000172879
0.000135717
0.000100349
6.71887e-05
3.64359e-05
8.25292e-06
-1.7731e-05
-4.05375e-05
-6.04856e-05
-7.76641e-05
-9.20575e-05
-0.000103715
-0.000112816
-0.000119332
-0.000123665
-0.000125774
-0.000125964
-0.00012438
-0.000121198
-0.000116638
-0.000110946
-0.000104154
-9.65659e-05
-8.83021e-05
-7.95623e-05
-7.04896e-05
-6.12487e-05
-5.19245e-05
-4.26516e-05
-3.35276e-05
-2.46986e-05
-1.61166e-05
-8.06447e-06
-3.87525e-07
6.70021e-06
1.31798e-05
1.90482e-05
2.43095e-05
2.89489e-05
3.29365e-05
3.62563e-05
3.89254e-05
4.09667e-05
4.24735e-05
4.35165e-05
4.41344e-05
4.43189e-05
4.40492e-05
4.33447e-05
4.22381e-05
4.0798e-05
3.90397e-05
3.7047e-05
3.48302e-05
3.24738e-05
3.00231e-05
2.7504e-05
2.49649e-05
2.24244e-05
1.98976e-05
1.75163e-05
1.53278e-05
1.33693e-05
1.16521e-05
1.00421e-05
8.50337e-06
7.00199e-06
5.64002e-06
4.49234e-06
3.56026e-06
2.76307e-06
2.06304e-06
1.44457e-06
9.43493e-07
5.75341e-07
3.21308e-07
1.42246e-07
)
;

boundaryField
{
    freeSurface
    {
        type            calculated;
        value           nonuniform List<scalar> 
181
(
-0.011734
-0.011868
-0.012004
-0.0121412
-0.0122801
-0.0124209
-0.0125639
-0.0127076
-0.000639212
-0.000682054
-0.000755589
-0.000882538
-0.00100758
-0.0011709
-0.00136311
-0.00158071
-0.00182088
-0.00207878
-0.00234969
-0.00262988
-0.00291701
-0.0032056
-0.00349493
-0.00378024
-0.00405524
-0.00431734
-0.00456064
-0.0047824
-0.00497825
-0.00514514
-0.00527797
-0.00537502
-0.00543251
-0.00544816
-0.00541889
-0.00534279
-0.00522101
-0.00504744
-0.0048281
-0.00455798
-0.00424309
-0.00388078
-0.00347682
-0.00303292
-0.00255328
-0.00204262
-0.0015072
-0.000951499
-0.000383909
0.000190613
0.000760734
0.00132018
0.00185969
0.00237002
0.00284532
0.00327611
0.00365259
0.00397196
0.00422425
0.00440393
0.00450618
0.00453064
0.00447056
0.004327
0.00410084
0.00379791
0.00342259
0.00298316
0.00248922
0.00195505
0.00139211
0.000817649
0.000243428
-0.000312811
-0.000839556
-0.00132354
-0.00175607
-0.00212689
-0.00243099
-0.00266652
-0.00283052
-0.00292341
-0.00295024
-0.00291393
-0.002824
-0.00268008
-0.00249445
-0.00227429
-0.00202925
-0.00176433
-0.00148983
-0.00121024
-0.000932661
-0.00066356
-0.000405387
-0.000162727
6.01942e-05
0.000262862
0.000442947
0.000599486
0.000732327
0.000841136
0.000926305
0.000989102
0.00103128
0.00105347
0.00105782
0.00104634
0.00101992
0.000981924
0.000931254
0.000871206
0.000803655
0.000729922
0.000651254
0.000569587
0.000485865
0.000401786
0.000318236
0.000236463
0.000157267
8.16741e-05
1.03216e-05
-5.61037e-05
-0.00011747
-0.000173173
-0.000222943
-0.000266388
-0.000303352
-0.000334112
-0.00035879
-0.000377632
-0.000390748
-0.000398119
-0.000400032
-0.000396893
-0.000389169
-0.000377295
-0.000361346
-0.00034218
-0.000320424
-0.000296148
-0.00026989
-0.000241986
-0.000213096
-0.000183867
-0.00015501
-0.000126727
-9.89447e-05
-7.15601e-05
-4.46751e-05
-1.86988e-05
5.91916e-06
2.879e-05
4.96832e-05
6.84768e-05
8.49971e-05
9.92146e-05
0.000110873
0.000120213
0.000127203
0.000132
0.000134324
0.000134029
0.000131413
0.000127063
0.000121858
0.000116797
0.000111816
0.000106423
9.98011e-05
9.20891e-05
8.41033e-05
7.67331e-05
7.01901e-05
6.41548e-05
5.82549e-05
5.28038e-05
4.83119e-05
4.52485e-05
4.39354e-05
)
;
    }
    walls
    {
        type            calculated;
        value           uniform 0;
    }
    floatingObject
    {
        type            calculated;
        value           nonuniform List<scalar> 
37
(
0.00906382
0.00916997
0.00927612
0.00938356
0.00949359
0.00960362
0.00971559
0.00982885
0.00994276
0.0100586
0.0101758
0.0102942
0.0104139
0.010535
0.010658
0.0107816
0.0109078
0.011034
0.0111628
0
-6.77626e-21
-1.69407e-21
0
0
0
0
0
0
0
0
0
0
0
-1.32349e-23
0
0
0
)
;
    }
    frontAndBack
    {
        type            empty;
    }
}


// ************************************************************************* //
