/*--------------------------------*- C++ -*----------------------------------*\
  =========                 |
  \\      /  F ield         | OpenFOAM: The Open Source CFD Toolbox
   \\    /   O peration     | Website:  https://openfoam.org
    \\  /    A nd           | Version:  12
     \\/     M anipulation  |
\*---------------------------------------------------------------------------*/
FoamFile
{
    format      ascii;
    class       surfaceScalarField;
    location    "13.2";
    object      phi;
}
// * * * * * * * * * * * * * * * * * * * * * * * * * * * * * * * * * * * * * //

dimensions      [1 0 -1 0 0 0 0];

internalField   nonuniform List<scalar> 
7429
(
-0.000135165
0.000135165
-0.000271072
0.000135906
-0.0004104
0.000139327
-0.000554217
0.000143817
-0.000703528
0.00014931
-0.00085932
0.000155792
-0.00102252
0.000163196
-0.00119394
0.000171418
-0.00137429
0.000180352
-0.00156415
0.000189864
-0.00176384
0.000199686
-0.00197349
0.000209653
-0.002193
0.000219505
-0.00242199
0.000228994
-0.00265984
0.000237843
-0.00290564
0.000245799
-0.00315815
0.000252514
-0.00341594
0.00025779
-0.00367725
0.000261313
-0.00394012
0.00026287
-0.00420234
0.000262212
-0.0044615
0.000259163
-0.00471508
0.000253575
-0.00496038
0.000245309
-0.00519474
0.000234351
-0.00541537
0.000220631
-0.00561958
0.000204213
-0.00580474
0.000185158
-0.00596842
0.00016368
-0.00610828
0.000139858
-0.0062223
0.000114027
-0.00630873
8.64281e-05
-0.00636617
5.74399e-05
-0.00639385
2.7677e-05
-0.0063889
-4.95543e-06
-0.00634705
-4.18432e-05
-0.0062702
-7.68494e-05
-0.00615962
-0.000110582
-0.00601682
-0.000142806
-0.00584367
-0.000173144
-0.00564224
-0.000201428
-0.00541472
-0.000227519
-0.0051626
-0.000252128
-0.00488758
-0.000275014
-0.00459191
-0.000295671
-0.00427818
-0.000313729
-0.00394945
-0.000328728
-0.00360877
-0.000340682
-0.0032596
-0.000349177
-0.0029056
-0.000353997
-0.00255042
-0.000355179
-0.0021979
-0.000352519
-0.00185161
-0.000346293
-0.00151556
-0.000336052
-0.00119336
-0.000322191
-0.000889385
-0.000303979
-0.000606204
-0.00028318
-0.00034771
-0.000258494
-0.000116727
-0.000230983
8.32435e-05
-0.000199971
0.000250513
-0.00016727
0.000382217
-0.000131704
0.000476815
-9.45979e-05
0.00053226
-5.54445e-05
0.000548676
-1.64161e-05
0.000521257
2.74186e-05
0.000453967
6.72902e-05
0.000348101
0.000105866
0.00020554
0.000142561
2.82053e-05
0.000177335
-0.000181268
0.000209473
-0.0004201
0.000238832
-0.000684276
0.000264176
-0.000969176
0.0002849
-0.00126989
0.000300715
-0.00158032
0.000310431
-0.00189516
0.000314836
-0.00220754
0.000312377
-0.00251128
0.000303742
-0.00279921
0.000287936
-0.00306522
0.000266003
-0.00330222
0.000237008
-0.00350421
0.000201981
-0.00366507
0.000160865
-0.00378004
0.000114968
-0.00384449
6.44527e-05
-0.00385564
1.11442e-05
-0.00379998
-5.56559e-05
-0.00368181
-0.000118174
-0.00350236
-0.000179446
-0.00326406
-0.0002383
-0.00297016
-0.000293903
-0.00262477
-0.000345384
-0.00223306
-0.00039171
-0.0018019
-0.000431161
-0.00133956
-0.000462341
-0.000855614
-0.000483947
-0.000360987
-0.000494627
0.000132875
-0.000493862
0.000613581
-0.000480707
0.0010684
-0.000454815
0.0014851
-0.000416708
0.00185139
-0.000366285
0.00215652
-0.00030513
0.00239054
-0.000234023
0.00254544
-0.000154901
0.00261541
-6.99701e-05
0.00259121
2.42065e-05
0.00247253
0.000118674
0.00226527
0.000207266
0.00197613
0.000289138
0.00161326
0.000362865
0.00118774
0.00042552
0.000713785
0.000473959
0.000207498
0.000506287
-0.00031192
0.000519417
-0.000824863
0.000512944
-0.00131068
0.000485821
-0.00174907
0.000438385
-0.00212133
0.000372261
-0.00241041
0.000289079
-0.00260237
0.00019196
-0.00268807
8.5696e-05
-0.00265315
-3.49124e-05
-0.00249953
-0.000153627
-0.00223611
-0.000263421
-0.00187507
-0.000361036
-0.0014305
-0.000444569
-0.000922801
-0.000507701
-0.000376592
-0.000546209
0.000181646
-0.000558238
0.000722115
-0.000540469
0.00121567
-0.000493553
0.00163517
-0.000419502
0.00195691
-0.000321743
0.00216208
-0.000205168
0.0022389
-7.68209e-05
0.00217269
6.62169e-05
0.00197296
0.000199727
0.00165487
0.000318084
0.00123812
0.000416756
0.000748927
0.000489191
0.000219989
0.000528938
-0.000312579
0.000532568
-0.000810659
0.000498081
-0.00123917
0.00042851
-0.00156708
0.000327913
-0.00177125
0.000204172
-0.00183813
6.68756e-05
-0.001755
-8.31306e-05
-0.00153778
-0.000217224
-0.00120771
-0.000330061
-0.000794104
-0.00041361
-0.000334072
-0.000460032
0.000129918
-0.00046399
0.000553618
-0.000423701
0.000897423
-0.000343804
0.00112931
-0.000231889
0.00122811
-9.88009e-05
0.00117945
4.86596e-05
0.000993517
0.000185936
0.000693883
0.000299635
0.000312814
0.000381069
-0.000108575
0.000421388
-0.00052206
0.000413486
-0.000882749
0.000360689
-0.00115186
0.00026911
-0.00130216
0.000150306
-0.00132229
2.0128e-05
-0.00120824
-0.000114051
-0.000988012
-0.000220229
-0.000694304
-0.000293708
-0.000368839
-0.000325465
-5.5876e-05
-0.000312963
0.000201819
-0.000257695
0.000375051
-0.000173233
0.000448298
-7.32464e-05
0.000418669
2.96285e-05
0.00030757
0.000111099
0.000145262
0.000162308
-3.02933e-05
0.000175556
-0.000179706
0.000149413
-0.000272387
9.26806e-05
-0.000290835
1.84481e-05
-0.000227652
-6.31822e-05
-0.000101634
-0.000126019
6.06214e-05
-0.000162255
0.000223658
-0.000163036
0.00035246
-0.000128802
0.000420038
-6.75787e-05
0.000411655
8.38351e-06
0.000329461
8.21941e-05
0.000191763
0.000137698
2.89803e-05
0.000162783
-0.000123166
0.000152147
-0.000231885
0.000108718
-0.000273264
4.13788e-05
-0.000238982
-3.42811e-05
-0.000139127
-9.98551e-05
-0.000139127
-1.31536e-05
0.000148318
-2.21753e-05
0.000144927
-3.52766e-05
0.000152428
-5.47188e-05
0.000163258
-8.27635e-05
0.000177354
-0.000121602
0.00019463
-0.0001735
0.000215093
-0.000240561
0.000238479
-0.000324872
0.000264662
-0.00042807
0.000293061
-0.000551445
0.00032306
-0.000695849
0.000354056
-0.000861688
0.000385343
-0.00104882
0.000416127
-0.0012566
0.000445621
-0.00148384
0.000473035
-0.00172884
0.000497514
-0.00198941
0.000518365
-0.00226297
0.000534866
-0.00254649
0.000546394
-0.00283656
0.000552279
-0.00312945
0.000552049
-0.00342147
0.000545596
-0.00370851
0.000532354
-0.00398663
0.00051247
-0.00425156
0.000485555
-0.00449961
0.000452264
-0.00472681
0.000412356
-0.00492968
0.000366554
-0.00510475
0.00031493
-0.005249
0.000258276
-0.00535945
0.000196875
-0.0054338
0.000131786
-0.00546921
6.30899e-05
-0.00546919
-4.97806e-06
-0.0054421
-6.89374e-05
-0.00538305
-0.000135895
-0.00529016
-0.000203477
-0.00516274
-0.000270224
-0.00500087
-0.000335012
-0.00480543
-0.000396866
-0.00457795
-0.000455
-0.00432133
-0.000508746
-0.00403885
-0.000557498
-0.00373385
-0.00060067
-0.00340985
-0.000637732
-0.00307029
-0.000668288
-0.00271911
-0.00069186
-0.00236001
-0.000708273
-0.00199708
-0.000716925
-0.00163436
-0.000717904
-0.00127593
-0.000710946
-0.000926033
-0.000696193
-0.000588649
-0.000673436
-0.000267856
-0.000642984
3.33177e-05
-0.000605153
0.000309705
-0.000559568
0.000558779
-0.000507568
0.000776387
-0.000448591
0.000960264
-0.000383849
0.00110767
-0.000314674
0.00121652
-0.000240552
0.00128427
-0.000162347
0.00131137
-8.25443e-05
0.0012901
4.84633e-06
0.00122554
9.19841e-05
0.00111865
0.000174174
0.000970834
0.000253686
0.000783656
0.000329738
0.000559178
0.000401813
0.00030016
0.000468492
1.07647e-05
0.000528227
-0.00030491
0.000579851
-0.000642319
0.000622309
-0.000995577
0.000653972
-0.00135863
0.000673482
-0.00172476
0.000680967
-0.00208726
0.000674877
-0.00243875
0.000655236
-0.0027718
0.000620987
-0.00307933
0.000573526
-0.00335398
0.000511661
-0.00358893
0.000436929
-0.0037775
0.000349441
-0.00391421
0.000251677
-0.00399449
0.000144732
-0.0040136
3.02496e-05
-0.00396226
-0.000106995
-0.00384319
-0.00023724
-0.00365733
-0.00036531
-0.00340662
-0.000489014
-0.00309396
-0.000606556
-0.00272389
-0.000715452
-0.00230232
-0.000813284
-0.0018371
-0.000896381
-0.00133748
-0.000961966
-0.000814077
-0.00100734
-0.000279036
-0.00102967
0.000254938
-0.00102784
0.000774196
-0.000999965
0.00126482
-0.000945444
0.00171347
-0.00086535
0.00210673
-0.00075955
0.00243211
-0.000630511
0.00267971
-0.000481622
0.00284073
-0.000315914
0.00290937
-0.000138611
0.00287382
5.97573e-05
0.00273809
0.000254403
0.00250689
0.000438465
0.00218613
0.00060989
0.00178502
0.000763975
0.00131583
0.000894716
0.000794439
0.000995349
0.000239442
0.00106128
-0.000329502
0.00108836
-0.000889956
0.0010734
-0.00141954
0.0010154
-0.00189628
0.000915124
-0.00229947
0.000775453
-0.00261036
0.00059997
-0.00281448
0.000396084
-0.00290082
0.00017203
-0.00285664
-7.90848e-05
-0.00268619
-0.00032408
-0.00239709
-0.000552518
-0.00200072
-0.000757408
-0.00151401
-0.000931281
-0.000960408
-0.0010613
-0.000364227
-0.00114239
0.000240189
-0.00116265
0.000824155
-0.00112443
0.00135493
-0.00102433
0.00180387
-0.000868442
0.00214427
-0.00066214
0.00235593
-0.000416835
0.00242755
-0.00014844
0.00234534
0.000148434
0.00212102
0.000424042
0.00176824
0.000670863
0.00130923
0.000875768
0.000773874
0.00102455
0.000198057
0.00110475
-0.000378115
0.00110874
-0.000913974
0.00103394
-0.00137107
0.000885602
-0.00171645
0.000673296
-0.00192496
0.00041268
-0.00198301
0.000124929
-0.00187971
-0.000186436
-0.00163272
-0.000464209
-0.00126389
-0.000698891
-0.000806366
-0.000871134
-0.000301809
-0.000964589
0.000203135
-0.000968933
0.000660815
-0.000881381
0.00102861
-0.000711602
0.00127188
-0.000475151
0.00136908
-0.000196007
0.00130603
0.000111708
0.00109709
0.000394881
0.000765568
0.000631154
0.000347943
0.000798694
-0.000108769
0.000878101
-0.000553178
0.000857895
-0.000936074
0.000743584
-0.00121619
0.000549224
-0.0013648
0.000298916
-0.00137031
2.56442e-05
-0.00123552
-0.000248849
-0.000987527
-0.00046822
-0.00066345
-0.000617784
-0.000310166
-0.00067875
2.29323e-05
-0.000646061
0.000292266
-0.000527029
0.00046512
-0.000346087
0.000525974
-0.0001341
0.000475696
7.9906e-05
0.000338152
0.000248643
0.000147657
0.000352803
-5.33368e-05
0.00037655
-0.000221506
0.000317582
-0.00032335
0.000194525
-0.000340688
3.57861e-05
-0.000269097
-0.000134774
-0.000128452
-0.000266663
5.11424e-05
-0.000341849
0.000230129
-0.000342023
0.000370222
-0.000268895
0.000442507
-0.000139863
0.000431632
1.92577e-05
0.000341728
0.000172098
0.000192309
0.000287117
1.73339e-05
0.000337758
-0.00014553
0.00031501
-0.00026017
0.000223359
-0.000301773
8.29811e-05
-0.000262083
-7.39708e-05
-0.000152082
-0.000209857
-0.000291209
5.85019e-05
8.98148e-05
0.000112515
9.09135e-05
0.00015646
0.000108481
0.000184696
0.000135022
0.000191307
0.000170742
0.000170796
0.00021514
0.000117561
0.000268327
2.72629e-05
0.000328776
-0.000103996
0.00039592
-0.000278293
0.000467357
-0.000497368
0.000542135
-0.000761575
0.000618263
-0.00107053
0.000694296
-0.00142245
0.000768042
-0.00181472
0.000837891
-0.00224359
0.000901903
-0.00270436
0.000958289
-0.00319153
0.00100554
-0.00369854
0.00104187
-0.00421821
0.00106607
-0.00474293
0.00107699
-0.00526458
0.0010737
-0.00577491
0.00105593
-0.0062655
0.00102294
-0.00672866
0.000975621
-0.00715662
0.000913518
-0.00754292
0.000838564
-0.00788156
0.000750996
-0.00816822
0.000653212
-0.00839914
0.000545851
-0.00857231
0.00043144
-0.00868684
0.000311412
-0.00874309
0.000188028
-0.00874458
6.4586e-05
-0.00867255
-7.70058e-05
-0.00852648
-0.000215011
-0.00831734
-0.000345034
-0.00805348
-0.000467336
-0.0077422
-0.000581509
-0.0073883
-0.000688907
-0.00699611
-0.000789056
-0.00656921
-0.000881908
-0.00611114
-0.000966812
-0.00562602
-0.00104262
-0.00511802
-0.00110867
-0.00459323
-0.00116252
-0.00405553
-0.00120599
-0.00351159
-0.00123579
-0.0029661
-0.00125377
-0.00242373
-0.00125929
-0.00188966
-0.00125198
-0.00137074
-0.00122986
-0.000870859
-0.00119608
-0.000393647
-0.00115065
5.37089e-05
-0.00109034
0.000469249
-0.00102069
0.000845789
-0.000936107
0.0011811
-0.00084288
0.00147291
-0.000740403
0.00171745
-0.00062838
0.00191075
-0.000507981
0.00204947
-0.000379265
0.00213329
-0.000246167
0.0021629
-0.00011216
0.00213513
3.26223e-05
0.00205508
0.000172025
0.00192049
0.000308773
0.00173237
0.000441798
0.00149314
0.000568971
0.00120637
0.000688583
0.000876321
0.000798542
0.000508108
0.00089644
0.000108026
0.000979934
-0.000318275
0.00104861
-0.000763989
0.00109969
-0.00122113
0.00113063
-0.00168147
0.0011413
-0.00213674
0.00113015
-0.00257773
0.00109623
-0.0029958
0.00103906
-0.00338182
0.000959548
-0.00372739
0.000857227
-0.0040235
0.000733045
-0.00426301
0.000588946
-0.0044382
0.000426872
-0.00454306
0.000249586
-0.00457276
5.99551e-05
-0.00452074
-0.000159017
-0.00438745
-0.000370529
-0.00417391
-0.000578846
-0.00388191
-0.000781019
-0.0035147
-0.000973766
-0.0030776
-0.00115255
-0.00257795
-0.00131293
-0.00202573
-0.0014486
-0.00143209
-0.00155561
-0.000810188
-0.00162925
-0.000174682
-0.00166517
0.000459122
-0.00166164
0.00107453
-0.00161537
0.00165529
-0.00152621
0.00218452
-0.00139457
0.00264613
-0.00122116
0.00302678
-0.00101116
0.00331175
-0.000766594
0.0034912
-0.000495368
0.0035577
-0.000205105
0.00350316
0.000114294
0.00333132
0.000426246
0.00304517
0.000724616
0.00265147
0.00100358
0.00216214
0.00125331
0.00159245
0.00146441
0.000961
0.0016268
0.000291048
0.00173124
-0.000393519
0.00177293
-0.00106578
0.00174566
-0.00169841
0.00164803
-0.00226526
0.00148197
-0.00274145
0.00125164
-0.00310569
0.000964206
-0.00333997
0.000630369
-0.00343049
0.000262548
-0.00336869
-0.000140883
-0.00315767
-0.000535105
-0.00280645
-0.000903732
-0.00232637
-0.0012375
-0.00174135
-0.0015163
-0.00107625
-0.0017264
-0.000367048
-0.00185159
0.000353283
-0.00188298
0.00104449
-0.00181565
0.00166954
-0.00164938
0.00219231
-0.00139121
0.00258375
-0.00105357
0.00282142
-0.000654505
0.00288612
-0.000213144
0.00277287
0.000261687
0.00249202
0.00070489
0.00205927
0.00110362
0.00150242
0.00143262
0.000858356
0.00166861
0.000170064
0.00179305
-0.000513361
0.00179217
-0.00114359
0.00166416
-0.00167538
0.0014174
-0.00206948
0.00106739
-0.00229697
0.000640175
-0.00234305
0.000171007
-0.00219995
-0.000329537
-0.00188764
-0.00077652
-0.00143216
-0.00115437
-0.00087551
-0.00142778
-0.000268016
-0.00157208
0.000335044
-0.00157199
0.000875371
-0.00142171
0.00130307
-0.0011393
0.00157854
-0.000750624
0.00167712
-0.000294583
0.0015868
0.000202023
0.00132533
0.000656357
0.000920152
0.00103633
0.000417924
0.00130092
-0.000125113
0.00142114
-0.000646323
0.00137911
-0.0010889
0.00118616
-0.0014045
0.000864828
-0.00156125
0.000455657
-0.00154104
5.43707e-06
-0.00136285
-0.000427037
-0.00105317
-0.000777897
-0.000659151
-0.00101181
-0.000238528
-0.00109937
0.000149347
-0.00103394
0.000452767
-0.000830449
0.000634732
-0.000528051
0.000680036
-0.000179404
0.000593143
0.000166799
0.000404096
0.00043769
0.000156628
0.000600271
-9.69974e-05
0.000630175
-0.000304447
0.000525031
-0.000426363
0.000316441
-0.00044198
5.14032e-05
-0.000350555
-0.0002262
-0.000176011
-0.000441207
4.32933e-05
-0.000561154
0.000258974
-0.000557704
0.000425576
-0.000435496
0.000509266
-0.000223554
0.000493186
3.53382e-05
0.000384158
0.000281126
0.000206072
0.000465203
-1.26975e-06
0.000545099
-0.000190064
0.000503804
-0.000321165
0.00035446
-0.000365832
0.000127648
-0.000315008
-0.000124795
-0.000181959
-0.000342906
-0.000473168
0.000405065
-0.000315251
0.000814771
-0.000318793
0.00121512
-0.000291864
0.00159871
-0.000248568
0.0019575
-0.000188052
0.00228543
-0.00011279
0.00257688
-2.31213e-05
0.00280455
0.000101101
0.00295063
0.000249842
0.00300996
0.000408024
0.00297449
0.000577603
0.00284213
0.000750624
0.0026115
0.000924925
0.00228523
0.00109431
0.00186728
0.00125584
0.00136491
0.00140426
0.000787007
0.0015362
0.000144443
0.0016481
-0.000550195
0.00173651
-0.00128238
0.00179825
-0.00203775
0.00183236
-0.00280078
0.00183672
-0.00355684
0.00181199
-0.0042897
0.00175581
-0.00498661
0.00167253
-0.00563203
0.00155894
-0.00621767
0.0014242
-0.00672902
0.00126235
-0.00716364
0.00108783
-0.00751127
0.000893477
-0.00777171
0.000691885
-0.0079403
0.000479997
-0.00801625
0.000263982
-0.00799422
4.25558e-05
-0.00792273
-0.000148502
-0.00779168
-0.00034606
-0.00759591
-0.000540801
-0.00733479
-0.00072846
-0.00700996
-0.000906339
-0.00662629
-0.00107257
-0.00619003
-0.00122532
-0.0057081
-0.00136384
-0.00518824
-0.00148667
-0.00463739
-0.00159348
-0.00406292
-0.00168314
-0.00347024
-0.0017552
-0.00286699
-0.00180924
-0.00225807
-0.00184472
-0.00165054
-0.00186129
-0.0010509
-0.00185893
-0.000464606
-0.00183828
0.000103629
-0.0017981
0.000646617
-0.00173907
0.00115898
-0.00166301
0.00163606
-0.00156742
0.00207219
-0.00145682
0.00246465
-0.00132857
0.00280659
-0.00118482
0.00309268
-0.00102649
0.00332169
-0.000857385
0.00349157
-0.000677862
0.00359957
-0.000487268
0.00364519
-0.000291785
0.00362016
-8.71302e-05
0.00352714
0.000125641
0.00336986
0.000329302
0.00314923
0.000529405
0.00286666
0.000724366
0.00252505
0.000910588
0.00212853
0.0010851
0.00168138
0.0012457
0.00119024
0.00138757
0.000661535
0.00150864
0.000103463
0.00160668
-0.000475029
0.00167818
-0.00106502
0.00172061
-0.00165687
0.00173315
-0.00224019
0.00171347
-0.00280392
0.00165995
-0.0033375
0.00157264
-0.00382952
0.00145157
-0.00426922
0.00129692
-0.00464675
0.00111058
-0.00495257
0.000894768
-0.00517832
0.00065262
-0.00531871
0.000389978
-0.00536679
0.000108033
-0.00531102
-0.000214784
-0.00515659
-0.000524965
-0.00490293
-0.000832506
-0.00455251
-0.00113143
-0.00410868
-0.0014176
-0.00357909
-0.00168213
-0.00297294
-0.00191909
-0.0023023
-0.00211924
-0.00158118
-0.00227672
-0.000825799
-0.00238463
-5.44798e-05
-0.00243649
0.000714079
-0.0024302
0.00145945
-0.00236074
0.00216069
-0.00222745
0.00279734
-0.00203122
0.00335141
-0.00177523
0.00380291
-0.00146266
0.00413954
-0.00110322
0.00434719
-0.000703023
0.00441745
-0.000275359
0.00433697
0.000194768
0.00411419
0.000649031
0.00375208
0.00108672
0.00326001
0.00149566
0.00265193
0.00186139
0.00194707
0.00216926
0.00116967
0.00240419
0.000347297
0.00255361
-0.000490944
0.00261117
-0.0013113
0.00256602
-0.00208107
0.0024178
-0.00276775
0.00216866
-0.00334124
0.00182513
-0.00377588
0.00139884
-0.00405014
0.000904637
-0.00415208
0.00036449
-0.00406362
-0.000229344
-0.00379634
-0.000802393
-0.0033567
-0.00134337
-0.00276426
-0.00182994
-0.00204314
-0.00223742
-0.00123111
-0.00253843
-0.000366258
-0.00271644
0.000507328
-0.00275657
0.00134187
-0.00265019
0.00209081
-0.00239831
0.00271387
-0.00201427
0.00317304
-0.00151275
0.00343874
-0.000920211
0.00350012
-0.000274527
0.00334369
0.000418124
0.00298558
0.001063
0.00244467
0.00164452
0.00175636
0.00212093
0.000966452
0.00245852
0.000128222
0.00263128
-0.000697822
0.00261821
-0.0014539
0.00242024
-0.00208445
0.00204795
-0.00254402
0.00152696
-0.00279728
0.000893428
-0.00282584
0.000199568
-0.0026305
-0.000524871
-0.00222955
-0.00117747
-0.00165843
-0.0017255
-0.000968385
-0.00211782
-0.00022216
-0.00231831
0.00050863
-0.00230278
0.00115775
-0.00207082
0.00166555
-0.0016471
0.00198274
-0.00106782
0.00208092
-0.000392761
0.0019538
0.00032914
0.00161915
0.000991003
0.0011149
0.00154059
0.000498721
0.0019171
-0.00015974
0.0020796
-0.000784837
0.0020042
-0.00130565
0.00170697
-0.00166639
0.00122557
-0.00183092
0.00062019
-0.00178275
-4.27336e-05
-0.00154424
-0.000665547
-0.00115162
-0.00117051
-0.000663794
-0.00149964
-0.000152223
-0.00161094
0.000308521
-0.00149468
0.000657746
-0.00117967
0.000852927
-0.000723232
0.000876857
-0.000203334
0.000742116
0.00030154
0.000485425
0.000694382
0.000163284
0.000922412
-0.000158605
0.000952063
-0.000416102
0.000782528
-0.000562778
0.000463117
-0.000573692
6.23179e-05
-0.000454506
-0.000345386
-0.000234118
-0.000661595
3.84968e-05
-0.000833768
0.000302859
-0.000822066
0.000504087
-0.000636725
0.000602048
-0.000321515
0.000578645
5.87413e-05
0.000443218
0.000416553
0.000226838
0.000681583
-2.13592e-05
0.000793297
-0.000247148
0.000729593
-0.000400628
0.00050794
-0.000449609
0.000176629
-0.000384338
-0.000190066
-0.000221231
-0.000506012
-0.000694399
0.00104277
-0.00135802
0.00208013
-0.00135615
0.00307569
-0.00128743
0.00399983
-0.0011727
0.00481802
-0.00100624
0.00549791
-0.000792677
0.00599093
-0.000516144
0.00629006
-0.000198029
0.00636732
0.000172581
0.00624616
0.000529183
0.00592079
0.000902974
0.00540141
0.00127
0.00469647
0.00162987
0.00382135
0.00196943
0.00279357
0.00228362
0.00163424
0.0025636
0.00036675
0.00280369
-0.000982712
0.00299756
-0.00238799
0.00314179
-0.00382185
0.00323211
-0.00525603
0.00326654
-0.00665759
0.00323828
-0.00799806
0.00315246
-0.00924554
0.00300329
-0.0103763
0.00280331
-0.0113612
0.00254385
-0.0121898
0.00225281
-0.0128421
0.00191465
-0.0133296
0.00157532
-0.0136519
0.00121572
-0.0138193
0.000859287
-0.0138426
0.000503312
-0.0137389
0.000160237
-0.0134912
-0.000205115
-0.0130976
-0.000542105
-0.0125996
-0.000844077
-0.0120197
-0.00112067
-0.0113685
-0.00137968
-0.0106547
-0.00162016
-0.00988732
-0.00183992
-0.00907478
-0.00203786
-0.00822668
-0.00221194
-0.00735255
-0.0023608
-0.00646085
-0.00248518
-0.00555939
-0.0025846
-0.00465461
-0.00265998
-0.00375652
-0.00270733
-0.00287151
-0.00272972
-0.00200616
-0.00272664
-0.00116485
-0.00270023
-0.000357301
-0.00264583
0.000414762
-0.00257016
0.00114133
-0.00246564
0.00182048
-0.00234216
0.0024437
-0.00219064
0.00300607
-0.00201919
0.00350378
-0.00182628
0.00393391
-0.00161495
0.00429189
-0.00138447
0.00457506
-0.00114056
0.00477704
-0.000879843
0.0048992
-0.000609422
0.00493636
-0.000328949
0.00489179
-4.25579e-05
0.00477089
0.000246539
0.00456744
0.00053275
0.00428306
0.000813784
0.00392145
0.00108598
0.00348695
0.00134508
0.00298551
0.00158654
0.00242341
0.0018078
0.00180835
0.00200263
0.00114883
0.00216816
0.000454317
0.00230119
-0.000264928
0.00239742
-0.000996657
0.00245234
-0.00172945
0.00246594
-0.00245023
0.00243426
-0.00314608
0.0023558
-0.00380332
0.00222987
-0.00440956
0.00205782
-0.00495076
0.00183812
-0.00541523
0.00157504
-0.00579119
0.00127072
-0.00607048
0.000931916
-0.00624282
0.000562318
-0.00630117
0.00016638
-0.00623839
-0.000277561
-0.00605537
-0.000707983
-0.00575329
-0.00113459
-0.00533211
-0.00155261
-0.00479912
-0.00195059
-0.00416246
-0.00231879
-0.00343305
-0.0026485
-0.00262576
-0.00292653
-0.00175837
-0.00314411
-0.000850239
-0.00329276
7.61306e-05
-0.00336286
0.000998342
-0.00335241
0.00189111
-0.00325351
0.00272878
-0.00306511
0.00348869
-0.00279113
0.00414712
-0.00243367
0.00468212
-0.00199766
0.00507297
-0.00149407
0.00530736
-0.000937408
0.00537381
-0.000341807
0.00526546
0.00030311
0.0049856
0.000928895
0.00453748
0.00153484
0.00393305
0.0021001
0.00318995
0.00260448
0.00233085
0.00302836
0.0013871
0.00334794
0.000390398
0.00355032
-0.000618851
0.00362042
-0.00160534
0.00355251
-0.00252788
0.00334033
-0.00334762
0.0029884
-0.00402985
0.00250736
-0.00454197
0.00191097
-0.00485908
0.00122174
-0.00496225
0.000467664
-0.00484459
-0.00034701
-0.00451195
-0.00113502
-0.00397173
-0.00188359
-0.00324832
-0.00255335
-0.00237724
-0.00310851
-0.00139504
-0.00352062
-0.000352929
-0.00375856
0.000691861
-0.00380136
0.00168507
-0.00364341
0.00257488
-0.00328811
0.00330588
-0.00274527
0.00383788
-0.00204474
0.0041416
-0.00122394
0.00418777
-0.000320698
0.00398278
0.000623119
0.00353361
0.00151216
0.00286909
0.00230905
0.00203142
0.0029586
0.00107628
0.00341366
6.68176e-05
0.00364074
-0.000917393
0.00360242
-0.00181282
0.00331567
-0.00255303
0.00278815
-0.00308262
0.00205656
-0.00336226
0.00117307
-0.00337009
0.000207394
-0.00311193
-0.000783028
-0.00260883
-0.00168057
-0.00190599
-0.00242834
-0.00106611
-0.0029577
-0.000167405
-0.00321702
0.000709394
-0.00317958
0.00147996
-0.00284139
0.00207395
-0.0022411
0.00243484
-0.0014287
0.00253176
-0.000489684
0.00235941
0.000501487
0.00194005
0.00141037
0.00132205
0.00215859
0.000577095
0.00266205
-0.000211712
0.00286841
-0.00095077
0.00274326
-0.00155991
0.00231611
-0.00196954
0.0016352
-0.00213968
0.000790335
-0.00205772
-0.000124701
-0.00174867
-0.000974593
-0.00125999
-0.0016592
-0.00066546
-0.00209416
-4.91167e-05
-0.00222729
0.000489208
-0.002033
0.000888433
-0.0015789
0.00109637
-0.000931165
0.00109453
-0.000201494
0.000903838
0.000492227
0.000569685
0.00102853
0.000163137
0.00132896
-0.000234352
0.00134955
-0.000546788
0.00109496
-0.000717987
0.000634316
-0.000723046
6.73776e-05
-0.000569251
-0.000499181
-0.000295122
-0.000935724
3.81969e-05
-0.00116709
0.00035691
-0.00114078
0.000596079
-0.000875894
0.00070868
-0.000434116
0.00067553
9.18908e-05
0.000509311
0.000582773
0.000249582
0.000941311
-4.55924e-05
0.00108847
-0.000311006
0.000995007
-0.000488937
0.000685871
-0.000542288
0.000229979
-0.000460783
-0.00027157
-0.000264417
-0.000702378
-0.000958816
0.00160898
-0.002967
0.00321728
-0.00296446
0.00480499
-0.00287513
0.00635296
-0.00272067
0.0078353
-0.00248859
0.00924218
-0.00219956
0.0105062
-0.00178015
0.0116488
-0.00134063
0.012475
-0.000653608
0.0129863
1.78657e-05
0.0130763
0.000812931
0.0127857
0.00156061
0.0121313
0.00228424
0.0111414
0.00295936
0.00984823
0.0035768
0.00829079
0.00412103
0.00651377
0.00458071
0.00456518
0.00494615
0.00249384
0.00521313
0.000355308
0.00537064
-0.00179622
0.00541807
-0.00390394
0.005346
-0.0059225
0.00517101
-0.00778906
0.00486986
-0.00947569
0.00448994
-0.0109074
0.00397552
-0.0121
0.00344542
-0.0129493
0.00276397
-0.0135878
0.00221386
-0.0139461
0.001574
-0.0140913
0.00100444
-0.0140118
0.000423885
-0.0137609
-9.0725e-05
-0.0134109
-0.000555059
-0.0129537
-0.000999369
-0.0123836
-0.00141415
-0.0117093
-0.001795
-0.0109482
-0.00214075
-0.0101189
-0.00244944
-0.00923607
-0.00272275
-0.00831366
-0.00296026
-0.00736201
-0.00316359
-0.00639008
-0.00333273
-0.00540737
-0.00346789
-0.00442182
-0.00357015
-0.00344186
-0.00363995
-0.00247222
-0.00367696
-0.00152026
-0.00368168
-0.000593071
-0.00365383
0.000302954
-0.00359626
0.00116314
-0.00350601
0.00197708
-0.0033841
0.00274301
-0.00323157
0.00345254
-0.00305168
0.00410334
-0.00284144
0.00468578
-0.00260163
0.00519598
-0.00233648
0.00563124
-0.00205021
0.00598371
-0.00173694
0.00624747
-0.00140432
0.00642649
-0.00105886
0.00651314
-0.00069608
0.00650585
-0.000321661
0.00640187
6.14308e-05
0.00620592
0.000442481
0.00591775
0.000820923
0.00553888
0.00119265
0.00507263
0.00155223
0.00452425
0.00189347
0.00389982
0.00221097
0.00320612
0.00250149
0.00245213
0.00275663
0.0016487
0.00297159
0.000805922
0.00314397
-6.26377e-05
0.00326598
-0.00094395
0.00333366
-0.0018245
0.0033465
-0.00268823
0.00329798
-0.00351985
0.00318742
-0.0043038
0.00301382
-0.00502725
0.00278127
-0.0056742
0.00248507
-0.00622817
0.00212902
-0.006676
0.00171856
-0.00700839
0.0012643
-0.00721426
0.000768195
-0.00727915
0.000231264
-0.00720892
-0.000347785
-0.00699677
-0.000920136
-0.00664166
-0.0014897
-0.00614648
-0.00204779
-0.00551894
-0.00257813
-0.0047689
-0.00306884
-0.00391007
-0.00350732
-0.0029608
-0.0038758
-0.00194175
-0.00416316
-0.000874774
-0.00435974
0.000212344
-0.00444998
0.00129262
-0.00443268
0.00233639
-0.00429729
0.00331491
-0.00404363
0.00420193
-0.00367815
0.00496342
-0.00319516
0.00558244
-0.00261668
0.00603314
-0.00194477
0.00629522
-0.00119949
0.00635617
-0.000402755
0.00621863
0.000440646
0.00587697
0.00127056
0.00533853
0.00207327
0.00461566
0.00282296
0.00373186
0.00348828
0.00271398
0.00404625
0.00159981
0.00446212
0.000424052
0.00472607
-0.000765457
0.00480993
-0.00192241
0.00470946
-0.00300116
0.00441908
-0.00395693
0.00394418
-0.00474792
0.00329835
-0.00533616
0.0024992
-0.00569333
0.00157892
-0.00579747
0.000571798
-0.00564874
-0.000495735
-0.0052426
-0.00154117
-0.00459892
-0.00252726
-0.00373909
-0.00341317
-0.00270462
-0.00414298
-0.00155001
-0.00467523
-0.000331626
-0.00497694
0.000891072
-0.00502406
0.00205052
-0.00480286
0.00307881
-0.0043164
0.00392291
-0.00358937
0.00452941
-0.00265124
0.0048574
-0.00155193
0.00489388
-0.000357181
0.0046328
0.000884195
0.00408746
0.00205751
0.00329315
0.00310335
0.00230035
0.00395141
0.00117465
0.00453936
-3.1242e-06
0.00481851
-0.00115473
0.00475403
-0.00219192
0.00435286
-0.00304243
0.00363866
-0.00364055
0.00265468
-0.00394322
0.00147574
-0.00392836
0.000192528
-0.00360136
-0.00111003
-0.00299022
-0.00229171
-0.00214865
-0.0032699
-0.00115381
-0.00395255
-8.96902e-05
-0.00428114
0.000928068
-0.00419734
0.00181869
-0.00373201
0.00249696
-0.00291937
0.00290062
-0.00183236
0.00299255
-0.00058161
0.00276823
0.000725798
0.00225804
0.00192056
0.00152175
0.00289488
0.000641428
0.00354237
-0.000279367
0.0037892
-0.00113586
0.00359975
-0.00182943
0.00300968
-0.00228763
0.00209339
-0.00245872
0.000961426
-0.00233834
-0.000245084
-0.00195257
-0.00136036
-0.00136354
-0.00224822
-0.000661018
-0.00279669
5.34119e-05
-0.00294172
0.000679633
-0.00265923
0.00112851
-0.00202778
0.00134634
-0.00114899
0.00131657
-0.000171727
0.00106447
0.000744327
0.000648376
0.00144463
0.00015394
0.0018234
-0.00032049
0.00182398
-0.000686892
0.00146137
-0.000882211
0.000829635
-0.000876117
6.1284e-05
-0.000684916
-0.000690382
-0.000354157
-0.00126648
4.21379e-05
-0.00156338
0.000416539
-0.00151518
0.00069341
-0.00115276
0.000819277
-0.000559983
0.000774733
0.000136435
0.000575746
0.000781759
0.000270979
0.00124608
-7.18232e-05
0.00143127
-0.000376772
0.00129996
-0.000578863
0.000887963
-0.000635846
0.000286962
-0.000537516
-0.000369901
-0.000307594
-0.0009323
-0.00126641
0.00355183
-0.00651884
0.00711146
-0.00652409
0.0106469
-0.00641062
0.0141322
-0.00620597
0.0175369
-0.00589326
0.020806
-0.00546866
0.0236779
-0.00465202
0.0258523
-0.00351502
0.0265109
-0.00131222
0.0261226
0.00040616
0.0248769
0.0020586
0.0229835
0.00345407
0.020554
0.0047137
0.0176895
0.00582383
0.0144801
0.00678626
0.0110119
0.00758918
0.00736351
0.00822913
0.0036046
0.00870505
-0.000195962
0.0090137
-0.00397487
0.00914955
-0.00767252
0.00911572
-0.0111918
0.0088653
-0.0144587
0.00843794
-0.0173585
0.00776964
-0.0198129
0.00694433
-0.0216832
0.00584578
-0.0229359
0.0046981
-0.0234139
0.00324206
-0.02349
0.00228991
-0.0232103
0.0012943
-0.0226603
0.000454477
-0.0218528
-0.000383615
-0.0208529
-0.0010906
-0.0197146
-0.00169336
-0.0184805
-0.00223347
-0.0171835
-0.00271119
-0.0158445
-0.00313399
-0.0144795
-0.00350572
-0.013101
-0.00382798
-0.0117183
-0.00410545
-0.010341
-0.00433761
-0.00897447
-0.0045301
-0.00762677
-0.00468042
-0.00630482
-0.00478984
-0.00501135
-0.00486362
-0.00375575
-0.00489555
-0.00253794
-0.00489478
-0.00136408
-0.00485554
-0.000236676
-0.00478124
0.000837635
-0.00467057
0.00185447
-0.00452285
0.00281057
-0.0043402
0.00370016
-0.00412116
0.00451644
-0.00386797
0.00525523
-0.00358023
0.0059136
-0.00326
0.00648464
-0.00290752
0.00696195
-0.00252752
0.00734436
-0.00211934
0.0076285
-0.00168847
0.00780623
-0.00123659
0.00787832
-0.000768172
0.00784394
-0.000287276
0.00770425
0.000201119
0.00745566
0.000691069
0.00710062
0.00117596
0.00664179
0.00165149
0.00608438
0.00210964
0.00543353
0.00254431
0.0046966
0.00294789
0.00388223
0.00331587
0.00300079
0.00363807
0.00206359
0.00390879
0.00108444
0.00412312
7.60681e-05
0.00427435
-0.000945167
0.00435489
-0.00196362
0.00436495
-0.00296129
0.00429565
-0.00392328
0.00414942
-0.00483001
0.00392054
-0.00566004
0.00361131
-0.00640229
0.00322732
-0.00704037
0.00276709
-0.00755417
0.00223236
-0.0079328
0.00164293
-0.00816681
0.0010022
-0.00824119
0.000305635
-0.00815959
-0.000429381
-0.00791397
-0.00116575
-0.00750374
-0.00189993
-0.00693525
-0.00261628
-0.0062146
-0.00329879
-0.00535378
-0.00392966
-0.00436848
-0.00449262
-0.00327997
-0.00496432
-0.0021117
-0.00533143
-0.000893201
-0.00557824
0.000349122
-0.00569231
0.00158201
-0.00566557
0.00277233
-0.00548761
0.00388734
-0.00515864
0.00489269
-0.0046835
0.00575861
-0.00406109
0.0064506
-0.00330867
0.00695298
-0.00244715
0.00724261
-0.00148912
0.00730662
-0.000466769
0.00713253
0.00061474
0.00672625
0.00167683
0.00609631
0.00270322
0.00525751
0.00366177
0.00423448
0.0045113
0.00306463
0.0052161
0.00178222
0.00574453
0.000439692
0.0060686
-0.000922052
0.00617167
-0.00224339
0.0060308
-0.00347147
0.00564716
-0.0045548
0.0050275
-0.00544515
0.0041887
-0.00610355
0.00315761
-0.00649512
0.00197049
-0.00660579
0.000682468
-0.0064184
-0.000683128
-0.00594005
-0.00201952
-0.00518594
-0.00328138
-0.004196
-0.00440311
-0.00301089
-0.0053281
-0.00168606
-0.00600006
-0.000289492
-0.00637351
0.00110109
-0.00641464
0.00241128
-0.00611305
0.00357628
-0.00548141
0.00451932
-0.00453241
0.0051902
-0.00332212
0.00554998
-0.00191171
0.00556646
-0.000373656
0.00524878
0.00120187
0.00460729
0.002699
0.00368554
0.0040251
0.00253987
0.00509708
0.0012508
0.00582843
-9.27487e-05
0.00616206
-0.00139761
0.00605889
-0.00256758
0.00552283
-0.00352019
0.00459127
-0.00418004
0.00331453
-0.00450225
0.00179795
-0.00446039
0.000150667
-0.00406274
-0.00150768
-0.00334431
-0.00301013
-0.00236983
-0.00424439
-0.00122526
-0.00509712
-1.73482e-05
-0.00548905
0.00114502
-0.0053597
0.00215184
-0.00473883
0.00290993
-0.00367746
0.0033491
-0.00227153
0.00342825
-0.000660762
0.0031534
0.00100065
0.00255304
0.00252091
0.00169807
0.00374986
0.000691175
0.00454927
-0.00035776
0.00483814
-0.00132272
0.00456471
-0.0020982
0.00378516
-0.00259512
0.00259031
-0.00276543
0.00113174
-0.00260285
-0.000407669
-0.0021404
-0.00182281
-0.00145261
-0.00293601
-0.000642537
-0.00360676
0.000170065
-0.00375432
0.000871702
-0.00336086
0.00136429
-0.00252036
0.00158838
-0.00137309
0.00152724
-0.000110593
0.00121279
0.00105878
0.000715772
0.00194165
0.000136654
0.00240251
-0.00041134
0.00237198
-0.000827948
0.00187797
-0.00104277
0.00104445
-0.00102488
4.34005e-05
-0.000794095
-0.000921169
-0.000406722
-0.00165386
5.0514e-05
-0.00202062
0.000477545
-0.00194221
0.000789168
-0.00146439
0.000925941
-0.000696756
0.000868403
0.000193973
0.000637179
0.00101298
0.000289059
0.0015942
-9.86778e-05
0.00181901
-0.000440307
0.00164158
-0.000663877
0.00111153
-0.000723584
0.000346669
-0.000609227
-0.000484258
-0.000347875
-0.00119365
-0.00161428
0.00391807
-0.0104369
0.00780712
-0.0104131
0.0117665
-0.01037
0.0159526
-0.0103921
0.0206556
-0.0105963
0.0262214
-0.0110345
0.0324954
-0.010926
0.0390092
-0.0100288
0.0408378
-0.00314085
0.0402497
0.000994294
0.0385221
0.00378612
0.0359492
0.00602701
0.0326559
0.00800701
0.0287998
0.00967989
0.0245224
0.0110637
0.0199306
0.012181
0.0151028
0.0130569
0.0101018
0.0137061
0.00499807
0.0141175
-0.000135986
0.0142836
-0.00521132
0.014191
-0.010107
0.013761
-0.0147379
0.0130689
-0.0189326
0.0119643
-0.0225697
0.0105815
-0.0253445
0.00862059
-0.0270783
0.00643183
-0.0263165
0.00248031
-0.0258021
0.00177551
-0.0246826
0.000174778
-0.0235641
-0.000664013
-0.0223314
-0.00161633
-0.0210367
-0.00238528
-0.0196416
-0.00308849
-0.0181791
-0.00369592
-0.0166747
-0.00421565
-0.0151514
-0.00465722
-0.0136314
-0.00502575
-0.0121273
-0.0053321
-0.0106496
-0.00558317
-0.00920197
-0.00578521
-0.00778759
-0.00594447
-0.00640921
-0.0060588
-0.00506526
-0.00613379
-0.00375961
-0.00616927
-0.00248795
-0.00616721
-0.00125726
-0.00612547
-6.74728e-05
-0.00604532
0.00107291
-0.00592162
0.00216058
-0.00575824
0.00319324
-0.00555551
0.00416707
-0.00531402
0.00507067
-0.00502476
0.00590018
-0.00469748
0.00665
-0.00433006
0.00731807
-0.00392807
0.00789078
-0.00348022
0.00836628
-0.00300303
0.00873923
-0.00249229
0.00900526
-0.0019545
0.00915925
-0.00139058
0.0091988
-0.000807723
0.00912191
-0.000210383
0.00892776
0.000395266
0.008617
0.00100183
0.00819032
0.00160264
0.00765109
0.00219072
0.00700295
0.00275778
0.00625367
0.00329359
0.00541084
0.00379073
0.00448356
0.00424315
0.00348347
0.00463816
0.00242325
0.00496901
0.0013175
0.00522887
0.000181782
0.00541007
-0.000968204
0.00550488
-0.00211054
0.00550728
-0.00323249
0.00541761
-0.00430635
0.00522328
-0.00531883
0.00493302
-0.00625011
0.00454259
-0.0070759
0.0040531
-0.0077861
0.00347729
-0.00835831
0.00280458
-0.008778
0.00206262
-0.0090356
0.00125981
-0.00911701
0.000387038
-0.00902292
-0.00052347
-0.0087464
-0.00144228
-0.00828585
-0.00236047
-0.0076469
-0.00325523
-0.00683843
-0.00410726
-0.00587584
-0.00489225
-0.00477671
-0.00559176
-0.0035636
-0.00617742
-0.00226248
-0.00663255
-0.000902291
-0.00693843
0.000480071
-0.00707467
0.00184986
-0.00703536
0.00317214
-0.00680989
0.0044111
-0.0063976
0.00552207
-0.00579447
0.00648046
-0.00501947
0.00724729
-0.0040755
0.00779262
-0.00299248
0.00809953
-0.00179604
0.00814992
-0.000517162
0.00794855
0.000816119
0.00748682
0.00213856
0.00677264
0.0034174
0.00582563
0.00460878
0.00468003
0.0056569
0.00336763
0.00652851
0.00193489
0.00717727
0.000436826
0.00756666
-0.00107635
0.00768485
-0.00254433
0.00749878
-0.00390433
0.00700716
-0.00510078
0.00622395
-0.00608237
0.00517029
-0.00680214
0.00387737
-0.00722843
0.00239678
-0.00732823
0.000782265
-0.00710313
-0.000908224
-0.006558
-0.00256465
-0.00570954
-0.00412984
-0.00459164
-0.00552101
-0.00326369
-0.00665604
-0.00179122
-0.00747253
-0.000243546
-0.00792119
0.00129967
-0.00795785
0.00275193
-0.00756532
0.00402818
-0.00675765
0.00506552
-0.00556975
0.00579298
-0.00404958
0.00616635
-0.00228509
0.00616792
-0.000375226
0.00579423
0.00157556
0.00506427
0.00342897
0.00402184
0.00506752
0.00274108
0.00637784
0.00130726
0.00726225
-0.000187587
0.00765691
-0.00163034
0.00750164
-0.00291922
0.00681171
-0.00395826
0.00563031
-0.00467312
0.00402939
-0.00500563
0.00213047
-0.00493059
7.5621e-05
-0.00446933
-0.00196894
-0.00365163
-0.00382783
-0.00255475
-0.00534126
-0.00127407
-0.0063778
6.79527e-05
-0.00683107
0.00135445
-0.0066462
0.00246127
-0.00584565
0.00328688
-0.00450307
0.00375344
-0.00273808
0.00381998
-0.000727308
0.00349092
0.00132971
0.0028054
0.00320643
0.001845
0.00471026
0.000718654
0.00567561
-0.000441441
0.00599823
-0.00150299
0.00562626
-0.00234496
0.00462713
-0.0028756
0.00312096
-0.00304055
0.00129669
-0.00283468
-0.000613534
-0.00229935
-0.00235814
-0.00152075
-0.00371461
-0.000614613
-0.00451289
0.000286707
-0.00465564
0.00105441
-0.00412857
0.00158326
-0.00304921
0.00180876
-0.00159859
0.00171521
-1.70417e-05
0.00134103
0.00143296
0.00076832
0.00251436
0.000111788
0.00305905
-0.000501727
0.00298549
-0.000961765
0.00233801
-0.00119107
0.00127376
-0.00115948
1.18101e-05
-0.000890526
-0.00119012
-0.000450501
-0.00209388
6.19826e-05
-0.0025331
0.000535993
-0.00241622
0.000877299
-0.00180569
0.00102186
-0.000841319
0.000950914
0.000264921
0.000689702
0.0012742
0.000302468
0.00198143
-0.00012454
0.00224602
-0.000497929
0.00201497
-0.000739556
0.00135316
-0.000800682
0.000407795
-0.000671608
-0.000613333
-0.000382765
-0.00148249
-0.00199705
0.00607283
-0.0165097
0.0121502
-0.0164905
0.0185751
-0.0167949
0.0260461
-0.0178631
0.0355693
-0.0201195
0.0477269
-0.0231921
0.0617716
-0.0249707
0.0752029
-0.0234602
0.0780762
-0.00601408
0.075225
0.00384549
0.0683381
0.010673
0.059885
0.01448
0.0509526
0.0169394
0.0420325
0.0186
0.0332599
0.0198362
0.0246736
0.0207674
0.0162752
0.0214553
0.00805774
0.0219235
1.15144e-05
0.0221637
-0.00788926
0.0221844
-0.0156038
0.0219056
-0.0230576
0.0212148
-0.0301598
0.020171
-0.0366439
0.0184484
-0.0421661
0.0161036
-0.0459608
0.0124153
-0.0471746
0.00764565
-0.0422711
-0.00242315
-0.0378688
-0.00262686
-0.0345654
-0.0031286
-0.0316
-0.00362941
-0.0288128
-0.00440348
-0.0260786
-0.00511949
-0.0235048
-0.00566229
-0.0210805
-0.00612027
-0.0188351
-0.00646099
-0.0167328
-0.00675957
-0.0147641
-0.00699443
-0.012887
-0.00720917
-0.0111035
-0.00736673
-0.00940507
-0.00748363
-0.00778614
-0.0075634
-0.0062314
-0.00761355
-0.00474463
-0.00762055
-0.0033107
-0.00760321
-0.00193473
-0.00754318
-0.000613598
-0.0074466
0.00065563
-0.00731455
0.00186965
-0.00713564
0.00302435
-0.00691294
0.00411209
-0.00664325
0.00512972
-0.00633165
0.00607678
-0.00597182
0.00694442
-0.00556512
0.0077251
-0.00511074
0.00841052
-0.00461349
0.00900004
-0.00406974
0.00948434
-0.00348733
0.00985784
-0.00286578
0.0101158
-0.00221248
0.0102543
-0.00152905
0.0102697
-0.000823174
0.0101599
-0.000100581
0.00992416
0.000631056
0.0095622
0.00136379
0.00907598
0.00208885
0.0084688
0.00279791
0.00774647
0.00348011
0.00691463
0.00412543
0.00598265
0.00472271
0.00496041
0.0052654
0.00386068
0.00573789
0.00269819
0.0061315
0.00148575
0.00644132
0.000243546
0.00665227
-0.0010096
0.00675802
-0.00226016
0.00675784
-0.00347756
0.00663501
-0.00465198
0.0063977
-0.00575104
0.00603207
-0.00676458
0.00555614
-0.00766299
0.00495151
-0.00843159
0.00424589
-0.00905074
0.00342373
-0.00950439
0.00251626
-0.00977844
0.00153387
-0.00986506
0.000473655
-0.00975888
-0.000629648
-0.00945252
-0.00174864
-0.00894803
-0.00286496
-0.00824948
-0.00395379
-0.00736759
-0.00498915
-0.00631729
-0.00594254
-0.00511803
-0.00679102
-0.00379541
-0.00750004
-0.00237856
-0.0080494
-0.000900892
-0.0084161
0.000599565
-0.00857512
0.00208946
-0.00852525
0.00352353
-0.00824396
0.00486116
-0.00773523
0.00606474
-0.00699805
0.00709171
-0.00604644
0.00791651
-0.0049003
0.00850209
-0.00357806
0.00882579
-0.00211973
0.00887134
-0.000562714
0.0086382
0.00104926
0.00812055
0.00265621
0.00733137
0.00420658
0.0062945
0.00564565
0.00504013
0.00691127
0.00360582
0.00796282
0.0020475
0.00873558
0.000410406
0.00920376
-0.00122654
0.0093218
-0.00281293
0.00908516
-0.00428404
0.00847827
-0.00557563
0.00751554
-0.00663037
0.00622504
-0.00739973
0.00464672
-0.00784198
0.00283904
-0.00793497
0.000875256
-0.00767981
-0.00116339
-0.00706854
-0.00317591
-0.006136
-0.00506239
-0.00491695
-0.00674005
-0.00346887
-0.00810413
-0.00185842
-0.00908298
-0.000174454
-0.00960515
0.00148671
-0.00961901
0.00304945
-0.00912805
0.00442484
-0.00813304
0.00552791
-0.00667281
0.00630249
-0.00482416
0.00669119
-0.00267379
0.00666983
-0.000353867
0.00624315
0.00200225
0.00543443
0.00423769
0.00429351
0.00620844
0.0028961
0.00777524
0.00133005
0.0088283
-0.000285192
0.00927215
-0.00184129
0.00905773
-0.00322658
0.008197
-0.00433676
0.00674049
-0.00508903
0.00478166
-0.00542753
0.00246896
-0.00532686
-2.50432e-05
-0.00480248
-0.00249332
-0.0038966
-0.00473371
-0.00269345
-0.00654441
-0.00130145
-0.00776981
0.00015764
-0.00829015
0.00154457
-0.00803313
0.00273245
-0.00703353
0.00360839
-0.00537901
0.00409569
-0.00322538
0.00414725
-0.000778874
0.00376947
0.00170749
0.00300838
0.00396753
0.00195564
0.00576299
0.000732512
0.00689874
-0.000523871
0.00725461
-0.00166402
0.00676641
-0.00256088
0.00552399
-0.00311458
0.00367465
-0.00326946
0.00145157
-0.00302288
-0.000860116
-0.0024223
-0.00295872
-0.00156391
-0.00457301
-0.000576925
-0.00549988
0.000398183
-0.00563075
0.00121871
-0.0049491
0.00177472
-0.00360521
0.00199729
-0.00182116
0.00187255
0.000107703
0.00144395
0.00186155
0.00080438
0.00315394
7.94488e-05
0.00378398
-0.000586464
0.00365141
-0.00108101
0.00283256
-0.00132037
0.00151312
-0.00127424
-3.43241e-05
-0.000969958
-0.0014944
-0.0004835
-0.00258034
7.5753e-05
-0.00309236
0.00058846
-0.00292893
0.000953122
-0.00217036
0.00110241
-0.000990602
0.0010182
0.000349121
0.000730744
0.00156166
0.00031063
0.00240155
-0.000148604
0.00270525
-0.000547087
0.00241346
-0.000802234
0.00160831
-0.000863623
0.000469184
-0.00072213
-0.000754826
-0.000410844
-0.00179378
-0.00240789
0.00581609
-0.0223258
0.0114224
-0.0220968
0.0170522
-0.0224246
0.0232874
-0.0240983
0.0316639
-0.0284959
0.0446538
-0.036182
0.0675109
-0.0478277
0.102587
-0.058536
0.0864804
0.0100922
0.0723873
0.0179386
0.0611262
0.0219341
0.051553
0.0240533
0.0431591
0.0253333
0.0355502
0.0262089
0.0284395
0.026947
0.0216064
0.0276004
0.0148868
0.028175
0.00815586
0.0286544
0.00130646
0.0290131
-0.00576064
0.0292515
-0.0131652
0.0293101
-0.0210914
0.029141
-0.0297066
0.0287862
-0.0393554
0.0280972
-0.0503446
0.0270929
-0.0633265
0.0253972
-0.0774401
0.0217592
-0.0534343
-0.0264289
-0.0396616
-0.0163996
-0.0333337
-0.00945653
-0.0293831
-0.00757998
-0.0267035
-0.00708313
-0.0241145
-0.00770843
-0.0217449
-0.00803196
-0.0193499
-0.00851522
-0.0170839
-0.00872698
-0.0149512
-0.00889227
-0.0129885
-0.00895715
-0.0111848
-0.00901286
-0.00950239
-0.00904913
-0.0079114
-0.00907462
-0.0063959
-0.0090789
-0.00493901
-0.00907044
-0.00353027
-0.0090293
-0.00216943
-0.00896405
-0.000848625
-0.00886398
0.000431561
-0.00872679
0.001669
-0.00855199
0.00285474
-0.00832138
0.00398972
-0.00804792
0.00506948
-0.00772301
0.00608325
-0.00734542
0.0070254
-0.00691396
0.00788913
-0.00642886
0.00866738
-0.00588898
0.00935164
-0.00529775
0.00993508
-0.00465318
0.0104111
-0.00396335
0.0107729
-0.00322756
0.0110149
-0.00245453
0.0111325
-0.00164659
0.0111217
-0.000812384
0.01098
4.11211e-05
0.0107063
0.00090474
0.0103007
0.00176939
0.00976474
0.0026248
0.00910215
0.00346049
0.00831783
0.00426443
0.00741969
0.00502357
0.00641677
0.00572562
0.00531971
0.00636246
0.00414143
0.00691617
0.00289735
0.00737557
0.00160353
0.00773514
0.000275442
0.00798036
-0.00106227
0.00809574
-0.00238846
0.00808403
-0.00368845
0.007935
-0.00493237
0.00764162
-0.00610395
0.00720366
-0.00717521
0.00662739
-0.00813013
0.00590643
-0.00894104
0.0050568
-0.00959665
0.00407935
-0.0100757
0.00299528
-0.0103635
0.00182169
-0.0104515
0.000561636
-0.010333
-0.00074816
-0.0100008
-0.00208077
-0.00946068
-0.00340512
-0.00871302
-0.00470145
-0.00777065
-0.00593152
-0.00665032
-0.00706287
-0.00537353
-0.00806781
-0.00396573
-0.00890785
-0.00245885
-0.00955627
-0.000890091
-0.00998485
0.000705976
-0.0101712
0.00228598
-0.0101053
0.00380714
-0.00976513
0.00522391
-0.009152
0.0064973
-0.00827144
0.00758255
-0.00713169
0.00844576
-0.00576351
0.00905827
-0.00419057
0.00939223
-0.00245369
0.00943187
-0.000602356
0.00917099
0.00131014
0.0086091
0.0032181
0.00776024
0.00505544
0.00664985
0.00675603
0.00530838
0.00825275
0.00377944
0.00949176
0.00212078
0.0103942
0.000387219
0.0109373
-0.00135752
0.0110665
-0.00304074
0.0107684
-0.00459425
0.0100318
-0.00595406
0.00887536
-0.00705952
0.0073305
-0.00786201
0.00544921
-0.00832009
0.00329712
-0.00840695
0.000962111
-0.00811993
-0.00145041
-0.0074597
-0.00383613
-0.0064525
-0.00606959
-0.00515112
-0.00804144
-0.00361026
-0.00964499
-0.00190608
-0.0107872
-0.000122679
-0.0113886
0.00164281
-0.0113845
0.00329359
-0.0107788
0.00474099
-0.00958044
0.00589917
-0.00783099
0.00669917
-0.00562416
0.00709325
-0.00306787
0.00705481
-0.000315427
0.00658543
0.00247163
0.0057093
0.00511382
0.00448606
0.00743168
0.00299157
0.00926974
0.0013373
0.0104826
-0.000377845
0.0109873
-0.00202176
0.0107016
-0.00347694
0.00965218
-0.00463791
0.00790146
-0.0054175
0.00556125
-0.00575526
0.00280672
-0.00562796
-0.000152338
-0.00505051
-0.00307076
-0.00407385
-0.00571038
-0.00278505
-0.00783321
-0.00130365
-0.00925121
0.000242443
-0.00983624
0.00170668
-0.00949737
0.00295396
-0.0082808
0.00386824
-0.00629329
0.00436372
-0.00372086
0.00439762
-0.000812779
0.00397781
0.0021273
0.00315585
0.00478949
0.00202642
0.00689242
0.000723847
0.00820132
-0.000601667
0.00858013
-0.00179932
0.00796407
-0.00273367
0.00645834
-0.00330117
0.00424215
-0.00344389
0.00159429
-0.00316093
-0.00114308
-0.00250585
-0.0036138
-0.00158236
-0.00549649
-0.000530997
-0.00655124
0.000499104
-0.00666085
0.00135849
-0.00580848
0.0019318
-0.00417852
0.00214759
-0.00203695
0.00199375
0.000261541
0.00151875
0.00233655
0.000824978
0.00384771
4.30406e-05
0.00456592
-0.000660914
0.00435536
-0.00118086
0.00335251
-0.00142528
0.00175754
-0.00136445
-9.51483e-05
-0.00103007
-0.00182879
-0.000505779
-0.00310463
9.0298e-05
-0.00368843
0.000632568
-0.0034712
0.00101364
-0.00255143
0.00116429
-0.00114125
0.00106783
0.000445587
0.000758965
0.00187052
0.000313458
0.00284705
-0.000169594
0.00318831
-0.000586011
0.00282987
-0.000850019
0.00187232
-0.000910468
0.000529632
-0.000759089
-0.000906205
-0.00043119
-0.00212168
-0.00283908
0.00739532
-0.0297212
0.0152985
-0.03
0.024121
-0.0312471
0.0340868
-0.0340642
0.045834
-0.0402431
0.0608411
-0.051189
0.0828188
-0.0698055
0.117371
-0.0930883
0.0941669
0.0784191
0.0662768
0.0558591
0.0463171
0.0372465
0.0285027
0.0199963
0.011646
0.00334942
-0.00501877
-0.0135837
-0.0225298
-0.0320896
-0.0424561
-0.0539656
-0.0669431
-0.0820799
-0.101328
-0.0752827
-0.0524741
-0.0576253
-0.034057
-0.0450693
-0.0220125
-0.0359086
-0.0167407
-0.0292307
-0.013761
-0.0242255
-0.0127136
-0.0204738
-0.0117837
-0.0175797
-0.0114093
-0.015284
-0.0110227
-0.0133273
-0.0108489
-0.0115716
-0.0107129
-0.00993926
-0.0106452
-0.00838694
-0.0106015
-0.00689868
-0.0105629
-0.0054587
-0.0105189
-0.00406286
-0.0104663
-0.00269958
-0.0103926
-0.00136849
-0.0102951
-7.33161e-05
-0.0101592
0.00118576
-0.00998586
0.00239974
-0.00976597
0.00357593
-0.00949757
0.00470103
-0.00917302
0.00577194
-0.00879392
0.00677986
-0.00835334
0.00771757
-0.00785168
0.00857712
-0.00728841
0.00935032
-0.00666218
0.0100291
-0.00597654
0.0106057
-0.00522972
0.0110725
-0.00443024
0.0114229
-0.00357792
0.0116507
-0.00268237
0.0117507
-0.00174657
0.0117187
-0.000780402
0.0115522
0.000207631
0.0112497
0.00120724
0.0108112
0.00220788
0.0102388
0.00319727
0.00953575
0.0041635
0.00870735
0.00509284
0.00776174
0.00596918
0.0067078
0.00677957
0.00555685
0.00751341
0.00432226
0.00815076
0.00302075
0.00867708
0.00166815
0.00908774
0.000284704
0.0093638
-0.00110904
0.00948948
-0.00249424
0.00946923
-0.00384546
0.00928622
-0.00514069
0.00893685
-0.00635791
0.00842088
-0.00747144
0.00774093
-0.00846151
0.00689649
-0.00930352
0.00589881
-0.00998207
0.0047579
-0.0104768
0.00348999
-0.010773
0.00211793
-0.0108603
0.000648894
-0.010731
-0.000877444
-0.0103811
-0.0024307
-0.00980952
-0.00397666
-0.00902828
-0.00548269
-0.00804333
-0.00691648
-0.00687277
-0.00823343
-0.00553831
-0.00940226
-0.00407085
-0.0103753
-0.00250263
-0.0111245
-0.000867289
-0.0116202
0.000795173
-0.0118337
0.00243747
-0.0117476
0.00401907
-0.0113467
0.00548821
-0.0106211
0.00680923
-0.00959245
0.00793374
-0.00825621
0.00882445
-0.00665422
0.00944963
-0.00481574
0.00978752
-0.00279158
0.00981967
-0.000634506
0.00953489
0.00159492
0.00894091
0.00381208
0.00804937
0.00594699
0.0068835
0.0079219
0.00547652
0.00965973
0.00388435
0.0110839
0.00215098
0.0121276
0.000349359
0.0127389
-0.00146309
0.012879
-0.00321034
0.0125156
-0.00482073
0.0116422
-0.00622656
0.0102812
-0.00736854
0.00847247
-0.00819099
0.00627166
-0.00865212
0.00375825
-0.00873218
0.00104217
-0.00841461
-0.00176798
-0.00771785
-0.00453289
-0.00666127
-0.00712618
-0.00529269
-0.00941002
-0.00368438
-0.0112533
-0.00191129
-0.0125602
-5.98717e-05
-0.01324
0.00177011
-0.0132145
0.00347892
-0.0124877
0.00497087
-0.0110724
0.00616145
-0.00902156
0.00697726
-0.00643997
0.00737108
-0.00346169
0.00731314
-0.000257483
0.00680619
0.00297858
0.00588383
0.00603618
0.00460038
0.00871513
0.00304337
0.0108267
0.00131142
0.0122145
-0.000462655
0.0127614
-0.00216293
0.0124019
-0.00366491
0.0111542
-0.00485663
0.00909318
-0.00564844
0.00635306
-0.00598004
0.00313833
-0.00582966
-0.000302721
-0.00520954
-0.00369089
-0.00418154
-0.00673838
-0.00283214
-0.00918261
-0.00128219
-0.0108012
0.000320775
-0.0114392
0.00183504
-0.0110116
0.00311961
-0.00956538
0.0040542
-0.00722788
0.0045514
-0.00421805
0.00456908
-0.000830457
0.00411483
0.00258155
0.00324343
0.00566089
0.00206289
0.00807296
0.000705728
0.00955848
-0.000668357
0.00995421
-0.0019033
0.00919901
-0.00285997
0.00741501
-0.00343138
0.00481356
-0.00355991
0.00172282
-0.00324574
-0.00145726
-0.00254806
-0.00431147
-0.00157681
-0.00646774
-0.000479451
-0.0076486
0.000585923
-0.00772622
0.00146901
-0.00669157
0.00204994
-0.00475945
0.00225615
-0.00224317
0.00207694
0.000440754
0.00156536
0.00284813
0.000830453
0.00458262
1.63089e-05
0.00538006
-0.000721688
0.00509336
-0.00125808
0.00388889
-0.00150299
0.00200246
-0.00142838
-0.000169765
-0.00106984
-0.00218733
-0.000517078
-0.00365739
0.00010453
-0.00431004
0.000666163
-0.00403283
0.00105674
-0.00294201
0.00120607
-0.00129058
0.00109902
0.00055263
0.000774228
0.00219531
0.000311317
0.00330996
-0.000186877
0.0036865
-0.000613751
0.00325675
-0.000881984
0.00214055
-0.000940564
0.000588213
-0.000782154
-0.00106461
-0.000443683
-0.00246015
-0.00328277
0.00614553
-0.0358667
0.01246
-0.0363144
0.0187343
-0.0375215
0.0244373
-0.0397672
0.0279913
-0.0437971
0.0275981
-0.0507959
0.0182717
-0.060479
-0.0748167
-0.0158907
-0.0365833
-0.0235378
-0.02641
-0.0239923
-0.021558
-0.0228667
-0.0178662
-0.020764
-0.0158637
-0.0187668
-0.0147108
-0.0166846
-0.0138659
-0.0147999
-0.013294
-0.0130037
-0.0128189
-0.0113444
-0.0125082
-0.00978981
-0.0122674
-0.00833444
-0.0121006
-0.00694961
-0.0119863
-0.00562118
-0.0118913
-0.00432197
-0.0118181
-0.00304732
-0.0117409
-0.00179046
-0.0116494
-0.000554029
-0.0115316
0.000664199
-0.0113774
0.00186005
-0.0111817
0.00302819
-0.0109341
0.00416224
-0.0106316
0.00525587
-0.0102666
0.00629957
-0.00983762
0.0072854
-0.00933916
0.00820487
-0.00877115
0.00904866
-0.0081322
0.00980776
-0.00742129
0.0104737
-0.00664249
0.0110372
-0.00579319
0.0114911
-0.00488417
0.0118276
-0.00391441
0.0120407
-0.00289547
0.0121248
-0.00183064
0.0120755
-0.000731132
0.0118899
0.000393228
0.0115666
0.00153049
0.0111054
0.00266911
0.0105086
0.00379408
0.00977931
0.0048928
0.00892314
0.00594901
0.00794762
0.00694469
0.0068627
0.00786448
0.00567917
0.00869694
0.00441362
0.00941631
0.00307935
0.0100114
0.00169412
0.010473
0.000277651
0.0107803
-0.00115078
0.0109179
-0.00256571
0.0108842
-0.00394679
0.0106673
-0.00526989
0.0102599
-0.00651046
0.00966144
-0.00764688
0.00887735
-0.00865587
0.00790548
-0.00951407
0.00675701
-0.0102031
0.00544696
-0.0107042
0.00399111
-0.0110027
0.00241643
-0.0110858
0.00073191
-0.0109509
-0.00101226
-0.0105887
-0.00279291
-0.0100013
-0.00456406
-0.00919311
-0.0062909
-0.00818054
-0.00792905
-0.00698034
-0.00943363
-0.0056168
-0.0107658
-0.00411477
-0.0118773
-0.00250845
-0.0127308
-0.000834253
-0.0132944
0.000864767
-0.0135327
0.00254291
-0.0134257
0.00415617
-0.01296
0.00565705
-0.012122
0.00699986
-0.0109353
0.00814368
-0.00940003
0.00904826
-0.0075588
0.00968195
-0.00544943
0.0100167
-0.00312632
0.010037
-0.00065485
0.00973909
0.00189285
0.00912215
0.00442902
0.00820021
0.00686893
0.0069991
0.00912301
0.00555512
0.0111037
0.00392164
0.0127174
0.00214542
0.0139038
0.000306024
0.0145783
-0.00154561
0.0147306
-0.00332542
0.0142954
-0.00496454
0.0132813
-0.00639377
0.0117104
-0.00754961
0.00962832
-0.00837838
0.00710043
-0.00883864
0.00421851
-0.00890718
0.00111071
-0.00857165
-0.00210351
-0.00784533
-0.0052592
-0.00675788
-0.00821363
-0.00535454
-0.0108134
-0.00370101
-0.0129068
-0.00188443
-0.0143768
-1.81847e-08
-0.0151244
0.00186326
-0.0150778
0.00359982
-0.0142242
0.00511406
-0.0125866
0.00631618
-0.0102237
0.00713645
-0.00726024
0.00752154
-0.00384678
0.00744746
-0.000183409
0.00691744
0.0035086
0.00596025
0.00699337
0.00463741
0.010038
0.0030428
0.0124214
0.00128002
0.0139773
-0.000534203
0.0145756
-0.002264
0.0141317
-0.00378579
0.0126759
-0.00498867
0.0102961
-0.00578154
0.00714593
-0.00610313
0.00345992
-0.0059311
-0.00047475
-0.00528457
-0.00433742
-0.00421791
-0.00780504
-0.00283032
-0.0105702
-0.00125068
-0.0123808
0.000387468
-0.0130774
0.00192726
-0.0125514
0.00322785
-0.010866
0.00416828
-0.00816832
0.00465952
-0.00470928
0.00466097
-0.000831912
0.00418001
0.00306251
0.00327809
0.00656281
0.00206179
0.00928926
0.000676889
0.0109434
-0.000722093
0.0113532
-0.00197394
0.0104509
-0.00293722
0.00837829
-0.00350431
0.00538064
-0.00361755
0.00183607
-0.00327955
-0.00179526
-0.0025519
-0.00503912
-0.00155188
-0.00746777
-0.000426182
-0.0087743
0.000656072
-0.00880848
0.00154853
-0.00758403
0.00212833
-0.00533925
0.00232281
-0.00243765
0.00212277
0.000640797
0.0015844
0.0033865
0.000822915
0.0053441
-1.06415e-05
0.00621362
-0.000768024
0.00585074
-0.00131146
0.00443233
-0.00155284
0.00224383
-0.00146602
-0.000256591
-0.00109012
-0.00256323
-0.000518736
-0.00422877
0.000117322
-0.0049461
0.000688946
-0.00460446
0.00108233
-0.00333539
0.00122774
-0.00143599
0.00111215
0.000668221
0.000777149
0.00253031
0.000304845
0.00378227
-0.000200076
0.00419142
-0.000630401
0.00368707
-0.000898453
0.0024086
-0.000954363
0.000644124
-0.000791838
-0.00122714
-0.000448603
-0.00280339
-0.00373137
0.00341754
-0.0392842
0.00695664
-0.0398535
0.0103373
-0.0409021
0.0134236
-0.0428536
0.0152249
-0.0455983
0.0148243
-0.0503953
0.0101368
-0.0557916
-0.0646798
-0.00876394
-0.0278194
-0.0130833
-0.0220906
-0.0142163
-0.0204251
-0.0141811
-0.0179013
-0.013471
-0.0165739
-0.0127321
-0.0154498
-0.0118754
-0.0147226
-0.0109857
-0.0141837
-0.0100038
-0.0138007
-0.00897532
-0.0135367
-0.00790721
-0.0133356
-0.0068058
-0.013202
-0.00569299
-0.0130991
-0.00455393
-0.0130304
-0.00340713
-0.0129649
-0.00225369
-0.0128944
-0.00109708
-0.012806
5.9295e-05
-0.0126879
0.00120987
-0.012528
0.00234786
-0.0123197
0.00346678
-0.012053
0.00455869
-0.0117235
0.00561547
-0.0113234
0.00662784
-0.01085
0.00758563
-0.010297
0.00848112
-0.00966664
0.00930368
-0.00895475
0.010043
-0.00816059
0.0106909
-0.00729045
0.0112386
-0.00634088
0.0116772
-0.00532272
0.0119992
-0.00423638
0.0121984
-0.00309466
0.012269
-0.00190124
0.0122067
-0.000668842
0.0120083
0.000591597
0.0116722
0.00186662
0.0111987
0.00314253
0.0105894
0.00440343
0.00984724
0.00563496
0.00897946
0.00681679
0.00799216
0.00793199
0.00689627
0.00896038
0.00570233
0.00989087
0.00442476
0.0106939
0.00307908
0.011357
0.00168337
0.0118687
0.00025684
0.0122068
-0.00117809
0.0123528
-0.00260168
0.0123078
-0.00398952
0.0120551
-0.00531865
0.0115891
-0.00656393
0.0109067
-0.00770355
0.010017
-0.00871563
0.00891757
-0.00957474
0.00761612
-0.0102645
0.00613675
-0.0107639
0.00449053
-0.0110604
0.00271292
-0.011142
0.000813506
-0.011001
-0.00115327
-0.010632
-0.00316191
-0.0100368
-0.0051593
-0.00922232
-0.00710538
-0.00820078
-0.00895059
-0.00699021
-0.0106442
-0.00561279
-0.0121432
-0.00409865
-0.0133915
-0.00247998
-0.0143495
-0.00079008
-0.0149843
0.000914445
-0.0152372
0.00260114
-0.0151124
0.00422169
-0.0145805
0.00572717
-0.0136275
0.00707286
-0.012281
0.00821941
-0.0105466
0.00912308
-0.00846246
0.00975281
-0.00607917
0.0100825
-0.00345598
0.0100955
-0.000667928
0.00978612
0.00220228
0.00915621
0.00505894
0.00822018
0.00780495
0.0070025
0.0103407
0.00554938
0.0125568
0.00389946
0.0143673
0.00211451
0.0156888
0.00025114
0.0164417
-0.00160048
0.0165822
-0.00338564
0.0160806
-0.00502779
0.0149234
-0.00645678
0.0131394
-0.00760951
0.010781
-0.00843055
0.00792147
-0.00888563
0.00467359
-0.00894061
0.00116568
-0.00859451
-0.00244961
-0.00784939
-0.00600431
-0.00674973
-0.00931329
-0.00533361
-0.0122295
-0.00367173
-0.0145687
-0.00184528
-0.0162033
5.2672e-05
-0.0170223
0.00192073
-0.0169458
0.00366
-0.0159635
0.00517192
-0.0140986
0.00636761
-0.0114194
0.0071798
-0.00807243
0.00755427
-0.00422124
0.00746621
-9.53534e-05
0.00691893
0.00405589
0.00594378
0.00796852
0.00461151
0.0113702
0.00299655
0.0140363
0.00122409
0.0157498
-0.000592098
0.0163918
-0.00232275
0.0158624
-0.00384336
0.0141966
-0.00503962
0.0114923
-0.00582133
0.00792764
-0.00612937
0.00376795
-0.00594207
-0.000662053
-0.00527555
-0.00500394
-0.00419549
-0.0088851
-0.00279372
-0.011972
-0.00119631
-0.0139782
0.000441931
-0.0147156
0.00198291
-0.0140924
0.00327996
-0.012163
0.00421201
-0.00910037
0.00469166
-0.00518894
0.00467785
-0.000818095
0.00418021
0.00356015
0.00326337
0.00747964
0.00203266
0.01052
0.00063684
0.0123392
-0.000761542
0.0127516
-0.00201084
0.0117002
-0.00296708
0.00933453
-0.00352235
0.00593591
-0.00362054
0.00193426
-0.00326531
-0.00215049
-0.0025218
-0.00578263
-0.0015067
-0.00848286
-0.000377408
-0.0099036
0.000708503
-0.00989439
0.00159714
-0.00847266
0.00216795
-0.00591006
0.00234936
-0.00261906
0.00213349
0.000856666
0.00157877
0.00394122
0.000802699
0.00612017
-3.81269e-05
0.00705444
-0.000799368
0.00661198
-0.00134117
0.00497413
-0.00157568
0.00247835
-0.00147878
-0.000353494
-0.00109225
-0.00294975
-0.000511882
-0.00480914
0.000128113
-0.00558609
0.000700468
-0.00517681
0.0010907
-0.00372562
0.00123042
-0.0015757
0.00110856
0.000790081
0.000768933
0.00286994
0.000294787
0.00425641
-0.000209052
0.00469526
-0.000636394
0.00411441
-0.000900494
0.0026727
-0.00095318
0.000696809
-0.00078922
-0.0013911
-0.000446614
-0.00314599
-0.00417798
0.00253426
-0.0418185
0.00507493
-0.0423942
0.00748022
-0.0433074
0.00949499
-0.0448683
0.0104998
-0.0466032
0.0099275
-0.049823
0.00664986
-0.0525139
-0.05803
-0.00556193
-0.0222575
-0.0084871
-0.0191654
-0.00992958
-0.0189826
-0.0104934
-0.0173375
-0.0103684
-0.0166988
-0.0100261
-0.0157921
-0.00945316
-0.0152956
-0.00882344
-0.0148135
-0.00809719
-0.014527
-0.00732489
-0.014309
-0.00648862
-0.0141718
-0.00559241
-0.0140982
-0.0046539
-0.0140376
-0.00366928
-0.014015
-0.00265723
-0.013977
-0.00161427
-0.0139373
-0.000551785
-0.0138685
0.000523014
-0.0137627
0.00160278
-0.0136077
0.00267941
-0.0133963
0.00374516
-0.0131188
0.00479025
-0.0127686
0.00580514
-0.0123383
0.00678027
-0.0118251
0.00770633
-0.011223
0.00857137
-0.0105317
0.0093662
-0.00974958
0.0100827
-0.00887709
0.010709
-0.00791675
0.0112365
-0.00686835
0.0116574
-0.00574361
0.0119648
-0.00454379
0.0121508
-0.00328074
0.0122102
-0.00196058
0.0121385
-0.000597194
0.0119327
0.000797446
0.0115915
0.00220779
0.0111145
0.00361953
0.010504
0.00501399
0.00976277
0.00637613
0.00889659
0.00768298
0.007913
0.00891558
0.00682221
0.0100512
0.00563511
0.011078
0.0043656
0.0119634
0.00302996
0.0126927
0.00164502
0.0132536
0.000230309
0.0136215
-0.00119266
0.0137758
-0.00260275
0.0137178
-0.00397723
0.0134296
-0.00529207
0.0129039
-0.00652461
0.0121393
-0.00765213
0.0111445
-0.0086498
0.00991524
-0.009499
0.00846531
-0.01018
0.00681778
-0.0106729
0.00498345
-0.010962
0.00300193
-0.0110395
0.000891006
-0.0108948
-0.00129795
-0.0105259
-0.0035308
-0.00993171
-0.00575348
-0.00912081
-0.00791627
-0.00810475
-0.00996665
-0.00690142
-0.0118475
-0.00553318
-0.0135115
-0.00403002
-0.0148946
-0.00242366
-0.0159558
-0.00075184
-0.0166561
0.000940648
-0.0169297
0.00261478
-0.0167865
0.00421858
-0.0161843
0.00571026
-0.0151192
0.0070419
-0.0136126
0.00817203
-0.0116767
0.00906247
-0.0093529
0.00968026
-0.00669695
0.0100005
-0.00377626
0.0100067
-0.000674054
0.00969149
0.00251745
0.00905892
0.00569151
0.00812331
0.00874056
0.00690866
0.0115553
0.00546432
0.0140012
0.00382249
0.0160092
0.00205454
0.0174567
0.000209396
0.0182869
-0.0016257
0.0184173
-0.0033919
0.0178468
-0.00501419
0.0165457
-0.00642366
0.0145489
-0.00755727
0.0119147
-0.00836385
0.00872805
-0.00880385
0.00511359
-0.00884677
0.0012086
-0.00849599
-0.00280039
-0.00775059
-0.00674971
-0.00664636
-0.0104175
-0.00524051
-0.0136353
-0.00359044
-0.0162188
-0.00178059
-0.0180131
9.93332e-05
-0.0189023
0.00194617
-0.0187927
0.00366231
-0.0176796
0.00515037
-0.0155866
0.00632713
-0.0125961
0.0071179
-0.00886321
0.00747682
-0.00458016
0.00737727
4.19927e-06
0.0068239
0.00460926
0.00585232
0.00894009
0.00451931
0.0127032
0.00292225
0.0156334
0.00115719
0.0175148
-0.000634833
0.0181838
-0.00234273
0.0175703
-0.00383992
0.0156937
-0.00501471
0.0126671
-0.00577694
0.00868988
-0.00606867
0.00405968
-0.00586788
-0.000862847
-0.00519784
-0.00567397
-0.00411463
-0.00996831
-0.00271827
-0.0133683
-0.00113726
-0.0155592
0.000482984
-0.0163358
0.00200348
-0.0156129
0.00328026
-0.0134398
0.0041919
-0.010012
0.004655
-0.00565204
0.00462694
-0.000790034
0.00412276
0.00406433
0.00320334
0.00839907
0.00197963
0.0117437
0.000595951
0.0137229
-0.000785757
0.0141333
-0.00201621
0.0129306
-0.00295309
0.0102714
-0.00349047
0.00647329
-0.00357393
0.00201771
-0.00320917
-0.00251525
-0.00246145
-0.00653034
-0.00144908
-0.00949523
-0.000323948
-0.0110287
0.000743484
-0.0109618
0.00161666
-0.00934584
0.0021719
-0.00646531
0.00233953
-0.00278669
0.00211274
0.00108346
0.00155134
0.00450262
0.000773717
0.0068978
-6.23519e-05
0.00789051
-0.000815989
0.00736562
-0.00134862
0.00550676
-0.00157364
0.00270337
-0.00146899
-0.000458139
-0.00107839
-0.00334035
-0.000498004
-0.00538953
0.000136306
-0.0062204
0.000701425
-0.00574193
0.00108339
-0.00410759
0.00121598
-0.0017083
0.00109016
0.000915905
0.000751101
0.003209
0.000281919
0.0047256
-0.0002139
0.00519108
-0.000632757
0.00453327
-0.000889654
0.0029296
-0.000938731
0.000745886
-0.00077582
-0.00155401
-0.000438592
-0.00348322
-0.00461657
0.00144365
-0.0432621
0.00287452
-0.0438251
0.0041647
-0.0445976
0.0051625
-0.0458661
0.00561482
-0.0470555
0.00513663
-0.0493448
0.00346951
-0.0508468
-0.0545605
-0.00292792
-0.0193296
-0.00466821
-0.0174251
-0.00603128
-0.0176195
-0.00683096
-0.0165379
-0.00725065
-0.0162791
-0.00739158
-0.0156512
-0.00728281
-0.0154044
-0.00699991
-0.0150964
-0.00656624
-0.0149606
-0.00601713
-0.0148581
-0.00537421
-0.0148147
-0.00465594
-0.0148165
-0.00385699
-0.0148366
-0.00300165
-0.0148703
-0.00208781
-0.0148908
-0.0011412
-0.0148839
-0.000161392
-0.0148483
0.00083944
-0.0147636
0.00185364
-0.0146219
0.00287158
-0.0144143
0.00388309
-0.0141303
0.00487961
-0.0137651
0.00585013
-0.0133088
0.00678435
-0.0127593
0.00767288
-0.0121115
0.0085042
-0.011363
0.00926824
-0.0105136
0.00995518
-0.00956403
0.0105571
-0.00851871
0.0110635
-0.00737468
0.0114661
-0.00614622
0.0117568
-0.00483451
0.0119296
-0.00345353
0.0119795
-0.00201049
0.0119019
-0.0005196
0.0116937
0.00100565
0.0113532
0.00254833
0.0108808
0.00409184
0.0102783
0.00561653
0.00954806
0.00710637
0.00869642
0.00853462
0.00773039
0.0098816
0.0066595
0.0111221
0.00549483
0.0122426
0.00425016
0.0132081
0.0029418
0.014001
0.00158529
0.0146101
0.000200423
0.0150064
-0.00119206
0.0151683
-0.00257073
0.0150965
-0.0039146
0.0147735
-0.00519918
0.0141885
-0.00640266
0.0133427
-0.00750342
0.0122453
-0.00847633
0.0108881
-0.00930609
0.00929508
-0.00996782
0.0074795
-0.0104474
0.00546299
-0.0107286
0.00328321
-0.0108008
0.000963173
-0.0106538
-0.00144494
-0.0102913
-0.00389329
-0.00970664
-0.00633817
-0.00890949
-0.00871341
-0.00791197
-0.0109642
-0.00673127
-0.0130282
-0.00539036
-0.0148524
-0.00391539
-0.0163696
-0.00233778
-0.0175335
-0.000704656
-0.0182892
0.000952603
-0.0185869
0.00258983
-0.0184238
0.00415751
-0.017752
0.00561652
-0.0165782
0.00691669
-0.0149128
0.00801723
-0.0127772
0.00888549
-0.0102212
0.00948442
-0.00729587
0.0097919
-0.00408375
0.00979174
-0.00067389
0.00947617
0.00283302
0.00885048
0.0063172
0.00792613
0.00966491
0.00673822
0.0127433
0.00531516
0.0154242
0.00370358
0.0176207
0.00197427
0.019186
0.000174838
0.0200863
-0.00162502
0.0202172
-0.0033504
0.0195722
-0.00493386
0.0181292
-0.00630727
0.0159223
-0.00740879
0.0130162
-0.0081915
0.00951076
-0.00861244
0.00553454
-0.00864883
0.00124499
-0.00829381
-0.00315541
-0.00755801
-0.00748551
-0.00646933
-0.0115062
-0.00508437
-0.0150203
-0.00347003
-0.0178331
-0.00169886
-0.0197843
0.00013763
-0.0207387
0.00194035
-0.0205954
0.00361261
-0.0193519
0.00506273
-0.0170367
0.00620389
-0.0137373
0.00696925
-0.00962857
0.00730984
-0.00492075
0.00720205
0.000111994
0.00665205
0.00515926
0.00569072
0.00990142
0.00437984
0.0140141
0.00281393
0.0171993
0.00109319
0.0192356
-0.000661145
0.0199381
-0.00232769
0.0192368
-0.00378442
0.0171505
-0.00492364
0.0138063
-0.0056583
0.00942453
-0.005932
0.00433339
-0.00572494
-0.00106991
-0.00505919
-0.00633972
-0.00399227
-0.0110352
-0.00262072
-0.0147399
-0.00107366
-0.0171063
0.00051081
-0.0179203
0.00199284
-0.0170949
0.00323475
-0.0146817
0.00411668
-0.0108939
0.0045589
-0.00609426
0.00451998
-0.000751113
0.00401679
0.00456752
0.00310745
0.0093084
0.00190499
0.0129461
0.000550437
0.0150775
-0.000795829
0.0154795
-0.00199309
0.0141279
-0.0029009
0.0111792
-0.00341561
0.00698799
-0.00348554
0.00208765
-0.00311691
-0.00288388
-0.00237608
-0.00727117
-0.00137831
-0.010493
-0.000280004
-0.012127
0.000762053
-0.0120039
0.00161017
-0.010194
0.00214453
-0.00699966
0.00229815
-0.00294031
0.00206554
0.00131606
0.0015063
0.00506185
0.00073689
0.00766721
-8.24049e-05
0.0087098
-0.000818986
0.0081022
-0.00133626
0.00602403
-0.00154987
0.00291698
-0.00143991
-0.000568106
-0.00105125
-0.00372901
-0.000478702
-0.00596207
0.00014183
-0.00684093
0.000692904
-0.006293
0.0010624
-0.00447709
0.00118694
-0.00183284
0.00105936
0.00104348
0.000725416
0.00354294
0.000266984
0.00518403
-0.000215036
0.0056731
-0.000620777
0.00493901
-0.000867894
0.00317671
-0.0009132
0.000791191
-0.000753482
-0.00171373
-0.000425584
-0.00381112
-0.00504216
0.000886567
-0.0441487
0.001769
-0.0447075
0.00256176
-0.0453903
0.00314155
-0.0464459
0.00339829
-0.0473122
0.00305495
-0.0490014
0.00209398
-0.0498858
-0.0524665
-0.00206248
-0.0172671
-0.00335222
-0.0161354
-0.00448446
-0.0164873
-0.00520095
-0.0158214
-0.00567468
-0.0158054
-0.00589918
-0.0154267
-0.00592676
-0.0153768
-0.00578841
-0.0152347
-0.00549782
-0.0152512
-0.00508863
-0.0152673
-0.00456299
-0.0153404
-0.00395193
-0.0154275
-0.00325663
-0.0155319
-0.00249714
-0.0156298
-0.00167705
-0.0157109
-0.000806001
-0.015755
0.000102555
-0.0157569
0.00103811
-0.0156991
0.0019898
-0.0155736
0.00294938
-0.0153739
0.00390812
-0.015089
0.00485378
-0.0147108
0.00577688
-0.014232
0.00666754
-0.01365
0.00751482
-0.0129588
0.00830808
-0.0121563
0.00903858
-0.0112441
0.0096945
-0.01022
0.0102679
-0.00909215
0.0107496
-0.00785633
0.0111314
-0.00652806
0.0114059
-0.00510899
0.0115666
-0.00361422
0.0116088
-0.00205274
0.0115281
-0.00043885
0.0113213
0.0012124
0.0109869
0.00288274
0.010525
0.00455383
0.00993705
0.00620443
0.00922828
0.00781514
0.00840158
0.00936133
0.00746406
0.0108191
0.00642539
0.0121607
0.00529656
0.0133715
0.00409062
0.014414
0.0028237
0.015268
0.00151033
0.0159235
0.000170005
0.0163467
-0.00117702
0.0165153
-0.0025101
0.0164296
-0.00380797
0.0160714
-0.00504923
0.0154297
-0.0062112
0.0145047
-0.00727439
0.0133084
-0.00821427
0.011828
-0.00901297
0.0100938
-0.00965096
0.00811749
-0.0101117
0.0059237
-0.0103815
0.00355306
-0.0104494
0.00103103
-0.0103063
-0.00158802
-0.00994984
-0.00424976
-0.00938209
-0.00690591
-0.0086074
-0.0094881
-0.00763948
-0.0119321
-0.006495
-0.0141727
-0.00519449
-0.0161529
-0.00376594
-0.0177982
-0.00223913
-0.0190603
-0.00065625
-0.0198721
0.000948133
-0.0201913
0.00253179
-0.0200074
0.0040493
-0.0192695
0.00545815
-0.017987
0.00671365
-0.0161683
0.00777613
-0.0138397
0.00861082
-0.0110559
0.00918589
-0.00787095
0.00947824
-0.00437609
0.00947299
-0.000668636
0.00916133
0.00314467
0.00855001
0.00692852
0.00764935
0.0105656
0.00649636
0.0138962
0.00511522
0.0168054
0.00355745
0.0191785
0.00187829
0.0208652
0.000137337
0.0218272
-0.0016006
0.0219551
-0.00326871
0.0212403
-0.00479671
0.0196572
-0.0061196
0.0172452
-0.00718176
0.0140783
-0.00793093
0.0102599
-0.00832965
0.00593326
-0.00836031
0.00127566
-0.00800507
-0.00351066
-0.00728979
-0.00820079
-0.00623334
-0.0125626
-0.00488498
-0.0163686
-0.00331539
-0.0194027
-0.0016027
-0.021497
0.000167409
-0.0225089
0.00190672
-0.0223347
0.00352018
-0.0209653
0.00491685
-0.0184334
0.00601214
-0.0148326
0.00674464
-0.0103611
0.00706637
-0.00524248
0.00695339
0.000224971
0.00641227
0.00570037
0.00547225
0.0108414
0.00420503
0.0152813
0.0026787
0.0187256
0.00101933
0.0208949
-0.00067392
0.0216314
-0.00228126
0.0208442
-0.00368469
0.0185539
-0.00477833
0.0149
-0.00547952
0.0101257
-0.00573458
0.00458845
-0.00552503
-0.00127946
-0.00486988
-0.00699487
-0.00383248
-0.0120726
-0.00250117
-0.0160712
-0.000996689
-0.0186108
0.000526429
-0.0194434
0.00195545
-0.018524
0.00315031
-0.0158766
0.00399526
-0.0117389
0.00441327
-0.00651227
0.00436618
-0.000704028
0.00387022
0.00506348
0.00298373
0.0101949
0.00181364
0.0141162
0.000500122
0.016391
-0.000792697
0.0167724
-0.00194574
0.0152809
-0.00281621
0.0120497
-0.00330472
0.00747651
-0.00336276
0.00214569
-0.00299648
-0.00325016
-0.00227201
-0.00799565
-0.00130168
-0.0114633
-0.000232987
-0.0131957
0.000765847
-0.0130027
0.0015812
-0.0110093
0.00209064
-0.00750911
0.00223051
-0.00308018
0.00199628
0.0015503
0.0014467
0.00561143
0.000696193
0.00841772
-9.7976e-05
0.00950397
-0.000809861
0.00881408
-0.00130687
0.00652104
-0.00150778
0.00311789
-0.00139479
-0.000681094
-0.00101319
-0.00411062
-0.000455321
-0.00651994
0.000144625
-0.00744088
0.000676141
-0.00682452
0.00102993
-0.00483087
0.00114585
-0.00194876
0.00101855
0.00117078
0.000693606
0.00386788
0.000250733
0.0056269
-0.000212836
0.00613667
-0.000601872
0.00532805
-0.000837264
0.00341211
-0.000878746
0.000832673
-0.000723988
-0.00186849
-0.000408583
-0.00412652
-0.00545074
0.000556971
-0.0447057
0.00110381
-0.0452543
0.00159104
-0.0458776
0.00190676
-0.0467616
0.00205399
-0.0474595
0.00179056
-0.048738
0.00127595
-0.0493712
-0.0511905
-0.00147694
-0.0157901
-0.00246936
-0.015143
-0.00344034
-0.0155163
-0.00410034
-0.0151614
-0.00460745
-0.0152983
-0.00488254
-0.0151516
-0.00498918
-0.0152701
-0.00492593
-0.015298
-0.00472749
-0.0154496
-0.00440349
-0.0155913
-0.00397062
-0.0157733
-0.00343794
-0.0159602
-0.00281506
-0.0161547
-0.00212434
-0.0163205
-0.00137246
-0.0164628
-0.000569478
-0.016558
0.000272519
-0.0165989
0.00114691
-0.0165735
0.00203915
-0.0164659
0.00294286
-0.0162776
0.00384621
-0.0159924
0.00473992
-0.0156045
0.00561515
-0.0151072
0.00645858
-0.0144934
0.00726179
-0.013762
0.00801476
-0.0129092
0.00870682
-0.0119362
0.0093286
-0.0108417
0.0098723
-0.00963584
0.010328
-0.00831206
0.0106882
-0.00688819
0.010946
-0.00536683
0.0110942
-0.00376241
0.0111301
-0.0020887
0.0110485
-0.000357247
0.0108462
0.00141472
0.0105224
0.00320657
0.0100761
0.00500012
0.0095118
0.00676872
0.00882898
0.00849796
0.00803562
0.0101547
0.00713463
0.0117201
0.00613831
0.0131571
0.00505531
0.0144545
0.0038997
0.0155696
0.00268532
0.0164823
0.00142576
0.017183
0.000141684
0.0176308
-0.00114865
0.0178056
-0.00242393
0.0177049
-0.00366579
0.0173132
-0.00485249
0.0166164
-0.00596254
0.0156148
-0.00698068
0.0143266
-0.00787757
0.0127249
-0.00864032
0.0108565
-0.00924879
0.00872597
-0.00968839
0.0063633
-0.00994384
0.00380851
-0.0100087
0.00109593
-0.00986823
-0.00172853
-0.00952323
-0.00459475
-0.00897774
-0.0074514
-0.00823377
-0.0102321
-0.00730443
-0.0128614
-0.00620561
-0.0152715
-0.00495815
-0.0174003
-0.0035876
-0.0191687
-0.00212675
-0.0205211
-0.000607398
-0.0213915
0.000930062
-0.0217288
0.00244674
-0.0215241
0.0038999
-0.0207227
0.0052482
-0.0193353
0.00644914
-0.0173692
0.00746465
-0.0148552
0.00825812
-0.0118493
0.00880636
-0.00841919
0.00908207
-0.0046518
0.00907307
-0.000659633
0.00876865
0.00344909
0.00817575
0.00752142
0.00731454
0.0114268
0.00620183
0.0150089
0.00487548
0.0181317
0.00338162
0.0206724
0.00176949
0.0224773
0.000103874
0.0234929
-0.00155887
0.0236179
-0.0031533
0.0228347
-0.00461373
0.0211176
-0.00587772
0.0185092
-0.00689023
0.0150908
-0.00760096
0.0109707
-0.00797547
0.00630776
-0.0080011
0.00130129
-0.00765312
-0.00385863
-0.00696268
-0.00889124
-0.0059464
-0.0135789
-0.00465324
-0.0176618
-0.00314482
-0.0209111
-0.00150059
-0.0231412
0.000188595
-0.024198
0.00185168
-0.0239978
0.00339394
-0.0225076
0.0047245
-0.019764
0.00576859
-0.0158767
0.00646024
-0.0110527
0.00676258
-0.00554482
0.00664661
0.000340943
0.0061201
0.00622688
0.00521563
0.0117459
0.00399785
0.0164991
0.00253274
0.0201907
0.000939166
0.0224885
-0.000674671
0.0232452
-0.00220927
0.0223787
-0.00354839
0.019893
-0.00458905
0.0159406
-0.00525314
0.0107898
-0.00548899
0.0048243
-0.00527885
-0.00148959
-0.00464484
-0.00762888
-0.00364323
-0.0130743
-0.00236312
-0.0173513
-0.000923956
-0.0200499
0.000530628
-0.020898
0.00189587
-0.0198892
0.0030345
-0.0170152
0.00383705
-0.0125414
0.00422876
-0.00690398
0.00417617
-0.000651435
0.00369252
0.00554713
0.00283916
0.0110483
0.00171394
0.0152414
0.000454695
0.0176502
-0.000778157
0.0180052
-0.00187854
0.0163813
-0.00270583
0.012877
-0.00316577
0.00793644
-0.00321274
0.00219267
-0.00285431
-0.00360859
-0.00215409
-0.00869587
-0.00122105
-0.0123964
-0.000195643
-0.0142211
0.000756819
-0.0139552
0.00153387
-0.0117864
0.00201546
-0.0079907
0.00214202
-0.00320674
0.0019101
0.00178222
0.00137682
0.0061447
0.000652303
0.00914224
-0.000109289
0.0102656
-0.000790415
0.00949521
-0.00126354
0.00699417
-0.00145101
0.00330537
-0.00133715
-0.000794953
-0.000966888
-0.00448088
-0.000429317
-0.00705751
0.000144966
-0.00801516
0.00065267
-0.00733222
0.000988302
-0.0051665
0.00109543
-0.00205589
0.000970142
0.00129607
0.000657334
0.00418069
0.000233727
0.00605051
-0.000207849
0.00657824
-0.000577491
0.00569769
-0.000799793
0.00363441
-0.000837517
0.000870397
-0.000689091
-0.00201691
-0.000388612
-0.004427
-0.00583935
0.000364265
-0.0450699
0.000722757
-0.0456128
0.00104046
-0.0461953
0.00121971
-0.0469409
0.00131999
-0.0475598
0.00111682
-0.0485348
0.000834651
-0.0490891
-0.0503559
-0.00117689
-0.0146133
-0.00199561
-0.0143242
-0.00283744
-0.0146745
-0.00342881
-0.01457
-0.00391892
-0.0148082
-0.00419517
-0.0148753
-0.00433017
-0.0151351
-0.00430859
-0.0153196
-0.00416138
-0.0155969
-0.00388932
-0.0158633
-0.00351008
-0.0161525
-0.00303173
-0.0164386
-0.00247771
-0.0167087
-0.00184633
-0.0169519
-0.00115359
-0.0171555
-0.000406358
-0.0173052
0.000379887
-0.0173851
0.00119408
-0.0173877
0.00203057
-0.0173024
0.00287731
-0.0171243
0.00372641
-0.0168415
0.00456717
-0.0164453
0.00539173
-0.0159317
0.00618641
-0.0152881
0.00694062
-0.0145163
0.00765376
-0.0136224
0.00830377
-0.0125862
0.00889257
-0.0114305
0.0094031
-0.0101464
0.00983035
-0.00873931
0.0101675
-0.00722538
0.0104078
-0.00560712
0.0105473
-0.00390185
0.0105782
-0.00211963
0.0104972
-0.000276255
0.0103011
0.00161079
0.00998857
0.00351915
0.00956487
0.00542382
0.00902602
0.00730758
0.00837559
0.0091484
0.00761924
0.010911
0.00676572
0.0125736
0.00581542
0.0141074
0.00478619
0.0154837
0.00368758
0.0166682
0.00253318
0.0176367
0.00133906
0.0183772
0.000120857
0.018849
-0.00110174
0.0190282
-0.00231237
0.0189155
-0.00349116
0.018492
-0.00461709
0.0177424
-0.00567009
0.0166678
-0.00663006
0.0152866
-0.00748162
0.0135765
-0.00820495
0.0115799
-0.00877897
0.00929999
-0.00919603
0.00678037
-0.00943481
0.00404728
-0.009497
0.00115812
-0.00936129
-0.00186424
-0.00903087
-0.00492517
-0.00851221
-0.00797007
-0.00780364
-0.0109406
-0.00691982
-0.0137453
-0.00587494
-0.0163164
-0.00468939
-0.0185859
-0.0033836
-0.0204745
-0.00199972
-0.021905
-0.000557586
-0.0228336
0.00090488
-0.0231913
0.00234307
-0.0229623
0.00372264
-0.0221022
0.00500001
-0.0206127
0.00613974
-0.0185089
0.00710123
-0.0158167
0.00785071
-0.0125988
0.00836778
-0.00893627
0.00862617
-0.00491018
0.00861483
-0.000648294
0.00831944
0.00374447
0.00775399
0.00808687
0.00693273
0.0122481
0.00587101
0.0160707
0.00460638
0.0193963
0.00318887
0.0220899
0.00165271
0.0240135
7.60461e-05
0.0250695
-0.00150103
0.025195
-0.00301235
0.024346
-0.00439642
0.0225017
-0.00559362
0.0197064
-0.00654942
0.0160466
-0.00721862
0.0116399
-0.00756922
0.00665836
-0.00758882
0.00132089
-0.00725367
-0.00419379
-0.00659185
-0.00955306
-0.00562403
-0.0145467
-0.00439438
-0.0188915
-0.00296181
-0.0223437
-0.00139705
-0.024706
0.000203213
-0.0257983
0.00178008
-0.0255746
0.00324025
-0.0239678
0.00449731
-0.021021
0.00548405
-0.0168634
0.00613451
-0.0117032
0.00641454
-0.00582484
0.00629761
0.000457873
0.00579288
0.00673161
0.00493182
0.012607
0.00376913
0.0176618
0.00238018
0.0215797
0.00085942
0.0240093
-0.000664105
0.0247687
-0.0021178
0.0238324
-0.00338403
0.0211593
-0.00436629
0.0169229
-0.00499023
0.0114138
-0.0052069
0.00504096
-0.00500004
-0.00169645
-0.004394
-0.00823492
-0.00343745
-0.0140308
-0.00221903
-0.0185697
-0.000853643
-0.0214153
0.000525092
-0.0222767
0.001819
-0.0211831
0.00289489
-0.0180911
0.00365123
-0.0132978
0.00401608
-0.00726883
0.00395967
-0.000595027
0.00349401
0.0060128
0.00267916
0.0118631
0.0016079
0.0163127
0.000412176
0.0188459
-0.000754325
0.0191717
-0.0017957
0.0174227
-0.00257589
0.0136572
-0.00300597
0.00836652
-0.00304337
0.00223007
-0.00269652
-0.00395544
-0.00202572
-0.00936667
-0.00113544
-0.0132867
-0.000164797
-0.0151918
0.000737367
-0.0148573
0.00147202
-0.012521
0.00192388
-0.00844256
0.00203797
-0.00332083
0.00181149
0.00200871
0.00129963
0.00665656
0.000605935
0.00983594
-0.000116686
0.0109882
-0.000762684
0.0101412
-0.00120934
0.00744082
-0.00138306
0.00347909
-0.00127015
-0.00090787
-0.000914753
-0.00483628
-0.000401436
-0.00757083
0.00014312
-0.00855972
0.00062393
-0.00781303
0.00093983
-0.0054824
0.00103816
-0.00215422
0.000916377
0.00141786
0.000618089
0.00447898
0.00021648
0.00645212
-0.000200616
0.00699534
-0.000549032
0.00604611
-0.00075737
0.00384275
-0.000791481
0.000904509
-0.000650452
-0.00215794
-0.000366589
-0.00471086
-0.00620594
0.000253628
-0.0453236
0.000504899
-0.0458641
0.000726866
-0.0464172
0.00083578
-0.0470498
0.000903554
-0.0476275
0.00074312
-0.0483744
0.000574952
-0.0489209
-0.0497809
-0.000997218
-0.013616
-0.00169404
-0.0136274
-0.00243407
-0.0139345
-0.00297163
-0.0140324
-0.00343838
-0.0143414
-0.00369503
-0.0146187
-0.0038465
-0.0149837
-0.00383477
-0.0153313
-0.00370815
-0.0157235
-0.00346806
-0.0161034
-0.00312575
-0.0164948
-0.00270355
-0.0168608
-0.00219325
-0.0172191
-0.00160725
-0.0175379
-0.000960477
-0.0178023
-0.000271167
-0.0179945
0.000459779
-0.0181161
0.00121774
-0.0181457
0.00199722
-0.0180818
0.00278786
-0.0179149
0.00358166
-0.0176353
0.00437064
-0.0172342
0.00514233
-0.0167034
0.00588695
-0.0160327
0.00659675
-0.0152261
0.00725733
-0.014283
0.00786986
-0.0131987
0.00841788
-0.0119785
0.00889762
-0.0106261
0.00929782
-0.00913951
0.00961187
-0.00753943
0.00983417
-0.00582941
0.0099608
-0.00402848
0.00998542
-0.00214425
0.00990501
-0.000195838
0.00971857
0.00179722
0.0094269
0.00381082
0.00902324
0.00582748
0.00851334
0.00781747
0.00790121
0.00976053
0.00718705
0.0116252
0.00637943
0.0133812
0.0054877
0.0149991
0.00451656
0.0164548
0.00348046
0.0177043
0.00239214
0.0187251
0.0012668
0.0195025
0.00011971
0.0199961
-0.00103129
0.0201792
-0.00217037
0.0200546
-0.00327977
0.0196014
-0.00433968
0.0188023
-0.00533043
0.0176585
-0.00623
0.0161861
-0.00703216
0.0143786
-0.00771151
0.0122592
-0.00825231
0.00984079
-0.00864213
0.00717018
-0.00886844
0.00427359
-0.00891948
0.00120916
-0.00879311
-0.00199061
-0.0084835
-0.00523477
-0.00799073
-0.00846284
-0.00732429
-0.0116071
-0.00649064
-0.0145789
-0.00550531
-0.0173018
-0.0043848
-0.0197064
-0.00316206
-0.0216972
-0.00185375
-0.0232133
-0.000494968
-0.0241924
0.000878289
-0.0245645
0.00223352
-0.0243175
0.00353355
-0.0234023
0.00473465
-0.0218138
0.00580687
-0.0195811
0.00671106
-0.0167209
0.00741584
-0.0133036
0.00789694
-0.00941738
0.00813646
-0.00514971
0.00811711
-0.000628936
0.00783852
0.00402306
0.00730506
0.00862034
0.0065278
0.0130253
0.00552345
0.017075
0.00433138
0.0205884
0.00299319
0.0234281
0.00154498
0.0254617
6.17381e-05
0.0265528
-0.00142366
0.0266804
-0.0028463
0.0257687
-0.00414797
0.0238034
-0.00527227
0.0208307
-0.00616838
0.0169427
-0.00679393
0.0122654
-0.00712459
0.00698903
-0.00713149
0.00132779
-0.0068159
-0.00450938
-0.00618564
-0.0101833
-0.00527452
-0.0154579
-0.00411481
-0.0200512
-0.00276581
-0.0236927
-0.00129432
-0.0261774
0.000215623
-0.0273083
0.00169701
-0.027056
0.00307018
-0.0253409
0.00424901
-0.0221998
0.00517514
-0.0177895
0.00578269
-0.0123107
0.00603811
-0.00608026
0.00592442
0.000571562
0.00544535
0.00721068
0.00462938
0.0134229
0.00352859
0.0187626
0.0022221
0.0228862
0.000787634
0.0254437
-0.000642367
0.0261987
-0.00201
0.0252001
-0.00319865
0.0223479
-0.00411909
0.0178433
-0.00470034
0.011995
-0.0048981
0.00523873
-0.00469915
-0.0018954
-0.00412342
-0.00881065
-0.00322044
-0.0149338
-0.00207078
-0.0197194
-0.000782176
-0.0227039
0.000512671
-0.0235716
0.00172959
-0.0224
0.00273871
-0.0191002
0.00344718
-0.0140063
0.00378379
-0.00760544
0.00372409
-0.000535334
0.00328149
0.00645541
0.00250934
0.0126352
0.00149982
0.0173222
0.000372059
0.0199737
-0.000722386
0.0202662
-0.00170158
0.0184019
-0.00243223
0.0143878
-0.00283153
0.00876582
-0.00286034
0.00225889
-0.0025286
-0.00428719
-0.00189306
-0.0100022
-0.00105172
-0.014128
-0.000130861
-0.0161126
0.000709783
-0.015698
0.00139971
-0.0132109
0.00182096
-0.00886381
0.00192237
-0.00342224
0.00170428
0.0022268
0.00121738
0.00714345
0.000560511
0.0104928
-0.000120554
0.0116693
-0.000728522
0.0107492
-0.00114734
0.00785964
-0.00130689
0.00363864
-0.0011967
-0.00101806
-0.000858717
-0.00517426
-0.000373128
-0.00805642
0.000139369
-0.00907222
0.00059133
-0.00826499
0.000886626
-0.0057777
0.000976167
-0.00224376
0.000859218
0.00153481
0.00057719
0.00476101
0.00019936
0.00682995
-0.000191645
0.00738635
-0.000517702
0.00637216
-0.000711701
0.00403674
-0.000742369
0.000935178
-0.000609432
-0.00229088
-0.000343244
-0.00497705
-0.00654919
0.000199334
0.000390278
0.000561464
0.000639676
0.000687917
0.000543792
0.000419334
-0.00086449
-0.00147849
-0.00214009
-0.00262988
-0.0030798
-0.00329467
-0.00346194
-0.00343864
-0.00333393
-0.00310847
-0.00280089
-0.00240375
-0.00193146
-0.00139564
-0.000797849
-0.000151928
0.000527088
0.00123519
0.00195954
0.00269573
0.00343609
0.0041716
0.00489068
0.0055874
0.00625187
0.00686931
0.00744229
0.00795555
0.00840233
0.00877656
0.0090705
0.00927745
0.00939477
0.00941724
0.0093411
0.009165
0.00888857
0.00851174
0.00803429
0.00746059
0.00679289
0.00603848
0.0052025
0.00429399
0.00332541
0.00230858
0.00125584
0.000183385
-0.000890628
-0.00195488
-0.0029911
-0.00398208
-0.00490777
-0.005748
-0.0064967
-0.0071299
-0.0076371
-0.00800021
-0.00821262
-0.00826001
-0.00814261
-0.0078551
-0.00739845
-0.0067739
-0.00599628
-0.00507862
-0.00403956
-0.00289543
-0.00167342
-0.000396397
0.000877966
0.00214361
0.00335834
0.00448289
0.00548537
0.00632956
0.00699072
0.00744178
0.00766282
0.00764279
0.00738047
0.00687877
0.0061433
0.00520545
0.00409301
0.00283449
0.0014841
9.13678e-05
-0.00129562
-0.00262539
-0.0038421
-0.00489186
-0.00572776
-0.00630979
-0.00661729
-0.00662084
-0.00632568
-0.0057375
-0.00488043
-0.00380098
-0.0025431
-0.00116988
0.00023705
0.00162069
0.00290265
0.00400232
0.00486617
0.00543148
0.00566698
0.0055566
0.00510391
0.00433785
0.00330684
0.00208274
0.000738993
-0.000593248
-0.00187199
-0.00298164
-0.00383873
-0.00437897
-0.00456038
-0.00437143
-0.00382896
-0.00298543
-0.00191115
-0.000700204
0.000499832
0.00163645
0.00257742
0.00323703
0.00354813
0.00348809
0.00307006
0.00234431
0.00139832
0.000341146
-0.000677902
-0.00159275
-0.00227313
-0.00264295
-0.00266629
-0.00235216
-0.00175547
-0.000967411
-0.000105395
0.000676943
0.00132086
0.0017115
0.00180256
0.00159452
0.00113556
0.000517817
-0.000119593
-0.00068777
-0.0010781
-0.00122468
-0.00111867
-0.000800445
-0.000344874
0.000134067
0.000556108
0.000830751
0.00091237
0.000800981
0.000536171
0.000183005
-0.000181314
-0.000484597
-0.000664049
-0.000691468
-0.000567036
-0.000319165
)
;

boundaryField
{
    freeSurface
    {
        type            calculated;
        value           nonuniform List<scalar> 
181
(
-0.0455229
-0.046055
-0.0465884
-0.047128
-0.0476758
-0.0482303
-0.0487964
-0.0493616
-0.0127515
-0.0130134
-0.0132729
-0.0135426
-0.0138915
-0.0144038
-0.0148164
-0.0153546
-0.0158282
-0.0163289
-0.0168024
-0.0172579
-0.0176913
-0.0180737
-0.0184001
-0.0186404
-0.0187951
-0.0188538
-0.0188062
-0.0186511
-0.0183757
-0.0179698
-0.0174225
-0.0167294
-0.0158905
-0.0149004
-0.0137717
-0.0124918
-0.0110729
-0.00951374
-0.00783337
-0.00603637
-0.0041458
-0.00216672
-0.000119701
0.00197332
0.00408725
0.00620431
0.00829492
0.0103342
0.0122929
0.0141357
0.0158351
0.0173634
0.0186729
0.0197419
0.0205553
0.0210685
0.0212532
0.0211188
0.0206376
0.0197933
0.0185842
0.0170264
0.0151273
0.0128924
0.010348
0.00753329
0.00448601
0.00125655
-0.00210801
-0.00552229
-0.00891949
-0.0122316
-0.0153565
-0.0182194
-0.0207454
-0.0228414
-0.0244353
-0.0254694
-0.0258389
-0.0255832
-0.024617
-0.0229384
-0.0205836
-0.0175651
-0.0139647
-0.00986844
-0.00537074
-0.000608913
0.00428538
0.00912203
0.0137608
0.0180129
0.0217008
0.0246866
0.0268121
0.0279455
0.0280673
0.0270984
0.0250201
0.0218804
0.0177787
0.0128474
0.00729653
0.00133134
-0.00480454
-0.0107715
-0.0163149
-0.0211306
-0.0249506
-0.0275507
-0.0287152
-0.0284397
-0.0266229
-0.0232995
-0.0186534
-0.0128761
-0.00631577
0.00068194
0.00766337
0.014189
0.0197936
0.0241103
0.0267875
0.027531
0.0264788
0.0234576
0.0187004
0.0125352
0.00542014
-0.00208435
-0.00935311
-0.0157773
-0.0207937
-0.0239149
-0.0247716
-0.0235366
-0.0200412
-0.0146659
-0.00791654
-0.000475296
0.00687344
0.013361
0.0182682
0.0210309
0.0212852
0.0193167
0.0150682
0.00913564
0.00228224
-0.00460132
-0.0105989
-0.0149161
-0.0169746
-0.0164803
-0.0138548
-0.00925444
-0.0035133
0.00243483
0.00760242
0.0111106
0.0123067
0.0113174
0.00824997
0.00378521
-0.00112406
-0.00549249
-0.00851199
-0.00955116
-0.00868703
-0.00605234
-0.00232538
0.0016462
0.00502582
0.00718311
0.00775066
0.00667545
0.0042162
0.000962596
-0.00241531
-0.00522492
-0.00686835
)
;
    }
    walls
    {
        type            calculated;
        value           uniform 0;
    }
    floatingObject
    {
        type            calculated;
        value           nonuniform List<scalar> 
37
(
0.0332965
0.0336864
0.0340764
0.034471
0.0348752
0.0352794
0.0356908
0.0361069
0.0365253
0.0369509
0.0373813
0.0378164
0.0382562
0.0387009
0.0391526
0.0396067
0.0400704
0.040534
0.0410072
0
2.71051e-20
0
-2.71051e-20
0
0
0
0
0
0
0
0
0
0
0
0
1.05879e-22
0
)
;
    }
    frontAndBack
    {
        type            empty;
    }
}


// ************************************************************************* //
