/*--------------------------------*- C++ -*----------------------------------*\
  =========                 |
  \\      /  F ield         | OpenFOAM: The Open Source CFD Toolbox
   \\    /   O peration     | Website:  https://openfoam.org
    \\  /    A nd           | Version:  12
     \\/     M anipulation  |
\*---------------------------------------------------------------------------*/
FoamFile
{
    format      ascii;
    class       surfaceScalarField;
    location    "5.02";
    object      phi;
}
// * * * * * * * * * * * * * * * * * * * * * * * * * * * * * * * * * * * * * //

dimensions      [1 0 -1 0 0 0 0];

internalField   nonuniform List<scalar> 
7429
(
6.54697e-05
-6.54699e-05
0.000131943
-6.64734e-05
0.000199153
-6.72104e-05
0.000267104
-6.7951e-05
0.000335806
-6.87018e-05
0.000405297
-6.94917e-05
0.000475645
-7.0348e-05
0.000546972
-7.13275e-05
0.000619458
-7.24856e-05
0.000693229
-7.37717e-05
0.000768089
-7.48598e-05
0.000843875
-7.57859e-05
0.000920481
-7.66063e-05
0.000997761
-7.72809e-05
0.00107567
-7.79047e-05
0.00115413
-7.84598e-05
0.0012331
-7.89703e-05
0.00131253
-7.9436e-05
0.00139238
-7.9847e-05
0.00147262
-8.02408e-05
0.0015532
-8.05764e-05
0.00163406
-8.08671e-05
0.00171517
-8.11035e-05
0.00179643
-8.12656e-05
0.00187778
-8.13525e-05
0.00195909
-8.13093e-05
0.00204023
-8.11393e-05
0.00212101
-8.07822e-05
0.00220123
-8.02145e-05
0.00228061
-7.93858e-05
0.00235888
-7.82667e-05
0.00243563
-7.67526e-05
0.00251045
-7.4816e-05
0.00258282
-7.23677e-05
0.00265222
-6.94026e-05
0.00271857
-6.63537e-05
0.00278165
-6.30783e-05
0.00284113
-5.94836e-05
0.00289657
-5.54382e-05
0.00294748
-5.09093e-05
0.0029933
-4.5814e-05
0.00303342
-4.01266e-05
0.00306729
-3.38709e-05
0.00309433
-2.70351e-05
0.00311379
-1.94577e-05
0.00312536
-1.15782e-05
0.00312762
-2.26039e-06
0.00311852
9.09985e-06
0.00309843
2.00967e-05
0.00306708
3.13476e-05
0.00302428
4.28024e-05
0.00296986
5.44217e-05
0.0029038
6.60527e-05
0.00282619
7.76158e-05
0.00273724
8.89522e-05
0.0026372
0.000100034
0.00252658
0.000110619
0.00240573
0.000120854
0.0022753
0.000130425
0.00213586
0.000139442
0.00198831
0.000147552
0.00183353
0.000154783
0.00167274
0.000160786
0.00150706
0.000165681
0.00133798
0.00016908
0.00116691
0.000171069
0.000995497
0.000171412
0.000825387
0.000170111
0.000658324
0.000167063
0.000496086
0.000162238
0.000340371
0.000155715
0.000192958
0.000147413
5.55674e-05
0.00013739
-7.0267e-05
0.000125834
-0.000183042
0.000112775
-0.000281434
9.83928e-05
-0.000364309
8.28747e-05
-0.000430669
6.63597e-05
-0.000479912
4.92431e-05
-0.000511568
3.16565e-05
-0.000525681
1.41123e-05
-0.000521224
-4.4569e-06
-0.000498622
-2.2602e-05
-0.000459493
-3.91289e-05
-0.000405168
-5.43252e-05
-0.000337032
-6.81353e-05
-0.000256916
-8.01165e-05
-0.000166724
-9.01916e-05
-6.87488e-05
-9.79753e-05
3.4527e-05
-0.000103276
0.00014043
-0.000105903
0.000246149
-0.000105719
0.000348851
-0.000102702
0.000445761
-9.69103e-05
0.000534124
-8.83632e-05
0.000611433
-7.73084e-05
0.000675395
-6.39627e-05
0.000724066
-4.8671e-05
0.000755873
-3.18065e-05
0.000769864
-1.39909e-05
0.000763553
6.31038e-06
0.000737526
2.60271e-05
0.000693079
4.44474e-05
0.000631444
6.16345e-05
0.000554138
7.73059e-05
0.000463233
9.09054e-05
0.000361269
0.000101964
0.000251247
0.000110022
0.000136542
0.000114705
2.07126e-05
0.000115829
-9.25095e-05
0.000113222
-0.000199437
0.000106927
-0.000296554
9.71176e-05
-0.000380583
8.40292e-05
-0.000448714
6.81311e-05
-0.000498669
4.99548e-05
-0.000528771
3.01021e-05
-0.00053815
9.37883e-06
-0.000524561
-1.35896e-05
-0.000489982
-3.45782e-05
-0.000435911
-5.40719e-05
-0.000364274
-7.16368e-05
-0.000277549
-8.67248e-05
-0.000178724
-9.88249e-05
-7.14196e-05
-0.000107305
4.0456e-05
-0.000111876
0.000153096
-0.00011264
0.000262528
-0.000109433
0.000364971
-0.000102443
0.000456975
-9.20041e-05
0.000535491
-7.8516e-05
0.000598055
-6.25632e-05
0.000642835
-4.47809e-05
0.00066881
-2.59747e-05
0.00067556
-6.74969e-06
0.00066243
1.31295e-05
0.000631222
3.1208e-05
0.000583417
4.78052e-05
0.000521033
6.2384e-05
0.000446591
7.44426e-05
0.000362896
8.36945e-05
0.000273017
8.98788e-05
0.000180073
9.29447e-05
8.71972e-05
9.28755e-05
-2.62502e-06
8.98223e-05
-8.66833e-05
8.40583e-05
-0.000162533
7.58493e-05
-0.000228127
6.55946e-05
-0.000281861
5.3734e-05
-0.000322637
4.07762e-05
-0.00034972
2.70822e-05
-0.000362996
1.32762e-05
-0.000362678
-3.17794e-07
-0.000349539
-1.31388e-05
-0.000324612
-2.4927e-05
-0.000289303
-3.53095e-05
-0.00024527
-4.40328e-05
-0.0001944
-5.08703e-05
-0.000138625
-5.57743e-05
-8.0002e-05
-5.86234e-05
-2.05631e-05
-5.94389e-05
3.7757e-05
-5.83201e-05
9.30997e-05
-5.53426e-05
0.000143822
-5.07226e-05
0.000188462
-4.46396e-05
0.000225823
-3.73612e-05
0.000254968
-2.91454e-05
0.000275213
-2.02442e-05
0.000286194
-1.09811e-05
0.000287801
-1.60697e-06
0.000280195
7.6056e-06
0.000263787
1.64077e-05
0.000239215
2.45726e-05
0.000207309
3.19057e-05
0.000169063
3.8246e-05
0.000125613
4.34504e-05
7.81835e-05
4.7429e-05
2.80629e-05
5.01206e-05
-2.34328e-05
5.14957e-05
-7.49957e-05
5.15629e-05
-0.000125347
5.03511e-05
-0.000173281
4.79347e-05
-0.000217655
4.4374e-05
-0.000257476
3.98209e-05
-0.000291835
3.43589e-05
-0.000319992
2.81563e-05
-0.000341347
2.13557e-05
-0.000355461
1.41136e-05
-0.000362043
6.58199e-06
-0.00036097
-1.07321e-06
-0.000352256
-8.71404e-06
-0.000336079
-1.61766e-05
-0.000312721
-2.33584e-05
-0.000282651
-3.00702e-05
-0.000246418
-3.62321e-05
-0.000204708
-4.17105e-05
-0.000158274
-4.64336e-05
-0.000108015
-5.02591e-05
-5.49011e-05
-5.31141e-05
-5.49011e-05
6.53341e-05
-0.000130804
0.000131634
-0.000132774
0.000198495
-0.000134072
0.000265843
-0.000135299
0.000333561
-0.00013642
0.000401531
-0.000137462
0.000469631
-0.000138448
0.000537733
-0.00013943
0.000605748
-0.000140502
0.000673747
-0.00014177
0.000742247
-0.00014336
0.0008119
-0.000145439
0.000882594
-0.000147301
0.000953959
-0.000148645
0.00102571
-0.000149658
0.00109769
-0.00015044
0.0011698
-0.000151083
0.00124206
-0.000151695
0.00131453
-0.000152314
0.00138725
-0.000152958
0.00146034
-0.000153667
0.0015339
-0.000154433
0.00160804
-0.000155244
0.00168281
-0.000156035
0.00175824
-0.000156783
0.00183427
-0.000157342
0.00191083
-0.000157697
0.00198767
-0.000157625
0.0020645
-0.000157039
0.00214089
-0.000155773
0.00221629
-0.000153671
0.00229028
-0.000150743
0.00236301
-0.000147544
0.00243481
-0.000144174
0.00250581
-0.000140403
0.00257536
-0.000135903
0.00264286
-0.000130569
0.00270758
-0.000124212
0.00276885
-0.000116704
0.00282594
-0.000108003
0.00287814
-9.80118e-05
0.00292468
-8.66682e-05
0.00296476
-7.39497e-05
0.00299768
-5.99509e-05
0.00302281
-4.45884e-05
0.00303933
-2.81035e-05
0.00304722
-1.01483e-05
0.00304164
1.46791e-05
0.00302398
3.77538e-05
0.00299419
6.11374e-05
0.00295211
8.48825e-05
0.00289767
0.000108865
0.00283087
0.00013285
0.00275178
0.000156708
0.00266053
0.000180207
0.00255737
0.00020319
0.00244272
0.000225271
0.00231694
0.000246639
0.00218069
0.000266668
0.00203459
0.000285543
0.00187964
0.0003025
0.001717
0.000317428
0.00154782
0.000329966
0.00137366
0.000339843
0.00119597
0.000346768
0.00101648
0.000350556
0.000836845
0.000351049
0.000659005
0.000347951
0.000484855
0.000341212
0.000316356
0.000330737
0.00015534
0.000316731
3.7431e-06
0.00029901
-0.00013646
0.000277593
-0.00026374
0.000253114
-0.00037646
0.000225495
-0.000473085
0.000195017
-0.000552491
0.000162281
-0.000613769
0.000127638
-0.000656095
9.15695e-05
-0.000679299
5.48602e-05
-0.000683427
1.82398e-05
-0.000666523
-2.13609e-05
-0.000631179
-5.79454e-05
-0.000578411
-9.18967e-05
-0.000509372
-0.000123364
-0.000425689
-0.000151819
-0.000329329
-0.000176476
-0.000222732
-0.000196788
-0.000108382
-0.000212325
1.08632e-05
-0.000222521
0.000132037
-0.000227077
0.000252055
-0.000225736
0.000367805
-0.000218452
0.000476238
-0.000205343
0.000574442
-0.000186568
0.000659668
-0.000162534
0.000729434
-0.000133728
0.000781759
-0.000100996
0.000814739
-6.47872e-05
0.00082769
-2.69417e-05
0.000818393
1.56076e-05
0.000788081
5.63388e-05
0.000737708
9.48206e-05
0.000668474
0.000130869
0.000582213
0.000163567
0.000481356
0.000191762
0.000368905
0.000214415
0.000248223
0.000230704
0.000123111
0.000239817
-2.4928e-06
0.000241433
-0.000124543
0.000235272
-0.000239026
0.00022141
-0.000342198
0.000200289
-0.000430576
0.000172407
-0.000501264
0.000138819
-0.000551754
0.000100445
-0.000580519
5.88669e-05
-0.000586652
1.55118e-05
-0.000569231
-3.10106e-05
-0.000529932
-7.38766e-05
-0.000470227
-0.000113777
-0.000392265
-0.000149599
-0.000299014
-0.000179976
-0.000194048
-0.000203791
-8.11165e-05
-0.000220236
3.57566e-05
-0.000228749
0.000152318
-0.000229201
0.000264447
-0.000221561
0.00036833
-0.000206326
0.000460546
-0.00018422
0.000538091
-0.000156062
0.000598721
-0.000123194
0.000640703
-8.67628e-05
0.000663058
-4.83294e-05
0.000665822
-9.51351e-06
0.000649245
2.97063e-05
0.000614677
6.57758e-05
0.00056388
9.86021e-05
0.000499122
0.000127142
0.00042307
0.000150494
0.000338676
0.000168089
0.000249023
0.000179531
0.000157242
0.000184726
6.63968e-05
0.00018372
-2.06302e-05
0.000176849
-0.000101276
0.000164704
-0.000173274
0.000147847
-0.000234747
0.000127068
-0.000284329
0.000103315
-0.000321007
7.74541e-05
-0.000344398
5.04735e-05
-0.000354404
2.32823e-05
-0.00035151
-3.21153e-06
-0.000336443
-2.82056e-05
-0.000310378
-5.09924e-05
-0.000274756
-7.09317e-05
-0.000231209
-8.75794e-05
-0.000181502
-0.000100577
-0.000127629
-0.000109647
-7.14614e-05
-0.000114791
-1.49331e-05
-0.000115967
4.01442e-05
-0.000113397
9.20887e-05
-0.000107287
0.000139368
-9.80021e-05
0.000180702
-8.5973e-05
0.00021501
-7.16698e-05
0.000241468
-5.56033e-05
0.000259545
-3.8321e-05
0.000268929
-2.03653e-05
0.000269594
-2.27182e-06
0.000261736
1.54639e-05
0.000245798
3.23457e-05
0.000222395
4.79758e-05
0.000192335
6.19651e-05
0.000156564
7.40168e-05
0.000116139
8.38762e-05
7.22141e-05
9.13535e-05
2.59732e-05
9.63615e-05
-2.1384e-05
9.88529e-05
-6.86568e-05
9.88357e-05
-0.000114684
9.63782e-05
-0.00015839
9.1641e-05
-0.000198734
8.47177e-05
-0.000234841
7.5928e-05
-0.000265899
6.54168e-05
-0.000291271
5.35286e-05
-0.00031041
4.04948e-05
-0.000322944
2.66478e-05
-0.000328637
1.22746e-05
-0.00032738
-2.32985e-06
-0.000319252
-1.68428e-05
-0.000304357
-3.10714e-05
-0.000283046
-4.46694e-05
-0.000255688
-5.74281e-05
-0.000222809
-6.91107e-05
-0.000185033
-7.9487e-05
-0.000143009
-8.84579e-05
-9.75792e-05
-9.56885e-05
-4.95856e-05
-0.000101108
-0.000104487
6.44374e-05
-0.000195242
0.000129307
-0.000197643
0.000194354
-0.00019912
0.000259248
-0.000200193
0.000323722
-0.000200895
0.000387527
-0.000201267
0.00045044
-0.00020136
0.000512301
-0.000201291
0.000572976
-0.000201177
0.000632554
-0.000201349
0.000691216
-0.000202022
0.000749599
-0.000203822
0.000808022
-0.000205725
0.000866098
-0.000206722
0.000923617
-0.000207176
0.000980592
-0.000207416
0.00103724
-0.000207727
0.00109383
-0.000208292
0.00115071
-0.000209189
0.0012082
-0.000210456
0.00126666
-0.000212125
0.00132646
-0.000214232
0.001388
-0.000216788
0.00145158
-0.000219612
0.00151754
-0.000222742
0.00158607
-0.000225872
0.00165728
-0.00022891
0.00173136
-0.000231699
0.00180824
-0.000233927
0.00188799
-0.000235514
0.0019701
-0.000235789
0.00205421
-0.000234854
0.00213932
-0.000232649
0.00222529
-0.000230144
0.00231191
-0.000227024
0.00239865
-0.000222641
0.00248479
-0.000216708
0.00256939
-0.000208813
0.00265147
-0.000198781
0.00272995
-0.000186489
0.00280368
-0.000171737
0.00287155
-0.00015454
0.00293205
-0.000134448
0.00298452
-0.000112429
0.00302662
-8.66822e-05
0.00305844
-5.99302e-05
0.00307846
-3.01615e-05
0.00308605
7.08931e-06
0.00307918
4.46235e-05
0.00305772
8.25924e-05
0.0030214
0.000121201
0.00296998
0.000160288
0.00290337
0.000199461
0.00282135
0.00023873
0.00272417
0.00027739
0.00261203
0.000315322
0.00248529
0.000352017
0.00234461
0.00038732
0.00219073
0.000420547
0.00202477
0.0004515
0.00184805
0.000479225
0.00166201
0.000503463
0.00146825
0.000523724
0.0012688
0.000539294
0.00106535
0.000550218
0.000860208
0.0005557
0.00065534
0.000555917
0.000453113
0.000550179
0.000255873
0.000538452
6.6005e-05
0.000520605
-0.000114294
0.00049703
-0.000282503
0.000467219
-0.000436626
0.000431716
-0.000574512
0.000391
-0.00069437
0.000345353
-0.000794435
0.000295082
-0.000873415
0.000241261
-0.000930271
0.000184494
-0.000964262
0.00012556
-0.000975403
6.60015e-05
-0.000962541
5.37825e-06
-0.000926037
-5.78652e-05
-0.00086822
-0.000115762
-0.00078994
-0.000170177
-0.000692773
-0.000220532
-0.000578959
-0.000265632
-0.000450965
-0.00030447
-0.000311722
-0.000336032
-0.000164465
-0.000359583
-1.27134e-05
-0.000374272
0.000139983
-0.000379773
0.000289889
-0.000375642
0.00043316
-0.000361723
0.000566128
-0.000338311
0.000685349
-0.000305789
0.000787622
-0.000264807
0.00086991
-0.000216016
0.000930232
-0.000161318
0.000967043
-0.000101598
0.000978115
-3.80137e-05
0.000962756
3.09659e-05
0.000922469
9.66261e-05
0.000858041
0.000159248
0.000771047
0.000217863
0.000663998
0.000270616
0.000540124
0.000315637
0.000403189
0.00035135
0.000257461
0.000376432
0.000107535
0.000389743
-4.17416e-05
0.00039071
-0.000185514
0.000379045
-0.000318984
0.00035488
-0.000437877
0.000319183
-0.000538184
0.000272714
-0.000616666
0.0002173
-0.000670673
0.000154453
-0.000698616
8.68099e-05
-0.000700048
1.69436e-05
-0.00067452
-5.65385e-05
-0.000624046
-0.000124351
-0.000550513
-0.000187309
-0.000457008
-0.000243104
-0.000347193
-0.000289791
-0.000225218
-0.000325765
-9.58193e-05
-0.000349635
3.62585e-05
-0.000360827
0.000166269
-0.000359212
0.000289598
-0.00034489
0.000402137
-0.000318865
0.000500232
-0.000282315
0.000580874
-0.000236703
0.000641788
-0.000184108
0.000681639
-0.000126614
0.00069992
-6.66103e-05
0.000696408
-6.00153e-06
0.00067293
5.31838e-05
0.000630579
0.000108127
0.000571638
0.000157544
0.000498866
0.000199914
0.000415336
0.000234024
0.000324363
0.000259063
0.00022924
0.000274654
0.000133292
0.000280674
3.96781e-05
0.000277334
-4.87187e-05
0.000265246
-0.000129444
0.000245429
-0.00020027
0.000218673
-0.00025956
0.000186358
-0.000306125
0.00014988
-0.000339186
0.000110515
-0.000358565
6.98523e-05
-0.000364435
2.91524e-05
-0.000357485
-1.0161e-05
-0.000338671
-4.70201e-05
-0.000309297
-8.03665e-05
-0.00027092
-0.000109309
-0.000225246
-0.000133254
-0.000174168
-0.000151655
-0.000119596
-0.000164219
-6.34133e-05
-0.000170974
-7.52115e-06
-0.000171859
4.63929e-05
-0.000167311
9.67086e-05
-0.000157603
0.000142066
-0.00014336
0.000181262
-0.000125169
0.00021338
-0.000103788
0.000237721
-7.99439e-05
0.000253811
-5.44112e-05
0.00026153
-2.80836e-05
0.000260894
-1.63582e-06
0.000252196
2.41616e-05
0.000235907
4.86344e-05
0.000212674
7.12085e-05
0.000183308
9.13318e-05
0.000148746
0.000108579
0.000110033
0.000122589
6.82334e-05
0.000133153
2.44764e-05
0.000140118
-2.0053e-05
0.000143382
-6.4301e-05
0.000143084
-0.000107209
0.000139286
-0.000147758
0.00013219
-0.000185037
0.000121997
-0.00021824
0.000109131
-0.00024666
9.38364e-05
-0.000269728
7.65973e-05
-0.000286989
5.77558e-05
-0.000298115
3.77738e-05
-0.00030294
1.70993e-05
-0.000301404
-3.86579e-06
-0.000293515
-2.47317e-05
-0.000279535
-4.50513e-05
-0.0002597
-6.45044e-05
-0.000234413
-8.27155e-05
-0.000204108
-9.94158e-05
-0.000169359
-0.000114236
-0.000130849
-0.000126968
-8.92445e-05
-0.000137293
-4.53456e-05
-0.000145007
-0.000149832
8.15381e-05
-0.00027678
0.000163517
-0.000279623
0.000245576
-0.000281179
0.000327238
-0.000281855
0.000407936
-0.000281593
0.000487073
-0.000280405
0.00056389
-0.000278177
0.000637681
-0.000275083
0.000707603
-0.0002711
0.000773282
-0.000267028
0.000834918
-0.000263658
0.000892557
-0.000261462
0.000945607
-0.000258775
0.000993651
-0.000254766
0.00103649
-0.000250019
0.00107462
-0.000245542
0.00110885
-0.000241959
0.00114028
-0.000239718
0.00117024
-0.000239156
0.0012003
-0.000240508
0.00123194
-0.000243767
0.00126675
-0.000249047
0.0013062
-0.000256236
0.00135161
-0.000265021
0.00140397
-0.000275098
0.00146405
-0.000285953
0.00153196
-0.000296822
0.00160751
-0.000307246
0.00168933
-0.000315754
0.00177605
-0.000322226
0.00186581
-0.000325559
0.00196017
-0.000329209
0.00206066
-0.000333138
0.00216633
-0.000335817
0.00227576
-0.000336457
0.0023875
-0.000334377
0.0024999
-0.000329107
0.00261145
-0.000320365
0.00272053
-0.000307863
0.00282545
-0.000291405
0.00292456
-0.000270848
0.00301593
-0.000245909
0.0030988
-0.000217319
0.00317004
-0.000183668
0.0032307
-0.000147339
0.00327682
-0.000106054
0.00330742
-6.07665e-05
0.00332468
-1.01699e-05
0.00332127
4.80358e-05
0.00329957
0.000104295
0.00325966
0.000161107
0.00320142
0.000218533
0.00312461
0.00027627
0.00302937
0.000333972
0.00291564
0.00039112
0.00278334
0.000447619
0.00263325
0.000502105
0.00246609
0.000554484
0.00228312
0.000603513
0.00208551
0.000649114
0.00187519
0.00068954
0.00165378
0.000724873
0.00142356
0.000753945
0.00118682
0.000776036
0.000945941
0.000791096
0.000703479
0.000798163
0.000462287
0.000797109
0.000225122
0.000787344
-5.01395e-06
0.000768588
-0.000225199
0.00074079
-0.000432688
0.000704519
-0.00062465
0.000659181
-0.000798426
0.000605492
-0.000951764
0.000544339
-0.00108229
0.000475875
-0.0011881
0.000400899
-0.00126801
0.000321168
-0.00132031
0.000236789
-0.00134473
0.000149982
-0.00134089
6.21693e-05
-0.00130527
-3.0242e-05
-0.00124469
-0.000118453
-0.00115809
-0.000202358
-0.00104681
-0.000281456
-0.000913239
-0.000354105
-0.000760104
-0.000418767
-0.000590909
-0.000473665
-0.000409259
-0.000517682
-0.000219238
-0.000549603
-2.51518e-05
-0.000568359
0.000168381
-0.000573306
0.000356758
-0.000564019
0.00053523
-0.000540195
0.000699587
-0.000502668
0.000845599
-0.000451802
0.000969454
-0.000388661
0.00106765
-0.000314215
0.00113715
-0.000230819
0.00117634
-0.000140784
0.00118463
-4.63018e-05
0.00116044
5.51557e-05
0.00110555
0.000151511
0.00102108
0.000243718
0.000909378
0.000329566
0.000773773
0.000406221
0.000618525
0.000470885
0.000448453
0.000521422
0.00026894
0.000555944
8.58535e-05
0.00057283
-9.49012e-05
0.000571465
-0.000267519
0.000551663
-0.000426039
0.0005134
-0.00056559
0.000458734
-0.000681147
0.000388271
-0.000769424
0.000305577
-0.000827494
0.000212523
-0.000853668
0.000112983
-0.000847303
1.05786e-05
-0.000810391
-9.345e-05
-0.000744152
-0.000190591
-0.000651554
-0.000279906
-0.000536617
-0.000358042
-0.000404045
-0.000422363
-0.00025918
-0.00047063
-0.000107669
-0.000501146
4.48163e-05
-0.000513312
0.000192788
-0.000507183
0.000331037
-0.00048314
0.000455004
-0.000442832
0.000560849
-0.00038816
0.000645493
-0.000321348
0.000706997
-0.000245612
0.000744243
-0.000163859
0.000756945
-7.93125e-05
0.000745795
5.148e-06
0.000712872
8.61077e-05
0.000660043
0.000160956
0.000590174
0.000227412
0.000506566
0.000283521
0.000412799
0.000327791
0.000312537
0.000359325
0.000209555
0.000377637
0.000107284
0.000382945
9.0904e-06
0.000375528
-8.22471e-05
0.000356584
-0.000164142
0.000327324
-0.000234655
0.000289186
-0.000292252
0.000243955
-0.000335946
0.000193574
-0.000365326
0.000139895
-0.000380414
8.49411e-05
-0.000381591
3.03286e-05
-0.000369963
-2.17885e-05
-0.000346588
-7.03948e-05
-0.000312984
-0.000113971
-0.000270861
-0.000151431
-0.00022208
-0.000182035
-0.000168564
-0.000205171
-0.000112327
-0.000220456
-5.5186e-05
-0.000228116
9.56005e-07
-0.000228001
5.45083e-05
-0.000220864
0.000103907
-0.000207001
0.000147923
-0.000187376
0.000185457
-0.000162703
0.000215729
-0.00013406
0.000238145
-0.00010236
0.000252396
-6.86626e-05
0.000258404
-3.40909e-05
0.000256337
4.31431e-07
0.000246518
3.39802e-05
0.000229513
6.56396e-05
0.000206012
9.47094e-05
0.000176845
0.000120499
0.00014294
0.000142483
0.000105319
0.00016021
6.50155e-05
0.000173456
2.31554e-05
0.000181979
-1.92532e-05
0.000185791
-6.113e-05
0.000184961
-0.00010152
0.000179677
-0.000139485
0.000170154
-0.000174227
0.000156739
-0.000204976
0.00013988
-0.000231144
0.000120004
-0.000252205
9.76587e-05
-0.00026781
7.33606e-05
-0.00027768
4.76439e-05
-0.000281675
2.10945e-05
-0.000279764
-5.77655e-06
-0.000272085
-3.24112e-05
-0.000258748
-5.83887e-05
-0.000240076
-8.31762e-05
-0.000216452
-0.000106339
-0.000188293
-0.000127574
-0.000156135
-0.000146394
-0.000120545
-0.000162558
-8.21794e-05
-0.000175659
-4.17488e-05
-0.000185437
-0.000191581
0.000108864
-0.000385645
0.00021652
-0.000387279
0.000322285
-0.000386944
0.00042477
-0.000384341
0.000523333
-0.000380156
0.000617429
-0.000374501
0.000706015
-0.000366764
0.000787706
-0.000356774
0.000858342
-0.000341736
0.000916394
-0.00032508
0.000960098
-0.000307362
0.000988365
-0.00028973
0.00100273
-0.000273142
0.00100621
-0.000258241
0.00100187
-0.000245687
0.000992347
-0.000236016
0.000980084
-0.000229696
0.000967337
-0.000226971
0.000956282
-0.000228101
0.000948862
-0.000233088
0.000946798
-0.000241704
0.000951728
-0.000253977
0.000965039
-0.000269548
0.000988518
-0.000288501
0.00102341
-0.000309992
0.001071
-0.000333539
0.00113113
-0.00035695
0.00120195
-0.00037807
0.00128005
-0.000393853
0.00136866
-0.000410838
0.00147339
-0.000430291
0.00159363
-0.000449452
0.00172628
-0.000465786
0.00186907
-0.0004786
0.00201946
-0.000486847
0.00217507
-0.000489993
0.00233344
-0.000487472
0.00249217
-0.000479101
0.00264869
-0.000464382
0.00280049
-0.000443199
0.00294518
-0.000415538
0.00308051
-0.000381242
0.00320311
-0.000339923
0.00331265
-0.000293205
0.00340326
-0.000237948
0.00347544
-0.000178241
0.00352835
-0.000113673
0.00356438
-4.61978e-05
0.00357549
3.69277e-05
0.00356415
0.000115636
0.00352956
0.000195695
0.0034713
0.000276791
0.00338883
0.000358742
0.00328211
0.000440687
0.00315152
0.00052171
0.00299755
0.000601591
0.00282161
0.000678041
0.0026245
0.000751598
0.00240798
0.00082003
0.00217406
0.000883032
0.00192484
0.000938767
0.00166267
0.000987035
0.00139046
0.00102616
0.00111063
0.00105586
0.000826633
0.0010751
0.000541604
0.00108319
0.000258901
0.00107981
-1.79309e-05
0.00106418
-0.000285367
0.00103602
-0.000539942
0.000995365
-0.000778331
0.000942909
-0.000997147
0.000877997
-0.00119317
0.000801513
-0.00136364
0.000714808
-0.00150593
0.000618166
-0.00161788
0.00051285
-0.00169738
0.000400671
-0.00174424
0.000283645
-0.00175606
0.000161808
-0.0017339
4.00049e-05
-0.00167673
-8.74122e-05
-0.00158763
-0.000207551
-0.0014673
-0.000322686
-0.00131802
-0.000430737
-0.00114272
-0.000529409
-0.000944936
-0.000616548
-0.000729022
-0.000689578
-0.000499565
-0.00074714
-0.000261653
-0.000787515
-2.05125e-05
-0.0008095
0.000218368
-0.000812187
0.000449271
-0.000794922
0.000666596
-0.00075752
0.000864967
-0.00070104
0.00103925
-0.000626089
0.00118534
-0.000534746
0.00129956
-0.000428441
0.00137858
-0.000309832
0.00142013
-0.000182334
0.00142292
-4.90955e-05
0.00138663
9.14531e-05
0.00131315
0.000224984
0.00120426
0.000352615
0.00106311
0.000470714
0.000894047
0.000575284
0.000702412
0.000662519
0.000494258
0.000729576
0.000276233
0.000773969
5.54579e-05
0.000793605
-0.000160713
0.000787635
-0.000365069
0.000756019
-0.000550972
0.000699303
-0.000712409
0.000620171
-0.000843869
0.000519731
-0.000941579
0.000403287
-0.00100257
0.000273516
-0.00102532
0.000135732
-0.00100882
-5.9262e-06
-0.000957459
-0.000144807
-0.000872074
-0.000275975
-0.000756833
-0.000395148
-0.000617013
-0.000497862
-0.000458655
-0.000580721
-0.000288108
-0.000641178
-0.000112134
-0.000677121
6.25892e-05
-0.000688034
0.000229734
-0.000674328
0.000383586
-0.000636992
0.000519091
-0.000578337
0.000632383
-0.000501452
0.00072042
-0.000409385
0.000781388
-0.000306579
0.000814561
-0.000197032
0.000820266
-8.50183e-05
0.000800183
2.52311e-05
0.000756306
0.000129985
0.000691599
0.000225662
0.000609546
0.000309465
0.000514071
0.000378997
0.000409263
0.000432599
0.000299274
0.000469314
0.000187992
0.000488918
7.91303e-05
0.000491807
-2.36674e-05
0.000478326
-0.000117772
0.000450688
-0.000200764
0.000410315
-0.000270721
0.000359143
-0.000326395
0.00029963
-0.000367086
0.000234265
-0.000392398
0.000165208
-0.000402907
9.54503e-05
-0.000399332
2.67529e-05
-0.000382735
-3.83852e-05
-0.000354644
-9.84859e-05
-0.000316691
-0.000151924
-0.000270735
-0.000197387
-0.000218764
-0.000234006
-0.000162761
-0.000261174
-0.000104739
-0.000278478
-4.65972e-05
-0.000286258
9.92251e-06
-0.000284521
6.31756e-05
-0.000274117
0.000111748
-0.000255574
0.00015449
-0.000230117
0.00019046
-0.000198674
0.000218959
-0.000162559
0.000239521
-0.000122923
0.000251955
-8.10962e-05
0.000256288
-3.84241e-05
0.00025277
3.94967e-06
0.00024184
4.49097e-05
0.00022405
8.34293e-05
0.000200188
0.000118572
0.000171084
0.000149603
0.000137674
0.000175893
0.00010096
0.000196924
6.19548e-05
0.000212462
2.16956e-05
0.000222238
-1.88449e-05
0.000226331
-5.86287e-05
0.000224744
-9.67892e-05
0.000217837
-0.00013245
0.000205815
-0.000164896
0.000189185
-0.000193437
0.000168421
-0.00021759
0.000144158
-0.000236862
0.000116931
-0.000250954
8.74522e-05
-0.000259675
5.63645e-05
-0.000262898
2.43173e-05
-0.000260655
-8.01872e-06
-0.000253055
-4.00115e-05
-0.000240312
-7.11319e-05
-0.000222683
-0.000100805
-0.000200533
-0.000128489
-0.000174273
-0.000153835
-0.00014438
-0.000176287
-0.000111396
-0.000195541
-7.59049e-05
-0.00021115
-3.85466e-05
-0.000222796
-0.000230128
0.000146295
-0.000531939
0.000292143
-0.000533128
0.000438144
-0.000532944
0.000583431
-0.000529628
0.000725939
-0.000522665
0.00086486
-0.000513422
0.000994522
-0.000496426
0.00112128
-0.000483532
0.00123286
-0.000453316
0.00133315
-0.000425372
0.00141078
-0.000384996
0.00146381
-0.000342757
0.0014888
-0.000298129
0.00148589
-0.000255331
0.0014576
-0.000217396
0.0014087
-0.00018712
0.00134316
-0.000164153
0.0012642
-0.000148014
0.00117472
-0.000138621
0.00107734
-0.000135711
0.000975859
-0.000140219
0.000876372
-0.00015449
0.000787328
-0.000180505
0.000718741
-0.000219914
0.000677329
-0.00026858
0.000673058
-0.000329267
0.000701638
-0.00038553
0.000775357
-0.000451789
0.000875826
-0.000494322
0.00100783
-0.000542838
0.00115973
-0.000582197
0.00133087
-0.000620588
0.00151747
-0.000652385
0.00171667
-0.000677798
0.00192493
-0.000695113
0.00213833
-0.000703388
0.00235296
-0.000702109
0.00256529
-0.000691425
0.00277169
-0.000670789
0.0029691
-0.0006406
0.00315471
-0.000601151
0.00332449
-0.000551024
0.00347869
-0.000494127
0.00361305
-0.000427562
0.00372758
-0.000352478
0.00382
-0.000270659
0.003888
-0.000181674
0.00392616
-8.43616e-05
0.00393959
2.35016e-05
0.00392562
0.000129608
0.003884
0.000237317
0.00381406
0.000346726
0.00371613
0.00045667
0.0035892
0.00056762
0.00343432
0.000676589
0.00325226
0.000783651
0.00304375
0.000886553
0.00281101
0.00098434
0.00255636
0.00107468
0.00228153
0.00115786
0.00198932
0.00123098
0.00168274
0.00129361
0.00136455
0.00134435
0.00103889
0.00138153
0.000709
0.00140498
0.000379036
0.00141316
5.28543e-05
0.00140599
-0.000265499
0.00138253
-0.00057182
0.00134234
-0.00086189
0.00128544
-0.00113191
0.00121293
-0.00137785
0.00112393
-0.00159609
0.00101976
-0.00178369
0.000902409
-0.00193721
0.000771687
-0.00205435
0.000629989
-0.00213321
0.000479526
-0.00217171
0.000322146
-0.00217167
0.000161765
-0.00212678
-4.87912e-06
-0.00204569
-0.000168501
-0.00192599
-0.000327256
-0.00176982
-0.000478853
-0.00158043
-0.000620126
-0.00136155
-0.00074829
-0.00111751
-0.000860588
-0.000853398
-0.000953693
-0.000574736
-0.0010258
-0.000287461
-0.00107479
1.87422e-06
-0.00109883
0.000286783
-0.0010971
0.000560727
-0.00106887
0.000817238
-0.00101403
0.0010499
-0.000933704
0.00125269
-0.000828877
0.00142033
-0.000702391
0.00154884
-0.000556947
0.00163474
-0.000395729
0.00167552
-0.000223118
0.00166939
-4.29661e-05
0.00162002
0.000140827
0.00152599
0.000319016
0.00139018
0.000488423
0.001217
0.000643887
0.00101192
0.000780372
0.000781564
0.000892871
0.000533365
0.000977774
0.000275377
0.00103196
1.60771e-05
0.00105291
-0.000236
0.00103971
-0.00047251
0.00099253
-0.000685562
0.000912354
-0.000867986
0.000802595
-0.0010142
0.000665943
-0.00111924
0.000508333
-0.00118101
0.000335285
-0.00119773
0.00015245
-0.00117048
-3.31786e-05
-0.0011017
-0.000213583
-0.000994864
-0.000382814
-0.000855222
-0.000534791
-0.000689245
-0.000663838
-0.000504108
-0.000765857
-0.000307446
-0.000837839
-0.000107179
-0.000877388
8.91126e-05
-0.000884326
0.000274485
-0.000859701
0.000442519
-0.000805026
0.00058804
-0.000723857
0.000707002
-0.000620414
0.000796555
-0.000498937
0.000855314
-0.000365339
0.000882987
-0.000224705
0.000880424
-8.24549e-05
0.000850099
5.55558e-05
0.000794733
0.000185351
0.000718001
0.000302394
0.000623982
0.000403484
0.000517013
0.000485966
0.000401678
0.000547934
0.000282707
0.000588285
0.00016404
0.000607585
5.00557e-05
0.000605791
-5.67326e-05
0.000585114
-0.000152783
0.000546738
-0.000235988
0.00049352
-0.000304631
0.000427787
-0.000357765
0.000352763
-0.000394823
0.000271323
-0.000416171
0.000186555
-0.00042214
0.000101419
-0.000413604
1.82172e-05
-0.000392401
-5.95887e-05
-0.000359894
-0.000130993
-0.000317924
-0.000193894
-0.000268584
-0.000246727
-0.000213862
-0.000288727
-0.000155856
-0.000319179
-9.64397e-05
-0.000337895
-3.76898e-05
-0.000345008
1.87626e-05
-0.000340974
7.14381e-05
-0.000326792
0.000118993
-0.000303128
0.000160325
-0.000271449
0.000194608
-0.000232957
0.000221272
-0.000189222
0.000239988
-0.000141639
0.000250669
-9.17777e-05
0.00025341
-4.11652e-05
0.000248518
8.84191e-06
0.000236563
5.68649e-05
0.000218145
0.000101848
0.000194003
0.000142713
0.000165046
0.000178561
0.000132191
0.000208747
9.64139e-05
0.000232702
5.86911e-05
0.000250184
1.99701e-05
0.000260959
-1.86896e-05
0.000264991
-5.64613e-05
0.000262516
-9.24783e-05
0.000253854
-0.000125957
0.000239294
-0.00015624
0.000219467
-0.000182734
0.000194915
-0.00020498
0.000166404
-0.000222628
0.000134579
-0.000235331
0.000100156
-0.000243004
6.40379e-05
-0.00024553
2.68429e-05
-0.000243014
-1.05346e-05
-0.000235499
-4.75267e-05
-0.000223297
-8.33333e-05
-0.000206637
-0.000117466
-0.000185865
-0.000149261
-0.000161361
-0.000178339
-0.000133568
-0.000204079
-0.000102987
-0.000226122
-7.01383e-05
-0.000243999
-3.56014e-05
-0.000257332
-0.000265729
0.000336114
-0.000868054
0.000668148
-0.000865162
0.000995949
-0.000860745
0.00130929
-0.000842971
0.00160082
-0.000814197
0.00186184
-0.000774436
0.00207146
-0.000706046
0.00223285
-0.000644928
0.00229413
-0.000514587
0.00228254
-0.000413783
0.00220529
-0.000307747
0.00207836
-0.000215827
0.00190729
-0.000127061
0.00169394
-4.19852e-05
0.00144433
3.22175e-05
0.0011849
7.23135e-05
0.000920637
0.000100105
0.00065835
0.000114273
0.000405049
0.00011468
0.000168113
0.000101225
-4.69296e-05
7.48231e-05
-0.000235691
3.42707e-05
-0.000364376
-5.18198e-05
-0.000431196
-0.000153094
-0.000448406
-0.00025137
-0.000409713
-0.00036796
-0.000306768
-0.000488476
-0.000143605
-0.000614952
6.42245e-05
-0.000702151
0.000284184
-0.000762798
0.000522255
-0.000820268
0.000779995
-0.000878328
0.00105289
-0.000925282
0.00133538
-0.000960289
0.00162343
-0.000983162
0.00191347
-0.000993422
0.00220166
-0.000990299
0.002484
-0.000973765
0.00275746
-0.000944252
0.00301693
-0.000900069
0.00325945
-0.000843678
0.00348307
-0.000774644
0.00368217
-0.000693226
0.00385565
-0.000601035
0.00400138
-0.000498209
0.00411689
-0.000386168
0.00420071
-0.000265496
0.00425411
-0.00013776
0.00427832
-7.10926e-07
0.00426941
0.00013852
0.00422652
0.000280209
0.00414851
0.000424736
0.00403561
0.00056956
0.00388936
0.000713876
0.00371013
0.000855822
0.00349929
0.000994488
0.00325924
0.0011266
0.00299143
0.00125215
0.00269821
0.00136789
0.00238247
0.0014736
0.00204769
0.00156577
0.00169718
0.00164412
0.0013346
0.00170693
0.000964156
0.00175197
0.00058994
0.0017792
0.000216406
0.00178669
-0.000151993
0.00177439
-0.000510132
0.00174067
-0.000853453
0.00168567
-0.00117714
0.00160912
-0.00147686
0.00151266
-0.00174809
0.00139516
-0.00198667
0.00125834
-0.00218878
0.00110451
-0.00235148
0.000934387
-0.00247204
0.000750554
-0.00254865
0.000556137
-0.00257917
0.000352661
-0.00256238
0.000144984
-0.00249934
-6.79254e-05
-0.00239174
-0.000276104
-0.00224077
-0.000478217
-0.00204891
-0.000670719
-0.00181971
-0.000849325
-0.00155749
-0.00101051
-0.00126743
-0.00115064
-0.000955643
-0.00126548
-0.000628695
-0.00135275
-0.000293731
-0.00140975
4.17849e-05
-0.00143435
0.000370444
-0.00142575
0.000684494
-0.00138292
0.000976524
-0.00130606
0.00124019
-0.00119737
0.00146839
-0.00105708
0.00165538
-0.000889377
0.00179624
-0.000697805
0.00188737
-0.000486863
0.00192667
-0.000262417
0.00191172
-2.80133e-05
0.00184526
0.000207286
0.00172844
0.000435837
0.00156479
0.000652068
0.00135922
0.000849461
0.00111825
0.00102134
0.000849744
0.00116138
0.000562204
0.00126531
0.000265233
0.00132893
-3.13709e-05
0.00134951
-0.000317641
0.00132598
-0.00058406
0.00125895
-0.000821642
0.00114994
-0.00102264
0.00100359
-0.00118078
0.000824084
-0.0012912
0.000618757
-0.0013513
0.000395381
-0.0013602
0.000161349
-0.00131963
-7.37488e-05
-0.00123238
-0.000300837
-0.00110337
-0.000511819
-0.000939183
-0.000698978
-0.000747368
-0.000855653
-0.000536489
-0.000976736
-0.000315446
-0.00105888
-9.27957e-05
-0.00110004
0.000122699
-0.00109982
0.000323667
-0.00106067
0.000503194
-0.000984553
0.000656106
-0.00087677
0.00077819
-0.000742498
0.000867155
-0.000587903
0.000921803
-0.000419987
0.000942595
-0.000245496
0.000931368
-7.12277e-05
0.000890625
9.62984e-05
0.000823918
0.000252058
0.000735524
0.000390788
0.000630291
0.000508717
0.000513111
0.000603146
0.000388991
0.000672054
0.000262626
0.00071465
0.000138239
0.000731973
2.00496e-05
0.000723981
-8.85239e-05
0.000693688
-0.000185068
0.000643282
-0.000267342
0.000575795
-0.000333891
0.000494335
-0.000383884
0.000402756
-0.000417237
0.000304676
-0.000434062
0.000203381
-0.000435418
0.000102774
-0.000422825
5.62446e-06
-0.00039721
-8.5203e-05
-0.000360865
-0.000167339
-0.000315645
-0.000239114
-0.000263613
-0.000298758
-0.000206892
-0.000345449
-0.000147561
-0.00037851
-8.76319e-05
-0.000397824
-2.87935e-05
-0.000403846
2.70861e-05
-0.000396853
7.87014e-05
-0.000378408
0.000124842
-0.000349269
0.000164498
-0.000311105
0.000196966
-0.000265425
0.000221742
-0.000213998
0.000238607
-0.000158504
0.00024756
-0.000100731
0.000248831
-4.24362e-05
0.000242795
1.48783e-05
0.000230007
6.96532e-05
0.000211118
0.000120736
0.000186948
0.000166884
0.000158327
0.000207181
0.000126214
0.00024086
9.15193e-05
0.000267397
5.51988e-05
0.000286505
1.8198e-05
0.00029796
-1.86311e-05
0.00030182
-5.43751e-05
0.00029826
-8.82825e-05
0.000287762
-0.000119632
0.000270644
-0.000147816
0.000247651
-0.000172376
0.000219475
-0.000192832
0.000186859
-0.000208893
0.00015064
-0.000220351
0.000111614
-0.000227041
7.07278e-05
-0.000228969
2.87712e-05
-0.000226192
-1.33125e-05
-0.000218867
-5.48515e-05
-0.000207218
-9.49823e-05
-0.000191506
-0.000133178
-0.000172046
-0.000168721
-0.000149217
-0.000201168
-0.000123412
-0.000229884
-9.50947e-05
-0.000254439
-6.47362e-05
-0.000274358
-3.28541e-05
-0.000289215
-0.000298583
0.00018653
-0.00105458
0.000365894
-0.00104453
0.000538603
-0.00103345
0.000714395
-0.00101876
0.000891754
-0.000991556
0.00111797
-0.00100065
0.0013285
-0.000916579
0.00175763
-0.00107406
0.00205361
-0.00081057
0.00236012
-0.000720285
0.00254817
-0.000495804
0.00264301
-0.00031066
0.00263038
-0.000114439
0.00253193
5.64713e-05
0.0023728
0.000191338
0.00216281
0.00028231
0.00190667
0.000356247
0.0016134
0.000407539
0.00129769
0.000430393
0.000976949
0.000421963
0.000663036
0.000388736
0.000379252
0.000318054
0.000121551
0.000205881
-9.89316e-05
6.73885e-05
-0.000285984
-6.43181e-05
-0.000367307
-0.000286637
-0.00035675
-0.000499033
-0.000205582
-0.000766119
-0.000134166
-0.000773567
6.05766e-05
-0.00095754
0.000269011
-0.0010287
0.000537158
-0.00114648
0.000840294
-0.00122842
0.00118111
-0.00130111
0.00154269
-0.00134474
0.00191033
-0.00136106
0.00227135
-0.00135132
0.00261896
-0.00132137
0.00294451
-0.00126981
0.00324835
-0.00120391
0.00352886
-0.00112419
0.00378264
-0.00102842
0.00400425
-0.00091484
0.00419457
-0.000791358
0.00435333
-0.000656962
0.00447782
-0.00051066
0.00456765
-0.000355325
0.00462133
-0.000191435
0.00464048
-1.98667e-05
0.00462227
0.000156731
0.00456644
0.000336041
0.00447272
0.000518451
0.0043405
0.000701788
0.00417134
0.000883031
0.00396601
0.00106115
0.00372656
0.00123393
0.00345433
0.00139884
0.00315208
0.0015544
0.00282269
0.00169728
0.00246885
0.00182744
0.00209399
0.00194062
0.00170221
0.0020359
0.00129816
0.00211098
0.000886092
0.00216404
0.00047089
0.0021944
5.75958e-05
0.00219998
-0.000348565
0.00218055
-0.000742445
0.00213455
-0.00111865
0.00206187
-0.00147196
0.00196243
-0.00179751
0.00183821
-0.00209028
0.00168792
-0.00234587
0.00151393
-0.00256027
0.00131892
-0.00273006
0.00110418
-0.00285188
0.00087237
-0.00292346
0.00062772
-0.00294381
0.000373008
-0.00291125
0.000112422
-0.00282911
-0.000150064
-0.00269633
-0.000408884
-0.00251512
-0.000659429
-0.00228899
-0.000896846
-0.00202219
-0.00111613
-0.00171989
-0.00131281
-0.00138807
-0.00148246
-0.00103334
-0.00162021
-0.000663205
-0.00172289
-0.000284976
-0.00178798
9.27767e-05
-0.0018121
0.000461106
-0.00179408
0.000811465
-0.00173328
0.0011358
-0.00163039
0.00142608
-0.00148766
0.00167544
-0.00130644
0.00187752
-0.00109145
0.00202721
-0.000847499
0.00212043
-0.000580079
0.00215456
-0.000296542
0.00212998
-3.43731e-06
0.00204747
0.000289794
0.00190858
0.000574733
0.00171774
0.000842899
0.00148113
0.00108608
0.00120621
0.00129626
0.000901908
0.00146568
0.000578106
0.00158912
0.000245649
0.00166138
-8.43645e-05
0.00167952
-0.000400909
0.00164253
-0.000693314
0.00155135
-0.000951703
0.00140833
-0.00116774
0.00121963
-0.00133453
0.000990866
-0.00144745
0.000731683
-0.00150357
0.000451504
-0.00150316
0.000160938
-0.00144791
-0.000129006
-0.0013421
-0.000406641
-0.00119153
-0.000662388
-0.00100415
-0.000886364
-0.000788644
-0.00107116
-0.000554617
-0.00121076
-0.000311899
-0.0013016
-7.04934e-05
-0.00134144
0.000160638
-0.00133095
0.000373512
-0.00127354
0.000561181
-0.00117222
0.000718403
-0.00103399
0.000840926
-0.000865021
0.000926962
-0.000673939
0.000976311
-0.000469337
0.000989484
-0.000258668
0.000968705
-5.0449e-05
0.000917696
0.000147307
0.000840581
0.000329173
0.000742168
0.000489201
0.000627623
0.000623262
0.000502249
0.000728519
0.000371292
0.000803011
0.000239573
0.000846368
0.000111902
0.000859644
-8.35907e-06
0.000844242
-0.000117678
0.000803007
-0.000213282
0.000738886
-0.000293435
0.000655948
-0.000356907
0.000557808
-0.000403272
0.000449121
-0.000432352
0.000333757
-0.000445193
0.000216222
-0.000442362
9.99425e-05
-0.000425696
-1.10414e-05
-0.000396671
-0.000114228
-0.00035719
-0.00020682
-0.00030954
-0.000286764
-0.000255766
-0.000352533
-0.000197975
-0.00040324
-0.000138213
-0.000438271
-7.84196e-05
-0.000457618
-2.02717e-05
-0.000461994
3.44057e-05
-0.000451531
8.45291e-05
-0.000428531
0.000128896
-0.000393636
0.000166594
-0.000348803
0.000197059
-0.00029589
0.000219896
-0.000236834
0.000234968
-0.000173576
0.000242385
-0.000108148
0.000242321
-4.23717e-05
0.000235354
2.1845e-05
0.000221939
8.30681e-05
0.000202858
0.000139818
0.000178885
0.000190856
0.000150886
0.00023518
0.000119671
0.000272076
8.62561e-05
0.000300811
5.14912e-05
0.00032127
1.62716e-05
0.000333179
-1.8575e-05
0.000336667
-5.22472e-05
0.000331932
-8.40226e-05
0.000319537
-0.00011329
0.000299911
-0.000139435
0.000273797
-0.000162094
0.000242134
-0.000180866
0.000205632
-0.000195453
0.000165227
-0.000205751
0.000121912
-0.000211568
7.65442e-05
-0.000212947
3.01508e-05
-0.000210004
-1.62556e-05
-0.000202913
-6.19428e-05
-0.000191828
-0.000106067
-0.000177071
-0.000147935
-0.00015888
-0.000186912
-0.000137666
-0.000222382
-0.000113769
-0.000253781
-8.76015e-05
-0.000280607
-5.96074e-05
-0.000302352
-3.02434e-05
-0.000318579
-0.000328827
0.000722855
-0.00177744
0.00146835
-0.00179002
0.00226173
-0.00182684
0.00314195
-0.00189898
0.00409304
-0.00194264
0.00508039
-0.001988
0.0061393
-0.00197549
0.00704804
-0.0019828
0.00677301
-0.000535533
0.00620619
-0.00015347
0.00551077
0.000199618
0.00473568
0.000464424
0.0039309
0.000690345
0.00315116
0.000836216
0.00239733
0.000945165
0.00166643
0.00101321
0.000972193
0.00105048
0.000319919
0.00105981
-0.000295961
0.00104627
-0.000883436
0.00100944
-0.00146054
0.000965845
-0.002044
0.000901514
-0.00262334
0.00078522
-0.00310529
0.000549333
-0.0034085
0.000238891
-0.00357603
-0.000119102
-0.00355891
-0.000516157
-0.00308945
-0.00123558
-0.00242345
-0.00143957
-0.001697
-0.00168399
-0.000959988
-0.00176572
-0.000284052
-0.00182241
0.00033679
-0.00184926
0.000892727
-0.00185704
0.0013971
-0.00184912
0.00185832
-0.00182228
0.00228783
-0.00178083
0.00268917
-0.00172271
0.00306361
-0.00164424
0.00341025
-0.00155055
0.00372407
-0.00143801
0.0040038
-0.00130815
0.0042517
-0.00116274
0.00446448
-0.00100413
0.0046407
-0.000833185
0.00477852
-0.00064848
0.00487536
-0.000452164
0.00493189
-0.000247973
0.00494841
-3.63799e-05
0.00492378
0.000181354
0.0048562
0.000403624
0.00474703
0.000627627
0.00459727
0.000851549
0.00440764
0.00107266
0.00417893
0.00128986
0.00391282
0.00150004
0.00361185
0.00169981
0.00327837
0.00188788
0.00291638
0.00205927
0.00252808
0.00221575
0.00211833
0.00235038
0.00169142
0.0024628
0.00125145
0.00255095
0.000803888
0.00261161
0.000354261
0.00264403
-9.25188e-05
0.00264676
-0.000530761
0.0026188
-0.000954347
0.00255813
-0.00135768
0.0024652
-0.00173522
0.00233998
-0.00208146
0.00218445
-0.00239117
0.00199764
-0.00265947
0.00178222
-0.00288222
0.00154167
-0.00305572
0.00127768
-0.00317671
0.00099336
-0.00324296
0.000693971
-0.00325311
0.000383156
-0.00320671
6.60245e-05
-0.00310464
-0.000252133
-0.00294808
-0.000565451
-0.00273983
-0.000867676
-0.00248343
-0.00115324
-0.00218357
-0.00141599
-0.00184575
-0.00165064
-0.00147627
-0.00185194
-0.0010835
-0.00201298
-0.000675405
-0.00213098
-0.000260809
-0.00220258
0.000151255
-0.00222417
0.000551992
-0.00219482
0.000932372
-0.00211366
0.00128291
-0.00198093
0.0015948
-0.00179955
0.00186069
-0.00157233
0.00207401
-0.00130477
0.00222966
-0.00100315
0.0023231
-0.000673517
0.00235195
-0.000325391
0.00231629
3.22243e-05
0.00221714
0.000388939
0.00205716
0.00073471
0.00184156
0.0010585
0.00157696
0.00135068
0.00127198
0.00160124
0.000936402
0.00180126
0.000581365
0.00194415
0.000218522
0.00202423
-0.000139834
0.00203788
-0.000481407
0.0019841
-0.000794777
0.00186472
-0.00106925
0.0016828
-0.00129612
0.00144651
-0.00146816
0.0011629
-0.00158066
0.000844178
-0.00163103
0.000501878
-0.00162002
0.000149924
-0.00155017
-0.000198857
-0.00142658
-0.000530231
-0.00125636
-0.000832605
-0.00104813
-0.00109459
-0.000811942
-0.00130735
-0.000558806
-0.0014639
-0.000298788
-0.00156162
-4.27814e-05
-0.00159745
0.000200065
-0.0015738
0.000420842
-0.00149432
0.000612977
-0.00136436
0.000770978
-0.00119199
0.000891859
-0.000985902
0.000973531
-0.00075561
0.00101597
-0.000511778
0.0010208
-0.000263494
0.000991488
-2.11399e-05
0.000931273
0.000207522
0.000845001
0.000415446
0.000737969
0.000596233
0.000616161
0.000745071
0.000484786
0.000859894
0.000349531
0.000938265
0.000214779
0.000981121
8.56884e-05
0.000988734
-3.48139e-05
0.000964744
-0.000142804
0.000910997
-0.000236118
0.0008322
-0.000313279
0.000733109
-0.00037301
0.000617539
-0.000415359
0.000491469
-0.000440511
0.000358909
-0.000449123
0.000224833
-0.000442651
9.34708e-05
-0.000422579
-3.11129e-05
-0.000390778
-0.000146029
-0.000349246
-0.000248352
-0.000300069
-0.000335941
-0.000245424
-0.000407177
-0.000187405
-0.000461259
-0.00012801
-0.000497667
-6.91586e-05
-0.000516469
-1.26067e-05
-0.000518546
4.05492e-05
-0.000504687
8.87351e-05
-0.000476717
0.000130967
-0.000435868
0.00016654
-0.000384376
0.0001949
-0.000324249
0.000215794
-0.000257729
0.000229129
-0.000186911
0.000235106
-0.000114126
0.00023392
-4.11858e-05
0.000226223
2.95426e-05
0.000212452
9.68388e-05
0.000193462
0.000158807
0.000169917
0.000214402
0.000142688
0.000262409
0.000112682
0.000302082
8.07281e-05
0.000332765
4.76784e-05
0.000354319
1.4354e-05
0.000366504
-1.84532e-05
0.000369474
-5.00134e-05
0.000363492
-7.96613e-05
0.000349185
-0.000106826
0.000327076
-0.00013102
0.00029799
-0.000151838
0.000262952
-0.000168983
0.000222777
-0.000182237
0.00017848
-0.000191404
0.000131079
-0.000196461
8.16012e-05
-0.000197402
3.10917e-05
-0.000194362
-1.92952e-05
-0.00018748
-6.88254e-05
-0.000177021
-0.000116526
-0.000163193
-0.000161762
-0.000146333
-0.000203772
-0.000126662
-0.000242053
-0.00010461
-0.000275832
-8.04838e-05
-0.000304734
-5.474e-05
-0.000328096
-2.77711e-05
-0.000345547
-0.000356598
0.000213652
-0.00199109
0.000300535
-0.0018769
0.000269349
-0.00179565
-4.5922e-05
-0.00158371
-0.000503604
-0.00148496
-0.00107492
-0.00141669
0.000200324
-0.00325073
0.00716755
-0.00895002
0.00644316
0.000188854
0.00562595
0.000663741
0.00500025
0.000825321
0.00448109
0.000983585
0.00402404
0.0011474
0.00358722
0.00127303
0.00314344
0.00138894
0.00266787
0.00148878
0.00214969
0.00156867
0.00158412
0.00162537
0.000975642
0.00165476
0.000334847
0.00165023
-0.000307345
0.00160804
-0.000929097
0.00152327
-0.00154457
0.00140069
-0.00222238
0.00122714
-0.00298877
0.00100529
-0.00391429
0.000806415
-0.00485926
0.000428809
-0.00122181
-0.00487302
-0.000577147
-0.00208423
-0.00065932
-0.00160181
-0.000410803
-0.00201423
-0.000127046
-0.00210617
0.000317904
-0.00229421
0.000826664
-0.0023658
0.00137586
-0.00239832
0.00190901
-0.00235542
0.00240847
-0.0022803
0.00286761
-0.00218185
0.00328132
-0.00205795
0.0036462
-0.00191543
0.00397637
-0.00176818
0.00426481
-0.00159659
0.00452061
-0.00141855
0.00473474
-0.00121826
0.00490872
-0.00100717
0.00504316
-0.000782915
0.00513762
-0.000546627
0.00518977
-0.000300119
0.00519867
-4.52803e-05
0.00516357
0.000216454
0.0050845
0.000482691
0.0049616
0.000750531
0.0047953
0.00101785
0.00458569
0.00128226
0.00433552
0.00154004
0.00404666
0.0017889
0.00372175
0.00202472
0.00336294
0.00224669
0.00297359
0.00244862
0.00255776
0.00263157
0.00211964
0.0027885
0.00166347
0.00291897
0.00119516
0.00301926
0.000719584
0.00308718
0.000242096
0.00312151
-0.000230784
0.00311964
-0.000693169
0.00308118
-0.00113948
0.00300445
-0.00156317
0.00288888
-0.00195821
0.00273502
-0.00231909
0.00254533
-0.00264037
0.00231892
-0.00291698
0.00205883
-0.00314454
0.00176922
-0.00331898
0.00145212
-0.00343718
0.00111156
-0.00349701
0.000753798
-0.00349694
0.000383093
-0.00343674
5.81742e-06
-0.00331739
-0.000371485
-0.0031404
-0.000742438
-0.00290871
-0.00109937
-0.00262633
-0.00143562
-0.00229823
-0.00174408
-0.00193129
-0.00201758
-0.00153248
-0.00225075
-0.0011097
-0.00243576
-0.000671377
-0.0025693
-0.000227354
-0.0026466
0.000212757
-0.00266428
0.000639022
-0.00262109
0.00104138
-0.00251602
0.00141059
-0.00235014
0.00173824
-0.0021272
0.00201579
-0.00184988
0.00223639
-0.00152537
0.00239411
-0.00116087
0.00248543
-0.000764842
0.00250817
-0.000348131
0.00246169
7.87132e-05
0.00234749
0.000503132
0.0021692
0.000913008
0.00193231
0.00129539
0.0016443
0.00163869
0.00131427
0.00193127
0.000953094
0.00216243
0.00057262
0.00232463
0.000185822
0.00241103
-0.000194383
0.00241808
-0.000554946
0.00234466
-0.000883579
0.00219336
-0.0011693
0.00196852
-0.00140252
0.00167973
-0.00157625
0.00133663
-0.00168577
0.000953699
-0.00172917
0.000545274
-0.00170723
0.000127989
-0.00162347
-0.000282622
-0.00148384
-0.000669854
-0.00129652
-0.00101993
-0.00107121
-0.0013199
-0.000818648
-0.00155991
-0.000550171
-0.00173238
-0.000277626
-0.00183416
-1.17558e-05
-0.00186332
0.00023789
-0.00182344
0.000462664
-0.00171909
0.000655594
-0.00155729
0.000812002
-0.0013484
0.000928623
-0.00110252
0.00100431
-0.000831295
0.00103926
-0.000546728
0.00103632
-0.000260559
0.000998548
1.66353e-05
0.000930192
0.000275877
0.000836854
0.000508784
0.000724074
0.000709013
0.000597074
0.000872072
0.000461926
0.000995041
0.00032434
0.00107585
0.000189006
0.00111645
6.02122e-05
0.00111753
-5.81361e-05
0.00108309
-0.000163419
0.00101628
-0.000253354
0.000922134
-0.000326453
0.000806208
-0.000382198
0.000673285
-0.000420278
0.000529548
-0.00044141
0.000380041
-0.000446399
0.000229822
-0.000436682
8.37535e-05
-0.000414038
-5.37564e-05
-0.000380248
-0.000179819
-0.000337502
-0.000291098
-0.000287665
-0.000385779
-0.000233056
-0.000461786
-0.000175681
-0.000518634
-0.000117456
-0.000555891
-6.01861e-05
-0.000573739
-5.53207e-06
-0.0005732
4.53931e-05
-0.000555612
9.12419e-05
-0.000522566
0.000131123
-0.000475748
0.00016439
-0.000417644
0.000190599
-0.000350459
0.000209557
-0.000276686
0.000221299
-0.000198654
0.000225943
-0.000118769
0.000223887
-3.91301e-05
0.000215618
3.78115e-05
0.000201777
0.00011068
0.000183043
0.000177541
0.000160216
0.000237228
0.000134042
0.000288583
0.000105401
0.000330723
7.50446e-05
0.000363122
4.38229e-05
0.000385541
1.24947e-05
0.000397832
-1.82173e-05
0.000400186
-4.76354e-05
0.00039291
-7.51654e-05
0.000376715
-0.000100277
0.000352187
-0.000122555
0.000320269
-0.000141617
0.000282014
-0.000157235
0.000238395
-0.00016921
0.000190455
-0.000177391
0.000139261
-0.000181758
8.59681e-05
-0.000182356
3.16898e-05
-0.000179245
-2.24064e-05
-0.000172692
-7.53785e-05
-0.000162833
-0.000126385
-0.000149978
-0.000174617
-0.000134299
-0.000219452
-0.000116171
-0.000260181
-9.58577e-05
-0.000296145
-7.37416e-05
-0.00032685
-5.01322e-05
-0.000351705
-2.54167e-05
-0.000370263
-0.000382014
0.0002537
-0.00224479
0.000579096
-0.0022023
0.00105321
-0.00226977
0.00166789
-0.00219838
0.00252398
-0.00234105
0.00382745
-0.00272016
0.00632214
-0.00574543
0.0119199
-0.0145478
0.009906
0.00834121
0.0069122
0.00561535
0.00445557
0.00339469
0.0024225
0.00152262
0.000674954
-0.000144167
-0.000962375
-0.00181389
-0.0027367
-0.0037737
-0.00496316
-0.00635621
-0.00800178
-0.0098769
-0.0121609
-0.00734512
-0.00968883
-0.00453726
-0.00489209
-0.00254587
-0.0035932
-0.00112392
-0.00343618
-4.56068e-05
-0.00318448
0.000795664
-0.00313548
0.00142228
-0.00299242
0.00191428
-0.00289032
0.00234148
-0.00278262
0.00274169
-0.0026805
0.00312816
-0.00256832
0.00349665
-0.00242644
0.00384817
-0.00226695
0.00416718
-0.00208719
0.00446192
-0.00189133
0.00471288
-0.00166951
0.00492855
-0.00143393
0.0051039
-0.00118251
0.0052373
-0.000916318
0.0053276
-0.00063693
0.00537355
-0.000346066
0.0053736
-4.53364e-05
0.0053283
0.000261759
0.00523751
0.000573477
0.00510173
0.000886311
0.00492129
0.00119829
0.0046968
0.00150675
0.00443013
0.00180671
0.00412311
0.00209592
0.00377961
0.00236821
0.00340077
0.00262553
0.00299123
0.00285816
0.00255464
0.00306815
0.00209571
0.00324743
0.001619
0.00339568
0.00113008
0.00350818
0.000634584
0.00358268
0.000138643
0.00361746
-0.000352003
0.00361029
-0.000831416
0.00356059
-0.00129248
0.00346551
-0.00172904
0.00332544
-0.00213513
0.00314111
-0.00250515
0.00291535
-0.00283285
0.00264662
-0.00311309
0.00233907
-0.00334146
0.00199759
-0.00351411
0.00162478
-0.00362802
0.00122547
-0.0036807
0.000806478
-0.0036709
0.000373287
-0.00359853
-6.65544e-05
-0.00346436
-0.000505653
-0.00327046
-0.000936339
-0.00301997
-0.00134985
-0.00271746
-0.00173813
-0.0023685
-0.00209305
-0.00197936
-0.00240672
-0.00155761
-0.00267251
-0.00111225
-0.00288112
-0.000652462
-0.00302909
-0.000187782
-0.00311128
0.000271446
-0.00312351
0.000715109
-0.00306475
0.00113262
-0.00293353
0.00151449
-0.00273201
0.0018513
-0.00246401
0.00213507
-0.00213365
0.00235851
-0.00174881
0.00251609
-0.00131846
0.00260377
-0.000852518
0.00261938
-0.00036374
0.00256286
0.000135226
0.00243591
0.000630091
0.00224243
0.00110648
0.00198854
0.00154928
0.00168223
0.001945
0.00133319
0.00228031
0.00095306
0.00254256
0.000554242
0.00272345
0.000150198
0.00281507
-0.000245271
0.00281355
-0.000618401
0.00271779
-0.000956428
0.00253138
-0.00124813
0.00226022
-0.00148349
0.00191508
-0.0016559
0.00150905
-0.00176044
0.00105824
-0.00179585
0.000580692
-0.00176336
9.54914e-05
-0.00166722
-0.000378759
-0.00151421
-0.000822861
-0.00131307
-0.00122107
-0.00107448
-0.00155848
-0.000809999
-0.0018244
-0.000531644
-0.00201073
-0.000251114
-0.00211469
1.99166e-05
-0.00213435
0.000272208
-0.00207574
0.000496902
-0.00194379
0.000687618
-0.001748
0.000839822
-0.0015006
0.000950415
-0.00121312
0.00101888
-0.000899759
0.00104666
-0.000574509
0.00103618
-0.00025008
0.000991369
6.14479e-05
0.000916734
0.000350512
0.000817963
0.000607555
0.000700775
0.000826201
0.000571466
0.00100138
0.000435564
0.00113094
0.000297549
0.00121387
0.000163738
0.00125027
3.74308e-05
0.00124384
-7.77169e-05
0.00119824
-0.000179123
0.00111769
-0.000264764
0.00100778
-0.000333409
0.000874853
-0.00038473
0.000724605
-0.000418576
0.000563395
-0.000435875
0.00039734
-0.000437792
0.000231739
-0.000425411
7.13724e-05
-0.000400863
-7.83048e-05
-0.000365911
-0.000214771
-0.00032264
-0.000334369
-0.000273036
-0.000435383
-0.000219255
-0.000515567
-0.00016326
-0.000574629
-0.000106859
-0.000612292
-5.17367e-05
-0.000628861
6.22568e-07
-0.000625559
4.89042e-05
-0.000603893
9.21316e-05
-0.000565793
0.000129494
-0.000513111
0.000160379
-0.000448528
0.000184454
-0.000374534
0.000201583
-0.000293814
0.000211787
-0.000208859
0.000215277
-0.000122259
0.000212525
-3.63782e-05
0.000203952
4.63847e-05
0.000190224
0.000124408
0.000172028
0.000195737
0.00015005
0.000259206
0.000125136
0.000313497
9.7974e-05
0.000357885
6.93333e-05
0.000391762
4.0033e-05
0.000414841
1.07502e-05
0.000427115
-1.78406e-05
0.000428777
-4.51309e-05
0.000420201
-7.05681e-05
0.000402152
-9.36836e-05
0.000375303
-0.000114102
0.000340687
-0.000131506
0.000299418
-0.000145692
0.000252582
-0.000156478
0.000201242
-0.000163761
0.000146543
-0.000167517
8.97239e-05
-0.000167795
3.1968e-05
-0.000164713
-2.54889e-05
-0.000158472
-8.16197e-05
-0.000149268
-0.000135589
-0.000137329
-0.000186556
-0.000122917
-0.000233864
-0.000106218
-0.00027688
-8.76096e-05
-0.000314754
-6.73274e-05
-0.000347132
-4.57572e-05
-0.000373275
-2.31991e-05
-0.000392821
-0.000405214
0.000990514
-0.00323531
0.00203327
-0.00324506
0.00309014
-0.00332664
0.00438802
-0.00349625
0.00573024
-0.00368327
0.00728651
-0.00427643
0.00653833
-0.00499725
-0.00800943
-0.00324477
-0.00644406
-0.00330168
-0.00483519
-0.0023063
-0.00458858
-0.00155326
-0.00418923
-0.000665886
-0.00407185
8.7743e-05
-0.00388911
0.000836051
-0.00374073
0.00151868
-0.00357294
0.00214339
-0.00340733
0.00269416
-0.00323128
0.00317299
-0.00304714
0.00359492
-0.00284838
0.0039687
-0.00264073
0.00430311
-0.0024216
0.004591
-0.00217922
0.00484295
-0.00192146
0.00505594
-0.00164693
0.00522608
-0.00135265
0.00535377
-0.00104401
0.00543733
-0.000720487
0.00547562
-0.000384355
0.00546858
-3.82982e-05
0.005415
0.000315334
0.00531488
0.000673601
0.00516815
0.00103304
0.00497591
0.00139053
0.00473967
0.00174299
0.00446187
0.00208451
0.00414283
0.00241497
0.0037849
0.00272614
0.00339318
0.00301725
0.00297081
0.00328053
0.00252084
0.00351812
0.00204884
0.00371944
0.00155968
0.00388484
0.00105853
0.00400932
0.000551544
0.00408967
4.48974e-05
0.0041241
-0.000455804
0.00411099
-0.000943267
0.00404806
-0.0014118
0.00393404
-0.00185436
0.00376801
-0.00226487
0.00355161
-0.00263734
0.00328782
-0.0029661
0.00297538
-0.00324586
0.00261883
-0.00347222
0.00222395
-0.00364084
0.0017934
-0.00374898
0.00133361
-0.0037943
0.000851794
-0.00377579
0.000354776
-0.00369287
-0.000149471
-0.00354708
-0.000651443
-0.00334043
-0.00114299
-0.00307651
-0.00161377
-0.0027595
-0.00205514
-0.00239575
-0.00245679
-0.00199171
-0.00281075
-0.00155574
-0.00310848
-0.00109615
-0.00334071
-0.000622889
-0.00350235
-0.000145713
-0.00358846
0.000324537
-0.00359376
0.000777672
-0.00351788
0.00120295
-0.00335881
0.00159055
-0.00311961
0.00193117
-0.00280462
0.00221641
-0.00241889
0.00243901
-0.0019714
0.00259355
-0.001473
0.00267612
-0.000935093
0.00268485
-0.00037247
0.00261972
0.000200361
0.00248253
0.000767278
0.00227771
0.0013113
0.00201174
0.00181525
0.00169264
0.0022641
0.00133096
0.00264199
0.000938344
0.00293518
0.000527988
0.0031338
0.000113613
0.00322944
-0.000290079
0.00321725
-0.000669481
0.00309719
-0.00101123
0.00287313
-0.00130391
0.00255291
-0.00153842
0.00214958
-0.00170639
0.00167702
-0.00180471
0.00115656
-0.00183183
0.000607807
-0.00178952
5.31799e-05
-0.00168283
-0.000485443
-0.00151945
-0.000986242
-0.00130811
-0.00143242
-0.00106063
-0.00180596
-0.000788868
-0.00209616
-0.00050508
-0.00229452
-0.000221623
-0.00239815
5.02882e-05
-0.00240626
0.00030109
-0.00232654
0.000522609
-0.00216531
0.00070805
-0.00193344
0.000853872
-0.00164643
0.000957695
-0.00131694
0.00101881
-0.000960875
0.00103941
-0.000595107
0.00102217
-0.000232837
0.00097143
0.000112185
0.000892184
0.000429758
0.000790184
0.000709554
0.000671551
0.000944833
0.000541343
0.00113159
0.000405743
0.00126654
0.000270384
0.00134923
0.000139645
0.001381
1.73746e-05
0.00136611
-9.34795e-05
0.00130909
-0.000190009
0.00121422
-0.00027065
0.00108842
-0.000334488
0.000938692
-0.000381269
0.000771386
-0.000411146
0.000593272
-0.00042502
0.000411214
-0.00042412
0.000230839
-0.000409825
5.70773e-05
-0.000384029
-0.000104101
-0.000348684
-0.000250115
-0.000305534
-0.000377519
-0.000256884
-0.000484033
-0.000204603
-0.000567848
-0.000150585
-0.000628646
-9.6531e-05
-0.000666347
-4.40197e-05
-0.000681373
5.57535e-06
-0.000675154
5.10813e-05
-0.000649399
9.15967e-05
-0.000606308
0.000126302
-0.000547816
0.000154847
-0.000477074
0.000176789
-0.000396476
0.000192143
-0.000309168
0.000200984
-0.0002177
0.000203577
-0.000124852
0.000200227
-3.30288e-05
0.000191546
5.5066e-05
0.000178135
0.000137819
0.000160593
0.00021328
0.00013967
0.000280129
0.00011608
0.000337087
9.053e-05
0.000383435
6.37093e-05
0.000418583
3.63918e-05
0.000442159
9.15599e-06
0.00045435
-1.73339e-05
0.000455267
-4.25214e-05
0.000445388
-6.5932e-05
0.000425563
-8.71334e-05
0.000396504
-0.000105769
0.000359322
-0.000121599
0.000315248
-0.000134456
0.000265438
-0.000144153
0.000210939
-0.000150612
0.000153002
-0.00015384
9.29518e-05
-0.000153873
3.2001e-05
-0.000150852
-2.85101e-05
-0.000144959
-8.75125e-05
-0.000136409
-0.00014414
-0.000125385
-0.000197579
-0.000112113
-0.000247135
-9.68285e-05
-0.000292165
-7.98015e-05
-0.000331781
-6.13275e-05
-0.000365606
-4.16637e-05
-0.000392939
-2.11134e-05
-0.000413371
-0.000426327
0.000308649
-0.00354395
0.000646724
-0.00358313
0.000979081
-0.003659
0.00137736
-0.00389453
0.00171841
-0.00402432
0.00198296
-0.00454099
0.00175089
-0.00476517
-0.00625854
-0.000525331
-0.00591873
-0.000297472
-0.00506305
6.71408e-05
-0.00495319
0.000509138
-0.00463123
0.000930221
-0.00449294
0.00133122
-0.00429011
0.00173499
-0.0041445
0.0021417
-0.00397965
0.00255011
-0.00381575
0.00295752
-0.00363869
0.00335185
-0.00344147
0.00372727
-0.00322379
0.00407517
-0.00298864
0.00438693
-0.00273335
0.00466626
-0.00245855
0.00490847
-0.00216367
0.00511049
-0.00184894
0.00527264
-0.0015148
0.00539197
-0.00116335
0.00546763
-0.000796147
0.00549829
-0.000415015
0.00548373
-2.37389e-05
0.00542241
0.000376651
0.00531463
0.000781385
0.00516067
0.001187
0.00496195
0.00158925
0.00471864
0.0019863
0.00443184
0.00237131
0.00410598
0.00274082
0.00374205
0.00309007
0.0033439
0.0034154
0.00291442
0.00371001
0.00245919
0.00397336
0.00198202
0.00419661
0.00148814
0.00437873
0.000983074
0.00451438
0.000472864
0.00459988
-3.68142e-05
0.00463378
-0.000539083
0.00461326
-0.00102783
0.00453681
-0.00149637
0.00440258
-0.00193836
0.00421
-0.00234704
0.00396029
-0.00271699
0.00365777
-0.00304223
0.00330062
-0.00331752
0.00289412
-0.0035386
0.00244503
-0.00370135
0.00195615
-0.00380293
0.00143519
-0.00384115
0.00089001
-0.00381479
0.000328416
-0.00372389
-0.000240371
-0.00356972
-0.000805611
-0.00335443
-0.00135828
-0.00308177
-0.00188642
-0.00275662
-0.0023803
-0.00238474
-0.00282867
-0.00197316
-0.00322233
-0.00152996
-0.00355168
-0.0010641
-0.00380657
-0.000585509
-0.00398094
-0.000104105
-0.00406986
0.000369506
-0.00406737
0.000824599
-0.00397298
0.00125087
-0.00378508
0.00163793
-0.00350667
0.00197695
-0.00314364
0.00225924
-0.00270118
0.00247797
-0.00219014
0.00262777
-0.0016228
0.0027046
-0.00101192
0.00270682
-0.000374694
0.0026343
0.000272882
0.00248981
0.000911772
0.00227743
0.00152367
0.00200422
0.00208846
0.00167804
0.00259027
0.00130987
0.00301017
0.000911519
0.00333353
0.000496578
0.00354874
7.88194e-05
0.0036472
-0.000327003
0.00362307
-0.000706728
0.00347692
-0.00104774
0.00321414
-0.00133704
0.00284221
-0.00156666
0.00237921
-0.00172838
0.00183874
-0.00181939
0.00124758
-0.00183831
0.000626726
-0.00178786
2.72687e-06
-0.00167309
-0.000600216
-0.00150181
-0.00115752
-0.00128434
-0.00164988
-0.00103233
-0.00205797
-0.000757769
-0.00237072
-0.000473313
-0.00257898
-0.000191126
-0.00268034
7.78216e-05
-0.00267521
0.000323627
-0.00257234
0.000538805
-0.00238048
0.000717312
-0.00211195
0.00085516
-0.00178427
0.000951027
-0.00141281
0.00100501
-0.00101486
0.00101909
-0.000609191
0.000996267
-0.000210011
0.000941141
0.000167311
0.000859013
0.000511886
0.000755495
0.000813073
0.00063633
0.001064
0.000507835
0.00126008
0.000375144
0.00139923
0.00024395
0.00148042
0.000117209
0.00150775
-2.74104e-08
0.00148334
-0.000105275
0.00141434
-0.000196288
0.00130523
-0.000271622
0.00116375
-0.000330444
0.000997515
-0.000372799
0.000813741
-0.000398837
0.00061931
-0.000409772
0.00042215
-0.000406482
0.000227549
-0.000390901
4.1496e-05
-0.000364539
-0.000130463
-0.000329178
-0.000285476
-0.000286977
-0.00041972
-0.000239822
-0.000531189
-0.000189575
-0.000618095
-0.00013802
-0.0006802
-8.67687e-05
-0.000717598
-3.72434e-05
-0.000730898
9.53377e-06
-0.000721931
5.21191e-05
-0.000691985
8.97524e-05
-0.000643942
0.000121855
-0.000579918
0.000148015
-0.000503234
0.000167999
-0.00041646
0.000181724
-0.000322893
0.000189337
-0.000225312
0.000191058
-0.000126573
0.000187389
-2.936e-05
0.000178741
6.37139e-05
0.000165747
0.000150813
0.000149035
0.000229993
0.000129272
0.000299891
0.000107125
0.000359234
8.32047e-05
0.000407355
5.83056e-05
0.000443482
3.28989e-05
0.000467566
7.72549e-06
0.000479524
-1.66893e-05
0.000479682
-3.98459e-05
0.000468545
-6.12943e-05
0.000447011
-8.0653e-05
0.000415863
-9.76276e-05
0.000376297
-0.000111981
0.000329601
-0.000123572
0.00027703
-0.000132278
0.000219645
-0.000138019
0.000158743
-0.000140785
9.57177e-05
-0.000140633
3.18494e-05
-0.000137706
-3.14373e-05
-0.000132183
-9.30352e-05
-0.000124278
-0.000152045
-0.000114144
-0.000207713
-0.000101981
-0.000259298
-8.80244e-05
-0.000306122
-7.25041e-05
-0.000347301
-5.56901e-05
-0.00038242
-3.78184e-05
-0.000410811
-1.91671e-05
-0.000432023
-0.000445494
0.000289235
-0.00383319
0.000577206
-0.0038711
0.000856446
-0.00393824
0.00109797
-0.00413605
0.00128341
-0.00420976
0.00126914
-0.00452673
0.00105776
-0.00455379
-0.00520078
-0.000370315
-0.00554842
-0.000227539
-0.00520582
4.39237e-05
-0.00522465
0.000437163
-0.00502447
0.000885701
-0.00494147
0.00134907
-0.00475348
0.00180438
-0.00459981
0.00224698
-0.00442225
0.00266374
-0.00423251
0.00305835
-0.0040333
0.00343244
-0.00381556
0.00378444
-0.00357579
0.00411084
-0.00331504
0.00440749
-0.00303
0.0046714
-0.00272246
0.00490012
-0.00239239
0.00509155
-0.00204038
0.00524383
-0.00166708
0.00535462
-0.00127414
0.00542265
-0.000864183
0.0054464
-0.000438761
0.00542466
-1.99494e-06
0.00535779
0.000443514
0.00524521
0.000893964
0.00508704
0.00134518
0.0048834
0.00179289
0.00463676
0.00223294
0.00434857
0.0026595
0.00402013
0.00306925
0.00365552
0.00345469
0.00325667
0.00381425
0.00282819
0.00413848
0.00237391
0.00442764
0.00189866
0.00467186
0.00140741
0.00486998
0.000905557
0.00501624
0.000399235
0.0051062
-0.000105586
0.0051386
-0.000602565
0.00511024
-0.00108569
0.00501993
-0.00154816
0.00486505
-0.00198261
0.00464445
-0.00238462
0.0043623
-0.00274738
0.00402054
-0.00306496
0.0036182
-0.0033328
0.00316195
-0.00354631
0.00265854
-0.00370191
0.00211175
-0.00379608
0.00152937
-0.00382737
0.000921296
-0.00379481
0.000295859
-0.00369805
-0.000337134
-0.00353859
-0.000965068
-0.00331889
-0.00157798
-0.00304254
-0.00216277
-0.0027145
-0.00270834
-0.00234074
-0.00320244
-0.00192828
-0.00363478
-0.00148516
-0.00399481
-0.00102036
-0.00427137
-0.000543672
-0.00445763
-6.50762e-05
-0.00454846
0.000404844
-0.00453729
0.000855321
-0.00442345
0.00127642
-0.00420618
0.00165777
-0.00388801
0.00199063
-0.0034765
0.00226648
-0.00297704
0.00247837
-0.00240203
0.00262149
-0.00176592
0.00269215
-0.00108258
0.00268847
-0.000371016
0.00261103
0.000350325
0.00246184
0.00106096
0.0022459
0.00173961
0.00196962
0.00236475
0.00164179
0.0029181
0.00127307
0.00337889
0.00087508
0.00373151
0.000461569
0.00396225
4.64828e-05
0.00406229
-0.000355543
0.00402509
-0.000730401
0.00385178
-0.00106528
0.00354902
-0.00134835
0.00312529
-0.00157005
0.0026009
-0.00172462
0.0019933
-0.00180761
0.00133057
-0.00181883
0.000637949
-0.00176133
-5.47743e-05
-0.00164071
-0.000720832
-0.00146516
-0.00133308
-0.00124523
-0.00186981
-0.000992611
-0.00231059
-0.000719553
-0.00264378
-0.000438653
-0.00285988
-0.000161379
-0.00295761
0.000101228
-0.00293782
0.000339431
-0.00281055
0.000545981
-0.00258703
0.000715697
-0.00228167
0.000844823
-0.0019134
0.000932453
-0.00150044
0.000979338
-0.00106174
0.000987193
-0.000617045
0.000959907
-0.000182725
0.000901852
0.000225365
0.000818317
0.000595421
0.00071503
0.00091636
0.000597949
0.00118108
0.000472649
0.00138538
0.000344393
0.00152749
0.00021764
0.00160717
9.70758e-05
0.00162831
-1.42553e-05
0.00159467
-0.000113402
0.00151349
-0.000198469
0.0013903
-0.00026828
0.00123356
-0.000322108
0.00105134
-0.000360122
0.000851754
-0.000382727
0.000641915
-0.000391009
0.000430432
-0.000385966
0.000222507
-0.000369554
2.50833e-05
-0.000343051
-0.000156966
-0.000308369
-0.000320159
-0.000267602
-0.000460486
-0.000222421
-0.00057637
-0.000174749
-0.000665766
-0.000125938
-0.000729012
-7.74803e-05
-0.000766056
-3.09092e-05
-0.000777469
1.25738e-05
-0.000765414
5.21093e-05
-0.00073152
8.68994e-05
-0.000678732
0.000116431
-0.00060945
0.000140283
-0.000527086
0.000158333
-0.000434511
0.000170563
-0.000335122
0.00017709
-0.000231839
0.00017817
-0.000127653
0.00017429
-2.54803e-05
0.000165829
7.21746e-05
0.00015337
0.000163272
0.000137578
0.000245785
0.000119029
0.00031844
9.83596e-05
0.000379903
7.61383e-05
0.000429577
5.30434e-05
0.000466577
2.96406e-05
0.000490968
6.49881e-06
0.000502666
-1.59467e-05
0.000502127
-3.71407e-05
0.000489739
-5.67237e-05
0.000466594
-7.43442e-05
0.000433483
-8.97381e-05
0.000391691
-0.000102726
0.000342589
-0.000113157
0.000287461
-0.00012095
0.000227438
-0.000126047
0.00016384
-0.000128412
9.80826e-05
-0.000128126
3.15636e-05
-0.000125317
-3.42463e-05
-0.000120175
-9.81779e-05
-0.000112892
-0.000159327
-0.000103615
-0.000216991
-9.25123e-05
-0.000270401
-7.98067e-05
-0.000318827
-6.57013e-05
-0.000361407
-5.04388e-05
-0.000397683
-3.42447e-05
-0.000427005
-1.73544e-05
-0.000448913
-0.000462849
0.000136625
-0.00396981
0.000264607
-0.00399908
0.000377189
-0.00405082
0.000443423
-0.00420228
0.000475511
-0.00424185
0.000427958
-0.00447917
0.00034325
-0.00446909
-0.00485753
0.000101378
-0.00564979
0.000356898
-0.00546134
0.000604265
-0.00547202
0.00090888
-0.00532908
0.00123865
-0.00527124
0.00159713
-0.00511196
0.00197232
-0.00497499
0.00235046
-0.0048004
0.00273185
-0.0046139
0.00310024
-0.00440169
0.00344875
-0.00416407
0.00377807
-0.00390511
0.00408341
-0.00362037
0.00436227
-0.00330886
0.00461086
-0.00297106
0.00482637
-0.00260789
0.00500618
-0.00222019
0.00514822
-0.00180912
0.00525036
-0.00137627
0.00531081
-0.000924633
0.00532812
-0.00045608
0.00530153
2.4597e-05
0.00523038
0.000514669
0.00511467
0.00100967
0.00495476
0.00150508
0.00475114
0.00199652
0.00450539
0.00247869
0.0042187
0.00294619
0.00389346
0.00339449
0.00353258
0.00381557
0.00313919
0.00420764
0.00271712
0.00456055
0.00227
0.00487476
0.00180296
0.0051389
0.00132075
0.00535219
0.000828868
0.00550812
0.000332879
0.00560219
-0.000161454
0.00563294
-0.000647047
0.00559583
-0.0011185
0.00549138
-0.00156862
0.00531518
-0.00199264
0.00506846
-0.00238266
0.00475232
-0.0027339
0.00437177
-0.00304075
0.00392505
-0.00329832
0.00341952
-0.00350237
0.00286259
-0.00364942
0.0022588
-0.00373645
0.0016164
-0.00376184
0.000946681
-0.00372381
0.000257832
-0.00362345
-0.000437489
-0.0034619
-0.00112663
-0.00324144
-0.00179844
-0.00296578
-0.00243844
-0.00264001
-0.0030341
-0.00226976
-0.00357269
-0.00186225
-0.00404229
-0.0014253
-0.00443176
-0.000967846
-0.00472882
-0.000499448
-0.00492603
-3.00767e-05
-0.00501783
0.000429962
-0.00499733
0.000870498
-0.00486399
0.00128115
-0.00461683
0.00165214
-0.004259
0.00197491
-0.00379928
0.00224127
-0.0032434
0.00244489
-0.00260564
0.00258024
-0.00190127
0.00264426
-0.0011466
0.00263583
-0.000362579
0.00255465
0.000431501
0.00240373
0.00121188
0.00218755
0.00195579
0.00191279
0.00263951
0.0015881
0.00324279
0.00122374
0.00374326
0.000831594
0.00412366
0.000425046
0.0043688
1.77958e-05
0.00446954
-0.00037544
0.00441833
-0.000741208
0.00421754
-0.00106632
0.00387413
-0.00133953
0.00339849
-0.00155207
0.00281345
-0.00169729
0.00213852
-0.00177231
0.00140558
-0.00177696
0.000642604
-0.0017142
-0.000117539
-0.00159012
-0.000844912
-0.00141328
-0.00150991
-0.00119467
-0.00208842
-0.000944381
-0.00256088
-0.000676032
-0.00291213
-0.000401679
-0.00313423
-0.000132788
-0.0032265
0.000120272
-0.00319088
0.000348438
-0.00303871
0.000544825
-0.00278342
0.000704604
-0.00244145
0.000824469
-0.00203327
0.000903925
-0.00157989
0.000943942
-0.00110176
0.00094675
-0.000619853
0.000916012
-0.000151987
0.000856328
0.00028505
0.00077294
0.000678809
0.000671458
0.00101784
0.00055764
0.0012949
0.000436824
0.0015062
0.000314204
0.00165011
0.000193316
0.00172806
7.92636e-05
0.00174236
-2.54806e-05
0.00169942
-0.00011817
0.00160618
-0.000197133
0.00146926
-0.000261344
0.00129777
-0.000310384
0.00110038
-0.000344282
0.000885652
-0.000363879
0.000661512
-0.000369769
0.000436322
-0.00036352
0.000216258
-0.00034667
8.23319e-06
-0.000320459
-0.000183177
-0.00028697
-0.000353648
-0.000248085
-0.000499372
-0.000205112
-0.000619343
-0.000159901
-0.000710976
-0.000114048
-0.000774865
-6.88606e-05
-0.000811244
-2.55438e-05
-0.000820786
1.47618e-05
-0.00080572
5.12567e-05
-0.000768015
8.32488e-05
-0.000710724
0.000110262
-0.000636463
0.000131944
-0.000548767
0.000148206
-0.000450773
0.000159058
-0.000345975
0.000164631
-0.000237412
0.000165207
-0.000128228
0.000161209
-2.1482e-05
0.000153013
8.037e-05
0.000141223
0.000175062
0.00012642
0.000260588
0.000109106
0.000335754
8.99066e-05
0.000399102
6.94093e-05
0.000450074
4.81273e-05
0.000487859
2.66148e-05
0.000512481
5.37783e-06
0.000523903
-1.51108e-05
0.000522616
-3.44486e-05
0.000509077
-5.22667e-05
0.000484412
-6.82541e-05
0.000449471
-8.21842e-05
0.000405621
-9.38921e-05
0.000354297
-0.000103283
0.000296851
-0.000110247
0.000234403
-0.000114774
0.000168367
-0.000116784
0.000100093
-0.000116416
3.11953e-05
-0.000113729
-3.69331e-05
-0.000108967
-0.00010294
-0.000102279
-0.000166015
-9.38141e-05
-0.000225456
-8.37184e-05
-0.000280496
-7.21797e-05
-0.000330366
-5.93956e-05
-0.000374191
-4.55826e-05
-0.000411496
-3.09395e-05
-0.000441648
-1.56769e-05
-0.000464175
-0.000478526
7.49517e-05
-0.00404477
0.000142112
-0.00406625
0.000204739
-0.00411345
0.000235232
-0.00423278
0.000260271
-0.00426689
0.000220448
-0.00443935
0.000186732
-0.00443537
-0.00467079
0.000159278
-0.00580907
0.00042806
-0.00573012
0.000699658
-0.00574362
0.00101356
-0.00564298
0.00133446
-0.00559215
0.00167794
-0.00545544
0.002028
-0.00532506
0.0023814
-0.00515379
0.0027303
-0.0049628
0.00306937
-0.00474075
0.00339938
-0.00449408
0.00370949
-0.00421523
0.00399621
-0.00390709
0.00425794
-0.0035706
0.00449186
-0.00320498
0.00469431
-0.00281033
0.00486268
-0.00238856
0.00499495
-0.0019414
0.00508875
-0.00147007
0.00514169
-0.000977565
0.00515421
-0.000468604
0.00512392
5.48849e-05
0.00505062
0.000587972
0.00493425
0.00112605
0.00477546
0.00166387
0.00457425
0.00219773
0.00433234
0.00272061
0.00405128
0.00322725
0.00373326
0.00371251
0.00338121
0.00416762
0.00299764
0.00459121
0.00258653
0.00497166
0.00215201
0.00530928
0.00169839
0.00559252
0.00123047
0.00582012
0.000753355
0.00598523
0.00027312
0.00608242
-0.000204514
0.00611057
-0.000674139
0.00606546
-0.00112881
0.00594605
-0.00156322
0.00574959
-0.00197073
0.00547597
-0.00234573
0.00512732
-0.00268272
0.00470876
-0.00297637
0.0042187
-0.00322175
0.00366491
-0.00341515
0.00305599
-0.00355307
0.00239671
-0.00363231
0.00169564
-0.00365231
0.000966677
-0.00361124
0.000216768
-0.00350904
-0.000539692
-0.00334789
-0.00128777
-0.00312991
-0.00201643
-0.00285868
-0.00270966
-0.00253948
-0.00335331
-0.0021774
-0.00393476
-0.00177994
-0.00443976
-0.00135444
-0.00485726
-0.000909655
-0.00517361
-0.000454905
-0.00538078
-1.18602e-08
-0.00547272
0.000445378
-0.00544272
0.000871101
-0.00528971
0.0012672
-0.00501293
0.00162429
-0.0046161
0.00193412
-0.0041091
0.00218877
-0.00349805
0.00238199
-0.00279886
0.00250891
-0.00202819
0.00256668
-0.00120438
0.00255432
-0.000350223
0.00247132
0.000514506
0.00232083
0.00136238
0.00210765
0.00216896
0.00183798
0.00290918
0.00152038
0.00356039
0.00116457
0.00409906
0.000783121
0.00450511
0.000387808
0.00476412
-6.56686e-06
0.00486391
-0.000387015
0.00479878
-0.000739877
0.00457041
-0.00105242
0.00418668
-0.00131357
0.00365963
-0.00151509
0.00301497
-0.00165079
0.00227423
-0.00171786
0.00147265
-0.00171668
0.000641424
-0.00165017
-0.000184048
-0.00152504
-0.000970038
-0.00134951
-0.00168545
-0.0011339
-0.00230403
-0.000890024
-0.00280475
-0.000629719
-0.00317243
-0.000364877
-0.00339907
-0.000106788
-0.00348459
0.000134768
-0.00343243
0.000351182
-0.00325513
0.000536213
-0.00296845
0.000685368
-0.0025906
0.000795794
-0.00214369
0.000867319
-0.00165142
0.000901099
-0.00113554
0.000899765
-0.000618519
0.000866798
-0.00011902
0.00080669
0.000345158
0.000724709
0.00076079
0.000626098
0.00111645
0.000516599
0.0014044
0.000401222
0.00162158
0.000284671
0.00176666
0.000170985
0.00184175
6.38016e-05
0.00184955
-3.40019e-05
0.00179722
-0.000120099
0.00169227
-0.00019289
0.00154205
-0.000251604
0.00135648
-0.000296079
0.00114486
-0.000326207
0.00091578
-0.000342943
0.000678248
-0.000347008
0.000440387
-0.000339997
0.000209246
-0.00032287
-8.8932e-06
-0.000297519
-0.000208528
-0.000265583
-0.000385584
-0.000228482
-0.000536473
-0.000188026
-0.000659799
-0.000145764
-0.000753238
-0.000103056
-0.000817573
-6.11332e-05
-0.000853167
-2.11938e-05
-0.000860725
1.61908e-05
-0.000843104
4.97375e-05
-0.000801562
7.9007e-05
-0.000739994
0.000103614
-0.00066107
0.00012325
-0.000568403
0.000137858
-0.000465381
0.000147483
-0.0003556
0.000152233
-0.000242162
0.000152384
-0.00012838
0.000148357
-1.7455e-05
0.000140524
8.82031e-05
0.000129488
0.000186099
0.000115664
0.000274412
9.96171e-05
0.000351801
8.18984e-05
0.000416821
6.30561e-05
0.000468916
4.35245e-05
0.000507391
2.38474e-05
0.000532158
4.44837e-06
0.000543302
-1.42234e-05
0.000541287
-3.18029e-05
0.000526656
-4.79735e-05
0.000500583
-6.24404e-05
0.000463938
-7.50072e-05
0.000418188
-8.55572e-05
0.000364847
-9.39647e-05
0.000305259
-0.000100205
0.000240643
-0.000104177
0.00017234
-0.000105926
0.000101842
-0.000105459
3.07283e-05
-0.000102955
-3.94373e-05
-9.85751e-05
-0.00010732
-9.24432e-05
-0.000172147
-8.47439e-05
-0.000233155
-7.55904e-05
-0.00028965
-6.51352e-05
-0.000340821
-5.35772e-05
-0.000385749
-4.11114e-05
-0.000423961
-2.78941e-05
-0.000454865
-1.41314e-05
-0.000477938
-0.000492657
4.16535e-05
-0.00408642
7.86764e-05
-0.00410327
0.000114711
-0.00414949
0.000127121
-0.00424519
0.000141176
-0.00428094
0.00011001
-0.00440818
9.38824e-05
-0.00441924
-0.00457691
0.000219944
-0.00602902
0.000485902
-0.00599608
0.000758835
-0.00601655
0.00106417
-0.00594831
0.00136941
-0.00589739
0.00169306
-0.00577908
0.00201983
-0.00565182
0.00234851
-0.00548248
0.00267608
-0.00529037
0.00299491
-0.00505958
0.00330108
-0.00480025
0.00359084
-0.00450499
0.00386151
-0.00417776
0.0041081
-0.00381719
0.00432644
-0.00342332
0.00451596
-0.00299985
0.00467284
-0.00254544
0.00479589
-0.00206445
0.00488166
-0.00155583
0.00492921
-0.00102512
0.00493677
-0.000476168
0.00490379
8.78708e-05
0.00482968
0.000662078
0.00471475
0.00124098
0.00455884
0.00181977
0.00436264
0.00239392
0.00412799
0.00295526
0.00385552
0.00349972
0.00354817
0.00401985
0.00320815
0.00450765
0.00283811
0.00496124
0.00244249
0.00536728
0.00202448
0.00572729
0.0015886
0.0060284
0.0011395
0.00626921
0.000681724
0.006443
0.000221476
0.00654267
-0.000236181
0.00656823
-0.000685328
0.0065146
-0.00112021
0.00638093
-0.00153504
0.00616442
-0.00192337
0.0058643
-0.00228061
0.00548457
-0.00260094
0.00502909
-0.00287905
0.00449681
-0.00311101
0.00389686
-0.00329274
0.00323771
-0.00342079
0.00252477
-0.00349344
0.0017683
-0.0035088
0.000982035
-0.00346525
0.000173214
-0.00336299
-0.000641954
-0.00320465
-0.0014461
-0.00299202
-0.00222906
-0.00272881
-0.00297286
-0.00241923
-0.00366289
-0.00206938
-0.00428461
-0.001686
-0.00482314
-0.00127618
-0.00526707
-0.000848227
-0.00560156
-0.000411399
-0.0058176
2.51014e-05
-0.00590922
0.000451659
-0.00586927
0.000859008
-0.00569706
0.00123731
-0.00539123
0.00157773
-0.00495652
0.00187227
-0.00440364
0.00211363
-0.0037394
0.00229563
-0.00298086
0.00241381
-0.00214637
0.00246523
-0.00125579
0.00245008
-0.000335071
0.00236653
0.000598059
0.00221881
0.00151009
0.00201108
0.0023767
0.00174962
0.00317063
0.00144257
0.00386744
0.00109976
0.00444187
0.000732182
0.00487268
0.000352293
0.00514401
-2.6721e-05
0.00524293
-0.000391095
0.00516315
-0.000728183
0.00490749
-0.00102566
0.00448416
-0.00127318
0.00390715
-0.00146287
0.00320467
-0.00158836
0.00239972
-0.00164808
0.00153236
-0.00164217
0.00063552
-0.00157363
-0.000252587
-0.00144904
-0.00109463
-0.00127694
-0.00185755
-0.00106779
-0.00251319
-0.00083245
-0.00304009
-0.00058289
-0.00342199
-0.000330017
-0.00365194
-8.41851e-05
-0.00373042
0.000144718
-0.00366134
0.000348366
-0.00345878
0.000521453
-0.00314154
0.000659457
-0.0027286
0.000760668
-0.0022449
0.000824659
-0.00171541
0.000853034
-0.00116392
0.000848248
-0.000613733
0.000813741
-8.45129e-05
0.000754174
0.000404724
0.000674755
0.00084021
0.000580362
0.00121084
0.000475952
0.00150881
0.00036664
0.00173089
0.000256816
0.00187648
0.000150938
0.00194763
5.0652e-05
0.00194983
-4.00752e-05
0.00188795
-0.000119527
0.00177173
-0.000186394
0.00160892
-0.000239818
0.00140991
-0.000279839
0.00118488
-0.000306691
0.000942633
-0.000320848
0.000692405
-0.000323549
0.000443088
-0.000315735
0.000201432
-0.000299021
-2.56076e-05
-0.000274661
-0.000232887
-0.00024423
-0.000416015
-0.000209511
-0.000571192
-0.000171849
-0.000697461
-0.000132515
-0.000792572
-9.28091e-05
-0.000857279
-5.40295e-05
-0.000891946
-1.71271e-05
-0.000897628
1.7005e-05
-0.000877236
4.76997e-05
-0.000832256
7.43713e-05
-0.000766665
9.66876e-05
-0.000683387
0.000114433
-0.000586148
0.00012754
-0.000478489
0.00013604
-0.0003641
0.000140083
-0.000246205
0.000139926
-0.000128223
0.00013593
-1.34589e-05
0.00012853
9.56034e-05
0.000118198
0.00019643
0.000105401
0.000287209
9.06701e-05
0.000366532
7.43991e-05
0.000433092
5.70871e-05
0.000486228
3.92497e-05
0.000525228
2.12978e-05
0.00055011
3.6667e-06
0.000560933
-1.33006e-05
0.000558255
-2.92411e-05
0.000542597
-4.38611e-05
0.000515203
-5.69208e-05
0.000476997
-6.82411e-05
0.000429508
-7.77048e-05
0.000374311
-8.52492e-05
0.000312803
-9.08e-05
0.000246193
-9.43306e-05
0.00017587
-9.58107e-05
0.000103322
-9.53158e-05
3.02334e-05
-9.29752e-05
-4.1778e-05
-8.89417e-05
-0.000111353
-8.33787e-05
-0.00017771
-7.63941e-05
-0.00024014
-6.81239e-05
-0.00029792
-5.8663e-05
-0.000350282
-4.82352e-05
-0.000396176
-3.70037e-05
-0.000435193
-2.51053e-05
-0.000466764
-1.27114e-05
-0.000490332
-0.000505368
2.21672e-05
-0.00410859
4.46048e-05
-0.00412571
6.78345e-05
-0.00417271
7.33775e-05
-0.00425073
8.37523e-05
-0.00429132
6.16366e-05
-0.00438607
5.46327e-05
-0.00441224
-0.00452228
0.000238421
-0.00626744
0.000499279
-0.00625694
0.00076466
-0.00628193
0.00105559
-0.00623924
0.00135116
-0.00619297
0.00165637
-0.0060843
0.0019637
-0.00595915
0.00227484
-0.00579361
0.0025806
-0.00559613
0.00288028
-0.00535926
0.00316616
-0.00508613
0.00343754
-0.00477636
0.00369161
-0.00443184
0.00392075
-0.00404633
0.00412668
-0.00362925
0.0043025
-0.00317568
0.00444757
-0.00269051
0.00456195
-0.00217883
0.00464015
-0.00163403
0.00468221
-0.00106718
0.00468677
-0.000480727
0.00465215
0.000122491
0.00457891
0.000735322
0.00446655
0.00135334
0.00431585
0.00197048
0.00412623
0.00258354
0.00390114
0.00318035
0.00363938
0.00376147
0.00334557
0.00431367
0.00302072
0.00483249
0.00266696
0.005315
0.00228967
0.00574457
0.00189153
0.00612544
0.00147666
0.00644327
0.00104957
0.0066963
0.000613932
0.00687864
0.000176326
0.00698028
-0.000257342
0.00700189
-0.000683881
0.00694114
-0.0010956
0.00679265
-0.00148845
0.00655726
-0.00185567
0.00623152
-0.00219274
0.00582164
-0.00249511
0.00533146
-0.00275661
0.00475832
-0.00297385
0.00411409
-0.00314344
0.0034073
-0.00326192
0.00264325
-0.00332724
0.00183362
-0.00333934
0.000994129
-0.00329458
0.000128454
-0.00319379
-0.000742748
-0.00303992
-0.00159997
-0.00283502
-0.00243397
-0.00258164
-0.00322623
-0.00228541
-0.00395913
-0.00195049
-0.00461953
-0.00158429
-0.00518934
-0.00119348
-0.00565789
-0.000785557
-0.00600948
-0.000369999
-0.00623316
4.48633e-05
-0.00632408
0.000450048
-0.00627446
0.000836473
-0.00608349
0.0011946
-0.00574935
0.00151636
-0.00527829
0.00179407
-0.00468135
0.00202104
-0.00396638
0.00219112
-0.00315093
0.00230033
-0.00225558
0.00234576
-0.00130123
0.00232894
-0.000318256
0.00224577
0.000681233
0.00210278
0.00165308
0.00190275
0.00257673
0.00165146
0.00342192
0.00135787
0.00416104
0.00103039
0.00476935
0.000679739
0.00522334
0.000317993
0.00550575
-4.25511e-05
0.00560347
-0.000388491
0.00550909
-0.000707856
0.00522686
-0.000988895
0.0047652
-0.00122151
0.00413976
-0.00139857
0.00338173
-0.00151441
0.00251556
-0.00156661
0.00158456
-0.00155751
0.000626424
-0.00148763
-0.000322469
-0.00136573
-0.00121653
-0.00119956
-0.00202372
-0.00099805
-0.00271469
-0.000772928
-0.00326521
-0.000535164
-0.00365976
-0.000295517
-0.00389159
-6.39829e-05
-0.00396196
0.000150522
-0.00387584
0.000340913
-0.00364917
0.000501495
-0.00330212
0.000628644
-0.00285575
0.000720787
-0.00233705
0.000777983
-0.0017726
0.000801116
-0.00118705
0.000793604
-0.00060622
0.000758501
-4.94098e-05
0.000700449
0.000462775
0.000624069
0.00091659
0.000534372
0.00130054
0.000436366
0.00160681
0.000333915
0.00183334
0.000230943
0.00197946
0.000132012
0.00204656
3.99359e-05
0.00204191
-4.41033e-05
0.00197199
-0.000117029
0.00184465
-0.000178033
0.00166992
-0.000226569
0.00145845
-0.000262524
0.00122083
-0.000286173
0.000966281
-0.000298364
0.000704596
-0.000299675
0.000444399
-0.000291761
0.000193518
-0.000275404
-4.19639e-05
-0.000252269
-0.000256023
-0.000223833
-0.00044445
-0.000191305
-0.00060372
-0.000156155
-0.000732611
-0.000119801
-0.000828926
-8.33134e-05
-0.000893767
-4.77165e-05
-0.000927543
-1.39678e-05
-0.000931377
1.73176e-05
-0.000908522
4.52686e-05
-0.000860207
6.95216e-05
-0.000790918
8.96826e-05
-0.000703548
0.000105685
-0.000602151
0.000117383
-0.000490186
0.000124875
-0.000371592
0.000128309
-0.000249639
0.000127947
-0.000127861
0.000124079
-9.59118e-06
0.000117146
0.000102537
0.000107541
0.000206036
9.57608e-05
0.000298989
8.21959e-05
0.000380097
6.73083e-05
0.00044798
5.15813e-05
0.000501955
3.53125e-05
0.000541497
1.90064e-05
0.000566416
2.9946e-06
0.000576944
-1.23637e-05
0.000573613
-2.67725e-05
0.000557005
-3.99734e-05
0.000528404
-5.17372e-05
0.000488761
-6.19079e-05
0.000439679
-7.04068e-05
0.00038281
-7.71435e-05
0.00031954
-8.21057e-05
0.000251155
-8.521e-05
0.000178975
-8.64969e-05
0.000104608
-8.59814e-05
2.9718e-05
-8.37841e-05
-4.39752e-05
-8.00999e-05
-0.000115037
-7.50542e-05
-0.000182756
-6.87509e-05
-0.000246443
-6.12527e-05
-0.000305418
-5.27528e-05
-0.000358782
-4.336e-05
-0.000405569
-3.32378e-05
-0.000445315
-2.25475e-05
-0.000477454
-1.14167e-05
-0.000501463
-0.000516785
7.73549e-06
-0.00411632
2.4684e-05
-0.00414265
4.31296e-05
-0.00419116
4.62464e-05
-0.00425385
5.57509e-05
-0.00430082
3.90285e-05
-0.00436935
3.67069e-05
-0.00440992
-0.00448557
0.000237924
-0.00650536
0.000491733
-0.00651075
0.00074713
-0.00653733
0.0010278
-0.00651991
0.00130473
-0.0064699
0.00159453
-0.00637409
0.0018836
-0.00624823
0.00217331
-0.00608332
0.00245695
-0.00587977
0.00273549
-0.00563781
0.0030067
-0.00535734
0.00326165
-0.00503132
0.00349614
-0.00466632
0.00371008
-0.00426027
0.00390046
-0.00381962
0.00406442
-0.00333964
0.00419973
-0.00282582
0.00430411
-0.00228321
0.00437542
-0.00170534
0.00441274
-0.0011045
0.00441414
-0.000482134
0.00437966
0.000156972
0.00430798
0.000807007
0.00419949
0.00146182
0.00405422
0.00211574
0.00387496
0.0027628
0.00365921
0.0033961
0.0034122
0.00400848
0.00313238
0.00459349
0.00282378
0.00514109
0.00249059
0.0056482
0.00213322
0.00610194
0.00175663
0.00650203
0.00136488
0.00683501
0.000961017
0.00710017
0.000551244
0.00728842
0.000139316
0.00739221
-0.000269903
0.00741111
-0.000670907
0.00734215
-0.00105866
0.00718041
-0.00142733
0.00692593
-0.00177266
0.00657685
-0.0020882
0.00613719
-0.0023697
0.00561295
-0.00261476
0.00500338
-0.00281763
0.00431696
-0.00297537
0.00356504
-0.0030847
0.00275258
-0.00314389
0.00189282
-0.00314974
0.000999973
-0.00310431
8.30248e-05
-0.00300884
-0.000838215
-0.0028612
-0.0017476
-0.00266497
-0.0026302
-0.00242466
-0.00346654
-0.00214268
-0.00424111
-0.00182579
-0.00493642
-0.00147849
-0.00553664
-0.00110847
-0.0060279
-0.000724056
-0.0063939
-0.000331224
-0.006626
6.03844e-05
-0.00671569
0.000442281
-0.00665636
0.000805281
-0.00644649
0.00114165
-0.00608571
0.00144354
-0.00558018
0.00170366
-0.00494147
0.00191508
-0.0041778
0.00207331
-0.00330916
0.00217378
-0.00235605
0.00221473
-0.00134217
0.00219419
-0.000297718
0.00211472
0.000760698
0.00197736
0.00179044
0.00178636
0.00276773
0.00154835
0.00365993
0.00126943
0.00443996
0.000958725
0.00508006
0.000627119
0.00555494
0.000285224
0.00584765
-5.47801e-05
0.00594348
-0.000380672
0.00583498
-0.000680471
0.00552666
-0.000943912
0.00502864
-0.00116161
0.00435746
-0.0013255
0.00354561
-0.00143143
0.0026215
-0.00147787
0.00163099
-0.00146433
0.000612881
-0.0013961
-0.000390694
-0.00127796
-0.00133468
-0.00111816
-0.00218351
-0.000926864
-0.00290599
-0.000713647
-0.00347843
-0.000489509
-0.00388389
-0.000264338
-0.00411676
-4.74494e-05
-0.00417885
0.000152857
-0.00407615
0.00032959
-0.0038259
0.000477755
-0.00345029
0.000594351
-0.00297235
0.000677833
-0.00242053
0.00072827
-0.00182304
0.000747464
-0.00120624
0.000737785
-0.000596541
0.000702955
-1.45797e-05
0.000647129
0.000518602
0.000574546
0.000989172
0.00048991
0.00138518
0.000397785
0.00169894
0.000302372
0.00192875
0.000207557
0.00207427
0.00011554
0.00213857
3.05636e-05
0.00212688
-4.64511e-05
0.002049
-0.000113076
0.00191128
-0.000168531
0.00172538
-0.000212379
0.00150229
-0.000244548
0.001253
-0.000265526
0.00098726
-0.000275726
0.000714795
-0.000276298
0.000444972
-0.000268065
0.000185284
-0.000252534
-5.74944e-05
-0.000230762
-0.000277795
-0.000204056
-0.000471157
-0.000174025
-0.00063375
-0.000141714
-0.000764923
-0.000108183
-0.000862457
-7.46456e-05
-0.000927304
-4.20408e-05
-0.000960148
-1.12011e-05
-0.000962216
1.72389e-05
-0.000936962
4.26068e-05
-0.000885575
6.45496e-05
-0.000812861
8.27536e-05
-0.000721752
9.71282e-05
-0.000616525
0.00010756
-0.000500618
0.000114185
-0.000378217
0.000117102
-0.000252556
0.000116562
-0.00012732
0.000112896
-5.92577e-06
0.000106398
0.000109035
9.75789e-05
0.000214855
8.67362e-05
0.000309831
7.43793e-05
0.000392454
6.08154e-05
0.000461544
4.6455e-05
0.000516316
3.17331e-05
0.000556219
1.69281e-05
0.000581221
2.44359e-06
0.000591429
-1.14349e-05
0.000587492
-2.44314e-05
0.000570002
-3.6324e-05
0.000540296
-4.68953e-05
0.000499332
-5.60295e-05
0.000448813
-6.36193e-05
0.0003904
-6.96542e-05
0.000325575
-7.40546e-05
0.000255556
-7.68141e-05
0.000181734
-7.79e-05
0.000105694
-7.73798e-05
2.91977e-05
-7.53807e-05
-4.59743e-05
-7.20225e-05
-0.000118396
-6.74357e-05
-0.000187343
-6.17373e-05
-0.000252141
-5.50005e-05
-0.000312155
-4.73363e-05
-0.000366446
-3.88953e-05
-0.00041401
-2.98174e-05
-0.000454393
-2.02227e-05
-0.000487049
-1.02416e-05
-0.000511444
-0.000527027
-7.8978e-06
1.04495e-05
3.05646e-05
3.2516e-05
4.22918e-05
2.83762e-05
2.81913e-05
0.000228413
0.000462977
0.000698847
0.000969281
0.00122819
0.00150201
0.00177284
0.00204334
0.00231217
0.0025753
0.0028259
0.00306449
0.00328601
0.00348677
0.00366268
0.00381535
0.00394225
0.00403714
0.00410343
0.00413656
0.00413615
0.00410164
0.00403288
0.00392925
0.00379189
0.00362169
0.00341882
0.0031857
0.00292236
0.00263251
0.00231906
0.00198407
0.00163066
0.00126314
0.000885335
0.000501091
0.000115435
-0.000267489
-0.000642284
-0.00100451
-0.0013485
-0.00167065
-0.00196505
-0.00222726
-0.00245425
-0.00264276
-0.00278853
-0.00288924
-0.00294199
-0.00294624
-0.00290206
-0.00280974
-0.00266974
-0.00248486
-0.002258
-0.00199316
-0.00169518
-0.00136953
-0.00102297
-0.000662179
-0.00029488
7.14895e-05
0.000428575
0.000768124
0.00108211
0.00136354
0.00160569
0.00180202
0.00194842
0.00204063
0.00207679
0.00205587
0.00197906
0.00184879
0.0016683
0.00144374
0.00118127
0.000889743
0.000578294
0.000257756
-6.11141e-05
-0.000366236
-0.0006465
-0.000891783
-0.00109456
-0.0012452
-0.00134263
-0.0013829
-0.00136796
-0.0013009
-0.00118813
-0.00103657
-0.000855945
-0.000655408
-0.000445355
-0.000235112
-3.36355e-05
0.00015191
0.000314986
0.000451335
0.000557623
0.000633061
0.000677826
0.000693612
0.00068276
0.000648574
0.000595238
0.000526921
0.000447904
0.000362065
0.000273314
0.000185324
0.000101605
2.31672e-05
-4.71868e-05
-0.000107814
-0.000158125
-0.000197708
-0.000226407
-0.000244906
-0.000253606
-0.000253392
-0.000245457
-0.000230583
-0.000210242
-0.000185604
-0.000157785
-0.000127958
-9.73459e-05
-6.67853e-05
-3.71823e-05
-9.15696e-06
1.68308e-05
3.98143e-05
5.96086e-05
7.60102e-05
8.88962e-05
9.82135e-05
0.000104045
0.000106528
0.000105897
0.00010238
9.63841e-05
8.82538e-05
7.83803e-05
6.70946e-05
5.47662e-05
4.17821e-05
2.84286e-05
1.50661e-05
2.00499e-06
-1.05156e-05
-2.22158e-05
-3.29017e-05
-4.23948e-05
-5.05707e-05
-5.73639e-05
-6.27465e-05
-6.66675e-05
-6.91058e-05
-7.00528e-05
-6.95421e-05
-6.76751e-05
-6.46273e-05
-6.05077e-05
-5.53825e-05
-4.93089e-05
-4.24295e-05
-3.48523e-05
-2.67128e-05
-1.81177e-05
-9.17044e-06
)
;

boundaryField
{
    freeSurface
    {
        type            calculated;
        value           nonuniform List<scalar> 
181
(
-0.00410842
-0.004161
-0.00421128
-0.0042558
-0.0043106
-0.00435543
-0.00440973
-0.00445738
-0.00673378
-0.00674531
-0.0067732
-0.00679035
-0.00672881
-0.00664792
-0.00651906
-0.00635382
-0.00614861
-0.00590094
-0.00560793
-0.00526991
-0.00488784
-0.00446103
-0.00399553
-0.00349231
-0.00295272
-0.0023781
-0.00177162
-0.00113762
-0.000481729
0.000191482
0.000875767
0.00156546
0.0022531
0.002933
0.00359897
0.00424161
0.00485683
0.00543094
0.00596165
0.00643692
0.00685544
0.00720253
0.00747797
0.00767266
0.00777786
0.00779404
0.00771694
0.00754263
0.00726992
0.006899
0.00643158
0.00587516
0.00523038
0.00450547
0.00371081
0.00285329
0.00194557
0.00100422
3.88527e-05
-0.000930544
-0.0018876
-0.00281508
-0.0036934
-0.00450595
-0.0052344
-0.00586229
-0.00637446
-0.00675469
-0.00699329
-0.00708206
-0.00701344
-0.00678604
-0.0063997
-0.00586162
-0.00518361
-0.00437413
-0.00345556
-0.00244825
-0.00137834
-0.000276803
0.000837512
0.00192072
0.00294821
0.00388449
0.00470243
0.00537158
0.00586639
0.00616819
0.00626235
0.00614011
0.00580692
0.00527392
0.00456023
0.00369625
0.00271893
0.00167126
0.00059794
-0.000457756
-0.00144746
-0.00233506
-0.00308662
-0.00367896
-0.00409395
-0.004327
-0.00438032
-0.00426169
-0.00398898
-0.00358663
-0.00307864
-0.00249597
-0.00186781
-0.00122203
-0.00058569
1.96065e-05
0.000571938
0.00105749
0.0014642
0.00178478
0.0020175
0.00216226
0.00222229
0.00220532
0.00211936
0.0019719
0.00177569
0.00154188
0.0012817
0.00100576
0.000723495
0.000444758
0.000177349
-7.23683e-05
-0.000298136
-0.000495795
-0.000661569
-0.00079475
-0.000893069
-0.000957865
-0.000989751
-0.000990242
-0.00096295
-0.000908559
-0.000832655
-0.000738153
-0.000629411
-0.000509936
-0.000384049
-0.000255039
-0.000126689
-2.40838e-06
0.000115031
0.000222985
0.000319705
0.000403739
0.000473872
0.0005293
0.000569572
0.000594583
0.00060449
0.000600012
0.000581702
0.000550982
0.000508825
0.000456989
0.000397193
0.000330957
0.000259477
0.000184172
0.000106641
2.8687e-05
-4.78413e-05
-0.000121443
-0.000191462
-0.000257267
-0.000318229
-0.000373326
-0.000421587
-0.000462533
-0.000495644
-0.000520391
-0.000536197
)
;
    }
    walls
    {
        type            calculated;
        value           uniform 0;
    }
    floatingObject
    {
        type            calculated;
        value           nonuniform List<scalar> 
37
(
0.00220273
0.00222853
0.00225433
0.00228044
0.00230718
0.00233392
0.00236113
0.00238865
0.00241634
0.00244449
0.00247296
0.00250175
0.00253085
0.00256026
0.00259015
0.00262019
0.00265086
0.00268153
0.00271284
0
0
1.35525e-20
0
0
0
0
-6.77626e-21
0
-3.38813e-21
0
0
0
0
0
0
0
0
)
;
    }
    frontAndBack
    {
        type            empty;
    }
}


// ************************************************************************* //
