/*--------------------------------*- C++ -*----------------------------------*\
  =========                 |
  \\      /  F ield         | OpenFOAM: The Open Source CFD Toolbox
   \\    /   O peration     | Website:  https://openfoam.org
    \\  /    A nd           | Version:  12
     \\/     M anipulation  |
\*---------------------------------------------------------------------------*/
FoamFile
{
    format      ascii;
    class       surfaceScalarField;
    location    "1.02";
    object      phi;
}
// * * * * * * * * * * * * * * * * * * * * * * * * * * * * * * * * * * * * * //

dimensions      [1 0 -1 0 0 0 0];

internalField   nonuniform List<scalar> 
7429
(
4.48072e-05
-4.48072e-05
9.0265e-05
-4.54578e-05
0.000136135
-4.58703e-05
0.000182361
-4.62256e-05
0.000228882
-4.65215e-05
0.000275638
-4.67558e-05
0.000322565
-4.69263e-05
0.000369595
-4.70303e-05
0.000416665
-4.70701e-05
0.000463711
-4.70463e-05
0.000510659
-4.69474e-05
0.000557437
-4.67786e-05
0.00060398
-4.6542e-05
0.0006502
-4.62204e-05
0.00069602
-4.58201e-05
0.000741357
-4.53367e-05
0.000786125
-4.47681e-05
0.000830248
-4.41228e-05
0.000873648
-4.34e-05
0.000916252
-4.2604e-05
0.000957991
-4.17392e-05
0.000998801
-4.08102e-05
0.00103862
-3.98229e-05
0.00107741
-3.87822e-05
0.0011151
-3.76935e-05
0.00115165
-3.65534e-05
0.00118703
-3.53756e-05
0.00122119
-3.41601e-05
0.0012541
-3.29099e-05
0.00128573
-3.16268e-05
0.00131603
-3.03017e-05
0.00134502
-2.89899e-05
0.00137264
-2.76239e-05
0.00139879
-2.61447e-05
0.00142345
-2.4661e-05
0.00144663
-2.31852e-05
0.00146835
-2.17172e-05
0.0014886
-2.02526e-05
0.00150738
-1.87791e-05
0.00152466
-1.72788e-05
0.00154039
-1.57309e-05
0.00155453
-1.41354e-05
0.00156701
-1.24854e-05
0.00157779
-1.07772e-05
0.0015868
-9.00663e-06
0.00159394
-7.14809e-06
0.00159925
-5.30898e-06
0.00160252
-3.26768e-06
0.00160383
-1.31388e-06
0.00160245
1.38617e-06
0.00159872
3.72565e-06
0.0015927
6.02213e-06
0.0015844
8.30027e-06
0.00157384
1.05642e-05
0.00156102
1.28115e-05
0.00154598
1.50441e-05
0.00152873
1.72456e-05
0.0015093
1.94309e-05
0.00148773
2.15742e-05
0.00146403
2.36944e-05
0.00143828
2.57506e-05
0.00141053
2.77553e-05
0.00138084
2.96853e-05
0.00134932
3.15248e-05
0.00131604
3.32774e-05
0.00128112
3.49206e-05
0.00124466
3.64586e-05
0.00120679
3.78747e-05
0.00116763
3.91566e-05
0.00112733
4.02967e-05
0.00108602
4.13143e-05
0.00104385
4.21676e-05
0.00100097
4.28817e-05
0.000957492
4.34786e-05
0.000913563
4.39292e-05
0.000869365
4.41975e-05
0.000825005
4.43599e-05
0.000780631
4.43743e-05
0.000736389
4.42419e-05
0.00069241
4.39793e-05
0.000648798
4.3612e-05
0.000605692
4.31062e-05
0.000563199
4.24932e-05
0.00052144
4.17584e-05
0.000480499
4.09416e-05
0.000440461
4.00371e-05
0.000401409
3.90523e-05
0.000363423
3.79866e-05
0.000326575
3.68475e-05
0.000290911
3.56641e-05
0.00025649
3.44209e-05
0.000223359
3.31308e-05
0.000191553
3.18058e-05
0.000161092
3.04616e-05
0.000132019
2.90724e-05
0.000104328
2.76913e-05
7.80446e-05
2.62836e-05
5.31674e-05
2.48771e-05
2.96905e-05
2.34769e-05
7.59309e-06
2.20974e-05
-1.31278e-05
2.07209e-05
-3.24876e-05
1.93598e-05
-5.04916e-05
1.80041e-05
-6.71823e-05
1.66907e-05
-8.25762e-05
1.53939e-05
-9.6714e-05
1.41378e-05
-0.000109625
1.2911e-05
-0.000121347
1.17218e-05
-0.000131916
1.05693e-05
-0.000141371
9.45472e-06
-0.000149762
8.39158e-06
-0.000157126
7.36386e-06
-0.000163512
6.38553e-06
-0.000168962
5.45022e-06
-0.000173518
4.5562e-06
-0.000177232
3.71353e-06
-0.000180148
2.91584e-06
-0.000182306
2.15869e-06
-0.000183755
1.44892e-06
-0.000184545
7.89357e-07
-0.000184713
1.68323e-07
-0.000184329
-3.83452e-07
-0.000183416
-9.13157e-07
-0.000182011
-1.40494e-06
-0.000180154
-1.85697e-06
-0.000177884
-2.26997e-06
-0.000175239
-2.6453e-06
-0.000172257
-2.98247e-06
-0.000168973
-3.28402e-06
-0.000165422
-3.55068e-06
-0.00016164
-3.78237e-06
-0.000157657
-3.9823e-06
-0.000153506
-4.15135e-06
-0.000149216
-4.29033e-06
-0.000144813
-4.40231e-06
-0.000140326
-4.48756e-06
-0.000135778
-4.54782e-06
-0.000131192
-4.58636e-06
-0.000126587
-4.60419e-06
-0.000121985
-4.60227e-06
-0.000117402
-4.58294e-06
-0.000112854
-4.54769e-06
-0.000108356
-4.4986e-06
-0.000103921
-4.43493e-06
-9.95615e-05
-4.35937e-06
-9.52871e-05
-4.2744e-06
-9.11084e-05
-4.17874e-06
-8.70334e-05
-4.07496e-06
-8.30685e-05
-3.96491e-06
-7.92198e-05
-3.84877e-06
-7.54913e-05
-3.72845e-06
-7.18857e-05
-3.60566e-06
-6.84051e-05
-3.48051e-06
-6.50508e-05
-3.35437e-06
-6.18225e-05
-3.22828e-06
-5.87212e-05
-3.10132e-06
-5.57458e-05
-2.97534e-06
-5.28963e-05
-2.84953e-06
-5.0173e-05
-2.72331e-06
-4.75745e-05
-2.59854e-06
-4.51009e-05
-2.47353e-06
-4.27504e-05
-2.35056e-06
-4.05217e-05
-2.22864e-06
-3.84126e-05
-2.10918e-06
-3.64205e-05
-1.99204e-06
-3.45423e-05
-1.87818e-06
-3.27751e-05
-1.76726e-06
-3.11157e-05
-1.65937e-06
-2.95599e-05
-1.55578e-06
-2.81033e-05
-1.45665e-06
-2.67405e-05
-1.36274e-06
-2.54656e-05
-1.27489e-06
-2.42717e-05
-1.19395e-06
-2.31515e-05
-1.12015e-06
-2.20975e-05
-1.05406e-06
-2.11022e-05
-9.95312e-07
-2.01577e-05
-9.44521e-07
-1.92557e-05
-9.01925e-07
-1.83872e-05
-8.68503e-07
-1.75416e-05
-8.45592e-07
-1.67063e-05
-8.3536e-07
-1.58679e-05
-8.38366e-07
-1.50131e-05
-8.54795e-07
-1.41299e-05
-8.83258e-07
-1.32096e-05
-9.20255e-07
-1.22481e-05
-9.61454e-07
-1.12461e-05
-1.00207e-06
-1.02092e-05
-1.03686e-06
-9.14846e-06
-1.06076e-06
-8.07892e-06
-1.06954e-06
-7.01693e-06
-1.06199e-06
-5.98092e-06
-1.03601e-06
-4.99057e-06
-9.90348e-07
-4.0637e-06
-9.26871e-07
-3.21393e-06
-8.49771e-07
-2.44799e-06
-7.65938e-07
-1.76197e-06
-6.86025e-07
-1.14144e-06
-6.20533e-07
-5.61741e-07
-5.79694e-07
-5.61741e-07
4.44014e-05
-8.92087e-05
8.94142e-05
-9.04705e-05
0.000134782
-9.1238e-05
0.00018042
-9.18632e-05
0.00022624
-9.23415e-05
0.00027215
-9.26661e-05
0.000318064
-9.28399e-05
0.000363892
-9.28586e-05
0.000409556
-9.27344e-05
0.000454986
-9.24761e-05
0.000500088
-9.20494e-05
0.000544786
-9.14772e-05
0.000588987
-9.07423e-05
0.000632601
-8.98351e-05
0.000675541
-8.87597e-05
0.000717718
-8.75138e-05
0.000759049
-8.60988e-05
0.000799462
-8.45365e-05
0.000838896
-8.28337e-05
0.0008773
-8.10079e-05
0.000914636
-7.90746e-05
0.000950876
-7.70509e-05
0.000986009
-7.49559e-05
0.00102002
-7.27909e-05
0.00105289
-7.05673e-05
0.00108464
-6.82994e-05
0.00111524
-6.59755e-05
0.0011447
-6.3621e-05
0.00117303
-6.12371e-05
0.00120022
-5.88167e-05
0.00122633
-5.64121e-05
0.0012513
-5.39652e-05
0.00127499
-5.1316e-05
0.00129747
-4.86229e-05
0.00131878
-4.59687e-05
0.00133894
-4.33427e-05
0.00135795
-4.07312e-05
0.00137581
-3.81141e-05
0.00139248
-3.54444e-05
0.00140788
-3.26853e-05
0.00142196
-2.98077e-05
0.00143464
-2.68183e-05
0.00144582
-2.36619e-05
0.00145545
-2.0405e-05
0.0014634
-1.6961e-05
0.00146957
-1.33132e-05
0.00147383
-9.57392e-06
0.00147641
-5.8458e-06
0.00147641
-1.31001e-06
0.00147432
3.47041e-06
0.00147007
7.97379e-06
0.00146366
1.24318e-05
0.00145509
1.68747e-05
0.00144435
2.13073e-05
0.00143144
2.57229e-05
0.00141636
3.01224e-05
0.00139914
3.44667e-05
0.00137979
3.87739e-05
0.00135837
4.29951e-05
0.00133491
4.71607e-05
0.00130947
5.11853e-05
0.00128214
5.50839e-05
0.00125302
5.88098e-05
0.0012222
6.23459e-05
0.00118978
6.56933e-05
0.00115589
6.88085e-05
0.00112065
7.17013e-05
0.0010842
7.43275e-05
0.00104669
7.66613e-05
0.00100824
7.87531e-05
0.000968944
8.06069e-05
0.000928986
8.21259e-05
0.00088852
8.33473e-05
0.00084767
8.43292e-05
0.00080661
8.4989e-05
0.00076544
8.53668e-05
0.000724303
8.54977e-05
0.000683323
8.53543e-05
0.000642603
8.49617e-05
0.000602292
8.42902e-05
0.000562475
8.34284e-05
0.000523274
8.23073e-05
0.000484753
8.10142e-05
0.000446983
7.9529e-05
0.000410089
7.78353e-05
0.000374128
7.59974e-05
0.000339213
7.39673e-05
0.000305339
7.18611e-05
0.000272564
6.96222e-05
0.000240983
6.72459e-05
0.000210562
6.48416e-05
0.000181385
6.23074e-05
0.000153439
5.97519e-05
0.000126769
5.71321e-05
0.000101379
5.4462e-05
7.72653e-05
5.1805e-05
5.44109e-05
4.91381e-05
3.28587e-05
4.64293e-05
1.25671e-05
4.37685e-05
-6.4721e-06
4.11366e-05
-2.4267e-05
3.85158e-05
-4.08439e-05
3.59366e-05
-5.62137e-05
3.33739e-05
-7.04218e-05
3.08988e-05
-8.34799e-05
2.84519e-05
-9.54215e-05
2.60794e-05
-0.000106289
2.37789e-05
-0.000116112
2.15443e-05
-0.000124918
1.93753e-05
-0.000132772
1.73088e-05
-0.000139681
1.53009e-05
-0.000145699
1.33817e-05
-0.000150868
1.15541e-05
-0.000155223
9.80542e-06
-0.000158822
8.15498e-06
-0.000161692
6.58407e-06
-0.000163875
5.09815e-06
-0.000165412
3.69654e-06
-0.000166333
2.36938e-06
-0.000166693
1.1493e-06
-0.000166542
1.7246e-08
-0.000165896
-1.02884e-06
-0.000164798
-2.01121e-06
-0.000163283
-2.92043e-06
-0.000161385
-3.75471e-06
-0.000159139
-4.51595e-06
-0.000156577
-5.20686e-06
-0.000153734
-5.82644e-06
-0.000150638
-6.37955e-06
-0.000147321
-6.86747e-06
-0.000143814
-7.2899e-06
-0.000140143
-7.65298e-06
-0.000136336
-7.95828e-06
-0.000132419
-8.20732e-06
-0.000128415
-8.40601e-06
-0.000124348
-8.55487e-06
-0.000120239
-8.65729e-06
-0.000116105
-8.71953e-06
-0.000111966
-8.74356e-06
-0.000107837
-8.7312e-06
-0.000103733
-8.68688e-06
-9.96675e-05
-8.61336e-06
-9.56517e-05
-8.51443e-06
-9.1698e-05
-8.3886e-06
-8.78166e-05
-8.24081e-06
-8.40153e-05
-8.07568e-06
-8.03034e-05
-7.89065e-06
-7.66878e-05
-7.69054e-06
-7.31738e-05
-7.47888e-06
-6.97665e-05
-7.25607e-06
-6.64691e-05
-7.02586e-06
-6.32832e-05
-6.79163e-06
-6.021e-05
-6.55367e-06
-5.72498e-05
-6.31461e-06
-5.44017e-05
-6.07629e-06
-5.16662e-05
-5.83681e-06
-4.90422e-05
-5.5994e-06
-4.65294e-05
-5.36231e-06
-4.41284e-05
-5.1243e-06
-4.18381e-05
-4.88881e-06
-3.9659e-05
-4.65265e-06
-3.75892e-05
-4.42034e-06
-3.56278e-05
-4.19012e-06
-3.37722e-05
-3.96474e-06
-3.20207e-05
-3.74354e-06
-3.03701e-05
-3.52879e-06
-2.88178e-05
-3.31951e-06
-2.73615e-05
-3.11574e-06
-2.59974e-05
-2.9199e-06
-2.47216e-05
-2.7324e-06
-2.35296e-05
-2.55479e-06
-2.24156e-05
-2.38882e-06
-2.13733e-05
-2.23628e-06
-2.03959e-05
-2.09756e-06
-1.94765e-05
-1.97349e-06
-1.86086e-05
-1.86313e-06
-1.77858e-05
-1.76732e-06
-1.70014e-05
-1.68638e-06
-1.62477e-05
-1.62221e-06
-1.55153e-05
-1.57798e-06
-1.47923e-05
-1.55834e-06
-1.40657e-05
-1.56493e-06
-1.33221e-05
-1.59846e-06
-1.25488e-05
-1.65652e-06
-1.17372e-05
-1.73189e-06
-1.08831e-05
-1.81557e-06
-9.9874e-06
-1.89772e-06
-9.05648e-06
-1.96779e-06
-8.10112e-06
-2.01612e-06
-7.1364e-06
-2.03425e-06
-6.1779e-06
-2.02049e-06
-5.24327e-06
-1.97064e-06
-4.35184e-06
-1.88178e-06
-3.5216e-06
-1.75711e-06
-2.76713e-06
-1.60424e-06
-2.09617e-06
-1.4369e-06
-1.50442e-06
-1.27778e-06
-9.75673e-07
-1.14927e-06
-4.82479e-07
-1.07289e-06
-1.04422e-06
4.83102e-05
-0.000137519
9.71985e-05
-0.000139359
0.000146342
-0.000140382
0.000195576
-0.000141097
0.00024472
-0.000141486
0.000293637
-0.000141583
0.00034221
-0.000141413
0.000390255
-0.000140903
0.000437635
-0.000140114
0.000484259
-0.0001391
0.000530027
-0.000137817
0.000574829
-0.000136279
0.000618614
-0.000134528
0.000661235
-0.000132456
0.00070256
-0.000130084
0.00074247
-0.000127424
0.000780903
-0.000124532
0.000817822
-0.000121455
0.000853211
-0.000118223
0.000887083
-0.00011488
0.000919471
-0.000111463
0.000950423
-0.000108003
0.00098
-0.000104533
0.00100827
-0.000101057
0.00103531
-9.76139e-05
0.00106118
-9.41687e-05
0.00108598
-9.07773e-05
0.00110977
-8.74057e-05
0.00113258
-8.40477e-05
0.00115455
-8.07834e-05
0.00117566
-7.75239e-05
0.00119589
-7.41999e-05
0.00121529
-7.07136e-05
0.00123402
-6.73487e-05
0.00125214
-6.40886e-05
0.00126964
-6.08498e-05
0.0012865
-5.75856e-05
0.00130261
-5.42269e-05
0.00131785
-5.06875e-05
0.00133212
-4.69498e-05
0.0013453
-4.29903e-05
0.00135725
-3.87729e-05
0.00136787
-3.42791e-05
0.00137683
-2.93598e-05
0.00138411
-2.42456e-05
0.00138965
-1.88566e-05
0.00139355
-1.3466e-05
0.00139491
-7.206e-06
0.00139401
-4.09534e-07
0.00139103
6.44404e-06
0.00138589
1.31186e-05
0.00137854
1.97799e-05
0.00136896
2.64534e-05
0.00135713
3.31348e-05
0.00134306
3.97972e-05
0.00132674
4.64444e-05
0.00130819
5.30125e-05
0.00128744
5.95263e-05
0.00126457
6.58615e-05
0.00123966
7.20711e-05
0.00121281
7.80337e-05
0.00118414
8.37604e-05
0.00115376
8.91914e-05
0.0011218
9.43009e-05
0.00108842
9.90782e-05
0.00105377
0.000103454
0.00101796
0.000107516
0.000981128
0.000111156
0.000943446
0.000114343
0.000905096
0.000117103
0.000866224
0.000119479
0.000827002
0.000121348
0.000787545
0.000122803
0.000747963
0.000123911
0.000708359
0.000124594
0.000668926
0.0001248
0.000629753
0.00012467
0.000590974
0.000124133
0.000552715
0.000123221
0.000515076
0.000121929
0.000478148
0.000120357
0.000441993
0.000118462
0.000406702
0.000116306
0.000372324
0.000113907
0.000338882
0.000111277
0.000306474
0.000108406
0.000275155
0.000105286
0.000244959
0.000102057
0.000215895
9.86867e-05
0.000188002
9.51388e-05
0.000161295
9.15484e-05
0.000135795
8.78078e-05
0.000111498
8.40484e-05
8.83859e-05
8.02443e-05
6.64811e-05
7.63668e-05
4.57803e-05
7.25057e-05
2.62905e-05
6.86279e-05
7.95294e-06
6.47668e-05
-9.25128e-06
6.09728e-05
-2.52924e-05
5.71777e-05
-4.01845e-05
5.34079e-05
-5.39734e-05
4.97255e-05
-6.6728e-05
4.61284e-05
-7.84077e-05
4.25786e-05
-8.91082e-05
3.91524e-05
-9.88292e-05
3.58004e-05
-0.0001076
3.255e-05
-0.000115467
2.94109e-05
-0.000122452
2.63608e-05
-0.000128606
2.3462e-05
-0.000133959
2.06539e-05
-0.000138549
1.79716e-05
-0.000142415
1.54204e-05
-0.000145606
1.29962e-05
-0.000148127
1.06768e-05
-0.000150045
8.50171e-06
-0.000151388
6.44095e-06
-0.000152176
4.48482e-06
-0.000152469
2.66225e-06
-0.00015229
9.70153e-07
-0.000151693
-5.79706e-07
-0.000150681
-2.04085e-06
-0.000149293
-3.39909e-06
-0.000147561
-4.65254e-06
-0.000145516
-5.7999e-06
-0.000143187
-6.84472e-06
-0.000140603
-7.79121e-06
-0.000137791
-8.6378e-06
-0.000134779
-9.39154e-06
-0.000131593
-1.0054e-05
-0.000128258
-1.06245e-05
-0.000124799
-1.11119e-05
-0.000121239
-1.15181e-05
-0.000117601
-1.18455e-05
-0.000113905
-1.21025e-05
-0.00011017
-1.22901e-05
-0.000106414
-1.24132e-05
-0.000102652
-1.24811e-05
-9.88991e-05
-1.24966e-05
-9.5168e-05
-1.24623e-05
-9.14704e-05
-1.23845e-05
-8.78167e-05
-1.22671e-05
-8.42161e-05
-1.2115e-05
-8.06787e-05
-1.1926e-05
-7.72127e-05
-1.17068e-05
-7.38248e-05
-1.14637e-05
-7.05226e-05
-1.11928e-05
-6.73123e-05
-1.09008e-05
-6.41983e-05
-1.05929e-05
-6.11845e-05
-1.02698e-05
-5.82732e-05
-9.93718e-06
-5.54647e-05
-9.60015e-06
-5.27589e-05
-9.25944e-06
-5.01546e-05
-8.91886e-06
-4.76502e-05
-8.58077e-06
-4.5245e-05
-8.242e-06
-4.29378e-05
-7.90654e-06
-4.07287e-05
-7.57141e-06
-3.86186e-05
-7.23447e-06
-3.66069e-05
-6.9005e-06
-3.46944e-05
-6.56515e-06
-3.28797e-05
-6.23502e-06
-3.11613e-05
-5.9085e-06
-2.95371e-05
-5.58895e-06
-2.80049e-05
-5.27581e-06
-2.65622e-05
-4.97144e-06
-2.52068e-05
-4.67494e-06
-2.39366e-05
-4.38591e-06
-2.27489e-05
-4.10761e-06
-2.16404e-05
-3.84087e-06
-2.06071e-05
-3.58807e-06
-1.96437e-05
-3.35231e-06
-1.87434e-05
-3.1365e-06
-1.78998e-05
-2.94117e-06
-1.71064e-05
-2.76693e-06
-1.63577e-05
-2.61183e-06
-1.56488e-05
-2.47621e-06
-1.4975e-05
-2.36021e-06
-1.43305e-05
-2.26663e-06
-1.37071e-05
-2.20138e-06
-1.30932e-05
-2.17229e-06
-1.2475e-05
-2.18315e-06
-1.18377e-05
-2.23576e-06
-1.11673e-05
-2.32685e-06
-1.04539e-05
-2.44528e-06
-9.69336e-06
-2.57616e-06
-8.88716e-06
-2.70392e-06
-8.04304e-06
-2.81191e-06
-7.17242e-06
-2.88674e-06
-6.29126e-06
-2.9154e-06
-5.41484e-06
-2.89692e-06
-4.5605e-06
-2.82499e-06
-3.7481e-06
-2.69418e-06
-2.99715e-06
-2.50806e-06
-2.32563e-06
-2.27577e-06
-1.74371e-06
-2.01881e-06
-1.24586e-06
-1.77563e-06
-8.11311e-07
-1.58382e-06
-4.07127e-07
-1.47707e-06
-1.45135e-06
5.76659e-05
-0.000195185
0.000115832
-0.000197525
0.000174053
-0.000198603
0.000232045
-0.000199088
0.000289497
-0.000198939
0.00034603
-0.000198116
0.000401402
-0.000196785
0.000455231
-0.000194733
0.00050746
-0.000192343
0.000557751
-0.000189391
0.000606002
-0.000186068
0.000652205
-0.000182482
0.000696002
-0.000178325
0.000737233
-0.000173687
0.00077572
-0.000168571
0.000811455
-0.000163159
0.000844461
-0.000157538
0.000874823
-0.000151817
0.000902713
-0.000146113
0.000928343
-0.000140509
0.000951956
-0.000135076
0.000973816
-0.000129864
0.0009942
-0.000124916
0.00101338
-0.000120239
0.00103161
-0.000115839
0.00104911
-0.000111669
0.00106605
-0.000107718
0.00108258
-0.000103938
0.00109897
-0.000100434
0.00111521
-9.70273e-05
0.00113111
-9.34253e-05
0.00114665
-8.97363e-05
0.00116236
-8.6421e-05
0.00117834
-8.33293e-05
0.00119454
-8.02941e-05
0.00121087
-7.71748e-05
0.00122712
-7.38412e-05
0.00124308
-7.0187e-05
0.00125853
-6.61326e-05
0.00127323
-6.16519e-05
0.001287
-5.67595e-05
0.00129957
-5.13458e-05
0.00131074
-4.54437e-05
0.00132044
-3.90677e-05
0.00132802
-3.18205e-05
0.00133395
-2.47837e-05
0.00133703
-1.65515e-05
0.00133878
-8.9528e-06
0.00133727
1.09555e-06
0.00133354
1.01786e-05
0.00132745
1.9205e-05
0.00131896
2.82753e-05
0.001308
3.74111e-05
0.00129455
4.65891e-05
0.00127859
5.5755e-05
0.00126015
6.48779e-05
0.00123932
7.38431e-05
0.00121619
8.26599e-05
0.00119087
9.11798e-05
0.0011635
9.94474e-05
0.00113421
0.000107321
0.00110316
0.000114812
0.00107052
0.000121834
0.00103651
0.000128309
0.00100122
0.000134362
0.000964822
0.000139855
0.000927546
0.000144792
0.000889566
0.000149136
0.000851029
0.000152879
0.000812186
0.000155946
0.000773084
0.000158582
0.000733832
0.0001606
0.000694657
0.000161979
0.000655675
0.000162893
0.000617053
0.000163216
0.000578913
0.00016294
0.000541339
0.000162244
0.000504453
0.000161019
0.000468323
0.000159351
0.000433018
0.000157234
0.000398614
0.000154761
0.000365201
0.000151874
0.000332751
0.000148756
0.00030138
0.000145278
0.000271131
0.000141526
0.000242064
0.000137474
0.000214077
0.000133272
0.000187261
0.000128873
0.000161676
0.000124272
0.000137192
0.000119622
0.000113938
0.000114803
9.18053e-05
0.000109941
7.09098e-05
0.000104944
5.11445e-05
0.00010001
3.25084e-05
9.5003e-05
1.50185e-05
8.99957e-05
-1.39924e-06
8.50456e-05
-1.66927e-05
8.00603e-05
-3.09197e-05
7.51997e-05
-4.4129e-05
7.03871e-05
-5.63512e-05
6.56301e-05
-6.7572e-05
6.09464e-05
-7.7845e-05
5.64014e-05
-8.71987e-05
5.19323e-05
-9.5673e-05
4.76267e-05
-0.000103294
4.34215e-05
-0.000110098
3.93541e-05
-0.000116114
3.54268e-05
-0.000121383
3.16299e-05
-0.000125939
2.80183e-05
-0.00012983
2.45444e-05
-0.000133077
2.12185e-05
-0.000135722
1.80651e-05
-0.000137758
1.50325e-05
-0.000139286
1.22047e-05
-0.000140296
9.51209e-06
-0.000140829
6.97426e-06
-0.000140935
4.58995e-06
-0.000140609
2.33637e-06
-0.000139904
2.65553e-07
-0.000138856
-1.62732e-06
-0.000137474
-3.42342e-06
-0.000135789
-5.08364e-06
-0.00013383
-6.61184e-06
-0.000131622
-8.00747e-06
-0.000129191
-9.27588e-06
-0.00012656
-1.04226e-05
-0.000123752
-1.14453e-05
-0.000120791
-1.23529e-05
-0.000117698
-1.3147e-05
-0.000114496
-1.38261e-05
-0.000111207
-1.44014e-05
-0.00010785
-1.48753e-05
-0.000104445
-1.52507e-05
-0.000101008
-1.55387e-05
-9.75578e-05
-1.57407e-05
-9.41075e-05
-1.58636e-05
-9.06693e-05
-1.59193e-05
-8.72541e-05
-1.59117e-05
-8.38721e-05
-1.58443e-05
-8.05317e-05
-1.57249e-05
-7.72409e-05
-1.55579e-05
-7.40063e-05
-1.53496e-05
-7.08361e-05
-1.50962e-05
-6.77368e-05
-1.4806e-05
-6.4714e-05
-1.44864e-05
-6.17745e-05
-1.41323e-05
-5.89236e-05
-1.37518e-05
-5.6165e-05
-1.33514e-05
-5.35023e-05
-1.29326e-05
-5.09364e-05
-1.2503e-05
-4.84664e-05
-1.20701e-05
-4.60906e-05
-1.16353e-05
-4.38059e-05
-1.12036e-05
-4.16092e-05
-1.07774e-05
-3.94991e-05
-1.03521e-05
-3.74744e-05
-9.93125e-06
-3.55356e-05
-9.51022e-06
-3.36843e-05
-9.08577e-06
-3.19209e-05
-8.66388e-06
-3.02467e-05
-8.23939e-06
-2.86602e-05
-7.82148e-06
-2.71598e-05
-7.40895e-06
-2.57429e-05
-7.00586e-06
-2.44074e-05
-6.61123e-06
-2.31508e-05
-6.22802e-06
-2.19714e-05
-5.85441e-06
-2.08681e-05
-5.48923e-06
-1.98387e-05
-5.13701e-06
-1.88809e-05
-4.79857e-06
-1.79914e-05
-4.47765e-06
-1.71645e-05
-4.17914e-06
-1.63936e-05
-3.90746e-06
-1.56714e-05
-3.66338e-06
-1.49916e-05
-3.44666e-06
-1.43498e-05
-3.2537e-06
-1.37428e-05
-3.08316e-06
-1.31683e-05
-2.93471e-06
-1.26232e-05
-2.81172e-06
-1.21003e-05
-2.7243e-06
-1.15881e-05
-2.68449e-06
-1.10714e-05
-2.69987e-06
-1.05331e-05
-2.77401e-06
-9.95714e-06
-2.90286e-06
-9.33176e-06
-3.07065e-06
-8.65285e-06
-3.25507e-06
-7.92262e-06
-3.43416e-06
-7.15143e-06
-3.5831e-06
-6.35143e-06
-3.68674e-06
-5.53986e-06
-3.72697e-06
-4.7313e-06
-3.70547e-06
-3.94296e-06
-3.61333e-06
-3.19528e-06
-3.44186e-06
-2.51037e-06
-3.19296e-06
-1.9107e-06
-2.87543e-06
-1.41104e-06
-2.51848e-06
-1.00437e-06
-2.1823e-06
-6.60351e-07
-1.92784e-06
-3.39477e-07
-1.79795e-06
-1.79082e-06
7.40976e-05
-0.000269282
0.000148517
-0.000271944
0.000222551
-0.000272636
0.000295522
-0.000272059
0.000366807
-0.000270224
0.000435866
-0.000267174
0.000502056
-0.000262975
0.000565011
-0.000257688
0.000624047
-0.000251379
0.000679139
-0.000244483
0.000730306
-0.000237235
0.000777206
-0.000229382
0.000819516
-0.000220634
0.000856972
-0.000211143
0.000889623
-0.000201222
0.000917626
-0.000191162
0.000941242
-0.000181154
0.00096087
-0.000171445
0.000976956
-0.000162199
0.000990009
-0.000153562
0.00100058
-0.000145644
0.00100923
-0.000138521
0.00101654
-0.000132224
0.00102306
-0.000126757
0.00102928
-0.000122059
0.00103561
-0.000118003
0.00104225
-0.000114351
0.00104933
-0.000111019
0.00105697
-0.000108075
0.00106539
-0.000105447
0.00107511
-0.000103151
0.0010869
-0.00010152
0.0011006
-0.000100121
0.00111589
-9.86207e-05
0.00113244
-9.68469e-05
0.00114986
-9.45952e-05
0.00116777
-9.17511e-05
0.00118579
-8.82047e-05
0.00120356
-8.38973e-05
0.00122068
-7.87783e-05
0.00123689
-7.29674e-05
0.00125156
-6.60197e-05
0.00126455
-5.84279e-05
0.00127577
-5.02933e-05
0.00128513
-4.11819e-05
0.00129117
-3.08232e-05
0.00129552
-2.08953e-05
0.00129679
-1.02239e-05
0.00129521
2.67068e-06
0.00129103
1.43617e-05
0.00128406
2.61754e-05
0.00127421
3.81305e-05
0.00126143
5.01906e-05
0.00124575
6.22661e-05
0.00122725
7.4249e-05
0.00120605
8.60867e-05
0.00118229
9.7597e-05
0.00115614
0.000108817
0.00112775
0.000119569
0.00109728
0.000129908
0.001065
0.000139603
0.00103114
0.000148669
0.000995803
0.000157175
0.000959202
0.000164911
0.000921579
0.000171985
0.000883189
0.000178245
0.00084422
0.000183761
0.00080492
0.000188436
0.000765404
0.000192395
0.000725725
0.000195625
0.000686132
0.000198175
0.000646865
0.000199867
0.000608038
0.000200806
0.000569778
0.000201153
0.000532167
0.000200827
0.000495329
0.000199777
0.000459367
0.000198206
0.000424279
0.000196108
0.000390225
0.000193406
0.000357281
0.000190178
0.000325395
0.000186646
0.000294553
0.000182717
0.000264927
0.000178382
0.000236521
0.000173684
0.000209403
0.000168643
0.000183325
0.000163552
0.000158539
0.000158059
0.000134988
0.000152424
0.000112536
0.000146723
9.13477e-05
0.000140811
7.12504e-05
0.0001349
5.2388e-05
0.000128803
3.45626e-05
0.000122769
1.78582e-05
0.000116714
2.25303e-06
0.000110608
-1.23194e-05
0.000104568
-2.58571e-05
9.85833e-05
-3.84168e-05
9.262e-05
-5.00088e-05
8.67917e-05
-6.06709e-05
8.10492e-05
-7.04396e-05
7.53988e-05
-7.93366e-05
6.98434e-05
-8.74073e-05
6.4472e-05
-9.46767e-05
5.92017e-05
-0.000101155
5.41052e-05
-0.000106913
4.91798e-05
-0.000111954
4.43945e-05
-0.00011633
3.98026e-05
-0.000120111
3.54111e-05
-0.000123266
3.11738e-05
-0.000125842
2.71196e-05
-0.000127878
2.3255e-05
-0.000129428
1.96147e-05
-0.000130516
1.61205e-05
-0.000131152
1.28411e-05
-0.000131372
9.73206e-06
-0.000131206
6.80803e-06
-0.000130681
4.06543e-06
-0.000129841
1.49572e-06
-0.000128714
-8.60941e-07
-0.000127272
-3.06979e-06
-0.000125573
-5.12209e-06
-0.000123641
-7.01618e-06
-0.000121495
-8.75715e-06
-0.000119159
-1.03441e-05
-0.000116651
-1.17838e-05
-0.00011399
-1.3083e-05
-0.000111198
-1.42381e-05
-0.000108291
-1.52595e-05
-0.00010529
-1.61484e-05
-0.000102214
-1.69022e-05
-9.9081e-05
-1.75339e-05
-9.59101e-05
-1.80462e-05
-9.27181e-05
-1.84427e-05
-8.95196e-05
-1.87371e-05
-8.63284e-05
-1.89319e-05
-8.31562e-05
-1.90358e-05
-8.00118e-05
-1.90637e-05
-7.69029e-05
-1.90206e-05
-7.38366e-05
-1.89107e-05
-7.08183e-05
-1.87431e-05
-6.78535e-05
-1.85227e-05
-6.49469e-05
-1.82562e-05
-6.21048e-05
-1.79384e-05
-5.93324e-05
-1.75784e-05
-5.66345e-05
-1.71844e-05
-5.40171e-05
-1.67496e-05
-5.14854e-05
-1.62835e-05
-4.90432e-05
-1.57937e-05
-4.66934e-05
-1.52824e-05
-4.44362e-05
-1.47602e-05
-4.22694e-05
-1.4237e-05
-4.0189e-05
-1.37157e-05
-3.819e-05
-1.32026e-05
-3.62674e-05
-1.27001e-05
-3.44188e-05
-1.22006e-05
-3.26433e-05
-1.17068e-05
-3.09424e-05
-1.12111e-05
-2.93191e-05
-1.07091e-05
-2.77749e-05
-1.02081e-05
-2.63115e-05
-9.7028e-06
-2.49273e-05
-9.20561e-06
-2.36204e-05
-8.71592e-06
-2.23875e-05
-8.23871e-06
-2.12259e-05
-7.77287e-06
-2.01337e-05
-7.3202e-06
-1.91095e-05
-6.87857e-06
-1.8153e-05
-6.44575e-06
-1.72631e-05
-6.02691e-06
-1.64387e-05
-5.62304e-06
-1.56768e-05
-5.2395e-06
-1.49719e-05
-4.88405e-06
-1.43163e-05
-4.563e-06
-1.3702e-05
-4.27773e-06
-1.31225e-05
-4.02618e-06
-1.25736e-05
-3.80259e-06
-1.20549e-05
-3.6018e-06
-1.15666e-05
-3.42304e-06
-1.11089e-05
-3.26941e-06
-1.06761e-05
-3.15715e-06
-1.02565e-05
-3.10406e-06
-9.83293e-06
-3.12347e-06
-9.38528e-06
-3.22165e-06
-8.89475e-06
-3.39339e-06
-8.34758e-06
-3.61783e-06
-7.73999e-06
-3.86266e-06
-7.07446e-06
-4.09969e-06
-6.36572e-06
-4.29184e-06
-5.62615e-06
-4.42631e-06
-4.87531e-06
-4.47781e-06
-4.1257e-06
-4.45508e-06
-3.39391e-06
-4.34512e-06
-2.70022e-06
-4.13555e-06
-2.06999e-06
-3.82319e-06
-1.53189e-06
-3.41354e-06
-1.1078e-06
-2.94257e-06
-7.8913e-07
-2.50097e-06
-5.2843e-07
-2.18854e-06
-2.81898e-07
-2.04448e-06
-2.07272e-06
0.000103353
-0.000372635
0.000206693
-0.000375284
0.000308824
-0.000374768
0.000408505
-0.000371741
0.000504497
-0.000366215
0.000595597
-0.000358274
0.000680735
-0.000348113
0.000759
-0.000335953
0.000829977
-0.000322356
0.000892358
-0.000306864
0.00094508
-0.000289957
0.000988221
-0.000272523
0.0010224
-0.000254812
0.00104781
-0.000236553
0.00106482
-0.000218235
0.00107408
-0.000200424
0.0010765
-0.000183571
0.0010731
-0.000168045
0.00106503
-0.000154128
0.00105352
-0.000142053
0.00103983
-0.000131956
0.00102521
-0.0001239
0.00101083
-0.000117837
0.000997666
-0.000113598
0.000986465
-0.000110858
0.000977724
-0.000109262
0.000971973
-0.0001086
0.000969657
-0.000108704
0.000970092
-0.00010851
0.000974312
-0.000109667
0.000982923
-0.000111763
0.000995528
-0.000114125
0.00101162
-0.000116216
0.00103066
-0.000117655
0.00105194
-0.000118132
0.00107475
-0.0001174
0.00109848
-0.000115484
0.00112247
-0.000112192
0.00114603
-0.000107456
0.0011687
-0.000101453
0.00118928
-9.35478e-05
0.00120856
-8.5303e-05
0.00122557
-7.54373e-05
0.00123924
-6.39573e-05
0.00124984
-5.17833e-05
0.00125803
-3.90124e-05
0.00126314
-2.60013e-05
0.00126426
-1.1353e-05
0.00126272
4.21541e-06
0.00125782
1.92569e-05
0.00124945
3.45466e-05
0.0012376
4.99853e-05
0.00122236
6.54247e-05
0.00120388
8.07548e-05
0.00118235
9.57774e-05
0.00115788
0.000110558
0.0011307
0.000124772
0.00110109
0.000138427
0.00106928
0.000151379
0.00103558
0.000163614
0.00100008
0.000175102
0.000963033
0.000185713
0.000924832
0.000195376
0.00088572
0.000204023
0.000845938
0.000211767
0.000805709
0.000218474
0.000765249
0.000224221
0.000724683
0.000229003
0.000684201
0.000232876
0.000644088
0.000235738
0.00060447
0.000237793
0.000565502
0.000238834
0.000527303
0.000239005
0.000489928
0.000238528
0.000453546
0.000237209
0.000418232
0.000235091
0.000383977
0.000232462
0.00035101
0.000229075
0.000319218
0.000225198
0.000288579
0.000220816
0.00025917
0.000216056
0.000231114
0.000210773
0.000204352
0.000205144
0.000178959
0.000199077
0.000154638
0.000192964
0.000131671
0.000186519
0.000109927
0.000179802
8.93538e-05
0.000172998
7.00385e-05
0.000166039
5.18121e-05
0.000159037
3.48025e-05
0.00015191
1.8749e-05
0.000144856
3.81265e-06
0.000137706
-1.00747e-05
0.000130601
-2.29809e-05
0.000123514
-3.49467e-05
0.000116534
-4.59805e-05
0.000109617
-5.61052e-05
0.000102745
-6.53494e-05
9.60359e-05
-7.37803e-05
8.94801e-05
-8.14082e-05
8.30267e-05
-8.82756e-05
7.67107e-05
-9.44067e-05
7.06032e-05
-9.98712e-05
6.46661e-05
-0.000104665
5.88989e-05
-0.00010881
5.33245e-05
-0.000112381
4.7966e-05
-0.000115392
4.28137e-05
-0.000117845
3.78643e-05
-0.000119793
3.31214e-05
-0.000121298
2.86251e-05
-0.000122355
2.43112e-05
-0.000122997
2.02573e-05
-0.000123265
1.63888e-05
-0.000123174
1.27499e-05
-0.000122751
9.30923e-06
-0.000122022
6.0782e-06
-0.000121011
3.05465e-06
-0.000119758
2.42701e-07
-0.000118255
-2.36384e-06
-0.000116525
-4.79927e-06
-0.000114596
-7.051e-06
-0.000112489
-9.12403e-06
-0.00011022
-1.10262e-05
-0.000107807
-1.27567e-05
-0.000105267
-1.43242e-05
-0.000102613
-1.57363e-05
-9.98631e-05
-1.69881e-05
-9.70316e-05
-1.80911e-05
-9.41349e-05
-1.9045e-05
-9.11912e-05
-1.98459e-05
-8.82172e-05
-2.0508e-05
-8.52292e-05
-2.10342e-05
-8.22431e-05
-2.14288e-05
-7.92715e-05
-2.17087e-05
-7.63258e-05
-2.18776e-05
-7.34149e-05
-2.19467e-05
-7.05446e-05
-2.19339e-05
-6.77196e-05
-2.18455e-05
-6.49439e-05
-2.16864e-05
-6.22205e-05
-2.14665e-05
-5.95523e-05
-2.11909e-05
-5.69424e-05
-2.08661e-05
-5.43956e-05
-2.04852e-05
-5.19162e-05
-2.00578e-05
-4.95084e-05
-1.95922e-05
-4.71779e-05
-1.90801e-05
-4.493e-05
-1.85314e-05
-4.27689e-05
-1.79548e-05
-4.06977e-05
-1.73537e-05
-3.87161e-05
-1.67418e-05
-3.68204e-05
-1.61327e-05
-3.50044e-05
-1.55316e-05
-3.32601e-05
-1.49469e-05
-3.15806e-05
-1.43796e-05
-2.99622e-05
-1.3819e-05
-2.84048e-05
-1.32642e-05
-2.69116e-05
-1.27043e-05
-2.54875e-05
-1.21331e-05
-2.41356e-05
-1.156e-05
-2.28578e-05
-1.09806e-05
-2.16523e-05
-1.0411e-05
-2.05162e-05
-9.85207e-06
-1.94449e-05
-9.30996e-06
-1.84363e-05
-8.78155e-06
-1.74881e-05
-8.26836e-06
-1.65991e-05
-7.76756e-06
-1.57703e-05
-7.27455e-06
-1.50017e-05
-6.79554e-06
-1.42936e-05
-6.33114e-06
-1.36438e-05
-5.88929e-06
-1.30464e-05
-5.48146e-06
-1.24927e-05
-5.11665e-06
-1.1973e-05
-4.79747e-06
-1.14805e-05
-4.51864e-06
-1.10107e-05
-4.2724e-06
-1.05668e-05
-4.04577e-06
-1.0151e-05
-3.8388e-06
-9.76843e-06
-3.65198e-06
-9.41475e-06
-3.51083e-06
-9.07827e-06
-3.44054e-06
-8.73894e-06
-3.46279e-06
-8.37328e-06
-3.58732e-06
-7.95931e-06
-3.80737e-06
-7.48108e-06
-4.09606e-06
-6.93589e-06
-4.40785e-06
-6.32557e-06
-4.71e-06
-5.67135e-06
-4.94607e-06
-4.98525e-06
-5.1124e-06
-4.28925e-06
-5.1738e-06
-3.59305e-06
-5.15129e-06
-2.91166e-06
-5.02651e-06
-2.26396e-06
-4.78325e-06
-1.67929e-06
-4.40786e-06
-1.19342e-06
-3.89941e-06
-8.38293e-07
-3.29769e-06
-6.01829e-07
-2.73743e-06
-4.17667e-07
-2.3727e-06
-2.37477e-07
-2.22467e-06
-2.3102e-06
0.000147543
-0.000520178
0.000294537
-0.000522278
0.000439023
-0.000519254
0.000578591
-0.000511309
0.00071058
-0.000498204
0.000832321
-0.000480015
0.000941771
-0.000457563
0.00103999
-0.00043417
0.00112646
-0.000408825
0.00119456
-0.000374966
0.00124405
-0.000339446
0.00127551
-0.000303985
0.00129049
-0.000269791
0.00129143
-0.000237491
0.00128074
-0.000207544
0.00126045
-0.000180141
0.00123233
-0.000155444
0.00119772
-0.00013344
0.0011579
-0.000114311
0.00111407
-9.8219e-05
0.00106751
-8.53952e-05
0.00101985
-7.62409e-05
0.000973166
-7.11518e-05
0.000929901
-7.03331e-05
0.000892699
-7.36557e-05
0.00086449
-8.10529e-05
0.000848082
-9.21927e-05
0.000841776
-0.000102398
0.000841611
-0.000108345
0.000849191
-0.000117247
0.000864213
-0.000126784
0.000884785
-0.000134696
0.000909439
-0.000140871
0.000937108
-0.000145323
0.00096687
-0.000147894
0.000997993
-0.000148524
0.00102961
-0.000147105
0.00106094
-0.000143517
0.00109152
-0.000138036
0.00112045
-0.000130384
0.00114721
-0.000120311
0.00117069
-0.000108782
0.00119094
-9.56887e-05
0.00120819
-8.12002e-05
0.00122188
-6.54817e-05
0.00123161
-4.87383e-05
0.00123706
-3.14535e-05
0.00123822
-1.25055e-05
0.00123603
6.39874e-06
0.00122963
2.56591e-05
0.00121911
4.50703e-05
0.00120462
6.44723e-05
0.00118648
8.35645e-05
0.00116473
0.000102509
0.00113962
0.000120886
0.00111154
0.000138633
0.00108078
0.000155529
0.00104762
0.000171593
0.00101227
0.000186722
0.000975022
0.000200866
0.000936352
0.000213773
0.00089652
0.000225545
0.000855808
0.000236088
0.000814468
0.000245363
0.000772785
0.000253451
0.00073103
0.000260228
0.000689305
0.000265946
0.000647925
0.000270383
0.00060709
0.000273711
0.000566982
0.000275847
0.000527735
0.00027704
0.00048943
0.000277139
0.000452258
0.000276178
0.000416257
0.000274529
0.000381468
0.000271998
0.000348048
0.000268511
0.00031598
0.00026453
0.000285095
0.000259959
0.000255599
0.000254694
0.00022754
0.000248876
0.000200887
0.000242709
0.000175632
0.000236027
0.000151738
0.000229038
0.000128987
0.000221828
0.000107673
0.000214279
8.76101e-05
0.000206582
6.87192e-05
0.000198693
5.1066e-05
0.000190651
3.44843e-05
0.00018262
1.90937e-05
0.000174427
4.65215e-06
0.000166351
-8.70432e-06
0.000158213
-2.10211e-05
0.000150022
-3.24576e-05
0.000142038
-4.29906e-05
0.000134047
-5.26244e-05
0.000126168
-6.14256e-05
0.000118418
-6.94309e-05
0.00011075
-7.66706e-05
0.000103276
-8.31892e-05
9.59987e-05
-8.89955e-05
8.8833e-05
-9.41873e-05
8.19025e-05
-9.86841e-05
7.50999e-05
-0.000102612
6.85937e-05
-0.000105981
6.22678e-05
-0.00010882
5.61636e-05
-0.000111121
5.02676e-05
-0.000112977
4.46694e-05
-0.000114367
3.92546e-05
-0.000115383
3.4137e-05
-0.000116001
2.92436e-05
-0.000116269
2.45787e-05
-0.000116189
2.0177e-05
-0.000115816
1.60164e-05
-0.000115159
1.20926e-05
-0.00011424
8.39033e-06
-0.000113081
4.91889e-06
-0.000111706
1.67959e-06
-0.000110144
-1.3185e-06
-0.000108382
-4.12605e-06
-0.000106452
-6.72893e-06
-0.000104374
-9.12932e-06
-0.000102164
-1.13346e-05
-9.98349e-05
-1.33549e-05
-9.7402e-05
-1.51896e-05
-9.48767e-05
-1.68495e-05
-9.22698e-05
-1.83432e-05
-8.9594e-05
-1.96639e-05
-8.68616e-05
-2.08235e-05
-8.40868e-05
-2.18198e-05
-8.12865e-05
-2.26463e-05
-7.84763e-05
-2.33181e-05
-7.56724e-05
-2.38381e-05
-7.28893e-05
-2.42119e-05
-7.01383e-05
-2.44597e-05
-6.74285e-05
-2.45874e-05
-6.47663e-05
-2.46089e-05
-6.21545e-05
-2.45457e-05
-5.9595e-05
-2.44051e-05
-5.70888e-05
-2.41926e-05
-5.46365e-05
-2.39188e-05
-5.22393e-05
-2.35882e-05
-4.98985e-05
-2.32068e-05
-4.76183e-05
-2.27654e-05
-4.54019e-05
-2.22741e-05
-4.32535e-05
-2.17406e-05
-4.11782e-05
-2.11554e-05
-3.91821e-05
-2.05275e-05
-3.72701e-05
-1.98668e-05
-3.54461e-05
-1.91776e-05
-3.37098e-05
-1.84781e-05
-3.20562e-05
-1.77863e-05
-3.04765e-05
-1.71113e-05
-2.89589e-05
-1.64644e-05
-2.7494e-05
-1.58445e-05
-2.6077e-05
-1.5236e-05
-2.47088e-05
-1.46324e-05
-2.33955e-05
-1.40176e-05
-2.21446e-05
-1.3384e-05
-2.09607e-05
-1.2744e-05
-1.98458e-05
-1.20955e-05
-1.87975e-05
-1.14593e-05
-1.78112e-05
-1.08383e-05
-1.68819e-05
-1.02393e-05
-1.60063e-05
-9.65719e-06
-1.51833e-05
-9.09135e-06
-1.44111e-05
-8.5397e-06
-1.36925e-05
-7.99321e-06
-1.30281e-05
-7.45986e-06
-1.24206e-05
-6.9387e-06
-1.18682e-05
-6.44166e-06
-1.13648e-05
-5.98486e-06
-1.09004e-05
-5.58103e-06
-1.0463e-05
-5.23494e-06
-1.00455e-05
-4.93605e-06
-9.64165e-06
-4.67629e-06
-9.25961e-06
-4.42781e-06
-8.90334e-06
-4.19507e-06
-8.58415e-06
-3.97118e-06
-8.29897e-06
-3.796e-06
-8.03604e-06
-3.70347e-06
-7.77211e-06
-3.72673e-06
-7.47974e-06
-3.87969e-06
-7.13377e-06
-4.15333e-06
-6.71589e-06
-4.51395e-06
-6.22528e-06
-4.89845e-06
-5.66216e-06
-5.27312e-06
-5.05604e-06
-5.55219e-06
-4.41814e-06
-5.7503e-06
-3.77341e-06
-5.81853e-06
-3.12767e-06
-5.79703e-06
-2.49272e-06
-5.66146e-06
-1.88543e-06
-5.39054e-06
-1.33848e-06
-4.95481e-06
-8.96235e-07
-4.34166e-06
-6.03956e-07
-3.58997e-06
-4.39386e-07
-2.902e-06
-3.28051e-07
-2.48404e-06
-2.06601e-07
-2.34612e-06
-2.5168e-06
0.000206278
-0.000726456
0.000411373
-0.000727373
0.000612661
-0.000720542
0.000806977
-0.000705625
0.000990781
-0.000682008
0.0011602
-0.000649436
0.00131195
-0.000609312
0.00142833
-0.000550548
0.0015283
-0.000508794
0.00159572
-0.000442394
0.00163559
-0.000379315
0.00164647
-0.000314862
0.00163002
-0.000253345
0.0015905
-0.000197966
0.00153305
-0.00015009
0.00146249
-0.000109586
0.00138266
-7.56155e-05
0.00129731
-4.80904e-05
0.00121013
-2.71275e-05
0.00112412
-1.22076e-05
0.00104156
-2.83357e-06
0.000964349
9.65452e-07
0.000895571
-2.37376e-06
0.000839907
-1.46691e-05
0.000797336
-3.10841e-05
0.000767013
-5.07298e-05
0.000756791
-8.19709e-05
0.000717504
-6.31111e-05
0.000705649
-9.6489e-05
0.000705744
-0.000117343
0.000716681
-0.000137721
0.000739403
-0.000157418
0.000773485
-0.000174953
0.000815652
-0.000187491
0.000861598
-0.00019384
0.000908406
-0.000195331
0.000954385
-0.000193084
0.000998788
-0.00018792
0.00104001
-0.000179253
0.00107704
-0.000167421
0.00111042
-0.000153687
0.00113966
-0.000138024
0.00116449
-0.000120515
0.00118466
-0.000101375
0.00120003
-8.08502e-05
0.00121045
-5.91584e-05
0.00121556
-3.65682e-05
0.00121628
-1.32224e-05
0.00121211
1.05709e-05
0.00120328
3.44892e-05
0.00118994
5.84118e-05
0.00117228
8.21242e-05
0.00115044
0.000105405
0.00112495
0.000127999
0.00109613
0.000149711
0.00106435
0.000170415
0.00102978
0.000190095
0.000992899
0.000208476
0.000954158
0.000225464
0.000913858
0.000241166
0.00087237
0.000255261
0.000830066
0.000267849
0.000787192
0.000278961
0.000744046
0.000288509
0.000701048
0.000296448
0.000658295
0.000302982
0.000616097
0.000308143
0.000574556
0.000311924
0.00053399
0.000314278
0.000494513
0.000315324
0.000456163
0.00031539
0.000419159
0.000314143
0.000383458
0.000311878
0.000349206
0.000308782
0.000316402
0.000304802
0.000284992
0.000299921
0.000255078
0.000294444
0.000226738
0.000288299
0.000199889
0.000281542
0.000174508
0.000274257
0.000150616
0.000266601
0.00012806
0.000258583
0.000106847
0.000250251
8.70415e-05
0.000241633
6.84197e-05
0.0002329
5.10021e-05
0.000223999
3.48394e-05
0.000214856
1.9773e-05
0.000205717
5.84051e-06
0.000196553
-7.16958e-06
0.000187438
-1.91217e-05
0.000178304
-3.00644e-05
0.000169156
-4.02015e-05
0.00016016
-4.94505e-05
0.000151287
-5.78741e-05
0.000142471
-6.55237e-05
0.000133817
-7.24393e-05
0.000125334
-7.86536e-05
0.000116964
-8.42125e-05
0.000108835
-8.91315e-05
0.000100918
-9.3411e-05
9.31125e-05
-9.71514e-05
8.5643e-05
-0.00010038
7.83282e-05
-0.000103046
7.12598e-05
-0.000105229
6.4451e-05
-0.000106972
5.79068e-05
-0.000108329
5.16245e-05
-0.000109238
4.55784e-05
-0.000109833
3.98491e-05
-0.000110062
3.43667e-05
-0.000109985
2.91667e-05
-0.000109636
2.42298e-05
-0.000109008
1.95488e-05
-0.000108159
1.51668e-05
-0.000107084
1.10182e-05
-0.000105802
7.10784e-06
-0.000104335
3.45182e-06
-0.000102725
7.00392e-08
-0.000100943
-3.1008e-06
-9.90192e-05
-6.04972e-06
-9.69726e-05
-8.77548e-06
-9.48188e-05
-1.12832e-05
-9.25711e-05
-1.35822e-05
-9.02408e-05
-1.56852e-05
-8.78382e-05
-1.75922e-05
-8.53714e-05
-1.93163e-05
-8.28473e-05
-2.08673e-05
-8.02748e-05
-2.22364e-05
-7.76637e-05
-2.34347e-05
-7.50265e-05
-2.44569e-05
-7.23795e-05
-2.52933e-05
-6.97387e-05
-2.59589e-05
-6.71202e-05
-2.64566e-05
-6.4538e-05
-2.6794e-05
-6.20025e-05
-2.69953e-05
-5.95204e-05
-2.70694e-05
-5.70958e-05
-2.70336e-05
-5.47285e-05
-2.6913e-05
-5.24176e-05
-2.6716e-05
-5.01618e-05
-2.64485e-05
-4.79593e-05
-2.61212e-05
-4.58097e-05
-2.57379e-05
-4.37133e-05
-2.53031e-05
-4.1674e-05
-2.48048e-05
-3.96941e-05
-2.4254e-05
-3.77778e-05
-2.3657e-05
-3.59298e-05
-2.30034e-05
-3.41567e-05
-2.23005e-05
-3.24647e-05
-2.15588e-05
-3.08594e-05
-2.0783e-05
-2.93409e-05
-1.99966e-05
-2.79033e-05
-1.92239e-05
-2.65348e-05
-1.84799e-05
-2.52186e-05
-1.77806e-05
-2.39428e-05
-1.71204e-05
-2.27009e-05
-1.64779e-05
-2.1496e-05
-1.58372e-05
-2.03376e-05
-1.5176e-05
-1.92368e-05
-1.44849e-05
-1.81996e-05
-1.37812e-05
-1.72282e-05
-1.30669e-05
-1.63177e-05
-1.23698e-05
-1.54627e-05
-1.16933e-05
-1.46572e-05
-1.10448e-05
-1.3897e-05
-1.04174e-05
-1.31826e-05
-9.80571e-06
-1.25108e-05
-9.21151e-06
-1.18867e-05
-8.61735e-06
-1.13114e-05
-8.03519e-06
-1.07901e-05
-7.45991e-06
-1.03219e-05
-6.90994e-06
-9.90019e-06
-6.40654e-06
-9.51366e-06
-5.96756e-06
-9.14737e-06
-5.60123e-06
-8.79457e-06
-5.28885e-06
-8.44474e-06
-5.02612e-06
-8.11335e-06
-4.75921e-06
-7.80468e-06
-4.50374e-06
-7.53817e-06
-4.23768e-06
-7.31164e-06
-4.02253e-06
-7.1132e-06
-3.90191e-06
-6.91594e-06
-3.92399e-06
-6.68845e-06
-4.10717e-06
-6.40246e-06
-4.43932e-06
-6.03718e-06
-4.87922e-06
-5.59413e-06
-5.3415e-06
-5.07184e-06
-5.79541e-06
-4.50844e-06
-6.11559e-06
-3.91515e-06
-6.3436e-06
-3.31964e-06
-6.41404e-06
-2.7229e-06
-6.39376e-06
-2.13204e-06
-6.25232e-06
-1.56043e-06
-5.96215e-06
-1.04519e-06
-5.47004e-06
-6.39664e-07
-4.74718e-06
-4.03454e-07
-3.82618e-06
-3.00784e-07
-3.00467e-06
-2.58355e-07
-2.52647e-06
-1.87362e-07
-2.41711e-06
-2.70416e-06
0.000308002
-0.00103446
0.000619858
-0.00103923
0.000936654
-0.00103734
0.00125671
-0.00102568
0.00157429
-0.000999589
0.00187716
-0.000952306
0.00215173
-0.00088388
0.00234515
-0.00074397
0.0024004
-0.000564035
0.00235726
-0.000399261
0.00226844
-0.000290491
0.00215132
-0.000197738
0.00202322
-0.000125249
0.00189252
-6.72644e-05
0.00176425
-2.18218e-05
0.00164313
1.15342e-05
0.00151818
4.93332e-05
0.00138469
8.5401e-05
0.00124914
0.000108419
0.00111174
0.000125194
0.000967879
0.000141028
0.000821557
0.000147287
0.000674775
0.000144408
0.0005302
0.000129906
0.000396966
0.00010215
0.000284202
6.2034e-05
0.000222392
-2.01612e-05
0.000235727
-7.64459e-05
0.000319331
-0.000180093
0.000412833
-0.000210844
0.000508219
-0.000233108
0.000593396
-0.000242594
0.000668378
-0.000249935
0.000734784
-0.000253897
0.000796013
-0.000255069
0.000852953
-0.000252272
0.000906278
-0.000246409
0.0009567
-0.000238342
0.0010026
-0.000225148
0.00104604
-0.000210863
0.00108399
-0.000191643
0.0011167
-0.000170726
0.00114393
-0.000147753
0.00116554
-0.000122979
0.00118141
-9.67168e-05
0.0011915
-6.92507e-05
0.00119578
-4.08542e-05
0.00119456
-1.19963e-05
0.00118793
1.72001e-05
0.001176
4.64126e-05
0.00115911
7.53113e-05
0.00113769
0.000103536
0.00111227
0.000130829
0.00108297
0.000157294
0.00105028
0.000182407
0.00101461
0.000206084
0.000976568
0.000228137
0.000936386
0.000248658
0.000894635
0.000267215
0.000851654
0.000284147
0.000807951
0.000298963
0.000763633
0.000312167
0.000719281
0.000323314
0.000675177
0.000332612
0.000631383
0.000340243
0.000588351
0.000346014
0.000546223
0.000350271
0.000505238
0.000352909
0.000465515
0.000354001
0.000427141
0.000353698
0.000390229
0.000352302
0.000354812
0.000349559
0.000321041
0.000345649
0.000288848
0.000340975
0.000258274
0.000335376
0.000229366
0.000328829
0.000202043
0.000321766
0.000176308
0.000314034
0.000152176
0.000305675
0.000129519
0.000296914
0.00010819
0.00028793
8.82872e-05
0.000278486
6.97316e-05
0.000268806
5.24399e-05
0.000258925
3.64146e-05
0.000248926
2.16152e-05
0.000238799
7.86387e-06
0.000228607
-4.83974e-06
0.000218421
-1.65843e-05
0.000208297
-2.72995e-05
0.000198153
-3.70615e-05
0.000188066
-4.60579e-05
0.000178152
-5.41997e-05
0.000168301
-6.15775e-05
0.000158665
-6.82341e-05
0.000149128
-7.42096e-05
0.000139793
-7.95432e-05
0.000130668
-8.42672e-05
0.000121688
-8.84247e-05
0.000112992
-9.20153e-05
0.000104508
-9.51019e-05
9.61991e-05
-9.76755e-05
8.82166e-05
-9.97886e-05
8.04412e-05
-0.000101487
7.29581e-05
-0.000102779
6.57429e-05
-0.00010368
5.88083e-05
-0.000104201
5.21452e-05
-0.000104451
4.58289e-05
-0.000104376
3.9774e-05
-0.000104019
3.40092e-05
-0.000103421
2.85688e-05
-0.000102604
2.34129e-05
-0.000101603
1.8548e-05
-0.000100402
1.39662e-05
-9.90194e-05
9.63511e-06
-9.75135e-05
5.60194e-06
-9.5871e-05
1.80932e-06
-9.40839e-05
-1.71699e-06
-9.21786e-05
-5.00611e-06
-9.0172e-05
-8.05635e-06
-8.8078e-05
-1.08694e-05
-8.59101e-05
-1.34511e-05
-8.36797e-05
-1.58126e-05
-8.13955e-05
-1.79693e-05
-7.90648e-05
-1.99229e-05
-7.6692e-05
-2.16891e-05
-7.42799e-05
-2.32794e-05
-7.18339e-05
-2.46824e-05
-6.9361e-05
-2.59076e-05
-6.68728e-05
-2.69451e-05
-6.43858e-05
-2.77803e-05
-6.19168e-05
-2.84279e-05
-5.9483e-05
-2.88905e-05
-5.70982e-05
-2.91787e-05
-5.47719e-05
-2.93217e-05
-5.25087e-05
-2.93326e-05
-5.03099e-05
-2.92324e-05
-4.81728e-05
-2.905e-05
-4.6094e-05
-2.87948e-05
-4.40697e-05
-2.84728e-05
-4.20965e-05
-2.80944e-05
-4.01724e-05
-2.7662e-05
-3.82972e-05
-2.71783e-05
-3.64752e-05
-2.66268e-05
-3.47077e-05
-2.60215e-05
-3.2999e-05
-2.53656e-05
-3.13532e-05
-2.46493e-05
-2.97773e-05
-2.38764e-05
-2.82785e-05
-2.30576e-05
-2.68654e-05
-2.21961e-05
-2.55396e-05
-2.13223e-05
-2.42943e-05
-2.04692e-05
-2.31144e-05
-1.96597e-05
-2.19767e-05
-1.89182e-05
-2.0867e-05
-1.82301e-05
-1.97766e-05
-1.75684e-05
-1.87116e-05
-1.69022e-05
-1.76859e-05
-1.62017e-05
-1.67149e-05
-1.54559e-05
-1.58061e-05
-1.46899e-05
-1.49605e-05
-1.39125e-05
-1.41709e-05
-1.31595e-05
-1.34306e-05
-1.24336e-05
-1.27327e-05
-1.17427e-05
-1.20722e-05
-1.10778e-05
-1.14518e-05
-1.04262e-05
-1.0866e-05
-9.79732e-06
-1.03225e-05
-9.16078e-06
-9.82286e-06
-8.53485e-06
-9.3752e-06
-7.90757e-06
-8.97902e-06
-7.30612e-06
-8.62806e-06
-6.75749e-06
-8.3091e-06
-6.28653e-06
-8.00418e-06
-5.90615e-06
-7.70688e-06
-5.58614e-06
-7.40102e-06
-5.33198e-06
-7.11031e-06
-5.04993e-06
-6.83901e-06
-4.77503e-06
-6.61567e-06
-4.46103e-06
-6.43893e-06
-4.19927e-06
-6.29646e-06
-4.04437e-06
-6.15745e-06
-4.063e-06
-5.98662e-06
-4.27801e-06
-5.753e-06
-4.67294e-06
-5.43362e-06
-5.1986e-06
-5.03152e-06
-5.74361e-06
-4.54553e-06
-6.2814e-06
-4.02007e-06
-6.64105e-06
-3.46865e-06
-6.89502e-06
-2.92062e-06
-6.96207e-06
-2.37223e-06
-6.94215e-06
-1.82367e-06
-6.80089e-06
-1.28494e-06
-6.50088e-06
-7.96525e-07
-5.95846e-06
-4.224e-07
-5.12131e-06
-2.29094e-07
-4.01949e-06
-1.86249e-07
-3.04752e-06
-2.06031e-07
-2.50668e-06
-1.77848e-07
-2.44529e-06
-2.88201e-06
0.000340229
-0.00137469
0.000680242
-0.00137924
0.00102424
-0.00138133
0.0013802
-0.00138164
0.00175889
-0.00137828
0.00217934
-0.00137276
0.00265971
-0.00136425
0.00335621
-0.00144047
0.00312311
-0.000330935
0.00291964
-0.000195789
0.00271595
-8.68059e-05
0.00250685
1.13635e-05
0.00230555
7.60561e-05
0.00210423
0.000134054
0.00192159
0.00016082
0.00173536
0.000197763
0.00155629
0.000228396
0.00138825
0.000253445
0.00122559
0.000271075
0.00106969
0.000281103
0.000926802
0.000283912
0.000794557
0.000279532
0.000670965
0.000267999
0.0005515
0.000249372
0.000433616
0.000220034
0.000310037
0.000185613
0.000143752
0.000146124
0.000305035
-0.000237729
0.0003031
-0.000178158
0.000330005
-0.000237749
0.000369674
-0.000272777
0.000427717
-0.000300637
0.000502376
-0.000324593
0.000590587
-0.000342108
0.000680105
-0.000344588
0.000765202
-0.000337369
0.00084296
-0.000324166
0.000911112
-0.000306494
0.000970658
-0.000284695
0.00102024
-0.00026044
0.00106284
-0.000234251
0.00109836
-0.000206245
0.00112693
-0.000176321
0.00114874
-0.000144786
0.00116389
-0.000111866
0.00117237
-7.77338e-05
0.00117454
-4.30245e-05
0.00117051
-7.96825e-06
0.00116053
2.71777e-05
0.00114526
6.16839e-05
0.00112477
9.58016e-05
0.00109964
0.000128667
0.00107009
0.000160379
0.001037
0.000190383
0.0010007
0.000218713
0.000961638
0.000245142
0.000920431
0.000269344
0.000877514
0.000291574
0.000833379
0.00031135
0.000788452
0.000329074
0.000742983
0.000344433
0.000697578
0.000357572
0.000652457
0.000368435
0.000607895
0.000377175
0.000564284
0.000383853
0.000521642
0.000388656
0.000480341
0.000391572
0.00044039
0.00039286
0.000402049
0.000392341
0.000365293
0.000390454
0.000330299
0.000387296
0.000297011
0.000382846
0.000265489
0.000377172
0.000235694
0.000370771
0.000207617
0.000363453
0.000181244
0.000355202
0.000156511
0.0003465
0.000133489
0.000337056
0.00011181
0.000327353
9.16439e-05
0.00031708
7.29445e-05
0.00030663
5.56515e-05
0.000295779
3.95781e-05
0.00028488
2.47429e-05
0.00027376
1.10898e-05
0.000262579
-1.57105e-06
0.000251459
-1.31044e-05
0.000240141
-2.36929e-05
0.000229009
-3.33209e-05
0.000217925
-4.20816e-05
0.000206913
-5.00796e-05
0.000196064
-5.72701e-05
0.000185342
-6.37484e-05
0.00017478
-6.95567e-05
0.000164473
-7.47352e-05
0.000154306
-7.93215e-05
0.000144379
-8.33553e-05
0.000134701
-8.68676e-05
0.0001252
-8.9878e-05
0.000116003
-9.2415e-05
0.000107045
-9.45218e-05
9.83059e-05
-9.61793e-05
8.98742e-05
-9.74542e-05
8.17161e-05
-9.83617e-05
7.38656e-05
-9.8925e-05
6.63062e-05
-9.91497e-05
5.9033e-05
-9.91326e-05
5.21281e-05
-9.88071e-05
4.55034e-05
-9.82517e-05
3.92186e-05
-9.74894e-05
3.32469e-05
-9.65293e-05
2.76087e-05
-9.53746e-05
2.22582e-05
-9.40897e-05
1.72631e-05
-9.26537e-05
1.25302e-05
-9.11194e-05
8.10081e-06
-8.94547e-05
3.93731e-06
-8.76943e-05
4.88493e-08
-8.58288e-05
-3.58243e-06
-8.3876e-05
-6.9589e-06
-8.18498e-05
-1.00826e-05
-7.97636e-05
-1.29556e-05
-7.76298e-05
-1.55849e-05
-7.5459e-05
-1.79835e-05
-7.32581e-05
-2.01702e-05
-7.10313e-05
-2.21497e-05
-6.87795e-05
-2.39408e-05
-6.65015e-05
-2.55575e-05
-6.41985e-05
-2.69853e-05
-6.18755e-05
-2.82307e-05
-5.95432e-05
-2.92774e-05
-5.7219e-05
-3.01044e-05
-5.49217e-05
-3.07252e-05
-5.26697e-05
-3.11425e-05
-5.04772e-05
-3.13713e-05
-4.83527e-05
-3.14461e-05
-4.62984e-05
-3.1387e-05
-4.43132e-05
-3.12175e-05
-4.23915e-05
-3.09717e-05
-4.0528e-05
-3.06584e-05
-3.87171e-05
-3.02837e-05
-3.69534e-05
-2.98581e-05
-3.5234e-05
-2.93813e-05
-3.35584e-05
-2.8854e-05
-3.19323e-05
-2.82529e-05
-3.03555e-05
-2.75983e-05
-2.8833e-05
-2.68881e-05
-2.73671e-05
-2.61152e-05
-2.59653e-05
-2.52782e-05
-2.46355e-05
-2.43875e-05
-2.33908e-05
-2.34408e-05
-2.22352e-05
-2.2478e-05
-2.11605e-05
-2.1544e-05
-2.01491e-05
-2.06711e-05
-1.91694e-05
-1.9898e-05
-1.82054e-05
-1.91941e-05
-1.72454e-05
-1.85284e-05
-1.62999e-05
-1.78476e-05
-1.53878e-05
-1.71139e-05
-1.45291e-05
-1.63146e-05
-1.37326e-05
-1.54864e-05
-1.29982e-05
-1.46469e-05
-1.23143e-05
-1.38434e-05
-1.16741e-05
-1.30739e-05
-1.10696e-05
-1.23472e-05
-1.04955e-05
-1.1652e-05
-9.95571e-06
-1.09659e-05
-9.44378e-06
-1.03093e-05
-8.96928e-06
-9.63527e-06
-8.53348e-06
-8.97065e-06
-8.14833e-06
-8.29272e-06
-7.81374e-06
-7.6407e-06
-7.52368e-06
-7.04756e-06
-7.26315e-06
-6.54706e-06
-7.01121e-06
-6.15809e-06
-6.76119e-06
-5.83616e-06
-6.49154e-06
-5.60163e-06
-6.23265e-06
-5.30882e-06
-5.99055e-06
-5.01712e-06
-5.80214e-06
-4.64944e-06
-5.66734e-06
-4.33407e-06
-5.57304e-06
-4.13867e-06
-5.48418e-06
-4.15186e-06
-5.36214e-06
-4.40006e-06
-5.17378e-06
-4.8613e-06
-4.89469e-06
-5.47768e-06
-4.52733e-06
-6.11098e-06
-4.07498e-06
-6.73375e-06
-3.58298e-06
-7.13305e-06
-3.07141e-06
-7.40658e-06
-2.56974e-06
-7.46374e-06
-2.06914e-06
-7.44275e-06
-1.56142e-06
-7.3086e-06
-1.05317e-06
-7.00914e-06
-5.88398e-07
-6.42323e-06
-2.422e-07
-5.46751e-06
-7.94256e-08
-4.18226e-06
-9.26015e-08
-3.03434e-06
-1.68885e-07
-2.4304e-06
-1.75258e-07
-2.43892e-06
-3.05727e-06
0.000335276
-0.00170996
0.000703799
-0.00174777
0.00113619
-0.00181372
0.00166112
-0.00190658
0.00231538
-0.00203255
0.00315636
-0.00221373
0.00423815
-0.00244605
0.0056789
-0.00288122
0.0049004
0.0042518
0.00370695
0.00325495
0.00286222
0.00252205
0.00220312
0.00191554
0.00165297
0.00140972
0.00117832
0.000951102
0.000720778
0.000480098
0.000221812
-6.12051e-05
-0.000379792
-0.000739033
-0.00114412
-0.000579589
-0.000802262
-0.000223253
-0.000534495
6.79307e-05
-0.000528933
0.000284797
-0.000489644
0.000453262
-0.000469102
0.00057887
-0.000450201
0.000666869
-0.000430107
0.000736965
-0.000414683
0.00079743
-0.000397834
0.000853807
-0.000380544
0.000907679
-0.000360366
0.000960314
-0.000337329
0.00100741
-0.000307537
0.00104887
-0.000275714
0.00108367
-0.000241038
0.00111132
-0.00020397
0.00113174
-0.000165207
0.00114491
-0.000125035
0.00115062
-8.34489e-05
0.00114985
-4.22532e-05
0.00114254
-6.57096e-07
0.00112919
4.0525e-05
0.00110996
8.09145e-05
0.00108576
0.000120006
0.00105668
0.000157741
0.00102373
0.000193336
0.000987001
0.000227107
0.000947513
0.000258201
0.000905517
0.000287138
0.000861822
0.000313039
0.000816746
0.000336651
0.000770937
0.000357159
0.00072467
0.000375341
0.0006785
0.000390602
0.000632711
0.000403361
0.000587561
0.000413586
0.000543502
0.000421233
0.000500488
0.000426867
0.000459074
0.00043007
0.000419014
0.000431632
0.000380857
0.000431017
0.000344292
0.000428906
0.00030972
0.000425027
0.000276843
0.000420172
0.000245955
0.000413735
0.000216813
0.000406314
0.000189541
0.000398042
0.000164038
0.000388957
0.000140287
0.000378952
0.000118196
0.000368591
9.75313e-05
0.000357721
7.84535e-05
0.000346431
6.08865e-05
0.000334647
4.46181e-05
0.000322898
2.95577e-05
0.000310839
1.5784e-05
0.000298654
3.16448e-06
0.00028638
-8.4707e-06
0.000274214
-1.90211e-05
0.00026201
-2.86898e-05
0.00024981
-3.73832e-05
0.000237703
-4.52823e-05
0.000225824
-5.24066e-05
0.000214038
-5.8801e-05
0.000202458
-6.45058e-05
0.000191047
-6.96015e-05
0.000179875
-7.4117e-05
0.000168988
-7.80877e-05
0.000158277
-8.15257e-05
0.000147817
-8.45078e-05
0.000137684
-8.7047e-05
0.00012774
-8.91466e-05
0.000118102
-9.08542e-05
0.000108753
-9.21802e-05
9.96319e-05
-9.31288e-05
9.08228e-05
-9.375e-05
8.23373e-05
-9.40575e-05
7.41731e-05
-9.406e-05
6.63087e-05
-9.38341e-05
5.88071e-05
-9.33466e-05
5.16406e-05
-9.2659e-05
4.48157e-05
-9.17525e-05
3.83121e-05
-9.06743e-05
3.21687e-05
-8.94457e-05
2.638e-05
-8.81062e-05
2.09188e-05
-8.66332e-05
1.579e-05
-8.50786e-05
1.09756e-05
-8.34296e-05
6.45177e-06
-8.17053e-05
2.21309e-06
-7.98998e-05
-1.75672e-06
-7.80176e-05
-5.46463e-06
-7.6071e-05
-8.90547e-06
-7.40725e-05
-1.20811e-05
-7.20353e-05
-1.49928e-05
-6.99713e-05
-1.76489e-05
-6.78908e-05
-2.00639e-05
-6.57999e-05
-2.22612e-05
-6.36996e-05
-2.425e-05
-6.15878e-05
-2.60526e-05
-5.94585e-05
-2.76868e-05
-5.73092e-05
-2.91346e-05
-5.51422e-05
-3.03976e-05
-5.29681e-05
-3.14514e-05
-5.08062e-05
-3.22664e-05
-4.86774e-05
-3.2854e-05
-4.66024e-05
-3.32174e-05
-4.4595e-05
-3.33788e-05
-4.26638e-05
-3.33773e-05
-4.08071e-05
-3.32437e-05
-3.90221e-05
-3.30025e-05
-3.73004e-05
-3.26934e-05
-3.56352e-05
-3.23235e-05
-3.40198e-05
-3.18991e-05
-3.24468e-05
-3.14311e-05
-3.09126e-05
-3.09155e-05
-2.94163e-05
-3.03504e-05
-2.79662e-05
-2.97029e-05
-2.65605e-05
-2.9004e-05
-2.5205e-05
-2.82435e-05
-2.38993e-05
-2.74209e-05
-2.26509e-05
-2.65266e-05
-2.14685e-05
-2.55698e-05
-2.0371e-05
-2.45382e-05
-1.9365e-05
-2.34841e-05
-1.84414e-05
-2.24675e-05
-1.75804e-05
-2.15321e-05
-1.67402e-05
-2.07382e-05
-1.59037e-05
-2.00306e-05
-1.50555e-05
-1.93766e-05
-1.42118e-05
-1.86913e-05
-1.33968e-05
-1.79289e-05
-1.26356e-05
-1.70757e-05
-1.19377e-05
-1.61844e-05
-1.13011e-05
-1.52835e-05
-1.07102e-05
-1.44342e-05
-1.01569e-05
-1.36272e-05
-9.63336e-06
-1.28707e-05
-9.13421e-06
-1.21511e-05
-8.66387e-06
-1.14363e-05
-8.2152e-06
-1.07579e-05
-7.79933e-06
-1.00511e-05
-7.41772e-06
-9.35226e-06
-7.08538e-06
-8.62506e-06
-6.80321e-06
-7.92287e-06
-6.56538e-06
-7.2854e-06
-6.35521e-06
-6.75722e-06
-6.14905e-06
-6.36426e-06
-5.93853e-06
-6.04667e-06
-5.69981e-06
-5.84035e-06
-5.46486e-06
-5.54377e-06
-5.24577e-06
-5.23621e-06
-5.08526e-06
-4.80996e-06
-4.98574e-06
-4.43359e-06
-4.93234e-06
-4.19207e-06
-4.88587e-06
-4.19833e-06
-4.80512e-06
-4.4808e-06
-4.65538e-06
-5.01104e-06
-4.41167e-06
-5.7214e-06
-4.07401e-06
-6.44863e-06
-3.6535e-06
-7.15426e-06
-3.19126e-06
-7.59529e-06
-2.71781e-06
-7.88004e-06
-2.26117e-06
-7.92038e-06
-1.8076e-06
-7.89632e-06
-1.33938e-06
-7.77682e-06
-8.59874e-07
-7.48864e-06
-4.16815e-07
-6.86629e-06
-9.68051e-08
-5.78752e-06
3.22006e-08
-4.31127e-06
-1.57753e-08
-2.98637e-06
-1.44454e-07
-2.30172e-06
-1.78147e-07
-2.40523e-06
-3.23541e-06
0.000181705
-0.00189167
0.000355017
-0.00192108
0.000507739
-0.00196644
0.000622912
-0.00202175
0.000673332
-0.00208297
0.000627602
-0.002168
0.000447479
-0.00226592
-0.00243374
-0.000115873
-0.000686389
-4.78764e-05
-0.000602492
3.30598e-05
-0.000609869
0.000136738
-0.000593322
0.000252419
-0.000584783
0.000377513
-0.000575295
0.00050153
-0.000554124
0.000615146
-0.000528298
0.000716664
-0.000499353
0.000804668
-0.000468548
0.000878205
-0.000433902
0.000938347
-0.000397472
0.000990418
-0.000359608
0.00103291
-0.000318206
0.00106704
-0.000275168
0.00109308
-0.000230012
0.00111123
-0.000183361
0.00112152
-0.000135325
0.00112467
-8.65957e-05
0.00112025
-3.7835e-05
0.00110928
1.03145e-05
0.00109216
5.76432e-05
0.00106939
0.000103688
0.00104148
0.00014792
0.00100911
0.000190106
0.000972802
0.000229644
0.000933397
0.000266512
0.0008912
0.000300398
0.000847145
0.000331193
0.000801534
0.00035865
0.000755146
0.000383039
0.00070834
0.000403965
0.000661596
0.000422086
0.000615334
0.000436864
0.000569828
0.000448867
0.000525416
0.000457998
0.000482327
0.000464323
0.000440823
0.000468371
0.000400917
0.000469976
0.000362937
0.000469612
0.000326598
0.000467356
0.000292414
0.000463091
0.00026004
0.0004574
0.000229733
0.000450479
0.000201289
0.000442179
0.000174797
0.000432806
0.000150104
0.000422735
0.00012718
0.00041188
0.000105967
0.000400166
8.63157e-05
0.000388242
6.82099e-05
0.000375827
5.15922e-05
0.000363049
3.6217e-05
0.000350022
2.21223e-05
0.000336993
9.3048e-06
0.000323657
-2.49398e-06
0.000310452
-1.32496e-05
0.000297135
-2.29577e-05
0.000283922
-3.17793e-05
0.000270831
-3.97169e-05
0.000257747
-4.6886e-05
0.000244872
-5.32801e-05
0.000232218
-5.89903e-05
0.000219748
-6.4065e-05
0.000207533
-6.85674e-05
0.00019555
-7.25078e-05
0.000183816
-7.59466e-05
0.000172427
-7.89188e-05
0.000161249
-8.14854e-05
0.000150384
-8.36028e-05
0.000139801
-8.53586e-05
0.000129495
-8.67764e-05
0.00011952
-8.78257e-05
0.000109802
-8.8544e-05
0.00010035
-8.89684e-05
9.12472e-05
-8.90892e-05
8.24581e-05
-8.89456e-05
7.40295e-05
-8.85604e-05
6.59234e-05
-8.79651e-05
5.82118e-05
-8.71703e-05
5.08459e-05
-8.61965e-05
4.38419e-05
-8.50706e-05
3.71863e-05
-8.38044e-05
3.09024e-05
-8.24163e-05
2.49919e-05
-8.0935e-05
1.94375e-05
-7.93672e-05
1.42222e-05
-7.77514e-05
9.35989e-06
-7.60733e-05
4.77364e-06
-7.43408e-05
4.8058e-07
-7.25459e-05
-3.55165e-06
-7.06937e-05
-7.3168e-06
-6.87931e-05
-1.0806e-05
-6.68565e-05
-1.40177e-05
-6.48975e-05
-1.69518e-05
-6.2928e-05
-1.96184e-05
-6.09584e-05
-2.20335e-05
-5.89948e-05
-2.42248e-05
-5.70354e-05
-2.62094e-05
-5.50751e-05
-2.80129e-05
-5.31027e-05
-2.96593e-05
-5.11118e-05
-3.11254e-05
-4.91024e-05
-3.24071e-05
-4.70851e-05
-3.34687e-05
-4.50817e-05
-3.42697e-05
-4.31161e-05
-3.48196e-05
-4.12115e-05
-3.51221e-05
-3.93804e-05
-3.52098e-05
-3.76325e-05
-3.51252e-05
-3.59609e-05
-3.49154e-05
-3.43618e-05
-3.46015e-05
-3.28241e-05
-3.42312e-05
-3.13404e-05
-3.38072e-05
-2.9903e-05
-3.33365e-05
-2.85026e-05
-3.28315e-05
-2.71351e-05
-3.22831e-05
-2.57994e-05
-3.1686e-05
-2.45069e-05
-3.09955e-05
-2.32546e-05
-3.02563e-05
-2.20487e-05
-2.94494e-05
-2.08856e-05
-2.85841e-05
-1.97719e-05
-2.76402e-05
-1.87183e-05
-2.66235e-05
-1.7749e-05
-2.55075e-05
-1.68739e-05
-2.43592e-05
-1.60842e-05
-2.32571e-05
-1.53563e-05
-2.226e-05
-1.46393e-05
-2.14552e-05
-1.39138e-05
-2.07561e-05
-1.31614e-05
-2.0129e-05
-1.24042e-05
-1.94485e-05
-1.16726e-05
-1.86605e-05
-1.09964e-05
-1.77519e-05
-1.0385e-05
-1.67958e-05
-9.83416e-06
-1.58343e-05
-9.32499e-06
-1.49434e-05
-8.84713e-06
-1.4105e-05
-8.39357e-06
-1.33243e-05
-7.95993e-06
-1.25848e-05
-7.54891e-06
-1.18473e-05
-7.15447e-06
-1.11524e-05
-6.78877e-06
-1.04168e-05
-6.45293e-06
-9.68811e-06
-6.165e-06
-8.913e-06
-5.92749e-06
-8.16038e-06
-5.73423e-06
-7.47865e-06
-5.56713e-06
-6.92432e-06
-5.40042e-06
-6.53096e-06
-5.22227e-06
-6.22483e-06
-5.01077e-06
-6.05185e-06
-4.79348e-06
-5.76106e-06
-4.5929e-06
-5.43679e-06
-4.4545e-06
-4.94836e-06
-4.38438e-06
-4.50371e-06
-4.36527e-06
-4.21118e-06
-4.35389e-06
-4.20971e-06
-4.30746e-06
-4.52724e-06
-4.19038e-06
-5.12812e-06
-3.97782e-06
-5.93395e-06
-3.66562e-06
-6.76083e-06
-3.2756e-06
-7.54428e-06
-2.8399e-06
-8.03099e-06
-2.40298e-06
-8.31695e-06
-1.98998e-06
-8.33338e-06
-1.58211e-06
-8.30419e-06
-1.15192e-06
-8.20702e-06
-7.00391e-07
-7.94017e-06
-2.77661e-07
-7.28902e-06
2.7563e-08
-6.09274e-06
1.19687e-07
-4.40339e-06
2.59976e-08
-2.89268e-06
-1.30539e-07
-2.14519e-06
-1.84412e-07
-2.35136e-06
-3.41983e-06
5.26455e-05
-0.00194431
0.000101425
-0.00196986
0.000141999
-0.00200702
0.000170941
-0.00205069
0.000192446
-0.00210447
0.000182033
-0.00215759
0.000137888
-0.00222178
-0.00229585
6.25119e-05
-0.000748901
0.000198286
-0.000738266
0.0002855
-0.000697084
0.000378846
-0.000686668
0.000460849
-0.000666786
0.000532609
-0.000647055
0.000603031
-0.000624546
0.000672915
-0.000598182
0.000742692
-0.00056913
0.000809208
-0.000535064
0.000871707
-0.000496401
0.000927761
-0.000453526
0.000975617
-0.000407464
0.00101581
-0.000358395
0.00104751
-0.000306871
0.00107094
-0.000253445
0.00108597
-0.000198388
0.00109307
-0.00014242
0.00109272
-8.62543e-05
0.00108467
-2.97766e-05
0.00107038
2.45989e-05
0.00104974
7.82871e-05
0.0010236
0.000129824
0.000992364
0.000179157
0.000957103
0.000225367
0.000918127
0.000268621
0.000876415
0.000308224
0.000832425
0.000344387
0.000787004
0.000376614
0.000740408
0.000405246
0.00069358
0.000429867
0.000646545
0.000451
0.000600069
0.000468562
0.000554447
0.000482487
0.000509975
0.000493338
0.000466982
0.000500991
0.000425466
0.000505839
0.000385761
0.000508076
0.00034796
0.000507777
0.000312073
0.000505499
0.000278281
0.000501148
0.000246447
0.000494925
0.000216684
0.000487163
0.000188843
0.000478321
0.000163033
0.000467988
0.000139095
0.000456745
0.00011696
0.00044487
9.65927e-05
0.000432247
7.77008e-05
0.000419058
6.04616e-05
0.000405481
4.45989e-05
0.000391689
3.01007e-05
0.000377547
1.68864e-05
0.000363236
4.85309e-06
0.000349026
-6.20479e-06
0.000334715
-1.61636e-05
0.000320411
-2.51713e-05
0.000306143
-3.32841e-05
0.000292035
-4.05789e-05
0.000278126
-4.71068e-05
0.000264275
-5.29188e-05
0.000250684
-5.8077e-05
0.000237377
-6.26284e-05
0.000224299
-6.66052e-05
0.000211509
-7.00894e-05
0.000199034
-7.31008e-05
0.000186827
-7.56806e-05
0.000175007
-7.78605e-05
0.000163429
-7.96805e-05
0.000152204
-8.11765e-05
0.000141297
-8.23251e-05
0.000130644
-8.31887e-05
0.000120384
-8.37513e-05
0.000110365
-8.40203e-05
0.000100619
-8.40396e-05
9.12665e-05
-8.37958e-05
8.22143e-05
-8.33256e-05
7.35593e-05
-8.26633e-05
6.52612e-05
-8.18176e-05
5.7366e-05
-8.08159e-05
4.98442e-05
-7.96693e-05
4.26953e-05
-7.83943e-05
3.59113e-05
-7.70066e-05
2.95147e-05
-7.5526e-05
2.35112e-05
-7.39793e-05
1.78908e-05
-7.23898e-05
1.26327e-05
-7.07625e-05
7.73257e-06
-6.91066e-05
3.11775e-06
-6.74084e-05
-1.2176e-06
-6.56642e-05
-5.29583e-06
-6.38753e-05
-9.10573e-06
-6.2049e-05
-1.26323e-05
-6.01979e-05
-1.58689e-05
-5.83366e-05
-1.8813e-05
-5.64776e-05
-2.14774e-05
-5.46315e-05
-2.38796e-05
-5.28052e-05
-2.60512e-05
-5.09943e-05
-2.80203e-05
-4.91908e-05
-2.98163e-05
-4.73784e-05
-3.14717e-05
-4.55467e-05
-3.29572e-05
-4.36926e-05
-3.42611e-05
-4.18279e-05
-3.53334e-05
-3.99774e-05
-3.61203e-05
-3.81682e-05
-3.66288e-05
-3.64261e-05
-3.68641e-05
-3.4762e-05
-3.68739e-05
-3.31862e-05
-3.6701e-05
-3.16866e-05
-3.6415e-05
-3.02587e-05
-3.60295e-05
-2.88892e-05
-3.56007e-05
-2.75706e-05
-3.51258e-05
-2.62944e-05
-3.46127e-05
-2.50499e-05
-3.4076e-05
-2.38318e-05
-3.35011e-05
-2.26402e-05
-3.28777e-05
-2.1488e-05
-3.21476e-05
-2.03732e-05
-3.13711e-05
-1.93014e-05
-3.05212e-05
-1.82654e-05
-2.962e-05
-1.72703e-05
-2.86354e-05
-1.63293e-05
-2.75644e-05
-1.54718e-05
-2.6365e-05
-1.47108e-05
-2.51202e-05
-1.40394e-05
-2.39285e-05
-1.34283e-05
-2.28711e-05
-1.28209e-05
-2.20626e-05
-1.2191e-05
-2.13859e-05
-1.15208e-05
-2.07993e-05
-1.08376e-05
-2.01317e-05
-1.01779e-05
-1.93201e-05
-9.57615e-06
-1.83537e-05
-9.04106e-06
-1.73309e-05
-8.56533e-06
-1.631e-05
-8.12766e-06
-1.53811e-05
-7.71542e-06
-1.45173e-05
-7.32203e-06
-1.37177e-05
-6.9456e-06
-1.29612e-05
-6.58585e-06
-1.22071e-05
-6.23758e-06
-1.15006e-05
-5.91507e-06
-1.07394e-05
-5.61826e-06
-9.98492e-06
-5.36799e-06
-9.16327e-06
-5.1682e-06
-8.36017e-06
-5.01268e-06
-7.63418e-06
-4.88221e-06
-7.05479e-06
-4.74915e-06
-6.66402e-06
-4.59727e-06
-6.37671e-06
-4.40981e-06
-6.23931e-06
-4.20612e-06
-5.96475e-06
-4.02069e-06
-5.62222e-06
-3.89987e-06
-5.06918e-06
-3.85407e-06
-4.5495e-06
-3.86326e-06
-4.20199e-06
-3.88017e-06
-4.1928e-06
-3.86157e-06
-4.54583e-06
-3.77175e-06
-5.21794e-06
-3.58605e-06
-6.11966e-06
-3.29708e-06
-7.0498e-06
-2.93575e-06
-7.90561e-06
-2.52516e-06
-8.44158e-06
-2.123e-06
-8.71912e-06
-1.7516e-06
-8.70478e-06
-1.38747e-06
-8.66832e-06
-9.93578e-07
-8.60091e-06
-5.69647e-07
-8.3641e-06
-1.66942e-07
-7.69172e-06
1.25109e-07
-6.38479e-06
1.88406e-07
-4.46669e-06
5.92323e-08
-2.76351e-06
-1.23041e-07
-1.96291e-06
-1.91666e-07
-2.28273e-06
-3.61149e-06
3.59584e-05
-0.00198027
6.95518e-05
-0.00200345
9.77698e-05
-0.00203523
0.00011761
-0.00207053
0.000122331
-0.00210919
0.000109732
-0.00214499
7.50937e-05
-0.00218714
-0.00222076
3.87328e-05
-0.000787633
0.000111629
-0.000811161
0.000199941
-0.000785396
0.000296319
-0.000783047
0.000395274
-0.000765741
0.000490102
-0.000741884
0.000578688
-0.000713132
0.00066033
-0.000679825
0.000734202
-0.000643002
0.000800938
-0.0006018
0.000860786
-0.000556248
0.000913204
-0.000505944
0.000957822
-0.000452083
0.000994581
-0.000395153
0.00102288
-0.000335171
0.00104288
-0.000273441
0.0010546
-0.000210108
0.00105833
-0.000146155
0.00105419
-8.2116e-05
0.00104352
-1.91012e-05
0.00102563
4.2489e-05
0.00100186
0.000102052
0.000972689
0.000158999
0.000939018
0.000212828
0.000901361
0.000263025
0.00086064
0.000309341
0.000817374
0.000351491
0.000772416
0.000389345
0.000726254
0.000422777
0.000679699
0.000451801
0.000632792
0.000476773
0.000586569
0.000497224
0.000541038
0.000514092
0.000496703
0.000526822
0.000453912
0.00053613
0.00041261
0.000542292
0.000373221
0.000545228
0.000335858
0.000545439
0.000300301
0.000543334
0.000266862
0.000538938
0.000235673
0.000532336
0.00020633
0.000524269
0.000179077
0.000514415
0.000153944
0.000503454
0.000130593
0.00049134
0.000109134
0.000478203
8.94294e-05
0.000464574
7.13028e-05
0.000450374
5.48423e-05
0.000435518
3.97041e-05
0.000420619
2.59807e-05
0.000405413
1.34997e-05
0.000390028
2.08059e-06
0.000374655
-8.26488e-06
0.000359372
-1.75488e-05
0.000343999
-2.59341e-05
0.000328796
-3.34649e-05
0.000313674
-4.02114e-05
0.000298781
-4.62149e-05
0.00028413
-5.15455e-05
0.000269606
-5.62375e-05
0.000255376
-6.03521e-05
0.000241491
-6.39309e-05
0.000227878
-6.70411e-05
0.00021462
-6.96963e-05
0.000201689
-7.19513e-05
0.000189082
-7.38445e-05
0.0001769
-7.54071e-05
0.000164992
-7.6659e-05
0.000153456
-7.76289e-05
0.000142267
-7.83372e-05
0.000131352
-7.87847e-05
0.000120831
-7.89751e-05
0.000110555
-7.89371e-05
0.000100581
-7.86513e-05
9.09807e-05
-7.8146e-05
8.1709e-05
-7.74478e-05
7.28611e-05
-7.65926e-05
6.4406e-05
-7.55871e-05
5.63606e-05
-7.44594e-05
4.87165e-05
-7.32121e-05
4.14479e-05
-7.18589e-05
3.45582e-05
-7.04133e-05
2.80691e-05
-6.88955e-05
2.19934e-05
-6.73353e-05
1.63306e-05
-6.57616e-05
1.1059e-05
-6.41692e-05
6.14017e-06
-6.25672e-05
1.51573e-06
-6.09375e-05
-2.8473e-06
-5.92721e-05
-6.96126e-06
-5.75692e-05
-1.08086e-05
-5.58362e-05
-1.43654e-05
-5.40858e-05
-1.76193e-05
-5.23342e-05
-2.05647e-05
-5.05949e-05
-2.32167e-05
-4.88785e-05
-2.5596e-05
-4.71933e-05
-2.77363e-05
-4.55333e-05
-2.96803e-05
-4.38872e-05
-3.14624e-05
-4.22336e-05
-3.31252e-05
-4.05581e-05
-3.46328e-05
-3.88546e-05
-3.59645e-05
-3.71364e-05
-3.70517e-05
-3.54317e-05
-3.7825e-05
-3.37713e-05
-3.82892e-05
-3.21831e-05
-3.84524e-05
-3.06761e-05
-3.83809e-05
-2.92603e-05
-3.81168e-05
-2.79196e-05
-3.77557e-05
-2.66479e-05
-3.73012e-05
-2.5431e-05
-3.68176e-05
-2.42617e-05
-3.62951e-05
-2.3131e-05
-3.57435e-05
-2.20267e-05
-3.51803e-05
-2.09425e-05
-3.45853e-05
-1.98798e-05
-3.39403e-05
-1.88523e-05
-3.31752e-05
-1.78607e-05
-3.23626e-05
-1.69089e-05
-3.1473e-05
-1.59867e-05
-3.05423e-05
-1.50959e-05
-2.95262e-05
-1.42538e-05
-2.84065e-05
-1.34934e-05
-2.71254e-05
-1.28319e-05
-2.57817e-05
-1.22646e-05
-2.44958e-05
-1.1755e-05
-2.33807e-05
-1.12446e-05
-2.2573e-05
-1.06969e-05
-2.19336e-05
-1.00978e-05
-2.13984e-05
-9.47813e-06
-2.07514e-05
-8.88146e-06
-1.99168e-05
-8.34504e-06
-1.88901e-05
-7.87733e-06
-1.77986e-05
-7.46713e-06
-1.67202e-05
-7.09185e-06
-1.57563e-05
-6.73655e-06
-1.48726e-05
-6.39477e-06
-1.40594e-05
-6.0681e-06
-1.32879e-05
-5.75315e-06
-1.2522e-05
-5.44504e-06
-1.18087e-05
-5.1596e-06
-1.10248e-05
-4.89614e-06
-1.02484e-05
-4.67691e-06
-9.3825e-06
-4.50924e-06
-8.52783e-06
-4.38586e-06
-7.75756e-06
-4.28592e-06
-7.15473e-06
-4.1812e-06
-6.76874e-06
-4.05127e-06
-6.50664e-06
-3.88429e-06
-6.40629e-06
-3.69229e-06
-6.15676e-06
-3.51938e-06
-5.79512e-06
-3.41276e-06
-5.1758e-06
-3.38683e-06
-4.57543e-06
-3.41875e-06
-4.17008e-06
-3.45797e-06
-4.15359e-06
-3.46139e-06
-4.54241e-06
-3.39395e-06
-5.28538e-06
-3.23142e-06
-6.28219e-06
-2.96432e-06
-7.3169e-06
-2.62965e-06
-8.24028e-06
-2.24355e-06
-8.82769e-06
-1.87392e-06
-9.08875e-06
-1.54188e-06
-9.03682e-06
-1.21916e-06
-8.99104e-06
-8.59743e-07
-8.96032e-06
-4.63156e-07
-8.76069e-06
-8.08226e-08
-8.07406e-06
1.99583e-07
-6.6652e-06
2.39496e-07
-4.5066e-06
8.35227e-08
-2.60753e-06
-1.20301e-07
-1.75909e-06
-1.9824e-07
-2.20479e-06
-3.80973e-06
1.58262e-05
-0.0019961
2.977e-05
-0.00201739
4.00284e-05
-0.00204549
4.49259e-05
-0.00207543
4.35572e-05
-0.00210782
3.58065e-05
-0.00213724
2.13331e-05
-0.00217267
-0.00219942
8.36066e-05
-0.00087124
0.000164294
-0.000891849
0.000250173
-0.000871274
0.000332473
-0.000865347
0.000415212
-0.000848479
0.000496929
-0.000823601
0.000576364
-0.000792566
0.000652388
-0.000755849
0.000722688
-0.000713302
0.000786469
-0.000665581
0.000843194
-0.000612974
0.000892502
-0.000555251
0.000933997
-0.000493578
0.000967109
-0.000428265
0.000992117
-0.000360179
0.00100871
-0.000290036
0.00101717
-0.000218566
0.00101762
-0.000146606
0.0010105
-7.49919e-05
0.000996435
-5.03915e-06
0.000975949
6.29752e-05
0.000949526
0.000128475
0.000918246
0.000190278
0.000882594
0.00024848
0.00084345
0.000302169
0.00080161
0.000351181
0.000757613
0.000395488
0.000712502
0.000434455
0.000666319
0.00046896
0.000620063
0.000498057
0.000574313
0.000522524
0.00052924
0.000542296
0.000485266
0.000558066
0.000442789
0.000569299
0.000401861
0.000577058
0.000362907
0.000581246
0.000325875
0.000582259
0.000290796
0.000580518
0.000257945
0.000576186
0.000227203
0.00056968
0.000198339
0.0005612
0.000171714
0.000550894
0.000147139
0.000538991
0.000124273
0.00052632
0.000103466
0.000512147
8.44e-05
0.000497269
6.69133e-05
0.000482061
5.09836e-05
0.000466304
3.65965e-05
0.000449905
2.35022e-05
0.000433714
1.15841e-05
0.000417331
7.8284e-07
0.000400829
-8.92397e-06
0.000384362
-1.76825e-05
0.00036813
-2.55268e-05
0.000351843
-3.25688e-05
0.000335838
-3.88481e-05
0.000319953
-4.44318e-05
0.000304365
-4.9352e-05
0.00028905
-5.36815e-05
0.000273935
-5.74579e-05
0.000259152
-6.07137e-05
0.000244747
-6.35095e-05
0.000230674
-6.58888e-05
0.000216999
-6.78875e-05
0.000203688
-6.95456e-05
0.00019074
-7.08972e-05
0.000178252
-7.1969e-05
0.000166063
-7.27853e-05
0.000154272
-7.3369e-05
0.000142851
-7.37308e-05
0.000131714
-7.38789e-05
0.000120979
-7.38139e-05
0.00011049
-7.35351e-05
0.000100302
-7.3045e-05
9.04907e-05
-7.23607e-05
8.10247e-05
-7.15121e-05
7.20125e-05
-7.05301e-05
6.3424e-05
-6.94367e-05
5.52672e-05
-6.82442e-05
4.75241e-05
-6.6952e-05
4.01557e-05
-6.55739e-05
3.31801e-05
-6.4117e-05
2.66122e-05
-6.26022e-05
2.04786e-05
-6.10681e-05
1.47965e-05
-5.95349e-05
9.52579e-06
-5.80097e-05
4.61497e-06
-5.64872e-05
-6.76464e-09
-5.49476e-05
-4.38685e-06
-5.33783e-05
-8.53064e-06
-5.17756e-05
-1.24112e-05
-5.01474e-05
-1.59936e-05
-4.85064e-05
-1.92602e-05
-4.68704e-05
-2.22007e-05
-4.52548e-05
-2.48323e-05
-4.36696e-05
-2.71812e-05
-4.21245e-05
-2.92815e-05
-4.06136e-05
-3.11912e-05
-3.91211e-05
-3.29549e-05
-3.76219e-05
-3.46245e-05
-3.60968e-05
-3.61579e-05
-3.45372e-05
-3.75241e-05
-3.29579e-05
-3.86309e-05
-3.13913e-05
-3.93916e-05
-2.98715e-05
-3.9809e-05
-2.84272e-05
-3.98967e-05
-2.70678e-05
-3.97403e-05
-2.57985e-05
-3.93861e-05
-2.46037e-05
-3.89505e-05
-2.34734e-05
-3.84315e-05
-2.23942e-05
-3.78967e-05
-2.13592e-05
-3.73301e-05
-2.03591e-05
-3.67436e-05
-1.93805e-05
-3.61589e-05
-1.84157e-05
-3.555e-05
-1.74685e-05
-3.48875e-05
-1.65512e-05
-3.40925e-05
-1.56703e-05
-3.32436e-05
-1.48255e-05
-3.23178e-05
-1.40051e-05
-3.13627e-05
-1.32064e-05
-3.03249e-05
-1.24511e-05
-2.91618e-05
-1.17753e-05
-2.78012e-05
-1.12006e-05
-2.63564e-05
-1.0724e-05
-2.49724e-05
-1.03024e-05
-2.38024e-05
-9.87617e-06
-2.29992e-05
-9.39948e-06
-2.24103e-05
-8.86229e-06
-2.19355e-05
-8.29786e-06
-2.13158e-05
-7.75662e-06
-2.04581e-05
-7.27754e-06
-1.93692e-05
-6.86954e-06
-1.82066e-05
-6.51706e-06
-1.70727e-05
-6.19567e-06
-1.60777e-05
-5.88941e-06
-1.51788e-05
-5.59174e-06
-1.43571e-05
-5.30779e-06
-1.35718e-05
-5.03199e-06
-1.27978e-05
-4.75935e-06
-1.20814e-05
-4.50571e-06
-1.12784e-05
-4.27105e-06
-1.0483e-05
-4.07904e-06
-9.57451e-06
-3.93785e-06
-8.66902e-06
-3.84087e-06
-7.85453e-06
-3.76677e-06
-7.22884e-06
-3.68502e-06
-6.85049e-06
-3.57434e-06
-6.61732e-06
-3.42409e-06
-6.55653e-06
-3.24307e-06
-6.33777e-06
-3.08061e-06
-5.95759e-06
-2.98594e-06
-5.27047e-06
-2.97587e-06
-4.5855e-06
-3.02555e-06
-4.1204e-06
-3.08154e-06
-4.09759e-06
-3.10174e-06
-4.52221e-06
-3.05294e-06
-5.33418e-06
-2.91004e-06
-6.42509e-06
-2.66408e-06
-7.56286e-06
-2.35355e-06
-8.55081e-06
-1.99188e-06
-9.18936e-06
-1.65342e-06
-9.4272e-06
-1.3579e-06
-9.33234e-06
-1.07337e-06
-9.27557e-06
-7.46398e-07
-9.2873e-06
-3.76685e-07
-9.1304e-06
-1.64787e-08
-8.43426e-06
2.54379e-07
-6.93605e-06
2.75279e-07
-4.5275e-06
9.98189e-08
-2.43207e-06
-1.20599e-07
-1.53867e-06
-2.0313e-07
-2.12226e-06
-4.01286e-06
7.68967e-06
-0.00200379
1.44895e-05
-0.00202419
1.94094e-05
-0.00205041
2.17707e-05
-0.00207779
2.07251e-05
-0.00210678
1.7378e-05
-0.00213389
9.57553e-06
-0.00216487
-0.00218985
8.47228e-05
-0.000955963
0.00016339
-0.000970516
0.000248974
-0.000956858
0.000331817
-0.000948191
0.000412916
-0.000929578
0.000491895
-0.00090258
0.000567909
-0.00086858
0.000639574
-0.000827515
0.000706071
-0.000779799
0.000766373
-0.000725883
0.000819591
-0.000666192
0.000865498
-0.000601158
0.000903551
-0.000531631
0.000933513
-0.000458227
0.000955267
-0.000381934
0.00096862
-0.000303388
0.0009739
-0.000223846
0.00097145
-0.000144157
0.00096176
-6.53011e-05
0.000945195
1.15251e-05
0.000922369
8.58013e-05
0.00089418
0.000156665
0.000861186
0.000223271
0.000824361
0.000285305
0.000784353
0.000342177
0.000742035
0.0003935
0.000698237
0.000439286
0.000653176
0.000479517
0.000608012
0.000514124
0.00056309
0.000542979
0.00051852
0.000567094
0.000475287
0.000585529
0.000433433
0.000599919
0.00039295
0.000609783
0.000354434
0.000615573
0.000317902
0.000617778
0.000283439
0.000616722
0.000250933
0.000613025
0.000220658
0.00060646
0.000192493
0.000597845
0.000166293
0.0005874
0.000142116
0.000575071
0.000119882
0.000561225
9.96951e-05
0.000546506
8.10377e-05
0.000530804
6.41188e-05
0.000514188
4.87592e-05
0.000497421
3.49809e-05
0.000480082
2.2321e-05
0.000462565
1.0954e-05
0.000445081
7.04197e-07
0.000427581
-8.52687e-06
0.00041006
-1.67911e-05
0.000392626
-2.41994e-05
0.000375539
-3.08231e-05
0.000358467
-3.67144e-05
0.00034173
-4.19356e-05
0.000325174
-4.65359e-05
0.000308965
-5.05763e-05
0.00029309
-5.40741e-05
0.000277433
-5.70881e-05
0.000262166
-5.96465e-05
0.000247305
-6.18068e-05
0.000232834
-6.36035e-05
0.000218796
-6.50783e-05
0.000205162
-6.62652e-05
0.000191927
-6.71955e-05
0.000179182
-6.78906e-05
0.000166758
-6.83762e-05
0.000154757
-6.86665e-05
0.000143141
-6.87796e-05
0.000131827
-6.87145e-05
0.000120914
-6.84638e-05
0.000110239
-6.80261e-05
9.98646e-05
-6.73995e-05
8.98641e-05
-6.65993e-05
8.02244e-05
-6.56583e-05
7.10715e-05
-6.46077e-05
6.23734e-05
-6.34733e-05
5.41328e-05
-6.22612e-05
4.6312e-05
-6.09749e-05
3.88694e-05
-5.96054e-05
3.18105e-05
-5.81675e-05
2.51743e-05
-5.66926e-05
1.90037e-05
-5.52064e-05
1.33102e-05
-5.37377e-05
8.05708e-06
-5.22972e-05
3.17451e-06
-5.0871e-05
-1.43295e-06
-4.94348e-05
-5.82306e-06
-4.79715e-05
-9.99399e-06
-4.64768e-05
-1.39059e-05
-4.49593e-05
-1.75111e-05
-4.34321e-05
-2.07874e-05
-4.19135e-05
-2.37192e-05
-4.04216e-05
-2.63242e-05
-3.89659e-05
-2.86369e-05
-3.75563e-05
-3.0691e-05
-3.61899e-05
-3.25576e-05
-3.48443e-05
-3.43005e-05
-3.34925e-05
-3.59763e-05
-3.21105e-05
-3.75398e-05
-3.0687e-05
-3.89477e-05
-2.92386e-05
-4.00793e-05
-2.78021e-05
-4.08282e-05
-2.64147e-05
-4.11963e-05
-2.51037e-05
-4.12077e-05
-2.38825e-05
-4.09615e-05
-2.27464e-05
-4.05222e-05
-2.16853e-05
-4.00115e-05
-2.06822e-05
-3.94346e-05
-1.97261e-05
-3.88529e-05
-1.88111e-05
-3.8245e-05
-1.79282e-05
-3.76265e-05
-1.70621e-05
-3.7025e-05
-1.62032e-05
-3.64089e-05
-1.53596e-05
-3.57312e-05
-1.45402e-05
-3.49119e-05
-1.37587e-05
-3.4025e-05
-1.30091e-05
-3.30675e-05
-1.22804e-05
-3.20914e-05
-1.15637e-05
-3.10415e-05
-1.08849e-05
-2.98406e-05
-1.02824e-05
-2.84037e-05
-9.78256e-06
-2.68563e-05
-9.38406e-06
-2.53709e-05
-9.0391e-06
-2.41474e-05
-8.68514e-06
-2.33531e-05
-8.27097e-06
-2.28245e-05
-7.78751e-06
-2.2419e-05
-7.27089e-06
-2.18324e-05
-6.77926e-06
-2.09497e-05
-6.35155e-06
-1.97969e-05
-5.99615e-06
-1.8562e-05
-5.69339e-06
-1.73754e-05
-5.41858e-06
-1.63525e-05
-5.15504e-06
-1.54424e-05
-4.8952e-06
-1.46169e-05
-4.64808e-06
-1.38189e-05
-4.40746e-06
-1.30384e-05
-4.16535e-06
-1.23235e-05
-3.9397e-06
-1.15041e-05
-3.72981e-06
-1.06929e-05
-3.55985e-06
-9.74448e-06
-3.44105e-06
-8.78782e-06
-3.36663e-06
-7.92896e-06
-3.31311e-06
-7.28235e-06
-3.25037e-06
-6.91324e-06
-3.15753e-06
-6.71015e-06
-3.02034e-06
-6.69373e-06
-2.85013e-06
-6.50798e-06
-2.69673e-06
-6.11099e-06
-2.61172e-06
-5.35548e-06
-2.61427e-06
-4.58295e-06
-2.67744e-06
-4.05723e-06
-2.74607e-06
-4.02897e-06
-2.77863e-06
-4.48964e-06
-2.74426e-06
-5.36855e-06
-2.61817e-06
-6.55119e-06
-2.39278e-06
-7.78825e-06
-2.10505e-06
-8.83854e-06
-1.76766e-06
-9.52674e-06
-1.4575e-06
-9.73737e-06
-1.1956e-06
-9.59423e-06
-9.46591e-07
-9.52458e-06
-6.50141e-07
-9.58375e-06
-3.06799e-07
-9.47374e-06
3.52679e-08
-8.77633e-06
2.92489e-07
-7.19328e-06
2.98167e-07
-4.53318e-06
1.09745e-07
-2.24365e-06
-1.20785e-07
-1.30814e-06
-2.05614e-07
-2.03743e-06
-4.21848e-06
3.86119e-06
-0.00200765
7.41877e-06
-0.00202775
9.97909e-06
-0.00205297
1.12473e-05
-0.00207906
1.05908e-05
-0.00210612
8.89832e-06
-0.0021322
4.55471e-06
-0.00216052
-0.00218529
8.38026e-05
-0.00103977
0.000162161
-0.00104887
0.000244685
-0.00103938
0.000325419
-0.00102892
0.000403953
-0.00100811
0.00048
-0.000978626
0.000552546
-0.000941126
0.000620791
-0.000895759
0.000683676
-0.000842684
0.000740405
-0.000782611
0.000790259
-0.000716045
0.000832805
-0.000643705
0.00086755
-0.000566376
0.000894274
-0.00048495
0.000912897
-0.000400557
0.000923485
-0.000313976
0.000926073
-0.000226434
0.00092111
-0.000139194
0.00090913
-5.33217e-05
0.000890507
3.01485e-05
0.000866098
0.00011021
0.000836719
0.000186044
0.00080271
0.00025728
0.000765359
0.000322656
0.000725357
0.000382179
0.000683124
0.000435733
0.000639828
0.000482582
0.000596009
0.000523335
0.000552058
0.000558075
0.000508632
0.000586405
0.000466352
0.000609375
0.000425032
0.000626849
0.000385298
0.000639653
0.000347534
0.000647547
0.000311555
0.000651552
0.000277571
0.000651762
0.000245674
0.000648619
0.000215913
0.000642786
0.000188261
0.000634112
0.000162521
0.000623586
0.000138857
0.000611064
0.000117141
0.000596786
9.72915e-05
0.000581075
7.90741e-05
0.000564724
6.26682e-05
0.00054721
4.7812e-05
0.000529044
3.44537e-05
0.000510779
2.22123e-05
0.000492324
1.13384e-05
0.000473439
1.52303e-06
0.000454896
-7.27083e-06
0.000436375
-1.51408e-05
0.00041793
-2.21644e-05
0.00039965
-2.84232e-05
0.000381797
-3.40007e-05
0.000364044
-3.89225e-05
0.000346652
-4.32621e-05
0.000329514
-4.70517e-05
0.000312755
-5.03451e-05
0.000296383
-5.31682e-05
0.000280256
-5.55586e-05
0.000264556
-5.75636e-05
0.00024931
-5.92084e-05
0.000234479
-6.05409e-05
0.000220128
-6.16027e-05
0.000206224
-6.24228e-05
0.000192747
-6.30289e-05
0.000179788
-6.34407e-05
0.00016717
-6.36764e-05
0.000154993
-6.37531e-05
0.000143218
-6.36858e-05
0.00013176
-6.34726e-05
0.000120701
-6.31045e-05
0.000109871
-6.2563e-05
9.93231e-05
-6.18519e-05
8.9153e-05
-6.09832e-05
7.93557e-05
-5.99939e-05
7.00822e-05
-5.89176e-05
6.12971e-05
-5.77804e-05
5.29956e-05
-5.65871e-05
4.51187e-05
-5.53301e-05
3.76125e-05
-5.40004e-05
3.04808e-05
-5.26088e-05
2.37828e-05
-5.11866e-05
1.75815e-05
-4.97674e-05
1.18911e-05
-4.83821e-05
6.67172e-06
-4.70364e-05
1.82891e-06
-4.57156e-05
-2.75375e-06
-4.43892e-05
-7.14954e-06
-4.30361e-05
-1.1347e-05
-4.16519e-05
-1.52901e-05
-4.02461e-05
-1.8917e-05
-3.88332e-05
-2.22003e-05
-3.74319e-05
-2.51205e-05
-3.60615e-05
-2.76947e-05
-3.47321e-05
-2.99663e-05
-3.34515e-05
-3.19717e-05
-3.22217e-05
-3.37874e-05
-3.10139e-05
-3.55083e-05
-2.98006e-05
-3.71896e-05
-2.8553e-05
-3.87875e-05
-2.72572e-05
-4.02434e-05
-2.59318e-05
-4.14047e-05
-2.46175e-05
-4.21425e-05
-2.3354e-05
-4.24598e-05
-2.21651e-05
-4.23966e-05
-2.1072e-05
-4.20546e-05
-2.00562e-05
-4.1538e-05
-1.91163e-05
-4.09515e-05
-1.82276e-05
-4.03233e-05
-1.73823e-05
-3.96982e-05
-1.65745e-05
-3.90529e-05
-1.57954e-05
-3.84055e-05
-1.50298e-05
-3.77906e-05
-1.42662e-05
-3.71725e-05
-1.3515e-05
-3.64824e-05
-1.27819e-05
-3.5645e-05
-1.20896e-05
-3.47173e-05
-1.14243e-05
-3.37328e-05
-1.07779e-05
-3.27378e-05
-1.01333e-05
-3.1686e-05
-9.52147e-06
-3.04525e-05
-8.98407e-06
-2.89411e-05
-8.54996e-06
-2.72904e-05
-8.21893e-06
-2.57019e-05
-7.94006e-06
-2.44262e-05
-7.6459e-06
-2.36473e-05
-7.28663e-06
-2.31838e-05
-6.85077e-06
-2.28549e-05
-6.37725e-06
-2.23059e-05
-5.92982e-06
-2.13971e-05
-5.54706e-06
-2.01797e-05
-5.23839e-06
-1.88707e-05
-4.98016e-06
-1.76337e-05
-4.74518e-06
-1.65875e-05
-4.51744e-06
-1.56701e-05
-4.28981e-06
-1.48446e-05
-4.07358e-06
-1.40352e-05
-3.86444e-06
-1.32476e-05
-3.64853e-06
-1.25394e-05
-3.44847e-06
-1.17041e-05
-3.26038e-06
-1.0881e-05
-3.11023e-06
-9.89463e-06
-3.00964e-06
-8.88841e-06
-2.95338e-06
-7.98522e-06
-2.91701e-06
-7.31872e-06
-2.8688e-06
-6.96146e-06
-2.79247e-06
-6.78649e-06
-2.66549e-06
-6.82071e-06
-2.50655e-06
-6.66692e-06
-2.36095e-06
-6.25658e-06
-2.28485e-06
-5.43158e-06
-2.29698e-06
-4.57082e-06
-2.36955e-06
-3.98466e-06
-2.44635e-06
-3.95216e-06
-2.4876e-06
-4.44839e-06
-2.46538e-06
-5.39078e-06
-2.35365e-06
-6.66292e-06
-2.14779e-06
-7.99411e-06
-1.88091e-06
-9.10542e-06
-1.56761e-06
-9.84004e-06
-1.28487e-06
-1.00201e-05
-1.05371e-06
-9.8254e-06
-8.36286e-07
-9.74201e-06
-5.67957e-07
-9.85207e-06
-2.50005e-07
-9.79169e-06
7.53865e-08
-9.10172e-06
3.16856e-07
-7.43475e-06
3.10294e-07
-4.52662e-06
1.14463e-07
-2.04782e-06
-1.21886e-07
-1.07179e-06
-2.0556e-07
-1.95376e-06
-4.42403e-06
1.79956e-06
-0.00200945
3.8802e-06
-0.00202983
5.36903e-06
-0.00205446
6.16107e-06
-0.00207985
5.83356e-06
-0.00210579
4.90209e-06
-0.00213127
2.39058e-06
-0.00215801
-0.0021829
8.11165e-05
-0.00112088
0.000158015
-0.00112577
0.000237606
-0.00111897
0.000314469
-0.00110579
0.000390692
-0.00108434
0.000463241
-0.00105118
0.000532342
-0.00101023
0.000596794
-0.000960211
0.000656129
-0.000902019
0.000709548
-0.00083603
0.000755966
-0.000762463
0.000795252
-0.000682991
0.000826795
-0.000597919
0.000850516
-0.000508671
0.000866389
-0.00041643
0.00087445
-0.000322036
0.000874643
-0.000226628
0.000867653
-0.000132203
0.000853857
-3.95263e-05
0.000833824
5.01813e-05
0.000808422
0.000135612
0.000778113
0.000216353
0.000743951
0.000291442
0.000706706
0.000359901
0.00066701
0.000421875
0.000625801
0.000476942
0.000583672
0.000524711
0.000541294
0.000565713
0.0004992
0.00060017
0.000457833
0.000627771
0.000417517
0.000649691
0.000378806
0.00066556
0.000341731
0.000676728
0.000306377
0.000682901
0.000273028
0.000684901
0.000241774
0.000683016
0.000212574
0.000677819
0.000185464
0.000669897
0.000160162
0.000659413
0.000136946
0.000646802
0.00011563
0.000632381
9.62144e-05
0.000616201
7.84196e-05
0.00059887
6.22907e-05
0.000580853
4.78108e-05
0.00056169
3.47631e-05
0.000542092
2.30523e-05
0.00052249
1.25957e-05
0.00050278
3.08432e-06
0.000482951
-5.38815e-06
0.000463369
-1.29094e-05
0.000443896
-1.96147e-05
0.000424635
-2.55764e-05
0.000405612
-3.08604e-05
0.000387081
-3.55476e-05
0.000368731
-3.96603e-05
0.000350764
-4.32639e-05
0.000333117
-4.63823e-05
0.000315874
-4.9066e-05
0.000299067
-5.13385e-05
0.000282529
-5.32279e-05
0.000266446
-5.47819e-05
0.000250864
-5.60178e-05
0.000235715
-5.69833e-05
0.000221094
-5.77228e-05
0.000206964
-5.82616e-05
0.000193286
-5.86232e-05
0.00018015
-5.88204e-05
0.000167367
-5.88741e-05
0.000155047
-5.87975e-05
0.000143141
-5.86064e-05
0.000131569
-5.8297e-05
0.000120392
-5.7853e-05
0.000109427
-5.72534e-05
9.87234e-05
-5.6497e-05
8.83967e-05
-5.55995e-05
7.84582e-05
-5.45949e-05
6.90777e-05
-5.35223e-05
6.02245e-05
-5.2411e-05
5.18843e-05
-5.12594e-05
4.3967e-05
-5.00552e-05
3.64083e-05
-4.87831e-05
2.92087e-05
-4.74523e-05
2.2452e-05
-4.61001e-05
1.62293e-05
-4.47594e-05
1.05504e-05
-4.34622e-05
5.37452e-06
-4.22187e-05
5.85353e-07
-4.10073e-05
-3.96508e-06
-3.97924e-05
-8.3645e-06
-3.85501e-05
-1.25893e-05
-3.72762e-05
-1.6564e-05
-3.59811e-05
-2.02121e-05
-3.46806e-05
-2.35008e-05
-3.33926e-05
-2.64085e-05
-3.21386e-05
-2.89487e-05
-3.09292e-05
-3.11756e-05
-2.97689e-05
-3.31319e-05
-2.86679e-05
-3.48885e-05
-2.75884e-05
-3.65877e-05
-2.65042e-05
-3.82738e-05
-2.53817e-05
-3.991e-05
-2.42049e-05
-4.14203e-05
-2.29934e-05
-4.26161e-05
-2.17935e-05
-4.33425e-05
-2.06456e-05
-4.36077e-05
-1.95688e-05
-4.34733e-05
-1.85934e-05
-4.303e-05
-1.76875e-05
-4.24438e-05
-1.68576e-05
-4.17814e-05
-1.60704e-05
-4.11104e-05
-1.53224e-05
-4.04461e-05
-1.46094e-05
-3.97659e-05
-1.39236e-05
-3.90913e-05
-1.32472e-05
-3.84671e-05
-1.25669e-05
-3.78528e-05
-1.1898e-05
-3.71513e-05
-1.12427e-05
-3.63003e-05
-1.06304e-05
-3.53296e-05
-1.00408e-05
-3.43224e-05
-9.46899e-06
-3.33096e-05
-8.8896e-06
-3.22654e-05
-8.33685e-06
-3.10052e-05
-7.85552e-06
-2.94224e-05
-7.47709e-06
-2.76689e-05
-7.20311e-06
-2.59759e-05
-6.98167e-06
-2.46477e-05
-6.73882e-06
-2.38901e-05
-6.42755e-06
-2.3495e-05
-6.03285e-06
-2.32496e-05
-5.59755e-06
-2.27412e-05
-5.1901e-06
-2.18046e-05
-4.84839e-06
-2.05214e-05
-4.58066e-06
-1.91384e-05
-4.36076e-06
-1.78536e-05
-4.15972e-06
-1.67886e-05
-3.96337e-06
-1.58665e-05
-3.76345e-06
-1.50445e-05
-3.5735e-06
-1.42251e-05
-3.39219e-06
-1.34289e-05
-3.19855e-06
-1.27331e-05
-3.02267e-06
-1.188e-05
-2.85352e-06
-1.10502e-05
-2.71983e-06
-1.00283e-05
-2.63419e-06
-8.97404e-06
-2.59283e-06
-8.02658e-06
-2.56961e-06
-7.34193e-06
-2.53314e-06
-6.99793e-06
-2.47241e-06
-6.84721e-06
-2.35394e-06
-6.93918e-06
-2.20642e-06
-6.81444e-06
-2.06758e-06
-6.39542e-06
-1.99894e-06
-5.50023e-06
-2.01823e-06
-4.55152e-06
-2.09709e-06
-3.90581e-06
-2.17918e-06
-3.87007e-06
-2.22597e-06
-4.4016e-06
-2.21261e-06
-5.40414e-06
-2.11321e-06
-6.76231e-06
-1.92621e-06
-8.1811e-06
-1.67948e-06
-9.35216e-06
-1.39003e-06
-1.01295e-05
-1.1322e-06
-1.02779e-05
-9.28379e-07
-1.00292e-05
-7.39509e-07
-9.93088e-06
-4.97555e-07
-1.0094e-05
-2.04582e-07
-1.00847e-05
1.0272e-07
-9.40902e-06
3.29607e-07
-7.66163e-06
3.13848e-07
-4.51086e-06
1.15269e-07
-1.84924e-06
-1.2134e-07
-8.35183e-07
-2.03123e-07
-1.87198e-06
-4.62716e-06
3.80599e-07
-0.00200983
1.8628e-06
-0.00203131
2.97571e-06
-0.00205557
3.6081e-06
-0.00208048
3.51254e-06
-0.0021057
3.00182e-06
-0.00213076
1.40282e-06
-0.00215641
-0.0021815
7.84374e-05
-0.00119932
0.000152923
-0.00120026
0.000228112
-0.00119416
0.000303045
-0.00118072
0.00037456
-0.00115585
0.000443755
-0.00112037
0.000508942
-0.00107542
0.000570129
-0.0010214
0.000625825
-0.000957715
0.000674996
-0.000885201
0.000717692
-0.000805159
0.000754005
-0.000719305
0.000782438
-0.000626353
0.000803329
-0.000529562
0.000816797
-0.000429899
0.000822778
-0.000328017
0.000820971
-0.000224821
0.000812295
-0.000123527
0.000797157
-2.43879e-05
0.000776521
7.08169e-05
0.000750321
0.000161812
0.000719982
0.000246692
0.000686228
0.000325196
0.000649328
0.000396801
0.000610685
0.000460519
0.000570928
0.000516699
0.0005302
0.000565439
0.000489758
0.000606154
0.000449767
0.000640161
0.00041064
0.000666898
0.000372819
0.000687512
0.000336664
0.000701715
0.000302184
0.000711207
0.000269598
0.000715488
0.000238827
0.000715672
0.000210217
0.000711625
0.000183562
0.000704474
0.000158903
0.000694556
0.000136174
0.000682142
0.000115205
0.000667771
9.60523e-05
0.000651533
7.86766e-05
0.000633577
6.29519e-05
0.000614594
4.87857e-05
0.000595019
3.59303e-05
0.000574545
2.44788e-05
0.000553544
1.42254e-05
0.000532743
5.11746e-06
0.000511888
-3.03722e-06
0.000491105
-1.02801e-05
0.000470612
-1.67015e-05
0.000450317
-2.24192e-05
0.000430353
-2.74765e-05
0.000410669
-3.1926e-05
0.000391531
-3.58785e-05
0.000372684
-3.93048e-05
0.000354191
-4.23028e-05
0.000336115
-4.48781e-05
0.000318449
-4.70372e-05
0.000301226
-4.88799e-05
0.000284371
-5.03621e-05
0.000267928
-5.15543e-05
0.000252057
-5.24716e-05
0.000236632
-5.31504e-05
0.000221772
-5.36419e-05
0.000207455
-5.39725e-05
0.000193617
-5.41455e-05
0.000180323
-5.41824e-05
0.000167404
-5.41141e-05
0.000154978
-5.39256e-05
0.000142953
-5.36518e-05
0.000131295
-5.32846e-05
0.000120024
-5.28015e-05
0.000108944
-5.21764e-05
9.80984e-05
-5.14051e-05
8.76253e-05
-5.05015e-05
7.75545e-05
-4.95071e-05
6.80833e-05
-4.84648e-05
5.91822e-05
-4.73898e-05
5.08093e-05
-4.63016e-05
4.28789e-05
-4.5166e-05
3.52726e-05
-4.39625e-05
2.80052e-05
-4.27035e-05
2.11929e-05
-4.14275e-05
1.49532e-05
-4.01728e-05
9.29576e-06
-3.89667e-05
4.16845e-06
-3.78276e-05
-5.5379e-07
-3.67265e-05
-5.06622e-06
-3.5621e-05
-9.46992e-06
-3.44863e-05
-1.3724e-05
-3.3319e-05
-1.77313e-05
-3.21299e-05
-2.14012e-05
-3.09382e-05
-2.46925e-05
-2.97605e-05
-2.75862e-05
-2.86182e-05
-3.0091e-05
-2.75231e-05
-3.22708e-05
-2.64749e-05
-3.41802e-05
-2.54918e-05
-3.58716e-05
-2.45292e-05
-3.75504e-05
-2.35632e-05
-3.92397e-05
-2.25561e-05
-4.09171e-05
-2.14901e-05
-4.24863e-05
-2.03851e-05
-4.3721e-05
-1.92922e-05
-4.44354e-05
-1.82515e-05
-4.46485e-05
-1.72768e-05
-4.4448e-05
-1.64071e-05
-4.38998e-05
-1.56008e-05
-4.32501e-05
-1.48695e-05
-4.25128e-05
-1.41732e-05
-4.18067e-05
-1.35119e-05
-4.11074e-05
-1.28825e-05
-4.03954e-05
-1.22792e-05
-3.96945e-05
-1.1683e-05
-3.90633e-05
-1.10776e-05
-3.84581e-05
-1.04822e-05
-3.77468e-05
-9.89551e-06
-3.6887e-05
-9.35345e-06
-3.58717e-05
-8.83115e-06
-3.48447e-05
-8.32614e-06
-3.38146e-05
-7.80434e-06
-3.27872e-05
-7.30396e-06
-3.15056e-05
-6.87364e-06
-2.98527e-05
-6.54398e-06
-2.79985e-05
-6.31826e-06
-2.62016e-05
-6.14528e-06
-2.48207e-05
-5.94501e-06
-2.40904e-05
-5.67541e-06
-2.37646e-05
-5.31732e-06
-2.36077e-05
-4.91747e-06
-2.31411e-05
-4.54635e-06
-2.21757e-05
-4.24131e-06
-2.08264e-05
-4.00909e-06
-1.93707e-05
-3.82249e-06
-1.80402e-05
-3.65062e-06
-1.69604e-05
-3.48086e-06
-1.60362e-05
-3.30466e-06
-1.52207e-05
-3.13743e-06
-1.43923e-05
-2.98147e-06
-1.35848e-05
-2.80629e-06
-1.29082e-05
-2.65236e-06
-1.2034e-05
-2.49963e-06
-1.12029e-05
-2.38036e-06
-1.01476e-05
-2.3072e-06
-9.0472e-06
-2.27812e-06
-8.05566e-06
-2.26566e-06
-7.35439e-06
-2.2379e-06
-7.02569e-06
-2.19127e-06
-6.89384e-06
-2.08e-06
-7.05044e-06
-1.94377e-06
-6.95067e-06
-1.8111e-06
-6.52809e-06
-1.74935e-06
-5.56199e-06
-1.77372e-06
-4.52715e-06
-1.85617e-06
-3.82336e-06
-1.94066e-06
-3.78557e-06
-1.9907e-06
-4.35157e-06
-1.98456e-06
-5.41028e-06
-1.89582e-06
-6.85105e-06
-1.72633e-06
-8.35059e-06
-1.49815e-06
-9.58034e-06
-1.23195e-06
-1.03957e-05
-9.97313e-07
-1.05126e-05
-8.18255e-07
-1.02083e-05
-6.54772e-07
-1.00944e-05
-4.36974e-07
-1.03118e-05
-1.67767e-07
-1.03539e-05
1.20854e-07
-9.69764e-06
3.33332e-07
-7.87411e-06
3.10992e-07
-4.48852e-06
1.14075e-07
-1.65232e-06
-1.2078e-07
-6.00328e-07
-1.9845e-07
-1.79431e-06
-4.82561e-06
-1.08803e-06
3.99871e-07
1.72479e-06
2.36403e-06
2.34261e-06
2.16095e-06
9.24779e-07
7.33867e-05
0.00014343
0.00021423
0.000285095
0.00035225
0.000417739
0.0004798
0.000536862
0.000588833
0.000635445
0.000675915
0.000708624
0.000734856
0.000753654
0.000764753
0.000768525
0.000765955
0.000756412
0.000740526
0.000719196
0.000693212
0.000663081
0.000629833
0.000594325
0.000557008
0.000518685
0.000480196
0.000441739
0.000404041
0.000367465
0.000332315
0.000298658
0.000266707
0.00023674
0.000208792
0.000182632
0.000158398
0.000136021
0.000115588
9.69117e-05
7.98904e-05
6.42552e-05
5.02182e-05
3.76474e-05
2.64484e-05
1.65074e-05
7.71347e-06
-3.32236e-07
-7.34099e-06
-1.35641e-05
-1.90921e-05
-2.39291e-05
-2.81959e-05
-3.19962e-05
-3.52776e-05
-3.81837e-05
-4.0657e-05
-4.2768e-05
-4.45639e-05
-4.6007e-05
-4.71933e-05
-4.80967e-05
-4.87501e-05
-4.9203e-05
-4.95019e-05
-4.96636e-05
-4.97177e-05
-4.96569e-05
-4.94675e-05
-4.92164e-05
-4.88975e-05
-4.85076e-05
-4.80127e-05
-4.73845e-05
-4.66195e-05
-4.57303e-05
-4.47606e-05
-4.37495e-05
-4.2746e-05
-4.17228e-05
-4.066e-05
-3.95377e-05
-3.83577e-05
-3.71626e-05
-3.59974e-05
-3.48951e-05
-3.3848e-05
-3.28494e-05
-3.18487e-05
-3.08167e-05
-2.97511e-05
-2.86633e-05
-2.75754e-05
-2.65022e-05
-2.54641e-05
-2.44746e-05
-2.353e-05
-2.26558e-05
-2.17997e-05
-2.09415e-05
-2.00401e-05
-1.90762e-05
-1.80699e-05
-1.70764e-05
-1.61342e-05
-1.5254e-05
-1.44794e-05
-1.37637e-05
-1.31204e-05
-1.2505e-05
-1.19206e-05
-1.13652e-05
-1.08345e-05
-1.03075e-05
-9.76778e-06
-9.23775e-06
-8.7132e-06
-8.23428e-06
-7.77343e-06
-7.32879e-06
-6.85885e-06
-6.40515e-06
-6.01857e-06
-5.7296e-06
-5.54504e-06
-5.41374e-06
-5.24947e-06
-5.01593e-06
-4.68985e-06
-4.32271e-06
-3.98462e-06
-3.71293e-06
-3.51239e-06
-3.35493e-06
-3.20721e-06
-3.05996e-06
-2.90439e-06
-2.75608e-06
-2.62235e-06
-2.46382e-06
-2.33012e-06
-2.1919e-06
-2.08556e-06
-2.02262e-06
-2.00293e-06
-1.99848e-06
-1.97739e-06
-1.94335e-06
-1.83935e-06
-1.71366e-06
-1.58701e-06
-1.53162e-06
-1.55929e-06
-1.64301e-06
-1.72777e-06
-1.77913e-06
-1.77827e-06
-1.69897e-06
-1.54564e-06
-1.33552e-06
-1.09145e-06
-8.7875e-07
-7.21635e-07
-5.80146e-07
-3.84471e-07
-1.37932e-07
1.31886e-07
3.29912e-07
3.01682e-07
1.08784e-07
-1.1839e-07
-1.91132e-07
)
;

boundaryField
{
    freeSurface
    {
        type            calculated;
        value           nonuniform List<scalar> 
181
(
-0.00200874
-0.0020328
-0.0020569
-0.00208112
-0.00210568
-0.00213057
-0.00215518
-0.00218057
-0.00127271
-0.0012703
-0.00126496
-0.00125159
-0.00122301
-0.00118586
-0.00113748
-0.00107846
-0.00100969
-0.000931813
-0.000845629
-0.000752013
-0.000652585
-0.00054836
-0.000440998
-0.000331788
-0.000222251
-0.000113984
-8.50169e-06
9.2147e-05
0.000187796
0.000276823
0.000358443
0.000432309
0.000497835
0.000555023
0.000603928
0.000644612
0.000677859
0.000703475
0.000722661
0.000735373
0.000743158
0.000745455
0.00074362
0.000737785
0.000728708
0.000716932
0.000702575
0.000686448
0.000668554
0.000649212
0.000628632
0.00060759
0.000585744
0.000563485
0.000541537
0.000519934
0.000498114
0.000476835
0.000455845
0.00043519
0.000414936
0.000395331
0.000375965
0.000357097
0.000338589
0.00032056
0.000303022
0.000285815
0.000269114
0.00025296
0.000237286
0.000222225
0.000207754
0.000193778
0.000180377
0.000167343
0.000154789
0.000142701
0.000130976
0.000119634
0.000108449
9.74701e-05
8.68604e-05
7.66653e-05
6.71136e-05
5.81711e-05
4.98059e-05
4.18556e-05
3.42098e-05
2.6883e-05
2.00129e-05
1.37582e-05
8.13048e-06
3.06621e-06
-1.60092e-06
-6.06478e-06
-1.04707e-05
-1.4756e-05
-1.87969e-05
-2.24889e-05
-2.57805e-05
-2.86594e-05
-3.1129e-05
-3.32603e-05
-3.51247e-05
-3.67459e-05
-3.84065e-05
-4.00979e-05
-4.18185e-05
-4.34502e-05
-4.47273e-05
-4.54289e-05
-4.55906e-05
-4.53282e-05
-4.46743e-05
-4.39659e-05
-4.3156e-05
-4.24222e-05
-4.16918e-05
-4.09508e-05
-4.02251e-05
-3.95904e-05
-3.89978e-05
-3.82768e-05
-3.74115e-05
-3.63506e-05
-3.53056e-05
-3.42593e-05
-3.32571e-05
-3.19593e-05
-3.02393e-05
-2.82875e-05
-2.63862e-05
-2.4952e-05
-2.42547e-05
-2.39982e-05
-2.39337e-05
-2.35082e-05
-2.25138e-05
-2.10981e-05
-1.95712e-05
-1.81976e-05
-1.71082e-05
-1.61835e-05
-1.53763e-05
-1.45406e-05
-1.37185e-05
-1.30668e-05
-1.21677e-05
-1.13411e-05
-1.02539e-05
-9.11014e-06
-8.07534e-06
-7.35884e-06
-7.04678e-06
-6.92789e-06
-7.15444e-06
-7.07636e-06
-6.65474e-06
-5.61737e-06
-4.49948e-06
-3.73965e-06
-3.70081e-06
-4.3002e-06
-5.41115e-06
-6.93035e-06
-8.50392e-06
-9.79046e-06
-1.06398e-05
-1.07253e-05
-1.03654e-05
-1.02358e-05
-1.05075e-05
-1.06004e-05
-9.96746e-06
-8.07214e-06
-4.46029e-06
-1.45943e-06
-3.73154e-07
-1.72156e-06
-5.01674e-06
)
;
    }
    walls
    {
        type            calculated;
        value           uniform 0;
    }
    floatingObject
    {
        type            calculated;
        value           nonuniform List<scalar> 
37
(
0.000447567
0.000452809
0.00045805
0.000463356
0.000468789
0.000474222
0.000479751
0.000485344
0.000490969
0.00049669
0.000502475
0.000508323
0.000514236
0.000520213
0.000526285
0.000532389
0.000538621
0.000544854
0.000551214
0
0
0
0
-8.47033e-22
0
0
0
0
0
0
0
0
0
0
0
0
0
)
;
    }
    frontAndBack
    {
        type            empty;
    }
}


// ************************************************************************* //
