/*--------------------------------*- C++ -*----------------------------------*\
  =========                 |
  \\      /  F ield         | OpenFOAM: The Open Source CFD Toolbox
   \\    /   O peration     | Website:  https://openfoam.org
    \\  /    A nd           | Version:  12
     \\/     M anipulation  |
\*---------------------------------------------------------------------------*/
FoamFile
{
    format      ascii;
    class       surfaceScalarField;
    location    "14.84";
    object      phi;
}
// * * * * * * * * * * * * * * * * * * * * * * * * * * * * * * * * * * * * * //

dimensions      [1 0 -1 0 0 0 0];

internalField   nonuniform List<scalar> 
7429
(
0.00027321
-0.00027321
0.000552536
-0.000279326
0.000836331
-0.000283794
0.00112511
-0.00028878
0.0014195
-0.00029439
0.00172008
-0.000300573
0.00202735
-0.000307274
0.00234177
-0.000314415
0.00266369
-0.000321924
0.00299337
-0.000329675
0.00333086
-0.000337492
0.00367606
-0.000345205
0.00402882
-0.000352755
0.00438862
-0.000359797
0.00475488
-0.000366268
0.00512668
-0.000371796
0.00550301
-0.00037633
0.00588253
-0.000379518
0.00626377
-0.000381243
0.00664503
-0.000381257
0.0070246
-0.000379569
0.00740028
-0.000375683
0.00776989
-0.000369602
0.00813096
-0.000361072
0.00848102
-0.000350064
0.00881735
-0.000336328
0.00913708
-0.000319729
0.0094374
-0.00030032
0.00971546
-0.000278064
0.00996842
-0.000252951
0.0101936
-0.000225176
0.0103885
-0.000194859
0.0105506
-0.000162147
0.010678
-0.00012744
0.0107689
-9.08491e-05
0.0108217
-5.28344e-05
0.0108355
-1.37901e-05
0.0108116
2.39159e-05
0.0107482
6.34006e-05
0.0106445
0.000103691
0.0105003
0.00014423
0.0103157
0.00018458
0.0100915
0.000224233
0.00982863
0.000262835
0.0095286
0.000300026
0.00919312
0.000335485
0.00882414
0.000368977
0.00842395
0.000400189
0.00799509
0.00042886
0.00754034
0.00045475
0.00706275
0.000477593
0.00656556
0.000497193
0.0060524
0.000513157
0.00552683
0.000525564
0.00499314
0.000533694
0.00445494
0.000538196
0.00391712
0.000537829
0.0033834
0.000533716
0.00285903
0.000524365
0.00234784
0.000511194
0.00185485
0.000492989
0.00138425
0.000470598
0.000940774
0.000443479
0.000528453
0.000412321
0.000151332
0.00037712
-0.000186816
0.000338148
-0.000482346
0.00029553
-0.000732258
0.000249911
-0.000933868
0.00020161
-0.00108517
0.000151303
-0.00118474
9.95705e-05
-0.00123182
4.70816e-05
-0.00122236
-9.4675e-06
-0.00115721
-6.51493e-05
-0.00104027
-0.000116937
-0.000874105
-0.000166164
-0.000661659
-0.000212446
-0.000406147
-0.000255512
-0.000112735
-0.000293412
0.000214215
-0.00032695
0.00056838
-0.000354165
0.000942789
-0.000374409
0.00132961
-0.000386817
0.00172114
-0.00039153
0.0021087
-0.00038756
0.00248399
-0.00037529
0.00283784
-0.000353851
0.00316185
-0.000324011
0.00344757
-0.000285725
0.00368715
-0.000239573
0.00387363
-0.000186479
0.00400055
-0.000126929
0.00406396
-6.34052e-05
0.00405452
9.44224e-06
0.0039685
8.60217e-05
0.00380897
0.000159526
0.00357891
0.000230056
0.00328246
0.000296453
0.00292447
0.000357994
0.00251183
0.000412635
0.00205324
0.00045859
0.00155923
0.000494016
0.00104207
0.000517158
0.000515255
0.000526813
-6.73773e-06
0.000521993
-0.000508682
0.000501944
-0.000975603
0.000466921
-0.00139307
0.000417465
-0.00174705
0.000353983
-0.00202595
0.000278898
-0.00221919
0.000193238
-0.00232008
0.000100889
-0.00232163
1.5564e-06
-0.00221726
-0.000104369
-0.00201589
-0.000201379
-0.00172654
-0.000289345
-0.00135923
-0.000367313
-0.000928205
-0.000431022
-0.000450313
-0.000477892
5.33001e-05
-0.000503613
0.000560375
-0.000507075
0.00104723
-0.000486855
0.00148993
-0.000442702
0.00186593
-0.000375996
0.00215483
-0.000288899
0.00233991
-0.000185084
0.0024098
-6.98928e-05
0.00234657
6.32362e-05
0.00215461
0.000191955
0.0018447
0.000309909
0.00143089
0.000413815
0.000932303
0.000498586
0.000373488
0.000558815
-0.000214611
0.0005881
-0.000798283
0.000583671
-0.00134195
0.000543663
-0.00181198
0.000470032
-0.00217722
0.000365244
-0.00241258
0.000235363
-0.00250098
8.83945e-05
-0.00242176
-7.92237e-05
-0.00218217
-0.000239588
-0.00179996
-0.000382211
-0.00129716
-0.000502792
-0.000706664
-0.000590501
-6.76123e-05
-0.000639052
0.000573492
-0.000641104
0.00116844
-0.000594944
0.00167208
-0.000503641
0.00204522
-0.000373146
0.0022575
-0.000212282
0.00229451
-3.70017e-05
0.00213606
0.000158449
0.00180918
0.000326877
0.00134034
0.000468845
0.000770586
0.00056975
0.000148965
0.000621621
-0.000467094
0.000616059
-0.00102135
0.000554257
-0.00146425
0.000442896
-0.00175625
0.000292007
-0.00187548
0.000119228
-0.00180819
-6.72912e-05
-0.00157603
-0.000232159
-0.00121317
-0.000362862
-0.000766326
-0.000446844
-0.000291592
-0.000474734
0.00015059
-0.000442182
0.000506518
-0.000355928
0.000735333
-0.000228815
0.000815677
-8.03435e-05
0.000737816
7.78607e-05
0.00053091
0.000206906
0.000235618
0.000295292
-9.55427e-05
0.00033116
-0.00040075
0.000305207
-0.000626384
0.000225634
-0.000731673
0.000105289
-0.000689911
-4.1762e-05
-0.000506889
-0.000183021
-0.000214353
-0.000292536
0.000141848
-0.000356201
0.000501669
-0.000359821
0.000805415
-0.000303745
0.00100543
-0.000200016
0.00107403
-6.85965e-05
0.00100129
7.27394e-05
0.000815405
0.000185883
0.000558799
0.000256607
0.000284948
0.000273851
4.64625e-05
0.000238485
-0.000115416
0.000161879
-0.000185153
6.97371e-05
-0.000166891
-1.82629e-05
-9.04456e-05
-7.6445e-05
4.43724e-06
-9.48828e-05
7.54854e-05
-7.10482e-05
9.84472e-05
-2.29618e-05
6.68373e-05
3.16099e-05
6.68373e-05
0.000279766
-0.000552975
0.000571814
-0.000571374
0.000870037
-0.000582017
0.00117577
-0.000594513
0.00149044
-0.000609059
0.00181549
-0.000625625
0.00215214
-0.000643918
0.00250147
-0.000663745
0.00286426
-0.000684714
0.00324102
-0.000706439
0.00363186
-0.00072833
0.00403671
-0.00075005
0.00445517
-0.000771214
0.00488643
-0.000791054
0.00532942
-0.000809261
0.00578277
-0.00082514
0.00624454
-0.000838105
0.00671266
-0.000847638
0.00718448
-0.000853066
0.0076571
-0.000853874
0.00812705
-0.000849512
0.00859089
-0.000839521
0.0090448
-0.000823515
0.00948481
-0.000801086
0.00990678
-0.000772029
0.0103068
-0.000736321
0.0106808
-0.000693785
0.0110254
-0.000644902
0.0113369
-0.000589537
0.0116123
-0.000528327
0.0118487
-0.000461624
0.012044
-0.000390196
0.0121965
-0.00031455
0.0123046
-0.000235555
0.0123678
-0.0001541
0.0123864
-7.14365e-05
0.0123562
1.6419e-05
0.0122678
0.000112363
0.012126
0.000205177
0.0119337
0.000295978
0.0116938
0.000384134
0.0114092
0.000469195
0.0110828
0.000550602
0.010717
0.000628668
0.0103142
0.000702856
0.00987647
0.000773166
0.00940643
0.000839017
0.00890705
0.000899572
0.0083808
0.000955103
0.00783124
0.00100432
0.00726169
0.00104714
0.00667567
0.00108322
0.00607751
0.00111131
0.00547084
0.00113224
0.00486038
0.00114416
0.00424998
0.00114859
0.00364486
0.00114295
0.00304936
0.00112922
0.00246814
0.00110558
0.00190563
0.00107371
0.0013671
0.00103151
0.000856913
0.000980786
0.000379016
0.000921376
-6.17599e-05
0.000853097
-0.000461571
0.000776931
-0.000816245
0.000692822
-0.00112247
0.000601752
-0.00137669
0.000504139
-0.00157704
0.000401954
-0.00172119
0.000295458
-0.00180788
0.000186262
-0.00183507
7.42643e-05
-0.00180089
-4.36451e-05
-0.00170948
-0.000156554
-0.00156176
-0.000264659
-0.00136003
-0.000367891
-0.0011075
-0.000464985
-0.000808307
-0.000554701
-0.000467746
-0.000633973
-9.25398e-05
-0.000702156
0.000310601
-0.000757306
0.000734694
-0.000798502
0.00117145
-0.000823573
0.00161191
-0.000831994
0.00204698
-0.000822628
0.00246723
-0.000795536
0.00286278
-0.000749404
0.00322451
-0.000685739
0.00354312
-0.000604332
0.00381039
-0.000506845
0.00401842
-0.000394512
0.00416022
-0.000268729
0.00423102
-0.0001342
0.00422184
1.862e-05
0.0041311
0.000176766
0.00396108
0.00032954
0.00371411
0.000477023
0.00339406
0.000616509
0.00300619
0.000745863
0.00255836
0.000860466
0.00206056
0.000956391
0.00152436
0.00103021
0.00096359
0.00107793
0.00039277
0.00109763
-0.000171942
0.00108671
-0.000714179
0.00104418
-0.00121716
0.000969901
-0.00166457
0.00086488
-0.00204165
0.000731061
-0.00233546
0.000572708
-0.0025358
0.00039358
-0.00263465
0.000199736
-0.0026207
-1.23921e-05
-0.00249573
-0.00022934
-0.00226649
-0.000430621
-0.00193974
-0.000616092
-0.00152772
-0.000779328
-0.00104557
-0.000913177
-0.00051391
-0.00100955
4.56772e-05
-0.0010632
0.000608007
-0.0010694
0.00114699
-0.00102584
0.00163629
-0.000932002
0.00205136
-0.000791063
0.00236942
-0.000606958
0.00257244
-0.000388107
0.00264743
-0.00014488
0.00257839
0.00013228
0.00237029
0.000400052
0.00203334
0.000646856
0.00158127
0.00086589
0.00103596
0.00104389
0.000425358
0.00116942
-0.000217442
0.0012309
-0.000854491
0.00122072
-0.00144751
0.00113669
-0.00195911
0.000981632
-0.00235538
0.000761509
-0.00260867
0.00048865
-0.00270053
0.000180257
-0.00261187
-0.000167885
-0.00235235
-0.0004991
-0.00193643
-0.000798133
-0.00139015
-0.00104907
-0.000748144
-0.00123251
-5.57954e-05
-0.0013314
0.000634539
-0.00133144
0.00127393
-0.00123434
0.00181263
-0.00104234
0.00220771
-0.000768236
0.00242821
-0.000432777
0.00245463
-6.34245e-05
0.00227687
0.000336216
0.00191672
0.000687022
0.00140576
0.000979803
0.000787787
0.00118772
0.000119015
0.00129039
-0.000540182
0.00127526
-0.00112767
0.00114175
-0.00158983
0.00090505
-0.00188638
0.000588562
-0.00199209
0.000224937
-0.00189867
-0.000160718
-0.00162955
-0.000501279
-0.00122104
-0.000771365
-0.000725841
-0.000942046
-0.000207335
-0.00099324
0.000269482
-0.000918999
0.00064584
-0.000732286
0.000879433
-0.000462409
0.000945827
-0.000146738
0.000842446
0.000181242
0.00059898
0.000450372
0.000260072
0.0006342
-0.000114302
0.000705535
-0.000456577
0.000647482
-0.000707994
0.00047705
-0.000824435
0.000221731
-0.000779641
-8.6556e-05
-0.000582727
-0.000379936
-0.000266346
-0.000608917
0.000118
-0.000740547
0.000503373
-0.000745194
0.000824801
-0.000625174
0.00103083
-0.000406044
0.00109292
-0.000130688
0.00100448
0.000161182
0.00079626
0.0003941
0.000516031
0.000536836
0.000223266
0.000566616
-2.41122e-05
0.000485864
-0.000184036
0.000321802
-0.000239326
0.000125028
-0.000199367
-5.82221e-05
-9.92257e-05
-0.000176586
1.58579e-05
-0.000209966
9.9311e-05
-0.000154501
0.000123185
-4.68359e-05
8.23508e-05
7.24442e-05
0.000149188
6.74874e-05
-0.000620462
0.000141114
-0.000645
0.000221985
-0.000662887
0.000313584
-0.000686112
0.000419067
-0.00071454
0.000541839
-0.000748397
0.000684467
-0.000786545
0.000850417
-0.000829695
0.00104159
-0.000875882
0.00126073
-0.000925583
0.00150922
-0.000976816
0.00178799
-0.00102882
0.00209498
-0.0010782
0.00243145
-0.00112752
0.00279889
-0.0011767
0.00319746
-0.00122371
0.00362543
-0.00126607
0.00408032
-0.00130253
0.0045584
-0.00133115
0.00505528
-0.00135076
0.00556614
-0.00136037
0.00608535
-0.00135873
0.00660682
-0.00134498
0.00712458
-0.00131885
0.00763202
-0.00127947
0.00812335
-0.00122765
0.00859176
-0.0011622
0.00903216
-0.0010853
0.00943821
-0.000995579
0.00980411
-0.000894228
0.010124
-0.00078153
0.0103935
-0.00065965
0.0106092
-0.000530252
0.010769
-0.000395338
0.0108707
-0.000255867
0.0109138
-0.000114522
0.0109065
2.3748e-05
0.0108549
0.000163978
0.0107543
0.000305761
0.0106035
0.000446765
0.0104023
0.000585279
0.0101514
0.00072018
0.00985163
0.00085034
0.00950539
0.000974905
0.00911504
0.0010932
0.00868397
0.00120424
0.00821527
0.00130772
0.00771221
0.00140263
0.00717888
0.00148844
0.00661862
0.00156458
0.0060357
0.00163006
0.00543471
0.0016842
0.0048192
0.00172682
0.00419438
0.00175706
0.00356433
0.00177421
0.00293454
0.00177837
0.00230992
0.00176758
0.00169521
0.00174393
0.00109566
0.00170513
0.000517001
0.00165236
-3.62722e-05
0.00158479
-0.000558508
0.00150302
-0.00104379
0.00140666
-0.00148714
0.00129645
-0.00188361
0.0011734
-0.00222904
0.00103825
-0.00251959
0.000892301
-0.00275111
0.000735654
-0.00292109
0.000571942
-0.003027
0.00040136
-0.00306703
0.000226294
-0.00304037
4.76072e-05
-0.00294107
-0.000142941
-0.00277702
-0.00032061
-0.00254925
-0.000492424
-0.00226035
-0.000656789
-0.00191384
-0.000811497
-0.00151568
-0.00095286
-0.00107093
-0.00107873
-0.000587306
-0.00118578
-7.1912e-05
-0.0012727
0.000465011
-0.00133543
0.0010143
-0.00137286
0.0015648
-0.00138249
0.00210637
-0.0013642
0.00262733
-0.0013165
0.00311614
-0.00123821
0.00356194
-0.00113154
0.0039534
-0.000995798
0.00428154
-0.000834978
0.00453536
-0.000648332
0.00470997
-0.000443346
0.00479694
-0.000221168
0.00478755
2.80077e-05
0.00468189
0.000282425
0.00448166
0.000529776
0.00418889
0.000769795
0.00380781
0.000997589
0.00334508
0.00120859
0.0028105
0.00139505
0.0022166
0.00155029
0.00157717
0.00166964
0.000909486
0.00174562
0.000230752
0.00177637
-0.00043858
0.00175604
-0.00107908
0.00168468
-0.00167134
0.00156217
-0.00219636
0.0013899
-0.00263617
0.00117086
-0.00297443
0.000910972
-0.00319711
0.000616263
-0.0032952
0.00029782
-0.00325901
-4.85752e-05
-0.00309389
-0.000394461
-0.00280293
-0.000721587
-0.00239526
-0.00102376
-0.00188476
-0.00128983
-0.0012916
-0.00150634
-0.000638878
-0.00166227
4.62966e-05
-0.00174837
0.000732935
-0.00175604
0.00138928
-0.00168218
0.00198434
-0.00152707
0.00248748
-0.0012942
0.00287187
-0.00099135
0.00311511
-0.00063135
0.00320196
-0.000231728
0.0031173
0.000216933
0.00286802
0.000649334
0.00246154
0.00105334
0.00191699
0.00141044
0.00125994
0.00170094
0.00052571
0.00190365
-0.000245845
0.00200245
-0.00100855
0.00198343
-0.00171701
0.00184514
-0.00232579
0.00159041
-0.00279603
0.00123176
-0.00309391
0.000786522
-0.00319491
0.000281258
-0.0030855
-0.000277289
-0.00277365
-0.000810956
-0.00227583
-0.00129595
-0.00162352
-0.00170137
-0.000860518
-0.00199552
-3.91087e-05
-0.00215281
0.000778872
-0.00214942
0.00153048
-0.00198594
0.00215884
-0.0016707
0.00261482
-0.00122422
0.00285885
-0.000676802
0.00287072
-7.52918e-05
0.00264678
0.00056015
0.00220973
0.00112408
0.00159549
0.00159404
0.000859377
0.00192384
6.7509e-05
0.00208226
-0.000699482
0.00204225
-0.00137615
0.00181842
-0.001899
0.0014279
-0.00221969
0.000909247
-0.00231145
0.000316694
-0.00216946
-0.000302708
-0.00182168
-0.000849051
-0.00131304
-0.00128001
-0.000709147
-0.00154594
-8.48174e-05
-0.00161757
0.000474359
-0.00147817
0.000907093
-0.00116502
0.00116144
-0.00071676
0.00121138
-0.000196671
0.00105874
0.000333879
0.000739343
0.00076977
0.000309282
0.00106426
-0.000157756
0.00117257
-0.000579681
0.00106941
-0.000886434
0.000783803
-0.00102594
0.00036124
-0.000971042
-0.000141457
-0.000735404
-0.000615574
-0.000357995
-0.000986326
9.69549e-05
-0.0011955
0.000548209
-0.00119645
0.000918103
-0.000995067
0.00114672
-0.000634661
0.00120124
-0.000185213
0.00108059
0.000281834
0.00082182
0.000652873
0.000484272
0.000874384
0.00014053
0.000910358
-0.000136532
0.000762925
-0.000301449
0.00048672
-0.000337082
0.000160661
-0.000259854
-0.00013545
-0.000114573
-0.000321867
4.04456e-05
-0.000364985
0.000148047
-0.000262103
0.000173826
-7.26148e-05
0.000114225
0.000132045
0.000263413
-7.0797e-05
-0.000549664
-0.000120851
-0.000594945
-0.000149531
-0.000634207
-0.000145594
-0.000690048
-9.97192e-05
-0.000760414
-5.17675e-07
-0.000847598
0.000158053
-0.000945116
0.000384905
-0.00105655
0.000678629
-0.00116961
0.0010399
-0.00128685
0.00146436
-0.00140127
0.00195219
-0.00151666
0.00250081
-0.00162681
0.00310619
-0.0017329
0.00376311
-0.00183363
0.00446856
-0.00192915
0.00521819
-0.0020157
0.00600539
-0.00208972
0.00682224
-0.002148
0.00766132
-0.00218983
0.00851216
-0.00221121
0.0093641
-0.00221067
0.010204
-0.0021849
0.0110206
-0.00213545
0.0117994
-0.00205827
0.0125298
-0.00195805
0.0131969
-0.00182922
0.0137936
-0.00168203
0.0143063
-0.00150825
0.014734
-0.00132194
0.0150711
-0.00111861
0.015319
-0.000907617
0.0154782
-0.000689386
0.0155515
-0.000468668
0.015544
-0.000248412
0.0154633
-3.37837e-05
0.0152759
0.000211129
0.0150024
0.000437459
0.014655
0.000653187
0.0142422
0.000859562
0.0137712
0.00105633
0.0132471
0.00124423
0.012675
0.00142242
0.0120591
0.00159087
0.0114032
0.0017491
0.0107109
0.00189651
0.00998749
0.00203112
0.00923652
0.0021536
0.00846244
0.00226251
0.00766906
0.00235796
0.00686201
0.0024371
0.00604486
0.00250136
0.00522287
0.00254881
0.00440101
0.00257892
0.00358394
0.00259128
0.00277629
0.00258603
0.00198392
0.00255995
0.00121316
0.00251469
0.00046963
0.00244866
-0.000241279
0.00236327
-0.000913486
0.00225699
-0.00154098
0.00213051
-0.00211928
0.00198497
-0.00264172
0.00181888
-0.00310407
0.00163576
-0.00350111
0.00143529
-0.00382683
0.00121802
-0.00408082
0.000989644
-0.00425731
0.000748427
-0.00435434
0.000498393
-0.00437042
0.000242372
-0.00429559
-2.72171e-05
-0.00414665
-0.000291889
-0.00391758
-0.000549678
-0.00360994
-0.000800064
-0.00322843
-0.0010383
-0.00277773
-0.00126219
-0.0022641
-0.00146649
-0.00169521
-0.00164761
-0.00108057
-0.00180042
-0.000430139
-0.00192313
0.000244796
-0.00201036
0.00093265
-0.00206072
0.00162008
-0.00206992
0.00229422
-0.00203834
0.00294073
-0.001963
0.00354676
-0.00184424
0.00409794
-0.00168271
0.00458101
-0.00147887
0.00498469
-0.00123866
0.00529617
-0.000959808
0.00550854
-0.00065572
0.00561301
-0.000325635
0.00559985
4.11652e-05
0.00547051
0.000411761
0.00522565
0.000774638
0.00486734
0.0011281
0.00440091
0.00146402
0.00383503
0.00177447
0.00318214
0.00204794
0.00245744
0.00227499
0.00167895
0.00244813
0.000866629
0.00255794
4.38084e-05
0.00259919
-0.000767946
0.00256779
-0.00154296
0.00245969
-0.00225617
0.00227537
-0.00288415
0.00201788
-0.00340472
0.00169143
-0.00380031
0.00130657
-0.0040561
0.000872053
-0.00416039
0.000402105
-0.0040976
-0.000111361
-0.00387736
-0.000614707
-0.00350379
-0.00109516
-0.00298763
-0.00153992
-0.00234619
-0.00193127
-0.00160366
-0.00224887
-0.000790214
-0.00247571
6.09483e-05
-0.00259954
0.000911193
-0.00260629
0.00172264
-0.00249363
0.00245576
-0.00226018
0.00307561
-0.00191405
0.00354653
-0.00146227
0.00384293
-0.00092775
0.00394336
-0.00033215
0.00383803
0.000322258
0.00353034
0.000957023
0.00303034
0.00155334
0.00236009
0.00208069
0.00155306
0.00250796
0.000652753
0.00280396
-0.000291025
0.00294623
-0.00122268
0.00291509
-0.00208653
0.00270899
-0.00282599
0.00232987
-0.00339298
0.00179874
-0.00374878
0.00114232
-0.00386495
0.000397436
-0.00372444
-0.000417806
-0.00333855
-0.00119685
-0.00272823
-0.00190627
-0.00193123
-0.00249837
-0.00100317
-0.00292358
-9.41453e-06
-0.00314656
0.000975555
-0.00313439
0.00187766
-0.00288805
0.00262751
-0.00242055
0.00316041
-0.00175712
0.00343741
-0.000953798
0.00343284
-7.07256e-05
0.00314468
0.000848309
0.00260103
0.00166773
0.00184978
0.00234529
0.000956964
0.00281665
6.20856e-06
0.00303302
-0.000913139
0.00296159
-0.00171191
0.00261719
-0.00231666
0.00203265
-0.002671
0.00126359
-0.00274447
0.000390162
-0.00253873
-0.000508445
-0.00208607
-0.00130171
-0.00144617
-0.00191992
-0.000699513
-0.00229259
5.90185e-05
-0.0023761
0.000734417
-0.00215357
0.00124293
-0.00167354
0.0015251
-0.000998931
0.00155311
-0.000224676
0.00133583
0.000551159
0.000916149
0.00118945
0.000366576
0.00161383
-0.000221165
0.00176032
-0.000746275
0.00159452
-0.00112367
0.00116119
-0.0012917
0.000529273
-0.00122149
-0.000211668
-0.000930781
-0.000906281
-0.00046922
-0.00144789
8.20092e-05
-0.00174673
0.000622127
-0.00173657
0.00105755
-0.00143049
0.00131639
-0.000893499
0.00136094
-0.000229758
0.00119643
0.000446338
0.000869007
0.000980298
0.000454766
0.00128862
4.174e-05
0.00132338
-0.000275398
0.00108006
-0.000448654
0.000659975
-0.000459246
0.000171253
-0.000333097
-0.000261599
-0.000128685
-0.000526279
7.8598e-05
-0.000572268
0.000216997
-0.000400502
0.000244127
-9.97441e-05
0.00015822
0.000217952
0.000421633
-0.000469407
-8.02565e-05
-0.000923622
-0.000140729
-0.00135687
-0.000200961
-0.00175263
-0.000294284
-0.00209172
-0.00042132
-0.00235701
-0.000582308
-0.00255796
-0.000744166
-0.00268041
-0.000934098
-0.00275193
-0.00109809
-0.00274335
-0.00129542
-0.00263715
-0.00150747
-0.00241139
-0.00174242
-0.00205775
-0.00198045
-0.0015722
-0.00221846
-0.00095821
-0.00244762
-0.00022413
-0.00266323
0.000619213
-0.00285905
0.00155925
-0.00302976
0.00258029
-0.00316904
0.00366316
-0.0032727
0.00478658
-0.00333464
0.00593347
-0.00335756
0.0070805
-0.00333193
0.00820862
-0.00326357
0.00929171
-0.00314136
0.0103151
-0.00298143
0.0112497
-0.00276381
0.0120915
-0.00252382
0.0128107
-0.00222745
0.0134061
-0.00191738
0.0138713
-0.00158377
0.0142064
-0.00124273
0.0144152
-0.000898255
0.0145085
-0.000561879
0.0144953
-0.00023525
0.0143792
8.22962e-05
0.0141981
0.000392224
0.013944
0.000691614
0.0136184
0.00097871
0.013225
0.001253
0.0127681
0.00151321
0.0122525
0.00175984
0.0116831
0.00199181
0.011065
0.00220905
0.0104022
0.00241182
0.00970053
0.00259821
0.0089622
0.00276945
0.00819271
0.00292309
0.00739549
0.00305973
0.00657648
0.00317697
0.00573777
0.00327581
0.00488618
0.00335294
0.00402533
0.00340966
0.00316113
0.00344313
0.00229951
0.00345289
0.00144693
0.00343861
0.000609454
0.00339742
-0.000208514
0.00333265
-0.000999014
0.00323916
-0.00175475
0.00311901
-0.00246954
0.00297178
-0.00313507
0.00279605
-0.00374416
0.00259405
-0.00429134
0.00236606
-0.00476932
0.00211374
-0.00517375
0.00183972
-0.00549791
0.00154218
-0.00573719
0.00122892
-0.00588765
0.000898884
-0.00594591
0.000556653
-0.00591053
0.000206993
-0.00577372
-0.00016403
-0.00554487
-0.000520742
-0.00522329
-0.00087126
-0.00481142
-0.00121193
-0.00431354
-0.00153618
-0.00373576
-0.00183997
-0.00308521
-0.00211704
-0.00237233
-0.0023605
-0.00160675
-0.00256601
-0.000800362
-0.00272951
3.25366e-05
-0.00284326
0.000878224
-0.00290641
0.00172075
-0.00291244
0.00254479
-0.00286238
0.00333298
-0.0027512
0.00406998
-0.00258124
0.00473724
-0.00234998
0.00532238
-0.00206401
0.00580919
-0.00172547
0.00618362
-0.00133424
0.00643671
-0.00090881
0.00655843
-0.000447355
0.00653927
6.03259e-05
0.00638159
0.000569436
0.00608382
0.00107242
0.00564859
0.00156333
0.00508345
0.00202916
0.00439941
0.00245851
0.00361151
0.00283584
0.00273812
0.00314838
0.00180173
0.00338452
0.000825008
0.00353466
-0.00016332
0.00358751
-0.00113369
0.00353816
-0.00205776
0.00338376
-0.00290733
0.00312495
-0.00365423
0.00276478
-0.00427176
0.00230896
-0.00473438
0.00176919
-0.00502286
0.00116054
-0.00512473
0.000503975
-0.00503405
-0.00020204
-0.0047522
-0.000896561
-0.00428485
-0.00156251
-0.00364416
-0.00218061
-0.00285383
-0.0027216
-0.00194361
-0.0031591
-0.000948988
-0.00347033
8.97944e-05
-0.00363832
0.00112547
-0.00364196
0.0021105
-0.00347866
0.00299979
-0.00314947
0.00374765
-0.00266191
0.00431611
-0.00203074
0.0046701
-0.00128174
0.00478648
-0.000448524
0.00465449
0.000454246
0.00427666
0.00133485
0.00366851
0.00216149
0.00285335
0.00289585
0.00187483
0.00348648
0.000784613
0.00389418
-0.00035319
0.00408404
-0.00147557
0.00403747
-0.0025116
0.00374502
-0.00339708
0.00321535
-0.00407127
0.00247293
-0.00448826
0.00155931
-0.00461937
0.000528553
-0.00444292
-0.000594257
-0.00397203
-0.00166774
-0.00323274
-0.00264556
-0.00227265
-0.00345847
-0.00115703
-0.0040392
3.29256e-05
-0.00433652
0.00120866
-0.00431012
0.00227886
-0.00395825
0.00315872
-0.00330042
0.00378327
-0.00238167
0.00409432
-0.00126484
0.00405878
-3.51878e-05
0.00369911
0.00120798
0.00303319
0.00233365
0.00212355
0.00325493
0.00105248
0.00388772
-7.99378e-05
0.00416543
-0.00116521
0.00404687
-0.00210012
0.0035521
-0.00279447
0.00272699
-0.00318371
0.00165284
-0.00323418
0.000440633
-0.00295322
-0.000789405
-0.00238017
-0.00187476
-0.0015895
-0.00271059
-0.000680879
-0.00320122
0.000231539
-0.00328852
0.00103332
-0.00295535
0.00162347
-0.00226369
0.00193403
-0.00130949
0.00193481
-0.000225463
0.00164137
0.000844598
0.00110658
0.00172424
0.000421487
0.00229893
-0.000302288
0.00248409
-0.000942103
0.00223433
-0.00139595
0.00161504
-0.00159293
0.000726251
-0.00150087
-0.000303723
-0.00114359
-0.00126356
-0.000584505
-0.00200697
7.60168e-05
-0.00240725
0.000716421
-0.00237697
0.00122458
-0.00193866
0.00151591
-0.00118482
0.00154635
-0.000260197
0.00132991
0.00066277
0.000923326
0.00138689
0.00042171
0.00179024
-6.27544e-05
0.00180785
-0.000430255
0.00144756
-0.000612194
0.000841914
-0.000592833
0.000151892
-0.000409618
-0.000444814
-0.000137177
-0.00079872
0.000129487
-0.000838932
0.000301879
-0.000572894
0.000328664
-0.000126529
0.000210516
0.0003361
0.000632149
-0.0014147
0.00133444
-0.00279058
0.00123516
-0.00407414
0.0010826
-0.00520343
0.000835001
-0.00611778
0.000493035
-0.00668149
-1.85995e-05
-0.00699674
-0.000428917
-0.00696833
-0.000962504
-0.00674948
-0.00131694
-0.00630033
-0.00174458
-0.00568589
-0.00212191
-0.00491358
-0.00251473
-0.00399657
-0.00289746
-0.00293769
-0.00327734
-0.00173854
-0.00364677
-0.000400696
-0.00400107
0.00106913
-0.00432887
0.00266055
-0.00462118
0.00435399
-0.00486249
0.00612981
-0.00504851
0.00795849
-0.00516332
0.00981053
-0.0052096
0.0116417
-0.00516308
0.0134235
-0.00504543
0.015094
-0.00481186
0.0166395
-0.00452691
0.0179628
-0.00408709
0.0191221
-0.00368311
0.0199555
-0.00306092
0.0205502
-0.002512
0.0208736
-0.00190716
0.0209828
-0.00135201
0.0209053
-0.000820687
0.0206762
-0.000332812
0.0202954
0.00014553
0.0197848
0.000592891
0.0191728
0.00100427
0.0184789
0.0013855
0.0177187
0.00173895
0.016904
0.00206767
0.0160449
0.0023723
0.0151487
0.00265603
0.0142216
0.00291896
0.0132675
0.00316309
0.0122911
0.00338827
0.0112958
0.00359352
0.0102844
0.0037808
0.00925907
0.00394843
0.00822317
0.00409563
0.00717924
0.0042209
0.0061307
0.00432435
0.00508095
0.0044027
0.00403462
0.00445598
0.00299558
0.00448217
0.00196967
0.00447879
0.000961386
0.0044469
-2.22426e-05
0.00438105
-0.000974847
0.00428526
-0.00188807
0.00415238
-0.00275814
0.00398909
-0.00357393
0.00378756
-0.00433089
0.003553
-0.0050205
0.00328367
-0.00563519
0.00298075
-0.00616894
0.00264749
-0.00661213
0.00228291
-0.00696337
0.00189342
-0.00721226
0.00147781
-0.00735601
0.00104264
-0.00739057
0.00059121
-0.00731179
0.00012821
-0.0071297
-0.000346121
-0.00683728
-0.00081316
-0.00643501
-0.00127353
-0.00592715
-0.00171979
-0.00531987
-0.00214346
-0.00461959
-0.00254025
-0.00383705
-0.00289958
-0.00298131
-0.00321624
-0.00206711
-0.0034802
-0.00110674
-0.00368989
-0.000117107
-0.00383289
0.000885906
-0.00390942
0.00188282
-0.00390936
0.00285616
-0.00383572
0.00378549
-0.00368053
0.00465256
-0.00344831
0.00543676
-0.00313418
0.00612192
-0.00274917
0.00669041
-0.00229395
0.00712555
-0.00176939
0.00741646
-0.00119972
0.00755252
-0.000583417
0.00752448
8.83651e-05
0.00733329
0.000760629
0.00697702
0.00142869
0.00645978
0.00208057
0.00579061
0.00269833
0.00498237
0.00326675
0.0040527
0.00376551
0.00302485
0.00417624
0.00192174
0.00448762
0.000778444
0.00467796
-0.000380298
0.00474626
-0.00151839
0.00467625
-0.00259868
0.00446406
-0.00358692
0.00411318
-0.00444995
0.00362781
-0.00515838
0.00301739
-0.00568455
0.00229536
-0.00601288
0.00148886
-0.00612054
0.000611633
-0.00599671
-0.000325875
-0.00564683
-0.00124644
-0.00507826
-0.00213107
-0.00430923
-0.00294964
-0.00336431
-0.00366651
-0.00227937
-0.00424404
-0.00109602
-0.00465368
0.000134225
-0.00486856
0.00136085
-0.00486859
0.00252503
-0.00464284
0.00357131
-0.00419575
0.00445049
-0.00354109
0.00511497
-0.00269521
0.00552644
-0.00169322
0.00565726
-0.00057934
0.00549468
0.000616831
0.00504468
0.00178485
0.00431808
0.00288809
0.00335543
0.0038585
0.00220047
0.00464145
0.000915218
0.00517943
-0.000426319
0.00542557
-0.00174496
0.00535611
-0.0029576
0.00495766
-0.00399126
0.004249
-0.00477735
0.00325902
-0.00525563
0.00203759
-0.00539371
0.000666634
-0.00517747
-0.000810497
-0.00461639
-0.00222882
-0.00373923
-0.00352273
-0.0026078
-0.0045899
-0.00130077
-0.00534623
8.94245e-05
-0.00572671
0.0014554
-0.0056761
0.00269672
-0.00519956
0.00371346
-0.00431716
0.00441838
-0.00308659
0.00476148
-0.00160795
0.0047024
2.38927e-05
0.00426069
0.00164969
0.00346632
0.00312802
0.00239081
0.00433044
0.0011356
0.00514294
-0.000184006
0.00548503
-0.00143969
0.00530256
-0.00250959
0.00462199
-0.00329093
0.00350833
-0.00371123
0.00207313
-0.00373424
0.000463642
-0.00337155
-0.00115209
-0.00267021
-0.00257611
-0.00172274
-0.00365806
-0.000648452
-0.0042755
0.00042134
-0.00435831
0.00134744
-0.00388145
0.00201866
-0.0029349
0.00235547
-0.0016463
0.00232435
-0.000194346
0.0019481
0.00122085
0.00129285
0.00237949
0.000466411
0.00312536
-0.000395619
0.00334612
-0.00115156
0.00299027
-0.00168124
0.00214472
-0.00190289
0.000947898
-0.00178634
-0.000420273
-0.00135773
-0.00169217
-0.000696235
-0.00266847
7.87287e-05
-0.00318221
0.000821723
-0.00311997
0.00140315
-0.00252009
0.00172494
-0.00150661
0.00173904
-0.00027429
0.00146536
0.000936443
0.000974445
0.0018778
0.000381572
0.00238311
-0.000180568
0.00236999
-0.000593631
0.00186063
-0.000781222
0.0010295
-0.000728165
9.88358e-05
-0.000482599
-0.000690381
-0.000137781
-0.00114354
0.00019053
-0.00116724
0.000397279
-0.000779643
0.000422086
-0.000151336
0.0002679
0.000490286
0.000900048
-0.0023494
0.00368384
-0.00462154
0.0035073
-0.00668365
0.00314471
-0.00838503
0.00253639
-0.00957811
0.00168611
-0.0102366
0.000639919
-0.0104322
-0.000233378
-0.0103188
-0.00107591
-0.0110689
-0.000566762
-0.0119197
-0.000893813
-0.0124623
-0.00157931
-0.012508
-0.00246907
-0.0120439
-0.00336156
-0.0111026
-0.00421864
-0.00973291
-0.00501642
-0.00799082
-0.00574316
-0.005939
-0.00638069
-0.00364406
-0.00691612
-0.00116803
-0.00733852
0.00142357
-0.00764011
0.00406341
-0.00780316
0.00672435
-0.00787054
0.00933685
-0.00777558
0.0118634
-0.00757197
0.0142149
-0.0071634
0.0163823
-0.00669424
0.0182264
-0.0059312
0.0198314
-0.00528818
0.020846
-0.00407551
0.0213922
-0.00305818
0.0215391
-0.00205404
0.0213936
-0.00120653
0.0210415
-0.000468571
0.020506
0.000202629
0.0198683
0.000783305
0.0191623
0.00129883
0.0184056
0.001761
0.0176096
0.00218153
0.0167835
0.00256502
0.0159323
0.00291887
0.0150576
0.00324703
0.0141622
0.00355143
0.013246
0.00383516
0.012309
0.00410001
0.0113524
0.00434493
0.0103754
0.00457051
0.00937823
0.00477797
0.00836228
0.00496438
0.00732946
0.00512845
0.00628168
0.00526869
0.00522059
0.00538544
0.00415055
0.00547273
0.00307803
0.00552851
0.00200681
0.0055534
0.000941242
0.00554436
-0.000111497
0.00549964
-0.0011408
0.00541035
-0.00214158
0.00528604
-0.00310492
0.00511573
-0.00402429
0.00490846
-0.00488793
0.00465121
-0.00568768
0.00435275
-0.00641488
0.00401086
-0.00706281
0.00362869
-0.00761804
0.00320272
-0.00807621
0.00274109
-0.00842765
0.00224485
-0.00867188
0.00172205
-0.00880006
0.00117082
-0.00880828
0.000599427
-0.00868545
5.38371e-06
-0.00844266
-0.000588915
-0.00807633
-0.00117948
-0.00758834
-0.00176153
-0.00698213
-0.002326
-0.00626542
-0.00286017
-0.00544619
-0.00335948
-0.00453254
-0.00381324
-0.00354014
-0.00420864
-0.00248024
-0.0045401
-0.00137195
-0.00479818
-0.000231137
-0.0049737
0.000920956
-0.00506151
0.00206498
-0.00505338
0.00318026
-0.004951
0.00424343
-0.0047437
0.00523391
-0.00443878
0.00612843
-0.0040287
0.00690708
-0.00352782
0.00755177
-0.00293864
0.00804373
-0.00226134
0.00836588
-0.00152187
0.00851376
-0.000731302
0.00847563
0.000126496
0.00824977
0.000986489
0.00783523
0.00184323
0.00723691
0.00267888
0.00646658
0.00346866
0.00553684
0.00419649
0.00446998
0.00483236
0.0032928
0.00535342
0.00203247
0.00574795
0.000724212
0.00598622
-0.000595573
0.00606604
-0.00188823
0.00596891
-0.00311684
0.00569266
-0.00424044
0.00523678
-0.00522039
0.00460777
-0.00602192
0.00381891
-0.00661661
0.00289006
-0.00696983
0.00184208
-0.00707024
0.000712035
-0.00691845
-0.000477659
-0.00650571
-0.00165918
-0.00583951
-0.00279728
-0.00494195
-0.0038472
-0.00384439
-0.00476407
-0.0025888
-0.00549963
-0.00122592
-0.00601656
0.000189422
-0.00628391
0.0015968
-0.00627596
0.0029339
-0.00597995
0.00413371
-0.00539556
0.0051361
-0.00454349
0.00589151
-0.00345061
0.0063558
-0.00215752
0.0064984
-0.000721936
0.00630553
0.000809705
0.00577967
0.00231071
0.0049409
0.00372686
0.00382872
0.00497067
0.00250284
0.00596733
0.00102931
0.00665295
-0.000505297
0.00696018
-0.00201128
0.0068621
-0.00339691
0.00634329
-0.00457192
0.00542402
-0.0054574
0.00414451
-0.00599618
0.00257637
-0.00613622
0.000806671
-0.00588009
-0.00106663
-0.00522677
-0.00288214
-0.00421982
-0.00452967
-0.00292429
-0.00588543
-0.00143079
-0.00683973
0.000153419
-0.00731092
0.00170705
-0.00722973
0.00310667
-0.00659918
0.00424501
-0.0054555
0.00503434
-0.00387592
0.00539804
-0.00197164
0.00531285
0.00010908
0.00478701
0.00217553
0.00386569
0.00404934
0.00262893
0.0055672
0.00119606
0.00657581
-0.000299618
0.00698071
-0.00171406
0.006717
-0.00290997
0.00581791
-0.00377265
0.00437101
-0.00421822
0.0025187
-0.00421124
0.000456666
-0.00376483
-0.0015985
-0.00293704
-0.00340389
-0.00183648
-0.00475862
-0.00059989
-0.00551209
0.000617438
-0.00557564
0.00166172
-0.00492574
0.00240667
-0.00367985
0.00276355
-0.00200319
0.00269746
-0.00012825
0.0022366
0.0016817
0.00146124
0.00315486
0.000500617
0.00408598
-0.000495594
0.00434233
-0.00136194
0.00385662
-0.00196161
0.00274439
-0.00220376
0.00119004
-0.00205815
-0.000565882
-0.00155683
-0.00219349
-0.000794886
-0.00343041
8.96184e-05
-0.00406672
0.000930438
-0.00396078
0.00158043
-0.00317007
0.00192776
-0.00185394
0.00192359
-0.000270128
0.00159094
0.00126909
0.00101631
0.00245244
0.000334628
0.00306479
-0.000301481
0.0030061
-0.000756101
0.00231525
-0.000945606
0.00121901
-0.000856302
9.53161e-06
-0.000547556
-0.000999126
-0.00013103
-0.00156006
0.000257774
-0.00155605
0.00049704
-0.00101891
0.000518178
-0.000172474
0.000326351
0.000682114
0.0012264
-0.00602596
0.0097098
-0.0120908
0.00957218
-0.0178666
0.00892046
-0.022902
0.00757176
-0.0265354
0.00531958
-0.0279183
0.00202277
-0.0267907
-0.00136092
-0.0238512
-0.00401549
-0.0224243
-0.00199358
-0.0211368
-0.00218134
-0.0198471
-0.002869
-0.0182816
-0.00403459
-0.0164653
-0.00517782
-0.0143922
-0.00629174
-0.0120573
-0.0073514
-0.00945713
-0.00834329
-0.00660004
-0.00923778
-0.00350878
-0.0100074
-0.000205564
-0.0106417
0.00326902
-0.0111147
0.00688938
-0.0114235
0.0106469
-0.011628
0.0144653
-0.011594
0.0183165
-0.0114232
0.0220256
-0.0108725
0.0255914
-0.01026
0.0284551
-0.00879484
0.0307846
-0.00761771
0.0311694
-0.00446034
0.0308982
-0.00278699
0.0299633
-0.00111916
0.0288009
-4.41152e-05
0.0274608
0.000871593
0.0260657
0.00159773
0.024646
0.00220297
0.0232285
0.00271627
0.0218374
0.00315219
0.0204796
0.00353927
0.0191652
0.00387949
0.0178917
0.00419235
0.0166565
0.00448219
0.0154514
0.00475655
0.0142744
0.00501213
0.0131156
0.00525884
0.0119653
0.00549525
0.0108182
0.00571757
0.00967232
0.00592387
0.00852395
0.00611275
0.00737026
0.00628214
0.00621093
0.00642802
0.00504638
0.00654998
0.00387782
0.0066413
0.00270791
0.00669842
0.00154237
0.00671894
0.000388011
0.00669871
-0.000748977
0.00663663
-0.00186261
0.00652398
-0.00294369
0.00636712
-0.00398343
0.00615547
-0.00497116
0.00589618
-0.00589987
0.00557992
-0.0067587
0.00521158
-0.00753749
0.00478965
-0.00822433
0.00431552
-0.00881434
0.00379273
-0.00929732
0.00322407
-0.00966444
0.00261198
-0.00990549
0.00196309
-0.0100195
0.00128487
-0.0100016
0.000581539
-0.00984749
-0.000148767
-0.00955753
-0.000878875
-0.00913087
-0.00160615
-0.00857039
-0.002322
-0.00788122
-0.00301517
-0.00706867
-0.00367272
-0.00614172
-0.00428643
-0.00511558
-0.00483938
-0.00400042
-0.0053238
-0.0028148
-0.00572573
-0.00157523
-0.00603774
-0.000299954
-0.00624898
0.000984972
-0.00634644
0.00226018
-0.00632859
0.00349939
-0.00619021
0.00468098
-0.00592529
0.00577845
-0.00553625
0.00676943
-0.00501968
0.00762944
-0.00438784
0.00834072
-0.00364992
0.00888035
-0.00280098
0.00923161
-0.00187313
0.00938537
-0.000885058
0.0093348
0.000177065
0.0090749
0.00124639
0.00860544
0.00231269
0.00793186
0.00335246
0.00706493
0.00433559
0.00602418
0.00523724
0.00483517
0.00602137
0.00351904
0.00666956
0.00211832
0.00714867
0.000657971
0.00744657
-0.00080865
0.00753266
-0.00224454
0.00740479
-0.0036036
0.00705173
-0.00484422
0.00647741
-0.00592361
0.00568716
-0.00680251
0.00469781
-0.00744457
0.00353213
-0.00782765
0.00222516
-0.0079342
0.000818592
-0.00774765
-0.000664208
-0.00727248
-0.00213436
-0.00651792
-0.00355183
-0.00550693
-0.00485819
-0.00427471
-0.00599628
-0.0028671
-0.00690725
-0.00133851
-0.00754515
0.000249263
-0.00787167
0.00182225
-0.00784895
0.00331399
-0.00747169
0.00465242
-0.00673399
0.00576682
-0.00565788
0.00660168
-0.00428548
0.00710999
-0.00266582
0.00726177
-0.000873719
0.00703757
0.0010339
0.00643914
0.00290914
0.00549688
0.00466911
0.00424808
0.00621947
0.00276322
0.0074522
0.00112111
0.00829506
-0.000591375
0.00867267
-0.00226314
0.00853387
-0.00379941
0.00787955
-0.00509582
0.00672043
-0.0060715
0.00512019
-0.00665881
0.00316368
-0.0068067
0.000954554
-0.00650705
-0.00136627
-0.00576908
-0.00362011
-0.00463749
-0.00566126
-0.00319088
-0.00733204
-0.00152799
-0.00850262
0.000224935
-0.00906384
0.00193851
-0.0089433
0.00348301
-0.00814368
0.0047342
-0.00670669
0.00558209
-0.00472381
0.00596841
-0.00235796
0.0058531
0.000224393
0.00525071
0.00277792
0.00420925
0.0050908
0.00283126
0.0069452
0.00123858
0.00816849
-0.000418255
0.00863754
-0.00197466
0.00827341
-0.00328135
0.0071246
-0.00421185
0.00530152
-0.00467457
0.00298141
-0.0046347
0.000416793
-0.00410605
-0.00212715
-0.00316175
-0.00434818
-0.00192199
-0.00599838
-0.000540341
-0.00689374
0.000809095
-0.00692507
0.00195732
-0.00607396
0.00276398
-0.00448651
0.00313368
-0.00237289
0.00303055
-2.51134e-05
0.00249064
0.00222162
0.00160464
0.00404086
0.00051717
0.00517345
-0.000597104
0.0054566
-0.00155883
0.00481835
-0.00221996
0.00340552
-0.00247639
0.00144647
-0.00230173
-0.000740549
-0.00173177
-0.00276345
-0.000876024
-0.00428615
0.000106981
-0.00504972
0.00103477
-0.00488857
0.00174357
-0.00387887
0.00211179
-0.00222217
0.00208743
-0.000245769
0.00169791
0.00165862
0.00104517
0.00310518
0.000282084
0.00382787
-0.000419128
0.00370731
-0.000908889
0.00280501
-0.00109682
0.00140694
-0.000971197
-0.000116096
-0.000601333
-0.00136899
-0.000116744
-0.00204465
0.000327
-0.00199979
0.000595096
-0.001287
0.00061121
-0.000188589
0.000382645
0.000910679
0.00160904
-0.00926148
0.0189713
-0.0185147
0.0188254
-0.0269922
0.017398
-0.0334838
0.0140633
-0.0366253
0.00846108
-0.0358839
0.00128137
-0.0313622
-0.00588263
-0.0263361
-0.00904158
-0.0251386
-0.00319112
-0.0268483
-0.000471616
-0.029384
-0.000333311
-0.0307186
-0.00269996
-0.0305331
-0.0053633
-0.0288367
-0.00798812
-0.0259124
-0.0102758
-0.0220591
-0.0121965
-0.0175472
-0.0137497
-0.0125859
-0.0149687
-0.00734347
-0.0158842
-0.00196395
-0.0164942
0.00346847
-0.0168559
0.00885259
-0.0170121
0.0140409
-0.0167823
0.0189646
-0.0163468
0.0234609
-0.0153689
0.0278156
-0.0146147
0.0321929
-0.0131721
0.0359621
-0.0113869
0.0375419
-0.00604017
0.0363322
-0.00157725
0.0338173
0.00139571
0.0308402
0.00293295
0.0280582
0.00365362
0.0256043
0.00405162
0.0235279
0.00427937
0.0217326
0.00451158
0.0201698
0.00471505
0.0187767
0.00493238
0.0175108
0.00514531
0.0163327
0.00537052
0.0152171
0.00559777
0.0141418
0.00583186
0.0130863
0.00606757
0.012043
0.0063022
0.0110008
0.00653738
0.00994628
0.00677213
0.00887757
0.00699259
0.00778791
0.00720241
0.00667794
0.00739211
0.00554547
0.00756049
0.00439254
0.00770291
0.00322403
0.0078098
0.0020467
0.00787575
0.000866081
0.00789956
-0.000311612
0.0078764
-0.00148062
0.00780563
-0.00262788
0.00767125
-0.0037457
0.00748494
-0.00482367
0.00723343
-0.00585083
0.00692335
-0.00681612
0.00654521
-0.00770882
0.00610428
-0.00851779
0.00559862
-0.009232
0.00502973
-0.00984102
0.00440175
-0.0103371
0.00372018
-0.0107079
0.0029827
-0.0109471
0.0022023
-0.011049
0.00138681
-0.0110064
0.000538957
-0.0108202
-0.00033497
-0.0104872
-0.00121191
-0.0100072
-0.00208617
-0.00938218
-0.00294699
-0.00861769
-0.00377966
-0.00772371
-0.0045667
-0.00670958
-0.00530056
-0.00558532
-0.00596363
-0.00436667
-0.00654245
-0.00307424
-0.00701815
-0.00172353
-0.00738845
-0.000338267
-0.00763424
0.00105792
-0.00774263
0.0024417
-0.00771237
0.00378514
-0.00753365
0.00506493
-0.00720508
0.00625068
-0.006722
0.00732093
-0.00608992
0.00824786
-0.00531477
0.00901146
-0.00441352
0.00958961
-0.00337913
0.00996501
-0.00224853
0.0101181
-0.00103814
0.0100567
0.00023849
0.00976663
0.00153643
0.00924797
0.00283134
0.00850835
0.00409209
0.00756155
0.0052824
0.00642701
0.00637178
0.00512698
0.0073214
0.00369804
0.0080985
0.00217099
0.00867571
0.000597017
0.00902054
-0.000997465
0.00912714
-0.00255282
0.00896015
-0.00402387
0.00852277
-0.0053629
0.00781644
-0.00652594
0.0068502
-0.0074702
0.00564207
-0.00815938
0.00422131
-0.0085693
0.00263507
-0.00866247
0.00091176
-0.00844787
-0.000878805
-0.00792008
-0.00266214
-0.00708655
-0.00438537
-0.00597709
-0.00596766
-0.00462759
-0.00734578
-0.00308819
-0.00844665
-0.00141938
-0.00921396
0.000309414
-0.00960046
0.00202468
-0.00956421
0.00364511
-0.00909212
0.00509727
-0.00818615
0.00630816
-0.00686877
0.00720973
-0.00518705
0.00775408
-0.00321018
0.00790562
-0.00102526
0.00765277
0.00128676
0.00699783
0.00356408
0.00596157
0.00570538
0.00459815
0.00758289
0.00297559
0.00907475
0.00119075
0.0100799
-0.000671052
0.0105345
-0.00248472
0.0103475
-0.00414597
0.0095408
-0.00554808
0.00812254
-0.00659847
0.00617058
-0.00721805
0.00378326
-0.00736849
0.00110499
-0.00702908
-0.00170567
-0.00621736
-0.00443183
-0.00498022
-0.0068984
-0.00340502
-0.00890725
-0.00160574
-0.0103019
0.00029657
-0.0109662
0.0021484
-0.0107951
0.0038086
-0.00980388
0.00514379
-0.00804188
0.00604998
-0.00563
0.00644383
-0.00275182
0.00629964
0.000368583
0.00562473
0.00345284
0.00448482
0.0062307
0.00297718
0.00845284
0.00125133
0.00989434
-0.000536277
0.0104252
-0.00220813
0.00994525
-0.0036027
0.00851917
-0.00458405
0.00628287
-0.00505923
0.00345659
-0.00498307
0.000340636
-0.00438299
-0.00272722
-0.00333721
-0.00539397
-0.00197559
-0.00736
-0.000471636
-0.0083977
0.000987137
-0.00838385
0.00221907
-0.00730589
0.00307487
-0.00534232
0.00345079
-0.0027488
0.00331272
0.000112956
0.0026999
0.00283444
0.0017163
0.00502445
0.000523543
0.00636621
-0.000691958
0.00667211
-0.00173408
0.00586047
-0.00244335
0.00411479
-0.00271042
0.00171354
-0.0025058
-0.000945173
-0.00187405
-0.00339519
-0.000938533
-0.00522167
0.000128123
-0.00611638
0.00112835
-0.0058888
0.00188489
-0.00463541
0.00226805
-0.00260532
0.00222135
-0.000199066
0.00178081
0.00209915
0.00105913
0.00382687
0.000227043
0.00465996
-0.000528358
0.00446271
-0.00104525
0.0033219
-0.0012282
0.0015899
-0.00106757
-0.000276731
-0.000642349
-0.00179421
-9.77338e-05
-0.00258927
0.000393706
-0.00249123
0.000685809
-0.00157911
0.000695855
-0.000198635
0.000433509
0.00117303
0.00204255
-0.0131058
0.032077
-0.0270401
0.0327597
-0.042096
0.0324539
-0.0584309
0.0303982
-0.0757146
0.0257448
-0.0930922
0.018659
-0.108338
0.00936353
-0.113883
-0.00349716
-0.101237
-0.015837
-0.0883543
-0.0133542
-0.0758673
-0.0128203
-0.0646107
-0.0139566
-0.0544178
-0.0155562
-0.0451694
-0.0172365
-0.0367005
-0.0187447
-0.0288546
-0.0200424
-0.0214745
-0.0211299
-0.0144057
-0.0220375
-0.00750742
-0.0227824
-0.000635531
-0.0233661
0.00634667
-0.0238381
0.0135608
-0.0242263
0.0212313
-0.0244528
0.0295171
-0.0246326
0.0388386
-0.0246904
0.0493868
-0.025163
0.0621705
-0.0259558
0.0605162
-0.00973267
0.0541672
0.000308886
0.0460007
0.00658925
0.0391698
0.00822662
0.0335705
0.0085322
0.0295236
0.00770051
0.0263658
0.00720946
0.0238921
0.00675304
0.0217695
0.00663421
0.0199772
0.00650732
0.0184278
0.00648182
0.0170718
0.00650129
0.0158558
0.00658649
0.0147378
0.00671579
0.0136786
0.00689107
0.012652
0.00709414
0.0116341
0.0073201
0.0106078
0.00756371
0.00957001
0.00780992
0.00850991
0.00805268
0.00742513
0.0082872
0.00631007
0.00850716
0.00516917
0.00870139
0.00400569
0.00886639
0.00282274
0.00899276
0.00162279
0.0090757
0.000413498
0.00910885
-0.000795763
0.00908566
-0.00199477
0.00900464
-0.0031767
0.00885317
-0.00432982
0.00863806
-0.00544225
0.00834586
-0.00650358
0.00798467
-0.00750116
0.0075428
-0.00842329
0.0070264
-0.00925778
0.00643312
-0.00999386
0.0057658
-0.0106197
0.00502761
-0.0111228
0.00422325
-0.0114986
0.00335847
-0.0117363
0.00244004
-0.0118258
0.00147632
-0.0117643
0.000477473
-0.0115529
-0.000546367
-0.0111854
-0.00157939
-0.0106635
-0.00260815
-0.00999027
-0.00362018
-0.0091712
-0.00459873
-0.00821307
-0.00552483
-0.00712743
-0.0063862
-0.00592721
-0.00716385
-0.00463184
-0.00783782
-0.00325531
-0.00839469
-0.00181954
-0.00882422
-0.000350959
-0.00910282
0.0011313
-0.00922489
0.00259831
-0.00917937
0.00402186
-0.0089572
0.00537546
-0.00855869
0.00662945
-0.00797599
0.00775885
-0.00721932
0.00873628
-0.0062922
0.00953668
-0.00521393
0.0101423
-0.00398475
0.010532
-0.00263822
0.0106904
-0.00119653
0.0106148
0.000314068
0.0102966
0.00185466
0.00973731
0.00339061
0.00894401
0.00488538
0.00792999
0.00629642
0.006719
0.00758276
0.00533844
0.00870197
0.00381997
0.00961697
0.00219999
0.0102957
0.000520467
0.0107001
-0.00116186
0.0108095
-0.00280979
0.0106081
-0.00436614
0.0100791
-0.00578195
0.00923225
-0.00700934
0.00807759
-0.00800122
0.00663395
-0.00872861
0.00494869
-0.00914185
0.00304832
-0.0092371
0.00100701
-0.00899564
-0.00112027
-0.00842125
-0.00323653
-0.00752776
-0.00527885
-0.00633709
-0.00715833
-0.00489428
-0.00878859
-0.00325142
-0.0100895
-0.00147196
-0.0109934
0.000370553
-0.011443
0.00219421
-0.0113879
0.00391619
-0.0108141
0.00545644
-0.0097264
0.00673951
-0.00815184
0.00769187
-0.00613941
0.00826227
-0.00378058
0.00841147
-0.00117445
0.0081352
0.00156303
0.00742755
0.00427173
0.00631614
0.00681679
0.004864
0.00903503
0.0031321
0.0108067
0.00122764
0.0119844
-0.000741338
0.0125034
-0.00266641
0.0122726
-0.00442402
0.0112984
-0.00590511
0.00960362
-0.00700945
0.00727493
-0.00765645
0.00443025
-0.00780356
0.0012521
-0.00743116
-0.00207806
-0.00655476
-0.00530824
-0.00523715
-0.008216
-0.00356086
-0.0105835
-0.00164684
-0.0122159
0.000364855
-0.0129779
0.00232042
-0.0127507
0.0040673
-0.0115508
0.00546929
-0.00944387
0.0064103
-0.00657101
0.0068083
-0.00314982
0.00663535
0.000541533
0.00590411
0.00418407
0.00467745
0.00745736
0.00307557
0.0100547
0.00124094
0.011729
-0.000644189
0.0123103
-0.00240295
0.011704
-0.0038625
0.00997872
-0.00487929
0.00729966
-0.00535481
0.0039321
-0.00524841
0.000234233
-0.0045862
-0.00338943
-0.0034542
-0.00652597
-0.00199698
-0.00881721
-0.0003986
-0.00999608
0.00114337
-0.00992582
0.00243785
-0.00860037
0.00332584
-0.0062303
0.00370258
-0.00312555
0.00353198
0.000283557
0.00285658
0.00350984
0.00179355
0.00608748
0.000515383
0.00764438
-0.000776811
0.0079643
-0.00187915
0.00696281
-0.00262321
0.00485886
-0.0028951
0.00198543
-0.00266358
-0.0011767
-0.00198053
-0.00407824
-0.000980259
-0.00622194
0.000151063
-0.0072477
0.00120627
-0.00694401
0.00199769
-0.00542683
0.00238768
-0.00299531
0.00232103
-0.000132416
0.00183662
0.00258357
0.0010584
0.00460508
0.000169319
0.00554904
-0.000624412
0.00525644
-0.00115974
0.00385722
-0.00133505
0.00176521
-0.00114273
-0.000469047
-0.00067006
-0.00226688
-7.51161e-05
-0.00318421
0.000454135
-0.00302048
0.000764662
-0.00188963
0.000768411
-0.000202384
0.000476775
0.00146466
0.00251933
-0.0133229
0.0453999
-0.0275733
0.0470102
-0.0435907
0.0484713
-0.0625153
0.0493227
-0.0850655
0.048295
-0.111309
0.044902
-0.139287
0.0373424
-0.165497
0.0227128
-0.151774
-0.135223
-0.117791
-0.101144
-0.0857392
-0.0716553
-0.0587145
-0.0467019
-0.0354054
-0.0246387
-0.0142347
-0.00402825
0.0060967
0.0162283
0.0265343
0.0370638
0.047947
0.0587693
0.0692188
0.0589522
0.000533924
0.048185
0.0110761
0.0397523
0.0150219
0.0332987
0.0146803
0.028232
0.0135989
0.0244411
0.0114914
0.0215193
0.0101313
0.0193624
0.00890996
0.0177751
0.00822142
0.0165653
0.00771713
0.0155705
0.00747666
0.0147
0.00737174
0.0138933
0.00739322
0.0131019
0.00750718
0.0123089
0.00768413
0.0115007
0.0079023
0.0106579
0.00816292
0.00978449
0.00843708
0.00886726
0.00872715
0.00789951
0.00902043
0.0068842
0.00930251
0.00582464
0.00956673
0.00472271
0.00980332
0.00358378
0.0100053
0.00241389
0.0101626
0.00122048
0.0102691
1.1665e-05
0.0103177
-0.00120335
0.0103007
-0.00241383
0.0102151
-0.00360891
0.0100483
-0.00477726
0.00980641
-0.00590635
0.00947495
-0.00698452
0.00906285
-0.00799865
0.00855692
-0.0089362
0.00796395
-0.00978437
0.00728129
-0.0105303
0.00651173
-0.0111636
0.00566094
-0.0116725
0.00473209
-0.0120475
0.00373349
-0.0122792
0.00267181
-0.0123608
0.00155785
-0.0122867
0.000403408
-0.012054
-0.000779063
-0.0116611
-0.00197231
-0.0111083
-0.00316089
-0.0103985
-0.00433006
-0.00953798
-0.00545922
-0.00853467
-0.00652815
-0.00740082
-0.00752005
-0.00614998
-0.00841468
-0.00479802
-0.00918978
-0.003365
-0.00982771
-0.00187036
-0.0103189
-0.000341934
-0.0106312
0.00119714
-0.010764
0.00271992
-0.0107022
0.00419647
-0.0104337
0.00559935
-0.00996157
0.00689839
-0.00927504
0.00806686
-0.00838779
0.00907733
-0.00730266
0.00990035
-0.00603695
0.0105217
-0.00460607
0.0109195
-0.00303606
0.0110777
-0.00135466
0.0109898
0.000401916
0.0106498
0.00219468
0.0100596
0.00398077
0.00922569
0.00571933
0.00816896
0.00735315
0.00690574
0.00884598
0.00546491
0.0101428
0.00388045
0.0112014
0.00219527
0.0119809
0.000451583
0.0124437
-0.00130104
0.0125621
-0.00300799
0.012315
-0.00462283
0.011694
-0.00608917
0.0106986
-0.00735814
0.00934657
-0.00838506
0.00766086
-0.00912558
0.00568922
-0.00954833
0.00347107
-0.00964033
0.00109901
-0.00937899
-0.0013816
-0.00876822
-0.0038473
-0.00782769
-0.00621939
-0.00658124
-0.00840478
-0.00507079
-0.010299
-0.0033534
-0.0118069
-0.00149802
-0.0128488
0.00042344
-0.0133644
0.002324
-0.0132884
0.00411591
-0.012606
0.0057168
-0.0113273
0.007046
-0.00948104
0.00803505
-0.00712846
0.00862281
-0.00436834
0.00877278
-0.00132442
0.00847293
0.00186288
0.00772486
0.0050198
0.00655886
0.00798279
0.00503901
0.0105549
0.00323599
0.0126097
0.0012463
0.0139741
-0.000801763
0.0145515
-0.002802
0.0142728
-0.00462526
0.0131217
-0.00615853
0.0111369
-0.00729605
0.00841245
-0.00796134
0.00509554
-0.00809871
0.00138946
-0.00769827
-0.0024785
-0.00677802
-0.00622849
-0.00539428
-0.00959974
-0.00364652
-0.0123313
-0.00165592
-0.0142065
0.000427175
-0.0150609
0.00245062
-0.0147741
0.00425538
-0.0133555
0.00569811
-0.0108866
0.0066575
-0.0075304
0.00705439
-0.0035467
0.00685694
0.000738984
0.00607732
0.00496369
0.00479404
0.00874065
0.00311815
0.0117306
0.00121497
0.0136321
-0.000738983
0.0142642
-0.00255313
0.0135182
-0.00405136
0.011477
-0.00508682
0.00833512
-0.0055566
0.00440189
-0.00542148
9.91122e-05
-0.00470954
-0.00410137
-0.00351465
-0.00772086
-0.00199162
-0.0103402
-0.000327182
-0.0116605
0.00127262
-0.0115256
0.00260648
-0.00993423
0.00351306
-0.00713688
0.00388378
-0.00349627
0.00368413
0.000483203
0.00296029
0.00423368
0.00183673
0.00721104
0.000497706
0.0089834
-0.000847133
0.00930914
-0.00199001
0.00810569
-0.00275452
0.00562337
-0.00302603
0.00225693
-0.00277173
-0.001431
-0.00204945
-0.00480052
-0.00100188
-0.00726951
0.000173487
-0.00842307
0.00126522
-0.00803574
0.00207769
-0.00623931
0.00246905
-0.00338667
0.00238378
-4.71466e-05
0.00186475
0.0031026
0.00104402
0.00542581
0.000114328
0.00647874
-0.000704176
0.00607495
-0.00124927
0.00440231
-0.00141477
0.00193071
-0.00119538
-0.000688436
-0.000684936
-0.00277733
-5.06121e-05
-0.00381854
0.000505416
-0.00357651
0.000828558
-0.00221278
0.000826042
-0.000199869
0.000510811
0.00177989
0.00303014
-0.000576719
0.0459766
-0.00049716
0.0469307
0.000518153
0.047456
0.00259508
0.0472458
0.00509354
0.0457966
0.00756599
0.0424295
0.00739478
0.0375136
0.0301075
-0.00383097
0.0043649
-0.00198675
0.00923189
0.0028448
0.0101904
0.00692196
0.0106031
0.0102844
0.0102364
0.0122647
0.0095111
0.0133899
0.00900608
0.0137879
0.00851198
0.0138321
0.00817726
0.0136376
0.00791162
0.0133211
0.00779312
0.0129158
0.0077771
0.0124455
0.00786351
0.0119195
0.00803319
0.0113341
0.00826949
0.0106834
0.00855298
0.00997144
0.00887489
0.00919098
0.00921754
0.00834437
0.00957376
0.0074373
0.0099275
0.0064719
0.0102679
0.00545026
0.0105884
0.00437822
0.0108754
0.00326196
0.0111216
0.0021085
0.0113161
0.000926152
0.0114515
-0.000275951
0.0115198
-0.00148736
0.0115121
-0.00269773
0.0114255
-0.00389434
0.0112449
-0.00506626
0.0109783
-0.00620001
0.0106087
-0.00728332
0.0101462
-0.00830242
0.00957603
-0.00924448
0.00890601
-0.0100963
0.00813315
-0.0108451
0.00726053
-0.0114792
0.00629502
-0.0119871
0.00523993
-0.0123587
0.00410511
-0.0125847
0.0028978
-0.0126582
0.00163138
-0.012573
0.000318234
-0.0123269
-0.0010252
-0.011917
-0.00238219
-0.0113446
-0.00373327
-0.010613
-0.00506169
-0.00972791
-0.00634432
-0.0086994
-0.00755665
-0.00753689
-0.00868257
-0.00625578
-0.00969579
-0.00487259
-0.010573
-0.00340694
-0.0112934
-0.00188287
-0.0118429
-0.000321942
-0.0121922
0.00125035
-0.0123363
0.00280104
-0.0122528
0.0043057
-0.0119384
0.00573392
-0.0113898
0.00705585
-0.010597
0.00824246
-0.0095744
0.00926722
-0.00832743
0.0101027
-0.00687238
0.0107288
-0.00523223
0.0111255
-0.0034328
0.0112812
-0.00151029
0.0111832
0.000499869
0.0108279
0.00255003
0.0102166
0.00459208
0.00936174
0.00657414
0.00827534
0.00843954
0.00697828
0.0101431
0.00549947
0.0116216
0.00388243
0.0128185
0.00215704
0.0137063
0.000382942
0.0142179
-0.00140604
0.0143511
-0.0031486
0.0140576
-0.00479125
0.0133366
-0.00628324
0.0121906
-0.0075711
0.0106344
-0.00861353
0.00870329
-0.00936304
0.00643873
-0.00979131
0.00389934
-0.00987313
0.00118082
-0.00959763
-0.0016571
-0.00896497
-0.00447996
-0.00799088
-0.00719347
-0.00670929
-0.00968638
-0.00515988
-0.0118485
-0.00339959
-0.0135672
-0.00149674
-0.0147517
0.000469751
-0.0153309
0.00241153
-0.0152302
0.00424261
-0.0144371
0.00587816
-0.0129628
0.00723129
-0.0108342
0.00823716
-0.00813433
0.00883187
-0.00496305
0.00897877
-0.00147132
0.00866211
0.00217954
0.0078851
0.0057968
0.00669099
0.00917691
0.00512355
0.0121223
0.00328081
0.0144524
0.00124567
0.0160092
-0.000848549
0.0166457
-0.00289027
0.0163146
-0.00474864
0.0149801
-0.00630479
0.012693
-0.00745833
0.00956599
-0.00812793
0.00576514
-0.00825793
0.00151946
-0.00783733
-0.0028991
-0.00688929
-0.00717653
-0.00546663
-0.0110224
-0.00367618
-0.0141217
-0.00164468
-0.016238
0.00047958
-0.0171852
0.00253736
-0.0168319
0.00436964
-0.0151878
0.00582837
-0.0123453
0.00679306
-0.00849509
0.00718262
-0.00393627
0.00696313
0.000958474
0.00615334
0.00577348
0.00483084
0.0100631
0.00311707
0.0134444
0.00117331
0.0155759
-0.000815427
0.016253
-0.00265591
0.0153586
-0.00416986
0.0129909
-0.00520698
0.00937224
-0.00566556
0.00486047
-0.00550617
-6.02727e-05
-0.00475929
-0.00484826
-0.00352257
-0.00895758
-0.00195387
-0.0119089
-0.000248102
-0.0133663
0.00137242
-0.0131461
0.00272301
-0.0112848
0.00363363
-0.00804749
0.00399401
-0.00385665
0.00377001
0.000707205
0.00301175
0.00499194
0.00184891
0.00837388
0.000473135
0.0103592
-0.000900799
0.0106831
-0.00206398
0.00926887
-0.00283714
0.00639653
-0.00310332
0.00252311
-0.00283129
-0.00170303
-0.00208219
-0.00554962
-0.00100513
-0.00834657
0.00019374
-0.00962194
0.00130376
-0.00914576
0.00212434
-0.00705989
0.00251125
-0.00377358
0.00240984
5.42604e-05
0.00186623
0.00364622
0.00101795
0.00627409
6.1615e-05
0.00743507
-0.000765664
0.00690222
-0.00131259
0.00494924
-0.00146697
0.0020851
-0.00122588
-0.000929534
-0.000688095
-0.00331511
-2.55409e-05
-0.00448109
0.000545759
-0.00414781
0.000875928
-0.00254295
0.000867545
-0.000191486
0.000534987
0.00211245
0.00356513
0.00092447
0.0450521
0.00200091
0.0458542
0.00312538
0.0463315
0.00423854
0.0461327
0.00468307
0.0453521
0.0044586
0.042654
0.00285022
0.0391219
0.0329578
0.000894084
0.00347081
0.00267885
0.00744713
0.00476987
0.00809934
0.00640263
0.00897037
0.00798302
0.00865604
0.00911723
0.00837689
0.0100566
0.00806672
0.0107339
0.00783465
0.0111806
0.0077306
0.0114085
0.00768369
0.0114572
0.00774442
0.0113655
0.00786883
0.011146
0.00808303
0.0108236
0.00835554
0.0104033
0.00868982
0.00989081
0.00906546
0.009291
0.0094747
0.00860385
0.00990469
0.00784095
0.0103367
0.00700151
0.0107669
0.00608896
0.0111805
0.0051128
0.0115645
0.00407807
0.0119101
0.00299233
0.0122073
0.00186431
0.0124441
0.00070324
0.0126125
-0.000480942
0.0127039
-0.00167693
0.0127081
-0.00287371
0.0126223
-0.00405964
0.0124308
-0.00522196
0.0121406
-0.00634689
0.0117336
-0.00742239
0.0112217
-0.00843442
0.0105881
-0.0093698
0.00984138
-0.0102152
0.00897859
-0.0109577
0.00800304
-0.0115856
0.00692292
-0.0120871
0.00574138
-0.0124521
0.00447016
-0.0126716
0.00311728
-0.0127374
0.00169718
-0.0126448
0.000225576
-0.0123901
-0.00127986
-0.0119716
-0.00280073
-0.0113903
-0.00431449
-0.01065
-0.00580199
-0.00975624
-0.00723812
-0.00871837
-0.00859453
-0.00754726
-0.00985368
-0.00625778
-0.0109853
-0.00486639
-0.0119644
-0.00339358
-0.0127662
-0.00186052
-0.013376
-0.000290767
-0.0137619
0.00128374
-0.0139108
0.00283981
-0.0138089
0.00434876
-0.0134474
0.00577932
-0.0128203
0.00710297
-0.0119206
0.00828786
-0.0107593
0.00931286
-0.00935242
0.0101472
-0.00770671
0.0107709
-0.00585594
0.0111636
-0.00382551
0.0113114
-0.00165813
0.0112056
0.000605764
0.0108422
0.0029134
0.0102233
0.00521093
0.0093568
0.00744069
0.00825931
0.00953703
0.00695053
0.0114518
0.00546659
0.0131055
0.00383631
0.0144487
0.00210478
0.0154378
0.000317055
0.0160056
-0.00147765
0.0161458
-0.00322627
0.0158062
-0.0048736
0.0149839
-0.00636662
0.0136836
-0.00765876
0.0119266
-0.00869881
0.00974334
-0.00944452
0.00718444
-0.00986942
0.00432424
-0.00994017
0.00125158
-0.00966033
-0.00193695
-0.00901606
-0.00512422
-0.00802952
-0.00818002
-0.00673026
-0.0109856
-0.00516355
-0.0134152
-0.00338682
-0.0153439
-0.00147047
-0.016668
0.0005042
-0.0173056
0.00245625
-0.0171823
0.00430003
-0.0162809
0.00594086
-0.0146037
0.0073004
-0.0121937
0.00830314
-0.00913708
0.00889766
-0.00555757
0.00903813
-0.00161179
0.00871046
0.0025072
0.00792252
0.00658475
0.00671381
0.0103856
0.00512995
0.0137062
0.00327304
0.0163093
0.00122829
0.018054
-0.00088117
0.0187552
-0.0029288
0.0183622
-0.0047947
0.016846
-0.00635332
0.0142517
-0.00750384
0.0107165
-0.00816628
0.00642758
-0.00828803
0.00164122
-0.00785653
-0.0033306
-0.00689147
-0.0081416
-0.00545888
-0.012455
-0.00365487
-0.0159258
-0.00161486
-0.018278
0.000519491
-0.0193196
0.00258085
-0.0188933
0.00441272
-0.0170197
0.00586584
-0.0137985
0.00682244
-0.00945169
0.00719841
-0.00431224
0.00696249
0.00119439
0.00613803
0.00659794
0.00479632
0.0114049
0.00306634
0.0151744
0.00111333
0.0175289
-0.000873066
0.0182394
-0.00271153
0.0171971
-0.00421873
0.0144981
-0.00524364
0.0103972
-0.00568593
0.00530276
-0.00550562
-0.000240591
-0.00473722
-0.00561665
-0.00348135
-0.0102135
-0.00189882
-0.0134915
-0.000187712
-0.0150774
0.00144063
-0.0147745
0.00278823
-0.0126324
0.00368998
-0.00894925
0.00403584
-0.00420251
0.00379353
0.000949517
0.00301493
0.00577054
0.0018328
0.009556
0.000441782
0.0117502
-0.000936866
0.0120617
-0.00210207
0.0104341
-0.00287173
0.00716619
-0.00312936
0.00278075
-0.00284485
-0.00198754
-0.00208137
-0.0063131
-0.00099138
-0.00943656
0.000210543
-0.0108239
0.00132172
-0.0102569
0.00213847
-0.00787664
0.00251609
-0.00415121
0.00240154
0.000168817
0.00184342
0.00420433
0.00098223
0.00713528
1.8707e-05
0.00839859
-0.000808441
0.00772937
-0.00135014
0.00549094
-0.00149255
0.00222751
-0.00123555
-0.00118654
-0.000681129
-0.00386952
-6.27149e-06
-0.00515595
0.000574291
-0.00472837
0.000906336
-0.00287499
0.000892739
-0.000177888
0.000549199
0.00245599
0.00411432
0.001095
0.0439571
0.0023063
0.0446429
0.0035915
0.0450463
0.00484771
0.0448764
0.00571186
0.0444879
0.0058077
0.0425582
0.00399797
0.0409317
0.0369557
-0.000594937
0.00406575
0.000611993
0.0062402
0.0025352
0.00617613
0.00437828
0.00712729
0.00607654
0.00695778
0.00731441
0.00713902
0.00832287
0.00705826
0.00905504
0.00710248
0.00961448
0.00717116
0.00998232
0.00731585
0.0101964
0.00753029
0.0102587
0.00780661
0.0101849
0.00815676
0.00998692
0.00855357
0.00967129
0.00900545
0.00925062
0.00948613
0.0087291
0.00999622
0.00811381
0.01052
0.00740838
0.0110421
0.00661952
0.0115558
0.00575518
0.0120448
0.00482035
0.0124994
0.00382234
0.0129081
0.00277081
0.0132589
0.00167432
0.0135406
0.000542238
0.0137446
-0.00061453
0.0138607
-0.00178525
0.0138788
-0.0029582
0.0137952
-0.00412063
0.0135932
-0.00526064
0.0132807
-0.00636523
0.0128382
-0.00742157
0.012278
-0.00841538
0.0115819
-0.00933381
0.0107598
-0.0101636
0.00980837
-0.0108922
0.00873163
-0.0115073
0.00753798
-0.0119974
0.00623153
-0.0123524
0.00482512
-0.0125636
0.00332851
-0.0126234
0.00175699
-0.012526
0.000128138
-0.0122676
-0.0015382
-0.0118479
-0.00322041
-0.0112677
-0.00489472
-0.0105304
-0.00653926
-0.00964162
-0.00812694
-0.00861091
-0.00962524
-0.00744877
-0.0110158
-0.00616962
-0.0122644
-0.00479055
-0.0133434
-0.00333157
-0.0142251
-0.0018141
-0.0148935
-0.000262002
-0.015314
0.00129814
-0.0154709
0.00283745
-0.0153482
0.00432902
-0.0149389
0.00574188
-0.0142332
0.00704857
-0.0132273
0.00821942
-0.0119301
0.00922793
-0.0103609
0.0100492
-0.00852794
0.0106599
-0.0064667
0.011044
-0.00420959
0.011185
-0.00179907
0.0110743
0.000716466
0.0107084
0.00327925
0.0100886
0.00583077
0.00922523
0.00830402
0.0081326
0.0106297
0.00683256
0.0127519
0.00535884
0.0145793
0.00374116
0.0160664
0.0020259
0.017153
0.000249063
0.0177824
-0.00152019
0.017915
-0.00324737
0.0175334
-0.00487587
0.0166124
-0.00635318
0.0151609
-0.00762767
0.0132011
-0.00865224
0.0107679
-0.00938461
0.00791682
-0.0098011
0.00474073
-0.00986465
0.00131513
-0.0095808
-0.0022208
-0.00893564
-0.00576937
-0.00795345
-0.00916221
-0.00665748
-0.0122816
-0.00510034
-0.0149723
-0.00333493
-0.0171093
-0.00143124
-0.0185717
0.00052629
-0.0192631
0.00246349
-0.0191195
0.00429039
-0.0181078
0.00591422
-0.0162275
0.00726007
-0.0135396
0.00824866
-0.0101257
0.00883081
-0.00613972
0.00896469
-0.00174566
0.00863232
0.00283957
0.00784758
0.00736949
0.00663997
0.0115932
0.00506398
0.0152822
0.00321843
0.0181549
0.00119224
0.0200802
-0.000898762
0.0208462
-0.0029248
0.0203882
-0.00476988
0.018691
-0.00630926
0.015791
-0.00744259
0.0118498
-0.00808885
0.00707384
-0.0082024
0.00175477
-0.00776476
-0.00376824
-0.00679784
-0.00910851
-0.00537384
-0.013879
-0.00358341
-0.0177162
-0.00156029
-0.0203011
0.000548201
-0.0214281
0.00258438
-0.0209295
0.00438981
-0.0188251
0.00581915
-0.0152278
0.0067548
-0.0103873
0.00711288
-0.00467032
0.00686801
0.00143927
0.00603863
0.00742732
0.00470346
0.01274
0.00298394
0.0168939
0.00105325
0.0194596
-0.000910925
0.0202035
-0.00272304
0.0190092
-0.00420344
0.0159785
-0.00520436
0.0113981
-0.00562552
0.00572392
-0.00543102
-0.00043509
-0.00465484
-0.00639283
-0.00339818
-0.0114701
-0.00182013
-0.0150695
-0.000116289
-0.0167812
0.00147911
-0.0163699
0.00280555
-0.0139589
0.00368722
-0.00983091
0.0040162
-0.00453149
0.00376111
0.00120461
0.0029748
0.00655685
0.00179063
0.0107402
0.000406003
0.0131348
-0.000955443
0.0134232
-0.00210641
0.011585
-0.00286241
0.00792219
-0.00310882
0.00302716
-0.00281701
-0.00227935
-0.00205186
-0.00707826
-0.000965882
-0.0105225
0.000223203
-0.0120129
0.00132018
-0.0113539
0.00212256
-0.00867901
0.00248693
-0.00451558
0.00236244
0.000293313
0.00179932
0.00476745
0.000938754
0.00799584
-5.69663e-06
0.00934304
-0.000833263
0.00855694
-0.00136349
0.00602117
-0.00149374
0.00235775
-0.00122639
-0.00145389
-0.000665396
-0.00443052
6.86852e-06
-0.00582821
0.000591171
-0.00531267
0.000920367
-0.00320419
0.000902415
-0.000159936
0.000554073
0.00280433
0.0046684
0.000897935
0.0430592
0.00187586
0.043665
0.00287518
0.044047
0.00375386
0.0439978
0.00428001
0.0439617
0.00409415
0.042744
0.00273779
0.042288
0.0396935
0.000401139
0.00366461
0.00143198
0.00520936
0.0026952
0.00491291
0.004069
0.00575349
0.00534188
0.00568489
0.00642502
0.00605589
0.00734951
0.00613376
0.00807567
0.00637632
0.00864768
0.00659915
0.00905615
0.00690738
0.00931928
0.00726716
0.00943856
0.00768733
0.00943406
0.00816126
0.00930239
0.00868525
0.00905684
0.009251
0.00869672
0.00984625
0.00823201
0.0104609
0.00766965
0.0110823
0.00701364
0.0116981
0.00627002
0.0122994
0.00544751
0.0128673
0.00455176
0.0133951
0.00359561
0.0138643
0.00258312
0.0142713
0.00152313
0.0146006
0.000427679
0.0148401
-0.000693587
0.014982
-0.00182931
0.0150145
-0.0029679
0.0149338
-0.00409648
0.0147218
-0.00520435
0.0143885
-0.00627775
0.0139116
-0.00730417
0.0133044
-0.00827021
0.0125479
-0.00916313
0.0116527
-0.00996952
0.0106148
-0.0106769
0.00943898
-0.0112734
0.00813455
-0.0117479
0.00670596
-0.0120905
0.00516773
-0.0122922
0.00353024
-0.0123462
0.00181097
-0.0122464
2.82981e-05
-0.0119894
-0.00179518
-0.0115748
-0.00363493
-0.0110038
-0.00546577
-0.0102793
-0.00726378
-0.00940728
-0.00899895
-0.00839695
-0.0106356
-0.0072586
-0.0121542
-0.00600661
-0.0135164
-0.00465741
-0.0146926
-0.00323018
-0.0156524
-0.00174728
-0.0163764
-0.000229374
-0.0168319
0.00129441
-0.0169947
0.00279737
-0.0168512
0.00425381
-0.0163954
0.00563216
-0.0156116
0.00690628
-0.0145014
0.00804743
-0.0130713
0.00902683
-0.0113403
0.00982714
-0.00932825
0.0104197
-0.00705924
0.0107899
-0.00457978
0.0109231
-0.00193231
0.0108093
0.000830226
0.0104455
0.00364312
0.00983514
0.00644111
0.00898616
0.009153
0.00790991
0.0117059
0.0066401
0.0140217
0.00519492
0.0160244
0.00361022
0.0176511
0.00193372
0.0188295
0.000203281
0.0195129
-0.00153309
0.0196514
-0.0032216
0.0192219
-0.00481171
0.0182025
-0.00625243
0.0166016
-0.00749428
0.0144429
-0.00849185
0.0117655
-0.00920549
0.00863045
-0.00960577
0.00514101
-0.00966546
0.00137483
-0.009379
-0.00250726
-0.00874384
-0.00640454
-0.0077775
-0.0101286
-0.00650699
-0.0135521
-0.00497499
-0.0165043
-0.00324388
-0.0188404
-0.00138184
-0.0204337
0.000537854
-0.0211828
0.00243556
-0.0210172
0.00422251
-0.0198947
0.0058098
-0.0178148
0.00712495
-0.0148547
0.00809002
-0.0110907
0.00865339
-0.00670308
0.00877868
-0.00187095
0.00844771
0.00317053
0.00767377
0.00814344
0.00648446
0.0127825
0.00494031
0.0168263
0.00312202
0.0199731
0.00114279
0.0220594
-0.000901635
0.0228906
-0.00288196
0.0223685
-0.00468308
0.0204922
-0.00618514
0.0172931
-0.0072876
0.0129523
-0.00791328
0.00769952
-0.00801624
0.00185773
-0.00757858
-0.0042059
-0.00662615
-0.0100609
-0.00522409
-0.0152811
-0.00347014
-0.0194701
-0.00148505
-0.0222862
0.000565573
-0.0234787
0.00255128
-0.0229152
0.00430965
-0.0205835
0.00569975
-0.0166179
0.00660377
-0.0112914
0.00694325
-0.0050098
0.00669365
0.00168887
0.00587015
0.00825082
0.00455887
0.0140513
0.00287462
0.0185781
0.000983175
0.0213511
-0.000930456
0.0221172
-0.00269449
0.0207733
-0.00413261
0.0174166
-0.0050986
0.0123641
-0.00549724
0.00612256
-0.00529315
-0.000639184
-0.00452133
-0.00716465
-0.00328237
-0.0127091
-0.00173231
-0.0166196
-6.57239e-05
-0.0184478
0.0014895
-0.0179251
0.00278054
-0.0152499
0.00363302
-0.0106834
0.00394303
-0.0048415
0.00368077
0.00146686
0.00289956
0.00733806
0.00173117
0.0119086
0.000371179
0.0144948
-0.000957725
0.0147521
-0.002081
0.0127083
-0.00281468
0.00865586
-0.00304808
0.00326057
-0.0027542
-0.00257324
-0.00199788
-0.00783457
-0.000929764
-0.0115907
0.000231485
-0.0131742
0.00130121
-0.0124236
0.00208047
-0.00945827
0.0024285
-0.00486362
0.00229722
0.0004246
0.0017378
0.00532687
0.0008897
0.00884395
-3.35278e-05
0.0102663
-0.000842325
0.00936573
-0.00135549
0.00653434
-0.00147358
0.00247583
-0.00120121
-0.00172626
-0.000642421
-0.0049893
2.11708e-05
-0.0064918
0.000597455
-0.00588896
0.000919574
-0.00352631
0.000898064
-0.000138426
0.000550432
0.00315196
0.00521883
0.000661018
0.0423982
0.00136264
0.0429634
0.00204243
0.0433672
0.0025949
0.0434453
0.00289757
0.0436591
0.00264902
0.0429926
0.00180734
0.0431297
0.0415009
0.000576406
0.00308821
0.00159428
0.00419148
0.00261793
0.00388927
0.00375222
0.0046192
0.00482546
0.00461165
0.00580183
0.00507952
0.00665144
0.00528415
0.00735146
0.00567631
0.00791911
0.0060315
0.00834261
0.00648387
0.00862975
0.00698003
0.00878667
0.00753041
0.00881573
0.0081322
0.00872427
0.0087767
0.00851784
0.00945743
0.00820133
0.0101628
0.0077762
0.0108861
0.00725253
0.011606
0.00663615
0.0123145
0.00593608
0.0129995
0.00515559
0.0136478
0.00430386
0.0142468
0.00338712
0.014781
0.00241326
0.0152452
0.00139866
0.0156152
0.000347455
0.0158913
-0.000731266
0.0160607
-0.00182309
0.0161064
-0.00291858
0.0160293
-0.00400515
0.0158084
-0.00507151
0.0154549
-0.00610482
0.0149449
-0.00709313
0.0142927
-0.00802322
0.013478
-0.00888256
0.0125121
-0.00965867
0.0113909
-0.0103388
0.0101191
-0.0109122
0.00870798
-0.0113678
0.00716161
-0.0116951
0.00549495
-0.0118869
0.00372202
-0.0119359
0.00185998
-0.0118353
-7.2216e-05
-0.0115829
-0.00204762
-0.0111788
-0.00403903
-0.0106238
-0.00602079
-0.00992028
-0.00796729
-0.00907532
-0.0098439
-0.00809692
-0.011614
-0.00699482
-0.0132563
-0.00578335
-0.0147279
-0.00447838
-0.0159976
-0.00309817
-0.0170326
-0.00166088
-0.0178137
-0.000197417
-0.0182954
0.0012744
-0.0184665
0.00272649
-0.0183033
0.00413175
-0.0178006
0.00546248
-0.0169423
0.00669053
-0.0157295
0.00778976
-0.0141705
0.00873533
-0.0122859
0.00950292
-0.0100959
0.0100715
-0.00762778
0.0104249
-0.00493324
0.01055
-0.00205734
0.010435
0.000945194
0.0100789
0.00399925
0.00948443
0.00703554
0.00865973
0.0099777
0.00761884
0.0127468
0.00638422
0.0152563
0.00498538
0.0174233
0.00345275
0.0191838
0.00182998
0.0204523
0.000155911
0.0211869
-0.0015209
0.0213282
-0.00315253
0.0208535
-0.00468769
0.0197377
-0.00607811
0.0179921
-0.00727505
0.0156398
-0.0082358
0.0127262
-0.00892403
0.00931869
-0.00930508
0.00552205
-0.00935988
0.00142963
-0.00907536
-0.00279179
-0.00845899
-0.0070209
-0.00751945
-0.0110681
-0.00628719
-0.0147844
-0.00480382
-0.0179877
-0.00312567
-0.0205186
-0.00131993
-0.0222395
0.00054067
-0.0230434
0.00237699
-0.0228535
0.00410546
-0.0216232
0.00564119
-0.0193505
0.00691033
-0.0161238
0.00784196
-0.0120224
0.00838313
-0.00724426
0.0084992
-0.00198702
0.00817504
0.0034947
0.00741839
0.00890008
0.0062601
0.0139408
0.00476442
0.018322
0.00300098
0.0217366
0.00108335
0.023977
-0.000891394
0.0248653
-0.00280638
0.0242835
-0.00454449
0.0222303
-0.0059939
0.0187425
-0.0070548
0.0140132
-0.00765369
0.0082984
-0.00774674
0.00195079
-0.00731408
-0.00463856
-0.00639053
-0.0109845
-0.00502628
-0.0166453
-0.00332344
-0.021173
-0.00140722
-0.0242025
0.000571796
-0.0254577
0.00248691
-0.0248303
0.0041822
-0.0222787
0.00551924
-0.0179549
0.0063835
-0.0121556
0.00670334
-0.00532964
0.00645199
0.00194022
0.00564767
0.00905513
0.00437014
0.0153288
0.0027388
0.0202095
0.000904327
0.0231855
-0.000932714
0.0239542
-0.0026324
0.0224729
-0.00401489
0.0187991
-0.00493826
0.0132874
-0.00531252
0.00649682
-0.00510245
-0.000849251
-0.00434427
-0.00792283
-0.00313783
-0.0139155
-0.00163618
-0.0181212
-3.75436e-05
-0.0200465
0.00147532
-0.019438
0.00271913
-0.0164937
0.00353546
-0.0114997
0.00382536
-0.0051314
0.00356094
0.00173129
0.00279516
0.00810383
0.00165653
0.0130472
0.000335566
0.0158158
-0.000945612
0.0160332
-0.00203015
0.0137929
-0.00273479
0.0093605
-0.00295383
0.0034796
-0.00266228
-0.00286478
-0.00192409
-0.00857276
-0.000885696
-0.012629
0.000235448
-0.0142953
0.00126723
-0.0134554
0.0020163
-0.0102073
0.00234578
-0.0051931
0.00221073
0.00055965
0.00166224
0.00587536
0.000835971
0.00967022
-5.70466e-05
0.0111593
-0.000837423
0.0101461
-0.00132913
0.00702606
-0.00143543
0.00258212
-0.00116279
-0.0019989
-0.000613828
-0.00553826
3.36299e-05
-0.00713926
0.000594182
-0.00644951
0.000905711
-0.00383784
0.000881557
-0.000114272
0.000539523
0.003494
0.00575835
0.000463794
0.0419344
0.00094689
0.0424803
0.00140499
0.0429091
0.00173944
0.0431109
0.00192658
0.0434719
0.0017126
0.0432066
0.00121676
0.0436255
0.0427176
0.000701446
0.00238676
0.00170647
0.00318647
0.0026045
0.00299124
0.00361249
0.00361121
0.00452665
0.00369749
0.00540138
0.00420479
0.00616952
0.00451602
0.00683065
0.00501518
0.00736344
0.0054987
0.00777638
0.00607094
0.00806274
0.00669366
0.00822691
0.00736625
0.00827414
0.00808496
0.00820429
0.00884656
0.00802336
0.00963836
0.00773491
0.0104512
0.00734461
0.0112764
0.00685736
0.0120933
0.00627796
0.0128939
0.00561403
0.0136634
0.00487321
0.0143886
0.00406359
0.0150565
0.00319184
0.0156527
0.00226646
0.0161706
0.00129568
0.016586
0.00029052
0.0168964
-0.000736826
0.0170881
-0.00177801
0.0171475
-0.00282239
0.0170737
-0.00385974
0.0168457
-0.00487729
0.0164724
-0.00586383
0.0159315
-0.00680743
0.0152363
-0.00769523
0.0143658
-0.00851503
0.0133319
-0.00925573
0.0121316
-0.00990389
0.0107672
-0.0104505
0.0092546
-0.0108846
0.00759565
-0.0111942
0.00580461
-0.0113756
0.00390341
-0.0114198
0.00190416
-0.011321
-0.000170964
-0.0110757
-0.00229295
-0.0106867
-0.00442802
-0.0101528
-0.00655474
-0.00947722
-0.00864282
-0.00866703
-0.0106541
-0.00772936
-0.0125516
-0.00667369
-0.0143119
-0.00551312
-0.0158884
-0.00426346
-0.0172473
-0.00294321
-0.0183528
-0.00156982
-0.019187
-0.000166746
-0.0196985
0.00124093
-0.0198742
0.00262988
-0.0196922
0.00397299
-0.0191437
0.00524466
-0.018214
0.00641693
-0.0169017
0.00746604
-0.0152196
0.00836872
-0.0131886
0.00909728
-0.0108244
0.00963965
-0.00817015
0.00997429
-0.00526787
0.0100911
-0.00217411
0.00997661
0.00105964
0.00963187
0.00434399
0.00905902
0.00760838
0.00826378
0.0107729
0.00726829
0.0137423
0.00608186
0.0164427
0.00473956
0.0187656
0.0032718
0.0206515
0.0017162
0.0220079
0.00011593
0.0227872
-0.0014871
0.0229313
-0.00304791
0.0224143
-0.00451575
0.0212055
-0.00584456
0.0193209
-0.00698754
0.0167828
-0.0079023
0.013641
-0.00856089
0.00997727
-0.00892114
0.00588231
-0.00897114
0.00147962
-0.00869291
-0.00307001
-0.00810058
-0.00761324
-0.00719699
-0.0119717
-0.00601375
-0.0159676
-0.00459043
-0.019411
-0.00298042
-0.0221286
-0.00124786
-0.023972
0.000534543
-0.0248258
0.00229419
-0.0246131
0.00394897
-0.023278
0.00542139
-0.0208229
0.00663287
-0.0173353
0.00752348
-0.012913
0.00803897
-0.00775975
0.0081473
-0.00209534
0.00783031
0.00381169
0.00709996
0.00963042
0.00598731
0.0150535
0.00454929
0.01976
0.00285712
0.0234288
0.00101657
0.0258176
-0.000869695
0.0267516
-0.00270318
0.026117
-0.00436507
0.0238922
-0.00574927
0.0201267
-0.00676079
0.0150247
-0.00732863
0.00886625
-0.00741215
0.0020343
-0.00699217
-0.00505853
-0.00610278
-0.0118739
-0.00479163
-0.0179565
-0.00315821
-0.0228064
-0.00132171
-0.026039
0.000567915
-0.0273473
0.00239714
-0.0266595
0.00401667
-0.0238983
0.00529027
-0.0192285
0.00611038
-0.0129757
0.00640953
-0.00562879
0.00615863
0.00219112
0.00538382
0.00982994
0.00415445
0.0165582
0.00258605
0.0217779
0.000831892
0.0249397
-0.000920193
0.0257063
-0.00254276
0.0240955
-0.00385919
0.0201155
-0.00473465
0.0141629
-0.00508317
0.00684534
-0.00487167
-0.00106075
-0.00413716
-0.00865735
-0.00297377
-0.0150789
-0.00152932
-0.0195657
-4.95529e-06
-0.0215708
0.00144149
-0.0208844
0.00262845
-0.0176807
0.003403
-0.0122743
0.00367219
-0.0054006
0.00340984
0.00199364
0.00266839
0.00884528
0.00157084
0.0141447
0.000301944
0.0170847
-0.000921319
0.0172565
-0.00195861
0.0148302
-0.00262907
0.0100309
-0.0028331
0.00368363
-0.00254781
-0.00315007
-0.00183536
-0.00928522
-0.000836058
-0.0136283
0.000235505
-0.0153669
0.00122101
-0.0144409
0.00193454
-0.0109209
0.00224403
-0.00550259
0.00210786
0.000695813
0.00157655
0.00640667
0.000780483
0.0104663
-7.54225e-05
0.0120152
-0.000820757
0.0108914
-0.0012877
0.007493
-0.00138285
0.00267727
-0.00111403
-0.00226772
-0.000581276
-0.00607101
4.36416e-05
-0.00776418
0.00058273
-0.0069886
0.000880972
-0.00413608
0.000854983
-8.82825e-05
0.000522592
0.00382639
0.00628094
0.000324921
0.0416095
0.000659787
0.0421454
0.000975024
0.0425939
0.00118279
0.0429031
0.00130912
0.0433456
0.00113725
0.0433784
0.000847111
0.0439157
0.0435647
0.000729957
0.0016568
0.00169282
0.00222361
0.00252113
0.00216292
0.0034562
0.00267614
0.00427982
0.00287388
0.00508146
0.00340315
0.00578491
0.00381256
0.00639608
0.004404
0.00690219
0.0049926
0.00728941
0.00568372
0.00756898
0.00641409
0.0077277
0.00720754
0.00777825
0.00803441
0.00772245
0.00890236
0.00756105
0.00979976
0.00729551
0.0107168
0.00693153
0.0116403
0.00647311
0.0125517
0.00592751
0.0134395
0.00530131
0.0142896
0.00460199
0.0150879
0.00383529
0.0158232
0.00301016
0.0164778
0.00213282
0.0170479
0.00121512
0.0175037
0.000264141
0.0178474
-0.000709719
0.0180619
-0.00169834
0.0181362
-0.00268699
0.0180623
-0.00366763
0.0178264
-0.00463143
0.0174362
-0.00556623
0.0168663
-0.00645932
0.0161294
-0.0073006
0.0152071
-0.00807715
0.0141084
-0.0087763
0.0128307
-0.00938987
0.0113808
-0.00990979
0.00977453
-0.0103166
0.00800248
-0.010611
0.00609898
-0.010778
0.00407041
-0.0108225
0.00194872
-0.0107234
-0.000270092
-0.0104892
-0.00252717
-0.0101173
-0.00479992
-0.00960941
-0.00706263
-0.00896733
-0.0092849
-0.00819595
-0.0114255
-0.00730607
-0.0134415
-0.00630372
-0.0153143
-0.00520273
-0.0169894
-0.00401753
-0.0184325
-0.00276147
-0.0196089
-0.00146302
-0.0204855
-0.00013162
-0.0210299
0.00120223
-0.021208
0.00251771
-0.0210077
0.00379139
-0.0204174
0.00499561
-0.0194182
0.00610561
-0.0180117
0.00709708
-0.0162111
0.00795216
-0.0140437
0.00864053
-0.0115128
0.0091504
-0.00868001
0.00946337
-0.00558084
0.00957512
-0.00228586
0.00946125
0.00117351
0.00913044
0.0046748
0.00858336
0.00815546
0.00782879
0.0115275
0.00687949
0.0146916
0.00575118
0.017571
0.00447326
0.0200435
0.00308113
0.0220437
0.00160097
0.0234881
8.70538e-05
0.0243011
-0.00143299
0.0244513
-0.00291263
0.023894
-0.0043042
0.0225971
-0.00556282
0.0205795
-0.00664474
0.0178647
-0.00751193
0.0145082
-0.00813248
0.0105978
-0.00847136
0.00622119
-0.00851714
0.00152541
-0.00824995
-0.0033372
-0.00768525
-0.00817793
-0.0068247
-0.0128322
-0.00569861
-0.0170937
-0.00434552
-0.0207641
-0.00281482
-0.0236593
-0.00116791
-0.025619
0.000523166
-0.0265169
0.00219408
-0.026284
0.00376476
-0.0248487
0.00516258
-0.0222207
0.00630887
-0.0184816
0.00715358
-0.0137577
0.00764064
-0.00824681
0.00774083
-0.00219553
0.00743442
0.0041181
0.00673612
0.0103287
0.00567765
0.0161119
0.0043074
0.0211303
0.00269854
0.0250376
0.00094515
0.027571
-0.000837763
0.0285345
-0.00257809
0.0278573
-0.00415359
0.0254677
-0.00546338
0.0214365
-0.00642024
0.0159816
-0.00695519
0.00940119
-0.00702726
0.00210637
-0.00662595
-0.00545984
-0.00577699
-0.0127228
-0.00453077
-0.0192027
-0.00297634
-0.0243608
-0.00123304
-0.0277823
0.000555931
-0.0291363
0.00228903
-0.0283926
0.00382296
-0.0254322
0.00502532
-0.0204309
0.00579769
-0.0137481
0.00607519
-0.00590629
0.00583063
0.00243568
0.00508938
0.0105712
0.00391798
0.0177296
0.00242699
0.0232688
0.00076216
0.0266045
-0.000895334
0.0273638
-0.00243146
0.0256316
-0.00367492
0.021359
-0.00449875
0.0149867
-0.00482078
0.00716737
-0.00461221
-0.00126932
-0.00390769
-0.00936187
-0.00279778
-0.0161888
-0.00142292
-0.0209405
2.27713e-05
-0.0230165
0.00139181
-0.0222535
0.0025151
-0.018804
0.00324427
-0.0130034
0.00349281
-0.00564914
0.00323636
0.0022501
0.00252589
0.00955575
0.00147858
0.015192
0.000264562
0.0182987
-0.000887265
0.0184083
-0.00187116
0.0158141
-0.00250383
0.0106636
-0.00269272
0.00387251
-0.00241655
-0.00342623
-0.00173545
-0.00996633
-0.000783324
-0.0145805
0.000232146
-0.0163824
0.00116534
-0.0153741
0.00183957
-0.0115951
0.00212822
-0.00579123
0.00199324
0.000830796
0.00148379
0.00691612
0.000723721
0.0112263
-8.88557e-05
0.0128278
-0.000794502
0.0115971
-0.00123452
0.00793301
-0.00131926
0.00276202
-0.00105763
-0.00252935
-0.000546107
-0.00658254
5.11318e-05
-0.00836142
0.000564568
-0.00750203
0.000847546
-0.00441906
0.000820493
-6.12294e-05
0.000500928
0.00414595
0.00678187
0.000232343
0.0413771
0.000476361
0.0419014
0.000704855
0.0423654
0.000841015
0.0427669
0.000936839
0.0432498
0.000789806
0.0435255
0.000623222
0.0440823
0.044188
0.00072085
0.000935955
0.0016351
0.00130936
0.00241068
0.00138734
0.00327816
0.00180866
0.00403349
0.00211855
0.00478873
0.00264792
0.00544214
0.00315915
0.00602032
0.00382583
0.00649342
0.00451949
0.00685974
0.0053174
0.00712148
0.00615235
0.00727859
0.00705043
0.0073287
0.0079843
0.00727731
0.00895375
0.00713062
0.00994645
0.00688336
0.010964
0.0065444
0.0119793
0.00611423
0.0129819
0.00560133
0.0139524
0.00501153
0.0148794
0.00435159
0.0157479
0.00363081
0.0165439
0.00285464
0.017254
0.00203216
0.0178704
0.0011661
0.0183698
0.000269059
0.0187444
-0.000646197
0.0189772
-0.00157268
0.0190626
-0.00250434
0.018994
-0.00342911
0.0187511
-0.00433557
0.0183427
-0.0052122
0.0177429
-0.00605098
0.0169682
-0.00683906
0.0159952
-0.0075686
0.014838
-0.00822926
0.0134914
-0.00880804
0.0119596
-0.00928994
0.0102564
-0.00967606
0.0083886
-0.00994977
0.00637269
-0.0101096
0.00423027
-0.0101399
0.00197896
-0.0100497
-0.000360301
-0.00982974
-0.00274709
-0.00947763
-0.00515203
-0.00899817
-0.00754209
-0.00839257
-0.0098905
-0.00766666
-0.0121514
-0.00682662
-0.0142816
-0.00588527
-0.0162556
-0.00484915
-0.0180255
-0.00373132
-0.0195503
-0.00255476
-0.0207855
-0.00132914
-0.0217111
-8.10412e-05
-0.022278
0.0011747
-0.0224638
0.00241363
-0.0222466
0.00360722
-0.021611
0.00474003
-0.020551
0.00578251
-0.0190542
0.00671622
-0.0171448
0.00751251
-0.0148399
0.00815878
-0.0121591
0.00863774
-0.00915898
0.00893114
-0.00587425
0.00902512
-0.00237983
0.00892091
0.00127772
0.00860718
0.00498853
0.00808876
0.00867388
0.00737457
0.0122417
0.00648026
0.0155859
0.00541582
0.0186355
0.00421041
0.0212489
0.00290005
0.023354
0.00150433
0.0248838
8.06835e-05
0.0257248
-0.00135159
0.0258836
-0.00274099
0.0252834
-0.0040506
0.0239067
-0.00523483
0.0217637
-0.0062532
0.0188831
-0.00706743
0.0153224
-0.00764634
0.0111767
-0.00796419
0.00653904
-0.00800466
0.00156587
-0.00775467
-0.00358719
-0.00721617
-0.00871643
-0.00640753
-0.0136409
-0.00534626
-0.018155
-0.00407006
-0.0220403
-0.00262701
-0.0251023
-0.00107594
-0.02717
0.000516091
-0.0281089
0.00208942
-0.0278574
0.00356941
-0.0263286
0.0048836
-0.0235349
0.00596352
-0.0195615
0.00675694
-0.0145511
0.00721061
-0.00870049
0.00729939
-0.0022843
0.00700995
0.00440754
0.00634883
0.0109898
0.00534981
0.017111
0.00405397
0.0224261
0.00253753
0.0265541
0.000880251
0.0292282
-0.000791711
0.0302065
-0.00243243
0.0294981
-0.00391465
0.0269499
-0.00514351
0.0226654
-0.00604194
0.01688
-0.00654365
0.00990291
-0.00660423
0.00216695
-0.006226
-0.00583808
-0.00542167
-0.0135272
-0.00424835
-0.020376
-0.00278347
-0.0258257
-0.00114208
-0.0294236
0.000540084
-0.0308185
0.00216978
-0.0300223
0.00361162
-0.026874
0.00473917
-0.0215584
0.00546026
-0.0144692
0.00571501
-0.00616104
0.00548014
0.00267055
0.00477665
0.0112747
0.00367206
0.0188342
0.00226456
0.0246763
0.000698142
0.0281709
-0.000859468
0.0289214
-0.00230241
0.0270746
-0.00346933
0.0225259
-0.00423962
0.015757
-0.00453462
0.00746237
-0.00433225
-0.00147169
-0.00366351
-0.0100306
-0.00261402
-0.0172383
-0.00131647
-0.0222381
4.48519e-05
-0.0243778
0.00133035
-0.023539
0.00238545
-0.0198591
0.0030671
-0.0136851
0.00329471
-0.00587675
0.00304779
0.00249701
0.00237266
0.0102309
0.00138186
0.0161828
0.000234959
0.0194456
-0.000845234
0.0194885
-0.00177198
0.0167408
-0.00236507
0.0112567
-0.00253752
0.00404497
-0.00227409
-0.00368966
-0.00162928
-0.0106111
-0.000727743
-0.015482
0.000225941
-0.0173361
0.00110279
-0.016251
0.00173538
-0.0122277
0.0020028
-0.00605865
0.00187094
0.00096266
0.00138707
0.00739999
0.000668082
0.0119453
-9.78717e-05
0.0135937
-0.000760838
0.0122601
-0.00117264
0.00834482
-0.00124755
0.00283693
-0.000996043
-0.00278086
-0.000509638
-0.00706894
5.62475e-05
-0.0089273
0.000541093
-0.00798688
0.00080757
-0.00468553
0.000780016
-3.36749e-05
0.000475804
0.00445017
0.00725768
0.000158082
0.000362928
0.000548591
0.000646397
0.000732688
0.000591646
0.000495939
0.000718639
0.00159273
0.00235882
0.00313486
0.00386396
0.00455768
0.00517334
0.00571944
0.00616129
0.00651061
0.00674379
0.0068864
0.00693341
0.00689227
0.00675332
0.00652799
0.00621009
0.005806
0.0053235
0.00477109
0.00415757
0.00348711
0.00276249
0.00199148
0.00118301
0.000345858
-0.000510354
-0.0013769
-0.00224582
-0.00310787
-0.0039539
-0.00477271
-0.00555565
-0.00629214
-0.00697315
-0.00758811
-0.00812895
-0.00858263
-0.00893869
-0.0091961
-0.00934152
-0.00937301
-0.00928605
-0.00907862
-0.00875066
-0.00830284
-0.00773909
-0.0070629
-0.00628283
-0.00540435
-0.00443965
-0.00340033
-0.00230058
-0.00115884
5.66691e-06
0.0011775
0.00233323
0.00344856
0.00450525
0.00548075
0.00635389
0.00709601
0.00770319
0.00815008
0.00842277
0.00850971
0.00840924
0.00811403
0.00762864
0.00696112
0.00611682
0.00512427
0.00400073
0.00276918
0.00147025
0.000133299
-0.00120147
-0.00250043
-0.00372389
-0.00483028
-0.00578361
-0.00654436
-0.00708436
-0.0073838
-0.0074176
-0.0071865
-0.00668408
-0.00592389
-0.00493611
-0.00374682
-0.00239961
-0.000947783
0.000532383
0.00200299
0.00338979
0.00461652
0.00562899
0.00637057
0.00679336
0.00687369
0.00660095
0.00598059
0.00504395
0.00382842
0.00240822
0.000865048
-0.000703404
-0.0022379
-0.00362457
-0.00477289
-0.00561091
-0.00607742
-0.00613342
-0.00577885
-0.00502433
-0.00393098
-0.00256579
-0.00103066
0.000534153
0.00205547
0.00340192
0.00445443
0.00512543
0.00536064
0.00513666
0.00447508
0.00343903
0.00212085
0.00065378
-0.000796939
-0.00214548
-0.00323406
-0.0039501
-0.00422211
-0.00402899
-0.00340016
-0.0024174
-0.00120377
6.76944e-05
0.00126555
0.00225045
0.00288441
0.00309287
0.00285716
0.00222153
0.00129185
0.000215447
-0.000790385
-0.0016578
-0.00221085
-0.00237013
-0.0021216
-0.00151709
-0.000672147
0.000218361
0.00103697
0.00162723
0.00187403
0.0017467
0.00129061
0.000615358
-0.000101587
-0.000719889
-0.00110287
-0.00116947
-0.000930539
-0.000472784
5.86711e-05
0.000513268
0.000763093
0.000736092
0.000448753
)
;

boundaryField
{
    freeSurface
    {
        type            calculated;
        value           nonuniform List<scalar> 
181
(
0.0412191
0.0416965
0.0421797
0.0426691
0.0431635
0.0436665
0.044178
0.0446839
0.000217316
0.000435267
0.000621253
0.00103262
0.00138945
0.0019542
0.00254348
0.00327973
0.00407764
0.00496808
0.00591917
0.00690782
0.00793729
0.00899489
0.0100854
0.0111893
0.0122972
0.013386
0.0144349
0.0154318
0.0163614
0.0172144
0.0179786
0.0186414
0.0191782
0.0195816
0.0198334
0.0199292
0.0198629
0.0196132
0.0191887
0.0185617
0.0177511
0.0167316
0.015519
0.0141063
0.0125004
0.0107101
0.00874466
0.00663011
0.00437568
0.00201045
-0.000447253
-0.00295452
-0.00547999
-0.0079899
-0.0104543
-0.0128276
-0.0150616
-0.0171341
-0.0189902
-0.0205896
-0.0218852
-0.0228529
-0.0234425
-0.0236356
-0.0234024
-0.0227263
-0.0216077
-0.0200297
-0.018018
-0.0155821
-0.0127662
-0.00960587
-0.00614695
-0.00246676
0.00137819
0.00528374
0.00915927
0.0129092
0.0164302
0.019628
0.0223724
0.0245856
0.0261827
0.0270617
0.0272183
0.0265823
0.0251302
0.0228701
0.0198364
0.0160831
0.0117167
0.00683848
0.00159967
-0.00381829
-0.00921885
-0.0144011
-0.0191427
-0.0232296
-0.0264496
-0.0286219
-0.0295891
-0.029328
-0.0277154
-0.0247617
-0.020574
-0.0152927
-0.00912328
-0.00236463
0.00468028
0.0116102
0.0180476
0.0236416
0.0279743
0.0307714
0.0317749
0.0310326
0.0283365
0.0238137
0.017718
0.0103694
0.00222295
-0.00619265
-0.0142817
-0.0214693
-0.0271909
-0.0309588
-0.0323833
-0.0315436
-0.0282205
-0.022611
-0.0151402
-0.00639625
0.00289453
0.0119363
0.0198702
0.0259945
0.029638
0.0303721
0.0284231
0.0236145
0.016473
0.00773438
-0.0016648
-0.0106594
-0.0182211
-0.0234517
-0.0256493
-0.0247368
-0.020844
-0.014319
-0.00608522
0.00273272
0.0108665
0.0171125
0.020522
0.0204944
0.0176082
0.0118098
0.00420425
-0.00393819
-0.0112156
-0.0163269
-0.0182266
-0.0170696
-0.012818
-0.00630546
0.00108999
0.00785608
0.0126206
0.0143107
0.0128784
0.0087278
0.00290353
-0.00301979
-0.0075267
-0.00945876
-0.00844148
-0.00493536
-6.67363e-06
0.0047375
0.00770643
)
;
    }
    walls
    {
        type            calculated;
        value           uniform 0;
    }
    floatingObject
    {
        type            calculated;
        value           nonuniform List<scalar> 
37
(
-0.0295599
-0.0299061
-0.0302523
-0.0306027
-0.0309615
-0.0313203
-0.0316855
-0.0320549
-0.0324264
-0.0328043
-0.0331863
-0.0335726
-0.0339631
-0.0343578
-0.0347589
-0.035162
-0.0355736
-0.0359853
-0.0364053
0
0
0
0
0
0
0
0
0
0
0
0
0
0
8.47033e-22
0
0
0
)
;
    }
    frontAndBack
    {
        type            empty;
    }
}


// ************************************************************************* //
