/*--------------------------------*- C++ -*----------------------------------*\
  =========                 |
  \\      /  F ield         | OpenFOAM: The Open Source CFD Toolbox
   \\    /   O peration     | Website:  https://openfoam.org
    \\  /    A nd           | Version:  12
     \\/     M anipulation  |
\*---------------------------------------------------------------------------*/
FoamFile
{
    format      ascii;
    class       surfaceScalarField;
    location    "13.06";
    object      phi;
}
// * * * * * * * * * * * * * * * * * * * * * * * * * * * * * * * * * * * * * //

dimensions      [1 0 -1 0 0 0 0];

internalField   nonuniform List<scalar> 
7429
(
3.43634e-05
-3.43636e-05
7.1028e-05
-3.66648e-05
0.000108044
-3.7016e-05
0.000145148
-3.71049e-05
0.00018202
-3.68716e-05
0.000218293
-3.62739e-05
0.0002536
-3.53064e-05
0.000287601
-3.40022e-05
0.000319995
-3.23941e-05
0.000350515
-3.05204e-05
0.000378997
-2.84817e-05
0.000405333
-2.63366e-05
0.000429605
-2.42721e-05
0.000451956
-2.23515e-05
0.000472787
-2.08313e-05
0.00049259
-1.98027e-05
0.000512073
-1.94839e-05
0.000532028
-1.99551e-05
0.000553384
-2.13563e-05
0.000577107
-2.37224e-05
0.000604234
-2.71277e-05
0.000635796
-3.15619e-05
0.000672815
-3.70191e-05
0.000716212
-4.33976e-05
0.000766817
-5.06047e-05
0.000825326
-5.85096e-05
0.000892347
-6.70207e-05
0.000968287
-7.59408e-05
0.00105338
-8.50879e-05
0.00114772
-9.43463e-05
0.00125119
-0.000103472
0.00136348
-0.000112289
0.00148411
-0.000120632
0.00161239
-0.000128274
0.00174739
-0.000135002
0.00188803
-0.000140641
0.00203295
-0.000144922
0.00218089
-0.000147936
0.0023307
-0.00014981
0.00248142
-0.00015072
0.00263164
-0.000150223
0.00277915
-0.000147509
0.00292226
-0.000143106
0.00305896
-0.000136698
0.00318709
-0.000128133
0.00330479
-0.000117697
0.003409
-0.000104218
0.00349862
-8.96206e-05
0.00357086
-7.22338e-05
0.00362308
-5.22259e-05
0.00365319
-3.01029e-05
0.00365852
-5.33347e-06
0.0036358
2.27171e-05
0.00358451
5.12948e-05
0.00350422
8.02939e-05
0.00339413
0.000110084
0.00325444
0.000139694
0.00308522
0.000169222
0.00288733
0.000197885
0.00266131
0.00022602
0.00240873
0.000252578
0.00213056
0.000278169
0.00182893
0.000301633
0.00150599
0.000322937
0.00116449
0.000341507
0.000807609
0.000356879
0.000439007
0.000368602
6.25809e-05
0.000376426
-0.000316712
0.000379293
-0.000694507
0.000377796
-0.00106592
0.000371413
-0.00142558
0.000359656
-0.00176821
0.000342635
-0.00208859
0.000320375
-0.00238156
0.00029297
-0.0026415
0.000259941
-0.00286424
0.000222739
-0.00304483
0.000180592
-0.00317984
0.000135013
-0.00326581
8.59734e-05
-0.00330118
3.53661e-05
-0.00327728
-2.38983e-05
-0.00319441
-8.28748e-05
-0.00305458
-0.00013983
-0.00286047
-0.000194104
-0.00261478
-0.000245695
-0.0023215
-0.00029328
-0.00198484
-0.000336657
-0.00161042
-0.000374417
-0.00120493
-0.000405493
-0.000776267
-0.000428664
-0.000333342
-0.000442924
0.000114255
-0.000447597
0.000556352
-0.000442098
0.000982286
-0.000425934
0.00138133
-0.000399043
0.00174307
-0.000361744
0.0020574
-0.000314324
0.00231505
-0.000257651
0.00250811
-0.000193066
0.00262997
-0.000121851
0.00267597
-4.60086e-05
0.00263549
4.04835e-05
0.00251129
0.000124201
0.0023078
0.000203488
0.00203066
0.000277139
0.00168643
0.000344233
0.00128407
0.000402357
0.000835385
0.000448688
0.000353929
0.000481456
-0.000144544
0.000498473
-0.000642849
0.000498305
-0.00112332
0.000480471
-0.00156792
0.000444597
-0.00195915
0.00039123
-0.00228106
0.000321916
-0.00251961
0.000238544
-0.0026637
0.000144095
-0.00270629
4.25867e-05
-0.00263167
-7.46171e-05
-0.00244729
-0.000184377
-0.00216124
-0.000286059
-0.00178419
-0.000377041
-0.00132936
-0.000454834
-0.000815492
-0.000513868
-0.000263983
-0.000551509
0.000299466
-0.000563449
0.000849057
-0.000549591
0.00135776
-0.000508705
0.00180026
-0.000442497
0.00215326
-0.000353004
0.00239788
-0.000244622
0.00252083
-0.000122949
0.0025099
1.09341e-05
0.00236184
0.000148064
0.00209018
0.000271651
0.00171022
0.000379963
0.00124268
0.000467539
0.000714333
0.000528348
0.000157086
0.000557247
-0.000394579
0.000551665
-0.000905953
0.000511374
-0.00134401
0.000438058
-0.00168151
0.000337498
-0.00189715
0.00021564
-0.00197942
8.227e-05
-0.00191699
-6.24337e-05
-0.00172417
-0.000192816
-0.00142098
-0.000303186
-0.00103407
-0.000386912
-0.000597608
-0.000436463
-0.000150502
-0.000447106
0.000266664
-0.000417166
0.000616285
-0.000349621
0.000867121
-0.000250836
0.000997287
-0.000130165
0.000994019
3.26806e-06
0.000856828
0.000137191
0.000608159
0.000248669
0.000275435
0.000332723
-0.000104948
0.000380383
-0.000489531
0.000384583
-0.000834622
0.000345092
-0.00110151
0.000266883
-0.00126008
0.000158578
-0.00129407
3.39859e-05
-0.0011918
-0.00010227
-0.000975706
-0.000216094
-0.000673393
-0.000302313
-0.000323464
-0.000349929
2.9476e-05
-0.00035294
0.000338862
-0.000309386
0.000566552
-0.00022769
0.000686203
-0.000119651
0.000685697
5.053e-07
0.000569997
0.0001157
0.000366349
0.000203648
0.000110205
0.000256143
-0.000154781
0.000264986
-0.00038351
0.000228729
-0.000539202
0.000155693
-0.000598662
5.94594e-05
-0.000551468
-4.71936e-05
-0.000411416
-0.000140052
-0.000203925
-0.000207491
3.49769e-05
-0.000238902
0.000264501
-0.000229524
0.000448379
-0.000183878
0.000559966
-0.000111587
0.000586897
-2.69313e-05
0.000531106
5.5791e-05
0.000410056
0.00012105
0.000249912
0.000160143
8.2669e-05
0.000167243
-6.09306e-05
0.0001436
-0.000158685
9.77543e-05
-0.000197259
3.85739e-05
-0.000174436
-2.28229e-05
-0.00010169
-7.2746e-05
-0.00010169
9.67131e-05
-0.000131077
0.000198993
-0.000138946
0.000300852
-0.000138875
0.000401462
-0.000137715
0.000500091
-0.000135501
0.000596075
-0.000132258
0.00068867
-0.000127902
0.000777251
-0.000122583
0.000861195
-0.000116338
0.000940167
-0.000109493
0.00101393
-0.000102242
0.00108248
-9.48922e-05
0.00114614
-8.79336e-05
0.00120518
-8.13933e-05
0.00125977
-7.54154e-05
0.00131005
-7.00841e-05
0.00135628
-6.57164e-05
0.0013988
-6.24689e-05
0.00143811
-6.06709e-05
0.00147496
-6.05718e-05
0.00151038
-6.25514e-05
0.0015458
-6.69756e-05
0.00158292
-7.41477e-05
0.0016238
-8.42784e-05
0.00167005
-9.68547e-05
0.00172288
-0.000111332
0.00178276
-0.000126909
0.00184984
-0.00014302
0.00192334
-0.000158581
0.00200309
-0.000174102
0.00209059
-0.000190966
0.00218673
-0.000208435
0.00229173
-0.000225626
0.00240545
-0.000242
0.00252749
-0.000257044
0.00265726
-0.000270407
0.00279373
-0.000281387
0.00293563
-0.000289839
0.00308109
-0.00029527
0.00322778
-0.000297416
0.00337351
-0.000295947
0.00351656
-0.000290561
0.0036545
-0.000281042
0.003785
-0.000267205
0.00390569
-0.000248822
0.00401394
-0.00022594
0.00410805
-0.000198333
0.00418529
-0.000166855
0.00424378
-0.000130729
0.00428208
-9.05265e-05
0.00429884
-4.68589e-05
0.00428272
1.07868e-05
0.00423473
7.07075e-05
0.00415567
0.000130349
0.00404559
0.000190381
0.00390463
0.000251041
0.00373298
0.000311347
0.00353086
0.000371339
0.00329896
0.000429789
0.00303791
0.000487065
0.00274878
0.000541705
0.00243303
0.000593926
0.00209229
0.000642374
0.00172916
0.000686067
0.00134653
0.000724134
0.000947975
0.000755435
0.000537361
0.000779216
0.000119185
0.000794601
-0.000301606
0.000800085
-0.000719782
0.000795972
-0.00113014
0.000781769
-0.00152678
0.000756301
-0.00190387
0.000719725
-0.00225581
0.000672311
-0.00257674
0.000613903
-0.00286121
0.000544408
-0.00310386
0.000465393
-0.00330016
0.00037689
-0.00344546
0.000280314
-0.00353613
0.000176638
-0.00357026
6.95022e-05
-0.00353985
-5.43153e-05
-0.0034469
-0.000175818
-0.00329295
-0.000293783
-0.0030798
-0.000407256
-0.00281011
-0.000515385
-0.00248764
-0.000615748
-0.00211747
-0.000706824
-0.00170598
-0.000785905
-0.00126055
-0.000850925
-0.000790135
-0.00089908
-0.000304394
-0.000928666
0.000185788
-0.000937778
0.000669441
-0.000925751
0.00113465
-0.000891142
0.00156984
-0.000834236
0.00196357
-0.000755475
0.00230461
-0.000655367
0.00258278
-0.000535816
0.00278926
-0.000399543
0.00291676
-0.000249354
0.00296222
-9.14695e-05
0.00291262
9.00796e-05
0.00277354
0.000263279
0.00254851
0.000428522
0.00224232
0.000583329
0.00186246
0.000724096
0.00141921
0.000845609
0.000925432
0.000942461
0.000396655
0.00101023
-0.000150169
0.0010453
-0.000695909
0.00104405
-0.00122146
0.00100602
-0.00170662
0.000929758
-0.00213271
0.000817322
-0.00248188
0.000671081
-0.00273887
0.000495533
-0.00289187
0.000297097
-0.00293309
8.38123e-05
-0.00284941
-0.000158301
-0.0026482
-0.000385583
-0.00233682
-0.00059744
-0.00192578
-0.00078808
-0.00143047
-0.000950153
-0.000871817
-0.00107252
-0.00027338
-0.00114995
0.00033737
-0.0011742
0.000931054
-0.00114328
0.00147878
-0.00105643
0.00195314
-0.000916866
0.002328
-0.000727862
0.00258505
-0.000501667
0.00270739
-0.000245291
0.0026841
3.42282e-05
0.00251688
0.000315278
0.0022169
0.000571629
0.0018
0.000796869
0.00128913
0.000978407
0.000715348
0.00110213
0.000113014
0.00115958
-0.000478772
0.00114345
-0.00102349
0.00105609
-0.0014862
0.000900774
-0.00183651
0.000687803
-0.00205256
0.000431687
-0.00212222
0.000151929
-0.00203669
-0.00014796
-0.00181178
-0.000417725
-0.0014679
-0.000647064
-0.00103537
-0.00081944
-0.000552544
-0.000919293
-6.12772e-05
-0.000938373
0.000391478
-0.000869921
0.000767034
-0.000725178
0.00103151
-0.000515315
0.00116271
-0.000261363
0.00114524
2.0736e-05
0.000986475
0.000295959
0.000706478
0.000528666
0.000335561
0.000703641
-8.41501e-05
0.000800094
-0.000505342
0.000805775
-0.000880222
0.000719971
-0.00116639
0.00055305
-0.00133253
0.000324725
-0.0013599
6.13559e-05
-0.0012433
-0.000218878
-0.00100362
-0.000455767
-0.000671938
-0.000633999
-0.000291206
-0.000730661
8.87575e-05
-0.000732904
0.000418125
-0.000638754
0.000655633
-0.000465197
0.000773872
-0.00023789
0.00075924
1.51367e-05
0.000623699
0.000251242
0.000393842
0.000433505
0.000110072
0.000539913
-0.000179554
0.000554612
-0.000426276
0.000475452
-0.000590868
0.000320284
-0.000649667
0.000118258
-0.000594086
-0.000102774
-0.000439678
-0.00029446
-0.000215288
-0.000431881
3.93018e-05
-0.000493492
0.000280311
-0.000470534
0.000469531
-0.000373098
0.000579762
-0.000221818
0.000599609
-4.67781e-05
0.000533049
0.000122351
0.000400031
0.000254068
0.000228663
0.000331512
5.35413e-05
0.000342365
-9.39485e-05
0.000291089
-0.000191149
0.000194954
-0.000224954
7.23793e-05
-0.000194614
-5.31633e-05
-0.000112345
-0.000155014
-0.000214035
6.9875e-05
-0.000200952
0.000140158
-0.000209229
0.000208116
-0.000206834
0.000272345
-0.000201944
0.000331296
-0.000194453
0.000383547
-0.00018451
0.000426595
-0.000170951
0.00045779
-0.000153779
0.000472835
-0.000131382
0.000468525
-0.000105184
0.000442178
-7.58948e-05
0.000392169
-4.48836e-05
0.000315076
-1.08404e-05
0.000214122
1.95603e-05
9.8706e-05
3.99997e-05
-2.4905e-05
5.35265e-05
-0.000152137
6.15155e-05
-0.000282273
6.76661e-05
-0.000412526
6.9582e-05
-0.000539772
6.66739e-05
-0.000662503
6.0179e-05
-0.000778823
4.93443e-05
-0.000879833
2.68619e-05
-0.000950566
-1.35453e-05
-0.000988592
-5.88295e-05
-0.000995564
-0.00010436
-0.000972561
-0.000149912
-0.000919834
-0.000195747
-0.000837594
-0.000240822
-0.000725975
-0.000285721
-0.000587649
-0.000329292
-0.000424665
-0.000371419
-0.000239009
-0.000411283
-3.31104e-05
-0.000447898
0.00018969
-0.000479844
0.000427451
-0.000508167
0.000680056
-0.000533992
0.000946814
-0.000556598
0.00122447
-0.000572927
0.0015108
-0.000583741
0.00180126
-0.000586413
0.0020911
-0.000580396
0.00237641
-0.000566353
0.00265334
-0.000544137
0.00291949
-0.000514976
0.0031676
-0.000474042
0.00339761
-0.000428346
0.00360065
-0.000369901
0.00377512
-0.000305195
0.00392
-0.000235403
0.00402991
-0.000156775
0.00410735
-6.66488e-05
0.00414734
3.07175e-05
0.00414684
0.000130844
0.00410412
0.000233109
0.00401821
0.000336947
0.00388872
0.000440836
0.00371574
0.000544321
0.00349947
0.00064606
0.00324087
0.000745661
0.00294138
0.000841201
0.00260365
0.000931653
0.00223084
0.00101519
0.00182692
0.00108998
0.00139593
0.00115513
0.000942711
0.00120865
0.000472369
0.00124956
-9.0613e-06
0.00127603
-0.00049581
0.00128683
-0.000981049
0.00128121
-0.00145824
0.00125896
-0.00192025
0.0012183
-0.00235966
0.00115914
-0.00276977
0.00108243
-0.00314323
0.000987357
-0.00347327
0.000874446
-0.00375355
0.000745676
-0.00397807
0.000601415
-0.00414209
0.000444333
-0.00424047
0.000275016
-0.0042706
9.96296e-05
-0.00422344
-0.000101469
-0.00410292
-0.000296339
-0.00391058
-0.000486126
-0.00364755
-0.000670285
-0.003317
-0.000845938
-0.00292337
-0.00100938
-0.00247263
-0.00115756
-0.00197262
-0.00128591
-0.00143304
-0.00139051
-0.000864189
-0.00146793
-0.000278145
-0.00151471
0.0003125
-0.00152842
0.000894242
-0.00150749
0.00145237
-0.00144927
0.00197346
-0.00135533
0.00244326
-0.00122527
0.00284831
-0.00106042
0.00317679
-0.000864289
0.00341789
-0.000640651
0.00356494
-0.000396397
0.00360852
-0.000135052
0.0035412
0.000157401
0.00336779
0.000436691
0.00309135
0.00070496
0.00271712
0.00095756
0.00225465
0.00118657
0.00171648
0.00138378
0.00111878
0.00154016
0.00047965
0.00164936
-0.000179731
0.00170468
-0.000836368
0.00170068
-0.00146647
0.00163613
-0.00204711
0.0015104
-0.0025551
0.00132531
-0.0029702
0.00108618
-0.00327355
0.000798877
-0.0034501
0.000473653
-0.00348905
0.000122763
-0.00338368
-0.000263672
-0.00313934
-0.000629926
-0.00276375
-0.000973035
-0.00226865
-0.00128317
-0.00167525
-0.00154356
-0.00100681
-0.00174095
-0.000295732
-0.00186103
0.000429382
-0.00189931
0.00113116
-0.00184505
0.00177513
-0.00170039
0.00232861
-0.00147035
0.00276298
-0.00116223
0.0030526
-0.000791294
0.00318373
-0.000376419
0.0031397
7.82614e-05
0.0029284
0.000526576
0.00256086
0.000939173
0.00205581
0.00130192
0.00144365
0.00159057
0.00075972
0.00178606
4.66328e-05
0.00187267
-0.000648428
0.00183851
-0.00128186
0.00168952
-0.00181303
0.00143195
-0.00220635
0.00108112
-0.00243676
0.000662104
-0.00249032
0.000205487
-0.00236112
-0.000277157
-0.00206836
-0.000710487
-0.00163708
-0.00107835
-0.00110411
-0.0013524
-0.000517337
-0.00150607
7.21589e-05
-0.00152787
0.000611502
-0.00140926
0.00105199
-0.00116567
0.00135549
-0.000818811
0.00149361
-0.000399481
0.00145354
6.08002e-05
0.00124696
0.000502546
0.000896714
0.000878908
0.000441193
0.00115916
-6.80589e-05
0.00130935
-0.000573661
0.00131138
-0.00101867
0.00116498
-0.00135357
0.000887951
-0.00153954
0.000510695
-0.00155986
8.16703e-05
-0.00140998
-0.000368754
-0.0011149
-0.000750846
-0.000713868
-0.00103503
-0.000258879
-0.00118565
0.000188858
-0.00118064
0.000570381
-0.00102028
0.000837844
-0.00073266
0.000959938
-0.000359984
0.000923408
5.16672e-05
0.000745566
0.000429084
0.000458677
0.000720394
0.000112758
0.000885832
-0.000234101
0.000901471
-0.000524128
0.000765479
-0.000712316
0.000508473
-0.000772339
0.000178281
-0.00069852
-0.000176594
-0.000510204
-0.000482776
-0.000243882
-0.000698203
5.24249e-05
-0.000789799
0.000326931
-0.00074504
0.000536173
-0.000582339
0.000650749
-0.000336395
0.000660109
-5.61387e-05
0.000571791
0.00021067
0.000411161
0.000414698
0.000211815
0.000530859
1.39042e-05
0.000540275
-0.000149304
0.000454298
-0.000251741
0.000297391
-0.00028062
0.000101258
-0.000236941
-9.68425e-05
-0.000135106
-0.000256849
-0.000349141
0.000208427
-0.00040938
0.000422651
-0.000423452
0.000634151
-0.000418335
0.000839932
-0.000407725
0.00103614
-0.000390663
0.00122048
-0.000368851
0.00138879
-0.000339257
0.00154137
-0.000306358
0.00167453
-0.00026455
0.0017885
-0.00021915
0.00188138
-0.000168775
0.00195449
-0.000117996
0.00201147
-6.78154e-05
0.00205444
-2.34131e-05
0.00207193
2.25121e-05
0.00204837
7.70867e-05
0.0019868
0.00012308
0.00189332
0.000161142
0.00177967
0.000183233
0.00165505
0.000191291
0.00152889
0.000186345
0.00141182
0.000166412
0.00130824
0.00013044
0.00121473
7.99613e-05
0.00113263
2.3276e-05
0.00105591
-2.76406e-05
0.000986644
-8.06465e-05
0.000945033
-0.000154136
0.00093829
-0.000234079
0.000973136
-0.000320567
0.00104811
-0.00040427
0.0011639
-0.000487202
0.00131722
-0.000564605
0.00150566
-0.00063634
0.00172678
-0.000700965
0.00197601
-0.000757399
0.00224721
-0.000805188
0.0025335
-0.000842889
0.00283052
-0.000869943
0.00313259
-0.000885817
0.00343584
-0.000889664
0.00373683
-0.000881388
0.0040307
-0.000860215
0.00431304
-0.000826483
0.0045773
-0.000779234
0.00482301
-0.000719746
0.00504166
-0.000646999
0.00523364
-0.000561881
0.00539225
-0.000463806
0.00551291
-0.000356058
0.0055973
-0.000241167
0.00564546
-0.000114807
0.00563469
4.14855e-05
0.00557193
0.000193603
0.00546069
0.000344348
0.00530197
0.000495672
0.00509516
0.000647645
0.00483995
0.000799531
0.00453645
0.000949559
0.00418539
0.00109672
0.00378848
0.00123811
0.00334854
0.0013716
0.0028689
0.00149483
0.00235351
0.00160537
0.00180745
0.00170119
0.00123646
0.00177964
0.000646783
0.00183924
4.50239e-05
0.00187779
-0.000560876
0.00189273
-0.00116306
0.00188339
-0.00175385
0.00184976
-0.00232429
0.00178873
-0.00286542
0.00170027
-0.00336882
0.00158583
-0.00382596
0.00144449
-0.00422836
0.00127685
-0.00456812
0.00108543
-0.00483892
0.000872222
-0.00503417
0.000639575
-0.00514969
0.000390542
-0.00517742
0.000127351
-0.00511409
-0.000164795
-0.0049623
-0.000448131
-0.0047221
-0.000726327
-0.00439528
-0.000997096
-0.00398555
-0.00125567
-0.00349825
-0.00149668
-0.00294176
-0.00171405
-0.00232583
-0.00190184
-0.00166107
-0.00205527
-0.000961963
-0.00216704
-0.000241767
-0.00223491
0.00048226
-0.00225245
0.00119362
-0.00221886
0.00187562
-0.00213127
0.00251055
-0.00199025
0.00308135
-0.00179607
0.00357167
-0.00155074
0.00396743
-0.00126005
0.00425612
-0.00092934
0.00442543
-0.000565715
0.00446567
-0.000175291
0.004375
0.00024807
0.00415485
0.000656846
0.0038083
0.0010515
0.00334235
0.00142351
0.00276887
0.00176005
0.00210335
0.0020493
0.00136567
0.00227784
0.000579027
0.002436
-0.000230183
0.00251389
-0.00103463
0.00250513
-0.00180517
0.00240667
-0.00251127
0.00221651
-0.00312695
0.00194099
-0.00362665
0.00158588
-0.00398884
0.00116107
-0.0041969
0.000681705
-0.0042377
0.00016357
-0.00410123
-0.000400148
-0.00379782
-0.000933335
-0.00333333
-0.00143752
-0.00272593
-0.00189058
-0.00199893
-0.00227056
-0.0011842
-0.00255568
-0.000316503
-0.00272872
0.000560239
-0.00277605
0.00140597
-0.00269078
0.00217923
-0.00247366
0.00283964
-0.00213076
0.00335029
-0.00167288
0.00368661
-0.00112761
0.00382362
-0.000513427
0.00375276
0.000149122
0.0034824
0.000796936
0.00302234
0.00139924
0.00239858
0.00192568
0.00164757
0.00234158
0.000817574
0.00261605
-4.25148e-05
0.00273276
-0.00087705
0.00267305
-0.00163013
0.0024426
-0.0022535
0.00205532
-0.00270384
0.00153145
-0.00295346
0.00091172
-0.00298562
0.000237646
-0.00280029
-0.000462487
-0.00241677
-0.001094
-0.00186778
-0.00162734
-0.00120221
-0.00201797
-0.000476942
-0.00223134
0.000243963
-0.00224877
0.000896828
-0.00206213
0.00142249
-0.00169133
0.00177383
-0.00117015
0.00192195
-0.000547607
0.00185245
0.000130306
0.00158088
0.000774116
0.00113571
0.00132408
0.000567238
0.00172763
-6.21308e-05
0.00193872
-0.000680223
0.00192947
-0.00121786
0.00170262
-0.00161547
0.00128556
-0.00183034
0.000725571
-0.00183609
8.74149e-05
-0.00164066
-0.000564184
-0.0012703
-0.0011212
-0.000775245
-0.00153009
-0.000220875
-0.00174002
0.000316904
-0.00171842
0.000768438
-0.00147181
0.00107553
-0.00103975
0.00120258
-0.000487028
0.0011379
0.000116343
0.000902885
0.000664099
0.000539859
0.00108342
0.000111372
0.00131432
-0.000310607
0.00132345
-0.000657095
0.00111197
-0.000875374
0.000726752
-0.000935427
0.000238334
-0.00083556
-0.000276461
-0.000600636
-0.0007177
-0.000277746
-0.00102109
7.42056e-05
-0.00114175
0.000393479
-0.00106431
0.000629526
-0.000818385
0.000749845
-0.000456714
0.000745139
-5.14324e-05
0.000628259
0.00032755
0.000430985
0.000611972
0.00019503
0.000766814
-3.3255e-05
0.000768561
-0.000217406
0.000638449
-0.000326951
0.000406937
-0.000350132
0.000124438
-0.000290007
-0.000156967
-0.000163864
-0.000382991
-0.000513006
0.000488328
-0.000897709
0.000980988
-0.000916112
0.00146135
-0.000898699
0.00191818
-0.00086455
0.00233493
-0.000807414
0.00269672
-0.000730643
0.00297424
-0.000616783
0.00315488
-0.000486997
0.00319672
-0.000306392
0.0030999
-0.000122324
0.00286403
6.7093e-05
0.00254997
0.00019606
0.00215801
0.000324146
0.00169432
0.000440277
0.00117391
0.000542924
0.000623491
0.000627502
5.46049e-05
0.000691965
-0.000517526
0.000733273
-0.00108514
0.000750846
-0.00163737
0.000743526
-0.00216254
0.000711509
-0.00264664
0.000650511
-0.00308238
0.000566176
-0.00345706
0.000454646
-0.00376187
0.000328084
-0.00397356
0.000184055
-0.00407366
1.94442e-05
-0.0039988
-0.00022899
-0.00382143
-0.000411449
-0.00356432
-0.000577679
-0.00325684
-0.00071175
-0.00290946
-0.000834581
-0.00252397
-0.000950093
-0.00209754
-0.00106277
-0.00163156
-0.00116694
-0.00113047
-0.00125849
-0.000600767
-0.00133489
-4.81631e-05
-0.00139549
0.000519373
-0.00143748
0.00109413
-0.00146058
0.00167025
-0.00146578
0.00223869
-0.00144982
0.00278953
-0.00141106
0.00331685
-0.0013538
0.00381443
-0.00127681
0.00427866
-0.00118398
0.00469813
-0.00106647
0.00506929
-0.000933047
0.00538999
-0.000784502
0.00565612
-0.000622183
0.00585515
-0.000440203
0.00599293
-0.000252581
0.00607758
-4.31675e-05
0.00609971
0.000171473
0.00605399
0.000390071
0.00593826
0.0006114
0.00575269
0.000833211
0.00549782
0.0010544
0.00517527
0.00127211
0.00478792
0.00148407
0.00433984
0.00168619
0.00383467
0.00187677
0.00327785
0.00205165
0.00267543
0.00220779
0.00203339
0.00234323
0.00135909
0.00245394
0.000660598
0.00253773
-5.34621e-05
0.00259185
-0.00077415
0.00261342
-0.00149115
0.00260039
-0.00219438
0.002553
-0.00287261
0.00246696
-0.00351635
0.00234401
-0.00411437
0.00218385
-0.00465714
0.00198726
-0.0051338
0.00175352
-0.00553565
0.00148728
-0.00585319
0.00118976
-0.00607846
0.00086485
-0.00620541
0.00051749
-0.00623086
0.000152806
-0.0061446
-0.000251058
-0.00595245
-0.000640277
-0.00565393
-0.00102485
-0.00525095
-0.00140008
-0.00474765
-0.00175897
-0.00415207
-0.00209226
-0.00347305
-0.00239307
-0.00272219
-0.0026527
-0.00191575
-0.00286171
-0.00106661
-0.00301618
-0.000195492
-0.00310602
0.000678872
-0.00312681
0.00153765
-0.00307764
0.00235951
-0.00295313
0.00312272
-0.00275347
0.00380713
-0.00248048
0.00439305
-0.00213666
0.00486348
-0.00173048
0.00520166
-0.00126752
0.00539301
-0.000757062
0.00543278
-0.000215065
0.00531459
0.000366258
0.00504036
0.00093108
0.00461228
0.00147958
0.00403961
0.00199619
0.00333737
0.00246228
0.00252569
0.00286098
0.00162932
0.00317422
0.000675365
0.00338996
-0.00030292
0.00349217
-0.00127189
0.0034741
-0.00219855
0.00333333
-0.00304845
0.0030664
-0.00378444
0.00267698
-0.00437856
0.00218
-0.00480586
0.00158837
-0.00504388
0.000919728
-0.0050816
0.000201293
-0.00490931
-0.000572445
-0.00453379
-0.00130885
-0.00396584
-0.00200547
-0.00322925
-0.00262717
-0.00235039
-0.00314941
-0.00137142
-0.00353466
-0.000331299
-0.00376884
0.000718421
-0.00382577
0.00172692
-0.00369928
0.00264353
-0.00339027
0.00342009
-0.00290731
0.00401892
-0.00227172
0.004399
-0.0015077
0.00454724
-0.000661661
0.00444457
0.000251793
0.00410118
0.00114032
0.00353394
0.00196647
0.00277382
0.0026858
0.00186775
0.00324765
0.000868642
0.00361516
-0.000157837
0.00375924
-0.00114677
0.00366198
-0.00203288
0.00332871
-0.00275676
0.0027792
-0.00327017
0.00204486
-0.0035384
0.00117995
-0.00354417
0.000243414
-0.00329215
-0.0007145
-0.00280384
-0.00158231
-0.00212206
-0.00230912
-0.00130539
-0.00283465
-0.000424308
-0.00311242
0.000444009
-0.00311709
0.00122065
-0.00283877
0.0018392
-0.00230988
0.00224313
-0.00157407
0.00239895
-0.000703428
0.00229329
0.000235961
0.001944
0.00112341
0.00139081
0.00187726
0.00069363
0.00242482
-7.01394e-05
0.00270248
-0.000813547
0.00267288
-0.00145466
0.00234374
-0.00192069
0.00175158
-0.00216036
0.000965244
-0.00215268
7.9735e-05
-0.00190173
-0.000815133
-0.00144397
-0.00157896
-0.000841533
-0.00213253
-0.000176501
-0.00240505
0.000463952
-0.00235887
0.000992401
-0.00200026
0.0013426
-0.00138995
0.00147264
-0.000617064
0.0013746
0.000214373
0.00107353
0.000965171
0.000623957
0.001533
0.000102621
0.00183565
-0.000402667
0.00182874
-0.000810481
0.00151978
-0.00105966
0.000975931
-0.00111781
0.000296483
-0.000985837
-0.000408433
-0.000696989
-0.00100655
-0.000309564
-0.00140852
0.000104809
-0.00155612
0.000473005
-0.00143251
0.000737014
-0.00108239
0.000861823
-0.000581523
0.000839664
-2.92736e-05
0.000689812
0.000477402
0.000451504
0.000850279
0.00017555
0.00104277
-8.67939e-05
0.0010309
-0.000291129
0.000842784
-0.000407458
0.000523265
-0.000423883
0.000140863
-0.000345935
-0.000234915
-0.00019392
-0.000535007
-0.000706925
0.000501304
-0.00139901
0.0010055
-0.00142031
0.00151512
-0.00140832
0.00203304
-0.00138247
0.00255825
-0.00133262
0.0031066
-0.001279
0.00364234
-0.00115252
0.0042143
-0.00105896
0.00467893
-0.000771014
0.00507269
-0.000516089
0.00535738
-0.000217595
0.00550811
4.53319e-05
0.00544822
0.000384028
0.00520583
0.000682675
0.00480642
0.000942334
0.0042763
0.00115761
0.00364459
0.00132368
0.00294001
0.00143786
0.00218963
0.00150122
0.00142548
0.00150767
0.000677157
0.00145984
-2.32092e-05
0.00135088
-0.000656359
0.00119933
-0.0011835
0.000981791
-0.00160041
0.000744986
-0.00183737
0.000421018
-0.00194334
0.000125416
-0.00199134
-0.000180993
-0.00202856
-0.000374229
-0.00194999
-0.00065625
-0.0017784
-0.000883335
-0.00149201
-0.00112098
-0.00111368
-0.00132842
-0.000659977
-0.00151647
-0.000148971
-0.00167795
0.000404759
-0.00181222
0.000988489
-0.00191862
0.00159054
-0.00199754
0.00220079
-0.00204774
0.0028105
-0.00207028
0.00340941
-0.0020647
0.00399204
-0.00203245
0.00455323
-0.00197225
0.00508391
-0.00188447
0.00558037
-0.00177328
0.00603256
-0.00163616
0.00644074
-0.00147465
0.00679791
-0.00129022
0.00709343
-0.00108002
0.00733147
-0.000860223
0.00750786
-0.000616592
0.00761166
-0.000356384
0.00764941
-8.09212e-05
0.00760082
0.000220068
0.00748102
0.000509867
0.0072884
0.000804021
0.00702142
0.00110019
0.00667944
0.00139639
0.00626449
0.00168705
0.00577789
0.00197068
0.0052235
0.00224057
0.00460586
0.00249441
0.0039303
0.00272721
0.00320343
0.00293466
0.00243275
0.00311391
0.00162653
0.00326015
0.000793545
0.00337072
-5.60229e-05
0.00344142
-0.000910502
0.0034679
-0.00175857
0.00344845
-0.00258954
0.00338397
-0.00339124
0.00326866
-0.0041487
0.00310147
-0.00485312
0.00288826
-0.00548861
0.00262275
-0.00604547
0.00231038
-0.00651387
0.00195567
-0.00688084
0.00155673
-0.0071377
0.00112171
-0.00727666
0.000656456
-0.00729722
0.000173363
-0.00719139
-0.000356888
-0.00696021
-0.000871458
-0.00660231
-0.00138275
-0.00612075
-0.00188164
-0.00552193
-0.00235779
-0.00481431
-0.00279988
-0.00400953
-0.00319785
-0.00312224
-0.00353999
-0.00216811
-0.00381584
-0.00116618
-0.00401811
-0.000138963
-0.00413324
0.000891542
-0.00415732
0.00190264
-0.00408873
0.002868
-0.00391849
0.00376286
-0.00364832
0.00456335
-0.00328097
0.00524622
-0.00281954
0.00579068
-0.00227493
0.00617656
-0.0016534
0.00639032
-0.000970828
0.00643118
-0.000255926
0.00628014
0.000517299
0.00594478
0.00126645
0.0054292
0.00199516
0.00474602
0.00267937
0.00391165
0.00329665
0.00294987
0.00382276
0.00188926
0.00423483
0.000765161
0.00451405
-0.000388137
0.00464547
-0.00152928
0.00461524
-0.00261634
0.00442039
-0.00360894
0.004059
-0.00447146
0.00353949
-0.00516221
0.00287076
-0.0056514
0.00207755
-0.00591762
0.00118595
-0.00594477
0.000228445
-0.00573525
-0.000781966
-0.00528481
-0.00175929
-0.00461227
-0.00267801
-0.00373761
-0.00350184
-0.00270256
-0.00418446
-0.00154739
-0.00468982
-0.000333694
-0.00498254
0.000894057
-0.00505353
0.00206911
-0.00487432
0.00313245
-0.00445362
0.00402905
-0.00380391
0.00470803
-0.0029507
0.00513974
-0.00193941
0.00528646
-0.000808381
0.00514848
0.000389775
0.00472914
0.00155966
0.00404809
0.00264753
0.0031471
0.00358678
0.00207739
0.00431736
0.000906056
0.00478649
-0.000291271
0.00495656
-0.00143745
0.00480816
-0.00245805
0.00434931
-0.00328251
0.00360366
-0.00385745
0.00261981
-0.00413981
0.00146231
-0.00411579
0.000219392
-0.00379071
-0.00103957
-0.00319239
-0.00218064
-0.00237119
-0.00313033
-0.00139777
-0.00380806
-0.000357741
-0.00415245
0.00065897
-0.0041338
0.001564
-0.0037438
0.00227317
-0.00301905
0.00272891
-0.00202981
0.00288534
-0.000859861
0.00274034
0.00038096
0.00230997
0.00155378
0.00164161
0.00254563
0.0008096
0.00325682
-9.26948e-05
0.00360478
-0.00096395
0.00354413
-0.00170693
0.00308672
-0.00224158
0.00228623
-0.00250927
0.00123293
-0.00247672
4.71823e-05
-0.00216741
-0.00112445
-0.00161764
-0.00212873
-0.000902879
-0.00284729
-0.000118833
-0.0031891
0.000621581
-0.00309929
0.00122652
-0.0026052
0.001618
-0.00178143
0.00174911
-0.000748173
0.00161325
0.000350238
0.00124165
0.00133676
0.000701587
0.00207306
8.46558e-05
0.00245259
-0.000504252
0.00241765
-0.000972606
0.00198813
-0.00125084
0.00125417
-0.00130248
0.000348126
-0.0011349
-0.000576021
-0.000788634
-0.00135281
-0.000334719
-0.00186243
0.000142295
-0.00203314
0.000558443
-0.00184866
0.000848517
-0.00137247
0.000975013
-0.000708019
0.000932889
1.28503e-05
0.000748424
0.000661867
0.000468291
0.00113041
0.000152491
0.00135857
-0.000141711
0.00132511
-0.000364902
0.00106598
-0.000486648
0.000645011
-0.000495323
0.000149538
-0.000399438
-0.000330799
-0.000222412
-0.000712034
-0.000929337
0.00155683
-0.00295584
0.00313592
-0.0029994
0.00474995
-0.00302235
0.00641653
-0.00304905
0.00814809
-0.00306419
0.0099372
-0.0030681
0.0115718
-0.00278717
0.0128146
-0.0023017
0.012904
-0.000860431
0.0122877
0.00010016
0.0112467
0.000823447
0.00989317
0.00139886
0.00836295
0.00191425
0.00670311
0.00234251
0.00495803
0.00268742
0.00316957
0.00294607
0.00137146
0.00312179
-0.00040775
0.00321707
-0.00213928
0.00323275
-0.00379862
0.00316701
-0.00536703
0.00302825
-0.00678948
0.00277333
-0.00803808
0.00244793
-0.00905067
0.00199438
-0.00980621
0.00150053
-0.0102402
0.000855023
-0.0103965
0.000281685
-0.00986253
-0.000714954
-0.00914499
-0.00109177
-0.00829934
-0.0015019
-0.00742756
-0.00175511
-0.00652334
-0.00202521
-0.00558412
-0.00226764
-0.00461802
-0.00248257
-0.00363219
-0.00266378
-0.00263636
-0.00280806
-0.00163698
-0.002918
-0.000641379
-0.00299314
0.000341876
-0.00303099
0.001302
-0.00303041
0.00223132
-0.00299402
0.00312154
-0.00292266
0.00396415
-0.00281487
0.00475218
-0.0026725
0.00547616
-0.00249726
0.00613173
-0.00229174
0.00671579
-0.00205871
0.00722305
-0.00179748
0.00765436
-0.00151133
0.00799607
-0.00120193
0.00825067
-0.000871199
0.00841778
-0.000523494
0.00849467
-0.000157803
0.00849426
0.000220472
0.00839821
0.000605915
0.0082058
0.000996432
0.00792007
0.00138592
0.00754323
0.00177322
0.00707832
0.00215197
0.00652894
0.00252005
0.00590018
0.00286934
0.00519735
0.00319724
0.00442728
0.00349728
0.0035977
0.00376424
0.00271649
0.00399512
0.00179514
0.00418151
0.000843015
0.00432284
-0.000126531
0.00441097
-0.00110222
0.00444358
-0.0020705
0.00441673
-0.0030175
0.00433098
-0.00392861
0.00417976
-0.00479302
0.00396589
-0.00559104
0.00368628
-0.00631308
0.0033448
-0.00694373
0.00294103
-0.00747073
0.00248267
-0.0078813
0.0019673
-0.00817131
0.00141172
-0.00832878
0.000813923
-0.00833522
0.000179799
-0.00820684
-0.000485266
-0.00793354
-0.00114476
-0.00751533
-0.00180096
-0.0069566
-0.00244037
-0.00626382
-0.00305056
-0.00544585
-0.00361786
-0.00451919
-0.00412451
-0.00349682
-0.00456237
-0.0023985
-0.00491416
-0.00124994
-0.00516667
-7.19994e-05
-0.00531118
0.00110879
-0.00533811
0.00226546
-0.0052454
0.00336799
-0.00502102
0.0043884
-0.00466874
0.0052992
-0.00419176
0.00607411
-0.00359445
0.00668797
-0.00288879
0.00712071
-0.00208614
0.0073603
-0.00121042
0.00738782
-0.000283451
0.00720794
0.000697179
0.00681364
0.00166075
0.00621363
0.00259516
0.00542036
0.00347264
0.00445567
0.00426135
0.00334696
0.00493146
0.00212652
0.00545527
0.000835401
0.00580518
-0.000486292
0.00596716
-0.00179036
0.00591931
-0.00303208
0.00566211
-0.0041597
0.00518661
-0.00513482
0.00451462
-0.00591785
0.00365379
-0.00646897
0.00262867
-0.00676274
0.00147972
-0.00678056
0.000246264
-0.00652562
-0.00103691
-0.00600042
-0.00228449
-0.00521827
-0.00346016
-0.00421252
-0.00450759
-0.00302572
-0.00537125
-0.00170626
-0.00600929
-0.000311282
-0.00637751
0.00108024
-0.00644504
0.00240996
-0.00620405
0.00360949
-0.00565315
0.00461618
-0.00481061
0.00537867
-0.00371318
0.00584215
-0.00240288
0.00599571
-0.000961942
0.00581796
0.000567519
0.00532025
0.00205737
0.00452701
0.00344077
0.00348687
0.00462693
0.00226204
0.00554219
0.000924497
0.00612404
-0.000435519
0.00631658
-0.00173156
0.0061042
-0.00287762
0.00549538
-0.00379731
0.00452335
-0.00442482
0.00324732
-0.00471755
0.00175503
-0.00465987
0.000161709
-0.00426097
-0.00143847
-0.00355344
-0.00288817
-0.0025968
-0.00408697
-0.0014729
-0.00493196
-0.000277887
-0.00534746
0.000881469
-0.00529316
0.0019018
-0.00476413
0.00269884
-0.00381609
0.00319579
-0.00252676
0.00335382
-0.00101788
0.00316413
0.000570644
0.00264984
0.00206807
0.00186982
0.00332564
0.000909774
0.00421687
-0.000126529
0.00464108
-0.00111991
0.00453751
-0.0019605
0.00392731
-0.00255629
0.00288202
-0.00284197
0.00151861
-0.00278959
-5.1992e-06
-0.00241799
-0.00149605
-0.00177652
-0.00277019
-0.000953199
-0.00367062
-5.46436e-05
-0.00408765
0.000779184
-0.00393312
0.00145593
-0.00328194
0.00188398
-0.00220948
0.00201278
-0.000876976
0.00183705
0.000525969
0.00139562
0.0017782
0.000767216
0.00270146
5.74571e-05
0.00316234
-0.000608851
0.00308396
-0.0011322
0.00251148
-0.00143458
0.00155655
-0.00147757
0.000391111
-0.00127219
-0.000781401
-0.000869057
-0.00175594
-0.000351111
-0.00238038
0.00018494
-0.00256919
0.000644425
-0.00230814
0.000955806
-0.00168385
0.00108061
-0.000832819
0.00101723
7.62223e-05
0.000798219
0.000880882
0.000478757
0.00144987
0.000126263
0.00171106
-0.00019569
0.00164706
-0.000434332
0.00130462
-0.000558778
0.000769456
-0.000559282
0.000150043
-0.000446831
-0.000443251
-0.000247569
-0.000911295
-0.00117691
0.000575947
-0.00353179
0.00112043
-0.00354389
0.0017684
-0.00367032
0.00270975
-0.0039904
0.00427507
-0.0046295
0.00682812
-0.00562116
0.0104503
-0.00640932
0.0147749
-0.0066263
0.0161205
-0.00220609
0.0162421
-2.14511e-05
0.0157818
0.00128382
0.0149351
0.00224552
0.0137014
0.00314796
0.0121431
0.00390081
0.0103212
0.00450932
0.00829378
0.00497349
0.00613238
0.00528319
0.00389785
0.0054516
0.00164641
0.00548419
-0.000572335
0.00538575
-0.00269399
0.0051499
-0.00462492
0.00470426
-0.00632873
0.00415174
-0.00770452
0.00337017
-0.0087435
0.00253951
-0.00925421
0.00136574
-0.00925634
0.00028381
-0.00797036
-0.00200094
-0.00740282
-0.0016593
-0.00662692
-0.0022778
-0.00590831
-0.00247372
-0.00506464
-0.00286887
-0.00417029
-0.003162
-0.00320581
-0.00344705
-0.00219104
-0.00367854
-0.00114893
-0.00385017
-0.000103961
-0.00396297
0.000925658
-0.00402276
0.00192803
-0.00403337
0.00289351
-0.00399589
0.00381437
-0.00391488
0.00468749
-0.00379577
0.0055079
-0.00363529
0.00626607
-0.00343067
0.00696181
-0.00319301
0.00759018
-0.0029201
0.00814687
-0.0026154
0.00863351
-0.00228412
0.00903399
-0.00191181
0.00934798
-0.00151593
0.00957421
-0.00109742
0.00971474
-0.00066403
0.00975632
-0.000199383
0.00969873
0.00027806
0.00954539
0.000759259
0.00929513
0.00124669
0.00894611
0.00173495
0.00849994
0.00221938
0.00795922
0.00269268
0.00732731
0.00315197
0.00660908
0.00358757
0.00581064
0.00399568
0.00493936
0.00436856
0.00400385
0.00469975
0.00301449
0.00498448
0.0019808
0.00521521
0.000915567
0.00538807
-0.000170169
0.0054967
-0.0012599
0.00553331
-0.00233989
0.00549672
-0.00339554
0.00538663
-0.00441103
0.00519524
-0.00536985
0.00492471
-0.00625676
0.00457318
-0.00705596
0.004144
-0.00775566
0.00364073
-0.0083345
0.00306151
-0.00879172
0.00242452
-0.00910025
0.00172026
-0.00926208
0.000975751
-0.00927067
0.000188389
-0.0091197
-0.000636235
-0.00880759
-0.00145687
-0.00833337
-0.00227518
-0.00770324
-0.0030705
-0.00692363
-0.00383018
-0.00600609
-0.00453539
-0.00496685
-0.00516375
-0.00382399
-0.00570522
-0.00259767
-0.00614048
-0.00131353
-0.00645081
1.05819e-06
-0.00662577
0.00131715
-0.0066542
0.00260442
-0.00653266
0.00383025
-0.00624685
0.00496368
-0.00580218
0.00597369
-0.00520177
0.006829
-0.00444976
0.00750299
-0.00356278
0.00797712
-0.00256027
0.00823752
-0.00147082
0.00825353
-0.000299462
0.00804295
0.000907757
0.00759373
0.00210997
0.00691279
0.0032761
0.00601872
0.00436671
0.00493464
0.00534544
0.0036916
0.0061745
0.00232911
0.00681776
0.000886946
0.00724734
-0.000588122
0.00744223
-0.00203908
0.00737027
-0.00341817
0.00704121
-0.00467155
0.00643998
-0.00574486
0.00558793
-0.00660134
0.00451026
-0.00720413
0.00323147
-0.00751817
0.00179376
-0.00752839
0.000256485
-0.00723419
-0.00133111
-0.00663597
-0.00288271
-0.00575422
-0.00434191
-0.0046295
-0.00563231
-0.00329812
-0.00670263
-0.00183277
-0.00747464
-0.000291075
-0.00791921
0.00125739
-0.00799351
0.00272833
-0.007675
0.00405145
-0.00697627
0.00515595
-0.00591511
0.00597924
-0.00453647
0.00648322
-0.00290686
0.00662437
-0.00110309
0.0064106
0.000781286
0.00583758
0.00263039
0.00494193
0.00433642
0.0037749
0.00579396
0.00240817
0.00690892
0.000925847
0.00760636
-0.000582051
0.00782448
-0.00201233
0.00753447
-0.00326807
0.00675112
-0.00426624
0.00552151
-0.00493839
0.00391948
-0.00523929
0.00205593
-0.00514407
6.64795e-05
-0.0046747
-0.00190783
-0.00386494
-0.00369794
-0.00278362
-0.00516829
-0.00152373
-0.00619185
-0.00018931
-0.00668188
0.00109399
-0.00657646
0.00222046
-0.00589061
0.00308722
-0.00468284
0.0036223
-0.00306185
0.00377591
-0.00117149
0.00354155
0.000805002
0.00294904
0.00266058
0.002064
0.00421069
0.000984238
0.00529663
-0.000170571
0.00579589
-0.00127018
0.00563713
-0.00219642
0.00485354
-0.00284353
0.00352913
-0.00314355
0.00181863
-0.00306861
-8.01403e-05
-0.00263749
-0.00192716
-0.00191139
-0.00349629
-0.0009901
-0.00459191
-3.06091e-07
-0.00507745
0.0009276
-0.00486102
0.00166757
-0.00402191
0.00212582
-0.00266774
0.00224899
-0.00100014
0.00203391
0.00074105
0.00152672
0.00228538
0.00081791
0.00341028
2.29019e-05
0.00395735
-0.000709565
0.00381642
-0.00128017
0.00308208
-0.00160068
0.00187706
-0.00163208
0.000422515
-0.00138973
-0.00102375
-0.000933548
-0.00221212
-0.000357896
-0.00295603
0.000229404
-0.00315649
0.000724992
-0.00280373
0.00105224
-0.0020111
0.0011721
-0.000952675
0.00108688
0.000161438
0.00083586
0.0011319
0.0004817
0.00180403
9.79212e-05
0.00209484
-0.000245925
0.00199091
-0.00049578
0.00155447
-0.000620641
0.000894317
-0.000612616
0.000142018
-0.000485363
-0.000570504
-0.000267787
-0.00112887
-0.00144469
0.00131729
-0.00484908
0.00264292
-0.00486952
0.00441609
-0.00544348
0.00744435
-0.00701866
0.0128744
-0.0100596
0.0212697
-0.0140164
0.031519
-0.0166586
0.040455
-0.0155622
0.0419109
-0.00366206
0.0391762
0.00271329
0.0336213
0.00683873
0.0274466
0.00842019
0.0214504
0.0091441
0.0159669
0.00938438
0.0110162
0.00945996
0.00654458
0.00944514
0.00244777
0.00937999
-0.00137534
0.00927471
-0.0050136
0.00912246
-0.00855434
0.00892649
-0.0120274
0.008623
-0.0153793
0.00805614
-0.0185703
0.00734267
-0.0213684
0.00616831
-0.0235417
0.00471279
-0.024366
0.00219005
-0.0234611
-0.000621102
-0.0190911
-0.00637093
-0.01525
-0.00550038
-0.0126871
-0.00484075
-0.010747
-0.00441383
-0.00903703
-0.0045788
-0.00735136
-0.00484766
-0.0057402
-0.00505821
-0.00418892
-0.00522982
-0.00272803
-0.00531107
-0.00133145
-0.00535955
-3.85138e-07
-0.00535382
0.00128214
-0.00531589
0.00250012
-0.00521387
0.00364082
-0.00505558
0.00470646
-0.00486141
0.00569074
-0.00461957
0.00659266
-0.00433259
0.00741731
-0.00401766
0.00815432
-0.00365711
0.0087997
-0.00326078
0.00934903
-0.00283345
0.00980755
-0.00237033
0.0101685
-0.00187687
0.010424
-0.0013529
0.0105707
-0.000810755
0.0106171
-0.000245737
0.0105599
0.000335214
0.010392
0.000927178
0.0101138
0.00152483
0.00972797
0.00212082
0.00923574
0.00271161
0.00864068
0.00328775
0.00794684
0.00384581
0.00715992
0.00437449
0.00628647
0.00486913
0.00533454
0.00532049
0.00431354
0.00572075
0.00323381
0.0060642
0.00210732
0.0063417
0.000946814
0.00654857
-0.000232364
0.00667588
-0.00141706
0.00671801
-0.00259006
0.00666972
-0.00373567
0.00653224
-0.00483612
0.0062957
-0.00587306
0.00596165
-0.00683433
0.00553445
-0.00769835
0.00500802
-0.00844711
0.0043895
-0.00907699
0.00369139
-0.00955672
0.00290425
-0.00989396
0.0020575
-0.0100586
0.0011404
-0.0100637
0.000193511
-0.00989107
-0.0008089
-0.00954373
-0.00180421
-0.00902052
-0.00279839
-0.00832819
-0.00376283
-0.00747343
-0.00468494
-0.00647267
-0.00553615
-0.00533797
-0.00629845
-0.00409005
-0.00695315
-0.00275469
-0.00747584
-0.00135655
-0.00784894
7.44448e-05
-0.00805677
0.00150521
-0.00808497
0.00290321
-0.00793066
0.00423365
-0.00757729
0.00546165
-0.00703017
0.00655248
-0.00629259
0.00747369
-0.00537097
0.00820309
-0.00429219
0.00871115
-0.00306832
0.0089759
-0.00173557
0.00898885
-0.000312414
0.00874505
0.00115155
0.00824656
0.00260846
0.00749726
0.00402541
0.00651641
0.00534756
0.00532979
0.00653206
0.0039722
0.00753208
0.002483
0.00830696
0.000910077
0.00882026
-0.000689627
0.00904194
-0.00226478
0.00894542
-0.0037561
0.00853253
-0.00511047
0.00779435
-0.00627325
0.00675072
-0.00719159
0.0054286
-0.00782945
0.00386933
-0.00815994
0.00212424
-0.00816206
0.000258615
-0.0078262
-0.00166697
-0.00716117
-0.00354774
-0.00619756
-0.00530551
-0.00496405
-0.00686582
-0.00351999
-0.00814669
-0.00191829
-0.00907634
-0.000249552
-0.00958795
0.00142283
-0.00966589
0.00300931
-0.00926148
0.00443076
-0.00839772
0.00561288
-0.00709723
0.00649199
-0.00541558
0.00701551
-0.00343039
0.00715473
-0.00124231
0.00689987
0.00103615
0.00626389
0.00326637
0.00527863
0.00532168
0.00400191
0.00707068
0.00250994
0.00840089
0.000901393
0.0092149
-0.00072499
0.00945086
-0.00226162
0.0090711
-0.0036083
0.00809781
-0.00467024
0.00658344
-0.00537437
0.00462362
-0.00567491
0.00235647
-0.00554804
-6.03943e-05
-0.00501346
-0.00244241
-0.00411363
-0.00459776
-0.00292486
-0.00635706
-0.00154854
-0.00756818
-9.13953e-05
-0.00813902
0.00129024
-0.00795809
0.00250105
-0.00710142
0.00342797
-0.00560977
0.00398681
-0.00362069
0.00413155
-0.00131623
0.00385551
0.00108104
0.00319293
0.00332317
0.00221652
0.00518709
0.00103582
0.00647733
-0.000219121
0.00705084
-0.00140933
0.00682733
-0.00240223
0.00584644
-0.00309035
0.00421726
-0.00339917
0.00212745
-0.00329986
-0.000179455
-0.00281479
-0.00241223
-0.00201439
-0.00429668
-0.00100912
-0.00559719
6.35358e-05
-0.0061501
0.00106251
-0.00585999
0.00185239
-0.00481179
0.00233285
-0.0031482
0.00244651
-0.0011138
0.00219491
0.000992652
0.00162979
0.0028505
0.000852747
0.00418732
-4.10814e-06
0.00481421
-0.00080047
0.00461278
-0.00140891
0.00369053
-0.00174139
0.00220953
-0.00175942
0.00044054
-0.00148263
-0.00130054
-0.000979881
-0.00271487
-0.000355448
-0.00358046
0.000273338
-0.00378527
0.000796166
-0.00332656
0.00113288
-0.00234782
0.00124502
-0.00106481
0.00113892
0.000267534
0.000859799
0.00141102
0.000476942
0.00218689
6.86883e-05
0.00250309
-0.00029075
0.00235034
-0.000546812
0.00181054
-0.000669506
0.00101701
-0.000653302
0.000125814
-0.000514025
-0.000709781
-0.000282482
-0.00136041
-0.00172718
-0.00082205
-0.00402703
-0.00215926
-0.00353231
-0.00394214
-0.0036606
-0.00588545
-0.00507536
-0.00682947
-0.00911555
-0.00436489
-0.016481
0.00628951
-0.027313
0.0278367
-0.0371094
0.0214121
0.00276258
0.0171319
0.0069934
0.0143921
0.0095786
0.0122026
0.0106096
0.0102766
0.0110701
0.008408
0.011253
0.0064716
0.0113964
0.00439249
0.0115242
0.00214119
0.0116313
-0.000279516
0.0116954
-0.00284541
0.0116884
-0.00553292
0.011614
-0.00833303
0.0114231
-0.0113536
0.0110767
-0.0146423
0.0106314
-0.0184225
0.00994853
-0.0228001
0.00909041
-0.0282816
0.00767154
-0.0345556
0.00565286
-0.0176586
-0.0232679
-0.00992927
-0.0132297
-0.00799116
-0.00677886
-0.00711991
-0.00528508
-0.00664019
-0.00505852
-0.00562155
-0.0058663
-0.00442024
-0.00625952
-0.00295599
-0.00669407
-0.00149469
-0.00677236
-5.51437e-05
-0.00679909
0.00129219
-0.00670116
0.00253951
-0.00656321
0.00369911
-0.00637347
0.004792
-0.00614847
0.00580119
-0.00587061
0.00674469
-0.00556306
0.00761241
-0.00520031
0.00839687
-0.00480213
0.0091019
-0.00436213
0.00972276
-0.00388164
0.0102582
-0.0033689
0.0106925
-0.00280466
0.0110299
-0.00221419
0.0112676
-0.00159063
0.0113969
-0.000940024
0.0114171
-0.000265949
0.0113264
0.000425833
0.0111237
0.0011299
0.0108081
0.00184043
0.0103801
0.00254882
0.00984149
0.00325025
0.00919565
0.00393359
0.00844633
0.00459512
0.00759975
0.00522107
0.00666265
0.00580622
0.00564357
0.00633957
0.00455267
0.00681165
0.00340072
0.00721615
0.00220016
0.00754226
0.000964863
0.00778387
-0.000290437
0.00793118
-0.00154924
0.00797682
-0.00279457
0.00791505
-0.00400952
0.00774719
-0.00517579
0.00746197
-0.00627487
0.00706074
-0.00728873
0.00654831
-0.00820436
0.00592365
-0.0089987
0.00518384
-0.00965336
0.00434604
-0.0101652
0.00341606
-0.0105089
0.00240123
-0.010686
0.00131752
-0.0106755
0.000183022
-0.0104884
-0.000996036
-0.010113
-0.00217962
-0.00955084
-0.00336053
-0.00880897
-0.0045047
-0.00789576
-0.00559815
-0.00682572
-0.00660619
-0.00561475
-0.00750942
-0.00428339
-0.00828451
-0.00286354
-0.00889569
-0.00137567
-0.00933681
0.00014626
-0.0095787
0.00166707
-0.00960578
0.00315029
-0.00941389
0.00456094
-0.00898794
0.00586051
-0.00832974
0.00701342
-0.00744551
0.00798896
-0.00634651
0.00875509
-0.00505831
0.00928683
-0.00360007
0.00955912
-0.00200786
0.009566
-0.000319298
0.00929663
0.00142093
0.00875029
0.00315479
0.00794475
0.00483094
0.00689341
0.0063989
0.0056251
0.00780037
0.00417589
0.0089813
0.00258851
0.00989434
0.000916379
0.0104924
-0.000782147
0.0107405
-0.00245262
0.0106159
-0.00403364
0.0101135
-0.00546448
0.00922518
-0.00668897
0.00797521
-0.0076575
0.00639714
-0.00832584
0.00453767
-0.00866111
0.00245951
-0.00864404
0.000241554
-0.00827481
-0.00203621
-0.00756312
-0.00425942
-0.00652799
-0.00634065
-0.00521009
-0.00818372
-0.00367374
-0.00968304
-0.0019768
-0.0107733
-0.000194358
-0.0113704
0.00156723
-0.0114275
0.00323936
-0.0109336
0.00473506
-0.00989342
0.00597514
-0.00833731
0.0068899
-0.00633033
0.00742773
-0.00396821
0.00755872
-0.0013733
0.00727091
0.00132395
0.00657897
0.00395831
0.00551869
0.00638196
0.00415621
0.00843317
0.00257417
0.00998293
0.000864658
0.0109244
-0.000855224
0.0111707
-0.0024744
0.0106903
-0.00388541
0.00950882
-0.0049921
0.00769013
-0.00571821
0.00534973
-0.00601065
0.00264891
-0.00585424
-0.000216804
-0.00526594
-0.00303072
-0.00429251
-0.00557119
-0.00301617
-0.0076334
-0.00154755
-0.0090368
-1.58313e-05
-0.00967074
0.00145786
-0.00943178
0.00273366
-0.00837721
0.00370164
-0.00657775
0.00427717
-0.00419622
0.00441092
-0.00144997
0.00409713
0.00139482
0.00337526
0.00404504
0.00232462
0.00623773
0.00106454
0.0077374
-0.000267762
0.00838314
-0.00152576
0.00808533
-0.00257046
0.00689114
-0.00328691
0.00493371
-0.00359656
0.0024371
-0.00347461
-0.000301411
-0.0029442
-0.00294264
-0.00208324
-0.00515764
-0.0010128
-0.00666763
0.000125639
-0.00728854
0.0011774
-0.00691175
0.00200287
-0.00563727
0.0024964
-0.00364173
0.00259973
-0.00121713
0.00231551
0.00127688
0.00170214
0.00346387
0.000869975
0.00501948
-3.93249e-05
0.00572351
-0.000878852
0.00545231
-0.00151356
0.00432524
-0.00185138
0.00254735
-0.00185507
0.000444226
-0.00154829
-0.00160732
-0.00100742
-0.00325574
-0.000345425
-0.00424246
0.000313558
-0.00444426
0.000854455
-0.00386746
0.00119477
-0.00268813
0.00129714
-0.00116717
0.00117187
0.000392808
0.000869666
0.00171322
0.000465215
0.00259134
3.98579e-05
0.00292845
-0.000328277
0.00271848
-0.000586055
0.00206831
-0.000704542
0.0011355
-0.00068066
0.000101933
-0.000532253
-0.000858188
-0.000291463
-0.0016012
-0.00201864
0.000113993
-0.00414102
0.000228192
-0.00364651
0.000426125
-0.00385853
0.000519589
-0.00516882
0.00093105
-0.00952701
0.00286165
-0.0184116
0.0105047
-0.0349561
0.0292701
-0.0558747
0.0191446
0.013099
0.00948772
0.00675469
0.00432567
0.00192309
-0.000495337
-0.00294694
-0.00545347
-0.00806062
-0.0108414
-0.013865
-0.0172497
-0.0211529
-0.0256763
-0.0310583
-0.0374779
-0.0454958
-0.0557155
-0.0371215
-0.041862
-0.0259883
-0.024363
-0.018462
-0.0143052
-0.0131262
-0.0106208
-0.00930853
-0.00887622
-0.00640709
-0.00876774
-0.00422833
-0.00843827
-0.0024755
-0.00844691
-0.000982545
-0.00826531
0.000382982
-0.00816462
0.00167948
-0.00799766
0.00291258
-0.00779631
0.00409459
-0.00755548
0.00520702
-0.0072609
0.00625263
-0.00691621
0.00721839
-0.00652882
0.00811221
-0.00609414
0.00892639
-0.0056163
0.00965241
-0.00508815
0.0102884
-0.00451762
0.0108219
-0.00390245
0.0112638
-0.00324651
0.0115996
-0.00255
0.0118298
-0.00182078
0.0119491
-0.00105934
0.0119552
-0.000272085
0.0118467
0.00053436
0.0116214
0.00135522
0.0112796
0.00218216
0.010822
0.00300646
0.0102504
0.00382182
0.00956836
0.00461565
0.00877976
0.00538373
0.00789092
0.00610991
0.00690885
0.0067883
0.00584267
0.00740575
0.00470261
0.00795171
0.00349995
0.00841881
0.00224809
0.00879412
0.000960955
0.009071
-0.000346182
0.00923832
-0.00165575
0.00928639
-0.00295113
0.00921043
-0.00421448
0.00901053
-0.00542634
0.00867383
-0.00656734
0.00820174
-0.00762006
0.00760102
-0.00856388
0.00686747
-0.00938413
0.00600408
-0.010065
0.00502687
-0.010588
0.00393913
-0.010942
0.00275519
-0.0111187
0.00149426
-0.011104
0.000168298
-0.0109014
-0.00119861
-0.0105025
-0.00257853
-0.00991274
-0.00395031
-0.00913502
-0.00528241
-0.00817908
-0.00655409
-0.0070607
-0.00772457
-0.00579538
-0.00877475
-0.00440767
-0.00967221
-0.00292107
-0.0103823
-0.00137313
-0.0108847
0.00021182
-0.0111636
0.00179456
-0.0111885
0.00333814
-0.0109575
0.00480286
-0.0104527
0.00615222
-0.00967909
0.00734891
-0.0086422
0.00835905
-0.00735665
0.00914836
-0.00584762
0.00969448
-0.00414618
0.00996846
-0.00228184
0.00996746
-0.000318294
0.00967745
0.00171094
0.00910127
0.00373097
0.00824787
0.00568435
0.00714311
0.00750366
0.00581513
0.00912834
0.00429921
0.0104972
0.00264681
0.0115467
0.000908749
0.0122305
-0.000860796
0.01251
-0.00259886
0.012354
-0.00423877
0.0117535
-0.00572097
0.0107074
-0.00698668
0.00924092
-0.00798286
0.00739332
-0.00866763
0.00522243
-0.00900553
0.00279741
-0.00897673
0.000212761
-0.00858443
-0.00242852
-0.00783041
-0.00501344
-0.00674092
-0.00743013
-0.00536826
-0.00955639
-0.00375786
-0.0112934
-0.00199818
-0.012533
-0.000153813
-0.0132148
0.0016797
-0.013261
0.00341229
-0.0126662
0.00495685
-0.011438
0.00623178
-0.00961224
0.00716773
-0.00726629
0.00771186
-0.00451235
0.00782936
-0.0014908
0.00751385
0.00163946
0.00677695
0.00469522
0.00566596
0.00749295
0.00423994
0.00985918
0.00258535
0.0116375
0.000816076
0.0126937
-0.000966214
0.012953
-0.00263964
0.0123637
-0.00409146
0.0109606
-0.00522439
0.00882305
-0.00595775
0.0060831
-0.00624243
0.00293359
-0.00605904
-0.000400203
-0.00542538
-0.00366437
-0.00439599
-0.00660057
-0.00305967
-0.00896972
-0.00152299
-0.0105735
7.00402e-05
-0.0112638
0.00159506
-0.0109568
0.00291157
-0.00969373
0.00390525
-0.00757144
0.00448584
-0.0047768
0.00460578
-0.00156991
0.00426174
0.00173887
0.0034928
0.00481397
0.00238954
0.007341
0.00107425
0.00905269
-0.000313983
0.00977138
-0.00161703
0.00938838
-0.00269417
0.00796829
-0.00342579
0.00566532
-0.00373291
0.00274423
-0.00358998
-0.00044434
-0.0030239
-0.00350873
-0.00211831
-0.00606323
-0.000998262
-0.00778767
0.000182264
-0.00846907
0.00126846
-0.00799794
0.00211517
-0.00648398
0.00261335
-0.00413992
0.00270483
-0.00130861
0.00239366
0.00158805
0.00174344
0.00411408
0.000871038
0.00589189
-7.43606e-05
0.00666891
-0.000941469
0.00631942
-0.00159086
0.00497463
-0.00192823
0.00288472
-0.00191747
0.000433463
-0.00158625
-0.00193853
-0.00101695
-0.00382504
-0.000328622
-0.00493078
0.000348503
-0.00512138
0.000897988
-0.00441694
0.00123604
-0.00302619
0.00132739
-0.00125852
0.00118583
0.000534366
0.000866377
0.00203267
0.000447684
0.00301003
1.23217e-05
0.00336381
-0.00035769
0.00308849
-0.00061284
0.00232346
-0.000725564
0.00124822
-0.000694985
7.13535e-05
-0.000540376
-0.0010128
-0.000294995
-0.00184659
-0.00231363
0.00419039
-0.00833141
0.00872801
-0.00818413
0.0135929
-0.00872342
0.0185979
-0.0101738
0.0224407
-0.0133698
0.0233592
-0.0193301
0.015951
-0.027548
-0.0399237
-0.0133775
-0.0284845
-0.0180085
-0.0197319
-0.0162072
-0.0161065
-0.0134047
-0.0134232
-0.0100792
-0.0122017
-0.00734573
-0.0115013
-0.00486928
-0.0109147
-0.00278604
-0.0105302
-0.000901865
-0.0101495
0.000743029
-0.00980952
0.00220324
-0.00945787
0.00352225
-0.00911532
0.00472228
-0.00875551
0.00582043
-0.00835905
0.00683756
-0.00793334
0.00777575
-0.007467
0.00863747
-0.00695586
0.00941677
-0.0063956
0.0101141
-0.00578549
0.0107241
-0.00512763
0.0112418
-0.00442015
0.0116623
-0.00366704
0.0119821
-0.00286971
0.0121946
-0.00203335
0.0122969
-0.00116165
0.0122862
-0.000261354
0.0121592
0.000661327
0.0119153
0.0015992
0.0115532
0.00254421
0.0110741
0.00348556
0.0104797
0.00441626
0.00977326
0.00532206
0.0089593
0.00619768
0.00804404
0.00702517
0.00703458
0.00779776
0.00593993
0.0085004
0.00477082
0.00912081
0.00353841
0.00965122
0.00225675
0.0100758
0.00093976
0.010388
-0.000396624
0.0105747
-0.0017353
0.0106251
-0.00305789
0.010533
-0.00434656
0.0102992
-0.0055819
0.00990917
-0.00674453
0.00936437
-0.00781594
0.00867243
-0.00877716
0.00782869
-0.00961262
0.00683954
-0.0103011
0.0057154
-0.0108309
0.00446889
-0.0111883
0.00311256
-0.011361
0.00166695
-0.0113429
0.000150269
-0.0111298
-0.00141176
-0.010717
-0.00299134
-0.0101079
-0.00455941
-0.00930737
-0.00608292
-0.00832485
-0.00753661
-0.00717468
-0.00887474
-0.00588086
-0.0100686
-0.00446018
-0.0110929
-0.00294057
-0.0119019
-0.0013501
-0.0124752
0.000268687
-0.0127824
0.00188591
-0.0128057
0.00346225
-0.0125338
0.00495815
-0.0119486
0.00633365
-0.0110546
0.00755483
-0.00986338
0.00858186
-0.00838368
0.00938343
-0.0066492
0.00993277
-0.00469552
0.010209
-0.00255808
0.0101955
-0.00030477
0.0098904
0.00201603
0.00929238
0.00432899
0.00841449
0.00656223
0.00727668
0.00864148
0.00591124
0.0104938
0.00435867
0.0120498
0.00266553
0.0132399
0.000884716
0.0140113
-0.000926428
0.0143212
-0.00269906
0.0141266
-0.00437136
0.0134258
-0.00588052
0.0122165
-0.00716548
0.0105259
-0.00817502
0.00840287
-0.00886265
0.00591006
-0.00919748
0.00313223
-0.00916014
0.000175426
-0.00874555
-0.00284311
-0.00796439
-0.0057946
-0.00684376
-0.00855077
-0.0054347
-0.0109654
-0.00378826
-0.0129399
-0.00198521
-0.014336
-0.000105732
-0.0150942
0.00176158
-0.0151283
0.0035248
-0.0144294
0.00509165
-0.0130048
0.00638176
-0.0109023
0.00732342
-0.00820795
0.00786274
-0.00505166
0.0079692
-0.00159726
0.00763195
0.0019767
0.00686852
0.00545864
0.00571896
0.00864251
0.00425568
0.0113225
0.00256923
0.013324
0.000759509
0.0145034
-0.00105615
0.0147687
-0.00275457
0.0140621
-0.0042245
0.0124306
-0.00536444
0.00996299
-0.00609633
0.00681499
-0.00636611
0.00320337
-0.00615926
-0.000607054
-0.00549567
-0.00432796
-0.00442976
-0.00766649
-0.00305174
-0.0103477
-0.00148526
-0.0121399
0.00014684
-0.0128959
0.00169844
-0.0125084
0.00303361
-0.0110289
0.00403497
-0.0085728
0.00461315
-0.00535498
0.00471866
-0.00167542
0.00435044
0.00210709
0.00355013
0.00561428
0.00241288
0.00847825
0.00105996
0.0104056
-0.000354501
0.0111858
-0.00168082
0.0107147
-0.00277166
0.00905913
-0.00350689
0.00640055
-0.00380706
0.0030444
-0.00364597
-0.000605427
-0.0030548
-0.0040999
-0.00211956
-0.00699846
-0.000972669
-0.00893457
0.000231449
-0.00967319
0.00133387
-0.00910037
0.00218816
-0.00733826
0.00268345
-0.00463521
0.00276241
-0.00138757
0.0024308
0.00191966
0.00175565
0.00478924
0.000858653
0.00678888
-0.000106648
0.00763421
-0.000986542
0.00719931
-0.00164012
0.00562821
-0.00197191
0.00321651
-0.00194746
0.000409016
-0.00159808
-0.00228792
-0.0010104
-0.00441273
-0.000307671
-0.00563351
0.0003764
-0.00580545
0.000925926
-0.00496647
0.00125732
-0.00335758
0.00133687
-0.00133807
0.00118202
0.00068922
0.000851238
0.00236345
0.000425742
0.00343553
-9.41564e-06
0.00379897
-0.00037866
0.00345773
-0.000627821
0.00257262
-0.000733459
0.00135386
-0.000697153
3.50468e-05
-0.000539508
-0.00117044
-0.00029368
-0.00209241
-0.00260731
0.00239158
-0.010723
0.00502948
-0.010822
0.00763238
-0.0113263
0.0101483
-0.0126897
0.0115896
-0.0148111
0.0112631
-0.0190036
0.00771087
-0.0239958
-0.0322129
-0.00546441
-0.0230201
-0.00724292
-0.0179534
-0.00687356
-0.0164759
-0.00581657
-0.0144802
-0.00443501
-0.0135833
-0.00316869
-0.0127676
-0.00185744
-0.012226
-0.000623732
-0.0117639
0.000618526
-0.0113917
0.00182913
-0.0110201
0.00301006
-0.0106388
0.00414457
-0.0102498
0.00521686
-0.00982779
0.00624318
-0.00938537
0.00720517
-0.00889534
0.00810066
-0.00836249
0.00892569
-0.00778089
0.00967738
-0.00714729
0.0103504
-0.00645851
0.0109384
-0.00571561
0.0114365
-0.00491828
0.0118392
-0.00406971
0.0121418
-0.0031723
0.0123391
-0.00223071
0.0124263
-0.00124879
0.0124019
-0.00023697
0.0122621
0.00080106
0.012005
0.00185638
0.0116302
0.002919
0.0111394
0.00397632
0.0105338
0.00502191
0.00981596
0.00603987
0.00899101
0.00702263
0.00806513
0.00795105
0.00704556
0.00881733
0.00594111
0.00960485
0.00476215
0.0102998
0.0035209
0.0108925
0.00223022
0.0113665
0.000904188
0.011714
-0.000439195
0.0119181
-0.00178456
0.0119704
-0.0031129
0.0118614
-0.00440694
0.0115932
-0.00564612
0.0111483
-0.00681279
0.010531
-0.00788692
0.00974656
-0.00885034
0.00879211
-0.00968307
0.00767227
-0.0103719
0.0064042
-0.0108997
0.00499676
-0.0112546
0.00346746
-0.0114237
0.001836
-0.011401
0.000127547
-0.0111812
-0.00163152
-0.0107607
-0.00341181
-0.0101436
-0.00517651
-0.00933217
-0.00689439
-0.00834293
-0.00852586
-0.00718467
-0.010033
-0.00587873
-0.0113745
-0.0044465
-0.0125251
-0.0029159
-0.0134325
-0.00131812
-0.014073
0.000313467
-0.014414
0.00194049
-0.0144328
0.00352566
-0.014119
0.00502857
-0.0134515
0.00641076
-0.0124368
0.00763453
-0.0110871
0.00866302
-0.00941217
0.00946369
-0.00744987
0.0100103
-0.00524212
0.0102793
-0.00282713
0.0102572
-0.000282628
0.00994421
0.00232902
0.0093349
0.0049383
0.00844407
0.00745306
0.00729353
0.00979202
0.00591455
0.0118728
0.00434781
0.0136165
0.00264088
0.0149468
0.000847658
0.0158045
-0.000973676
0.0161425
-0.00275305
0.015906
-0.00443252
0.0151052
-0.00594143
0.0137255
-0.00722857
0.011813
-0.00823514
0.00940944
-0.00891847
0.00659339
-0.00924544
0.0034592
-0.00919707
0.000127054
-0.00876948
-0.0032707
-0.00797161
-0.00659246
-0.00684293
-0.00967946
-0.0054164
-0.012392
-0.00376152
-0.0145948
-0.0019406
-0.0161569
-5.83383e-05
-0.0169765
0.00181385
-0.0170005
0.00357664
-0.0161922
0.00514246
-0.0145706
0.00642771
-0.0121876
0.00736161
-0.00914185
0.00789224
-0.00558229
0.00798553
-0.00169055
0.00763082
0.00233141
0.00685364
0.00623583
0.0056914
0.00980475
0.00421465
0.0127992
0.00251254
0.0150261
0.00068912
0.0163268
-0.00112262
0.0165804
-0.00281945
0.015759
-0.00428536
0.0138965
-0.00541664
0.0110943
-0.00613509
0.00753344
-0.00639152
0.0034598
-0.00616686
-0.000831707
-0.00548282
-0.00501201
-0.00439915
-0.00875015
-0.00300823
-0.0117387
-0.00142108
-0.0137271
0.000212803
-0.0145298
0.00176611
-0.0140617
0.00310003
-0.0123628
0.00409426
-0.00956703
0.00466201
-0.00592274
0.00475303
-0.00176644
0.00436736
0.00249276
0.00355069
0.00643095
0.00239744
0.0096315
0.001032
0.0117711
-0.000387569
0.0126054
-0.00171589
0.012043
-0.00280441
0.0101476
-0.00353258
0.00712873
-0.00382141
0.00333323
-0.0036467
-0.000780136
-0.00304104
-0.00470557
-0.00209284
-0.00794667
-0.000934471
-0.0100929
0.000271631
-0.0108793
0.0013736
-0.0102023
0.00222289
-0.00818755
0.00270874
-0.00512106
0.00277521
-0.00145404
0.00242973
0.00226514
0.0017415
0.00547747
0.00083424
0.00769614
-0.000134528
0.00860298
-0.00101391
0.0080787
-0.00166203
0.00627633
-0.00198379
0.00353828
-0.00194721
0.000372432
-0.00158614
-0.00264899
-0.000989954
-0.00500891
-0.000283752
-0.00633971
0.000396774
-0.00648598
0.000938752
-0.00550844
0.00125922
-0.00367804
0.00132703
-0.00140589
0.00116248
0.000853771
0.000826297
0.00269964
0.000400604
0.00386122
-2.96977e-05
0.00422927
-0.00039154
0.00381958
-0.000631693
0.00281278
-0.000729595
0.00145176
-0.000688835
-5.71292e-06
-0.00053074
-0.00132854
-0.000288096
-0.00233506
-0.00289541
0.00217599
-0.012899
0.00438829
-0.0130343
0.00658403
-0.0135221
0.00850144
-0.0146071
0.00954164
-0.0158513
0.00915695
-0.0186189
0.00616527
-0.0210041
-0.0260476
-0.0036878
-0.0193323
-0.00498209
-0.0166591
-0.00493244
-0.0165255
-0.00428973
-0.0151229
-0.00318222
-0.0146908
-0.00204952
-0.0139003
-0.000811559
-0.0134639
0.000327508
-0.0129029
0.00144519
-0.0125094
0.00252781
-0.0121027
0.00358217
-0.0116932
0.0046099
-0.0112776
0.00559458
-0.0108125
0.00654131
-0.0103321
0.00743487
-0.0097889
0.00827476
-0.00920238
0.00905411
-0.00856024
0.00976632
-0.0078595
0.0104052
-0.00709742
0.0109643
-0.00627465
0.0114381
-0.00539214
0.0118199
-0.00445148
0.012104
-0.00345642
0.0122856
-0.00241233
0.0123613
-0.00132441
0.0123251
-0.000200789
0.0121756
0.000950577
0.0119124
0.00211952
0.011533
0.00329845
0.0110383
0.00447098
0.0104301
0.00563014
0.00971393
0.00675602
0.00889158
0.00784497
0.00796961
0.00887302
0.00695532
0.00983162
0.0058575
0.0107027
0.00468711
0.0114702
0.00345495
0.0121246
0.00217494
0.0126465
0.000860815
0.0130282
-0.000471438
0.0132503
-0.00180444
0.0133034
-0.00312025
0.0131772
-0.00440098
0.012874
-0.00562759
0.012375
-0.00678023
0.0116837
-0.00784129
0.0108076
-0.00879209
0.00974291
-0.0096143
0.00849449
-0.0102924
0.0070823
-0.0108116
0.00551598
-0.0111582
0.00381398
-0.0113223
0.00200018
-0.0112953
0.000100568
-0.011073
-0.00185385
-0.0106524
-0.00383239
-0.0100369
-0.00579199
-0.00923106
-0.00770028
-0.00824498
-0.00951194
-0.00709354
-0.0111844
-0.00579514
-0.0126729
-0.00437409
-0.0139462
-0.00285459
-0.014952
-0.00126951
-0.0156581
0.000348241
-0.0160318
0.00196118
-0.0160457
0.00353194
-0.0156897
0.00501933
-0.0149389
0.00638909
-0.0138066
0.00759917
-0.0122972
0.00861202
-0.010425
0.00940322
-0.00824108
0.00993795
-0.00577685
0.0102006
-0.00308975
0.0101737
-0.000255759
0.00985365
0.00264907
0.00924266
0.00554929
0.00835253
0.00834319
0.00720585
0.0109387
0.00583374
0.0132449
0.00427589
0.0151744
0.00258022
0.0166425
0.000801291
0.0175834
-0.00100262
0.0179464
-0.00276424
0.0176676
-0.00442478
0.0167657
-0.00591686
0.0152175
-0.00718482
0.013081
-0.00817501
0.0103996
-0.00884425
0.00726263
-0.00915937
0.00377432
-0.00910231
6.99864e-05
-0.00866884
-0.00370416
-0.00787306
-0.00738824
-0.00674599
-0.0108065
-0.00532325
-0.0138147
-0.00368514
-0.0162329
-0.00188481
-0.0179573
-1.73273e-05
-0.018844
0.00183466
-0.0188525
0.0035759
-0.0179334
0.00511901
-0.0161138
0.00638247
-0.0134511
0.00729689
-0.0100563
0.00780986
-0.00609525
0.0078882
-0.00176889
0.00752949
0.00269012
0.00674453
0.00702079
0.00558366
0.0109656
0.00411383
0.0142691
0.00242573
0.0167142
0.000633562
0.018119
-0.00116342
0.0183774
-0.0028383
0.0174338
-0.00427881
0.015337
-0.00538847
0.0122039
-0.00608582
0.00823079
-0.00632402
0.003698
-0.00608823
-0.0010675
-0.00539853
-0.00570171
-0.00431376
-0.00983492
-0.00292279
-0.0131296
-0.00135366
-0.0152962
0.000266044
-0.0161495
0.00180041
-0.0155961
0.00311435
-0.0136767
0.00408908
-0.0105418
0.00463902
-0.00647268
0.00471691
-0.00184432
0.00432064
0.00288903
0.00350169
0.0072499
0.0023472
0.010786
0.000992907
0.0131254
-0.000411684
0.01401
-0.0017237
0.013355
-0.00279528
0.0112192
-0.00350706
0.00784051
-0.00378244
0.00360861
-0.00359776
-0.000964818
-0.00298739
-0.00531593
-0.00203948
-0.00889457
-0.000890544
-0.0112419
0.00030254
-0.0120724
0.00138904
-0.0112888
0.00222223
-0.00902074
0.00269312
-0.00559194
0.00274785
-0.00150878
0.00239503
0.00261796
0.0017051
0.0061674
0.000800423
0.00860081
-0.000157323
0.00956072
-0.00102416
0.00894554
-0.00165847
0.00691064
-0.00196695
0.00384675
-0.00192004
0.000325517
-0.0015536
-0.00301542
-0.000958054
-0.00560446
-0.000258268
-0.0070395
0.000409332
-0.00715358
0.000937295
-0.00603641
0.00124383
-0.00398457
0.0013004
-0.00146246
0.00112965
0.00102453
0.000793394
0.00303589
0.00037358
0.00428104
-4.66558e-05
0.00464951
-0.00039685
0.00416977
-0.000625822
0.00304175
-0.000715614
0.00154155
-0.000671548
-4.97782e-05
-0.000515303
-0.00148478
-0.000279121
-0.00257124
-0.00317453
0.00128987
-0.0141888
0.00258301
-0.0143275
0.00376742
-0.0147065
0.00472634
-0.015566
0.00521107
-0.0163361
0.00483791
-0.0182457
0.00326182
-0.019428
-0.0227858
-0.00141289
-0.0179194
-0.00184184
-0.0162302
-0.00194424
-0.0164231
-0.00164526
-0.0154219
-0.00111807
-0.015218
-0.000460176
-0.0145582
0.000342161
-0.0142663
0.00122345
-0.0137842
0.00213888
-0.0134249
0.00306044
-0.0130243
0.00398549
-0.0126182
0.00489461
-0.0121867
0.00579616
-0.011714
0.00666076
-0.0111967
0.00749553
-0.0106237
0.00828134
-0.00998819
0.00901442
-0.00929332
0.00968605
-0.00853113
0.0102907
-0.00770207
0.0108207
-0.00680469
0.0112685
-0.00583994
0.0116291
-0.00481202
0.0118955
-0.00372287
0.0120626
-0.00257938
0.0121268
-0.00138866
0.0120829
-0.000156864
0.0119292
0.00110422
0.0116625
0.00238625
0.011285
0.00367594
0.010796
0.00495998
0.0101968
0.00622941
0.0094902
0.00746258
0.0086807
0.00865447
0.00777499
0.00977872
0.00677974
0.0108269
0.00570352
0.0117789
0.00455608
0.0126176
0.00334938
0.0133313
0.00209622
0.0138996
0.000809493
0.0143149
-0.000493981
0.0145538
-0.00179779
0.0146073
-0.00308435
0.0144637
-0.00433608
0.0141257
-0.00553408
0.013573
-0.0066595
0.0128091
-0.00769493
0.0118431
-0.00862189
0.0106699
-0.00942323
0.00929583
-0.0100826
0.0077417
-0.0105872
0.00602051
-0.0109224
0.00414924
-0.0110795
0.00215726
-0.0110495
7.05384e-05
-0.0108265
-0.00207678
-0.0104133
-0.00424561
-0.00980779
-0.00639751
-0.00901588
-0.00849218
-0.00804849
-0.0104793
-0.0069181
-0.0123148
-0.00564249
-0.0139485
-0.00425247
-0.0153362
-0.00276389
-0.0164406
-0.00121122
-0.0172107
0.000372541
-0.0176155
0.00195124
-0.0176244
0.00348673
-0.0172252
0.00494441
-0.0163965
0.00628173
-0.0151439
0.0074636
-0.0134791
0.00845287
-0.0114143
0.00922185
-0.00901005
0.00973918
-0.00629419
0.00999226
-0.00334282
0.00995953
-0.000223038
0.00963769
0.00297091
0.00903591
0.00615107
0.0081584
0.0092207
0.00703038
0.0120667
0.00568263
0.0145926
0.00415405
0.016703
0.00249166
0.0183049
0.000745109
0.01933
-0.00101472
0.0197062
-0.00273851
0.0193914
-0.00435807
0.0183853
-0.00581493
0.0166744
-0.00704756
0.0143136
-0.00801164
0.0113637
-0.00865848
0.00790947
-0.00895957
0.00407541
-0.00889553
5.9466e-06
-0.00846197
-0.00413772
-0.00768049
-0.00816972
-0.00656952
-0.0119175
-0.00517674
-0.0152075
-0.00356708
-0.0178425
-0.00180708
-0.0197173
1.96218e-05
-0.0206707
0.00182625
-0.0206591
0.00352517
-0.0196323
0.00502776
-0.0176163
0.00625527
-0.0146786
0.00714027
-0.0109413
0.00763031
-0.0065853
0.00770003
-0.00183861
0.00733672
0.00305343
0.00656381
0.0077937
0.0054205
0.0121089
0.00397796
0.0157116
0.00232699
0.0183651
0.000569134
0.0198769
-0.00118333
0.0201299
-0.00281409
0.0190646
-0.00421501
0.0167379
-0.00528882
0.0132777
-0.00596052
0.0089025
-0.0061803
0.00391777
-0.00593599
-0.00131181
-0.00524932
-0.00638838
-0.00417828
-0.010906
-0.00281356
-0.0144944
-0.00127633
-0.0168335
0.000307025
-0.0177328
0.00180398
-0.017093
0.0030824
-0.0149552
0.00402745
-0.0114868
0.00455429
-0.00699952
0.00462014
-0.00191018
0.00422077
0.0032884
0.00341033
0.00806034
0.00227335
0.011923
0.000946767
0.0144519
-0.000427115
0.0153839
-0.00170712
0.014635
-0.00274944
0.0122616
-0.00343753
0.0085286
-0.00369698
0.00386806
-0.00350693
-0.00115486
-0.00290118
-0.00592169
-0.00196705
-0.0098287
-0.000837118
-0.0123718
0.000324068
-0.0132336
0.00138254
-0.0123473
0.00219076
-0.00982896
0.00264242
-0.00604361
0.0026863
-0.00155265
0.00233207
0.00297219
0.00164981
0.00684966
0.000760937
0.00948969
-0.000174579
0.0104962
-0.00101891
0.00978987
-0.0016327
0.00752443
-0.00192546
0.00413951
-0.00187021
0.00027027
-0.00150415
-0.00338148
-0.000917366
-0.00619125
-0.000233235
-0.00772363
0.000414463
-0.00780128
0.00092332
-0.00654527
0.00121369
-0.00427494
0.00125986
-0.00150864
0.00108612
0.00119827
0.000754527
0.00336748
0.00034538
0.00469018
-6.0072e-05
0.00505496
-0.000395556
0.00450525
-0.000611704
0.0032579
-0.000693283
0.00162313
-0.000647116
-9.59453e-05
-0.000494853
-0.00163705
-0.000267492
-0.0027986
-0.00344202
0.000818528
-0.0150074
0.00164445
-0.0151534
0.00240065
-0.0154627
0.00298172
-0.0161471
0.00326123
-0.0166156
0.00297988
-0.0179644
0.00203056
-0.0184787
-0.0207552
-0.000808608
-0.0171108
-0.000957019
-0.0160817
-0.000979453
-0.0164007
-0.000680231
-0.0157211
-0.000230489
-0.0156677
0.000342775
-0.0151314
0.000995159
-0.0149187
0.00173862
-0.0145277
0.00252613
-0.0142124
0.0033428
-0.013841
0.00417769
-0.0134531
0.00501043
-0.0130194
0.00583477
-0.0125384
0.0066374
-0.0119993
0.0074083
-0.0113946
0.00814401
-0.0107239
0.00883174
-0.00998105
0.009465
-0.00916439
0.0100344
-0.00827143
0.0105337
-0.00730406
0.0109572
-0.00626342
0.0112957
-0.00515047
0.0115442
-0.00397145
0.0116985
-0.00273362
0.0117533
-0.00144345
0.011704
-0.000107545
0.0115495
0.00125871
0.0112864
0.00264928
0.010915
0.00404735
0.0104366
0.00543837
0.00985231
0.00681374
0.00916522
0.00814967
0.00837926
0.00944043
0.00750045
0.0106575
0.00653543
0.0117919
0.00549261
0.0128217
0.00438117
0.013729
0.003212
0.0145005
0.00199771
0.0151139
0.000754162
0.0155584
-0.000506313
0.0158143
-0.00176734
0.0158683
-0.00301123
0.0157076
-0.00422061
0.0153351
-0.00537769
0.01473
-0.00646438
0.0138958
-0.00746362
0.0128423
-0.00835772
0.011564
-0.0091301
0.0100682
-0.00976501
0.00837661
-0.0102486
0.00650414
-0.0105702
0.0044708
-0.0107196
0.00230663
-0.0106877
3.86316e-05
-0.0104706
-0.00229389
-0.0100663
-0.00464988
-0.0094776
-0.00698621
-0.00870845
-0.00926134
-0.0077701
-0.0114177
-0.00667441
-0.0134105
-0.00544128
-0.0151817
-0.00409084
-0.0166866
-0.00264993
-0.0178815
-0.00114608
-0.0187146
0.000386699
-0.0191483
0.00191342
-0.0191511
0.00340129
-0.0187131
0.0048099
-0.0178051
0.0061029
-0.0164369
0.00724412
-0.0146203
0.00819915
-0.0123693
0.00893943
-0.00975033
0.00943767
-0.00679243
0.00967625
-0.0035814
0.00963895
-0.000185743
0.00932343
0.00328643
0.00873403
0.00674048
0.00787987
0.0100749
0.00678331
0.0131633
0.00547504
0.0159009
0.00399256
0.0181855
0.0023814
0.019916
0.000688705
0.0210227
-0.00100974
0.0214047
-0.00267736
0.021059
-0.00424046
0.0199484
-0.00564689
0.0180808
-0.00683606
0.0155028
-0.0077597
0.0122873
-0.00838071
0.00853048
-0.00866491
0.00435961
-0.00859464
-6.43175e-05
-0.00817302
-0.00455934
-0.0074091
-0.00893364
-0.00632722
-0.0129994
-0.00497892
-0.0165558
-0.00341256
-0.0194089
-0.00171511
-0.0214147
5.04338e-05
-0.0224362
0.00179368
-0.0224024
0.00343205
-0.0212707
0.00488001
-0.0190643
0.00605989
-0.0158585
0.00690681
-0.0117882
0.0073729
-0.00705138
0.00743299
-0.0018987
0.00706997
0.00341644
0.00631717
0.00854651
0.00520696
0.0132191
0.00380804
0.0171105
0.00220664
0.0199665
0.00049829
0.0215852
-0.00118301
0.0218112
-0.00275318
0.0206348
-0.00410177
0.0180865
-0.00513086
0.0143068
-0.00577022
0.00954186
-0.00597349
0.00412105
-0.00572644
-0.00155886
-0.00505221
-0.00706261
-0.00400906
-0.0119491
-0.00268488
-0.0158185
-0.0011874
-0.0183309
0.000336242
-0.0192565
0.00178044
-0.0185372
0.00301138
-0.0161861
0.00391825
-0.0123937
0.00441851
-0.00749979
0.00447275
-0.00196442
0.00407687
0.00368428
0.00328425
0.00885296
0.00217852
0.0130287
0.000891054
0.0157394
-0.000434147
0.0167091
-0.00166934
0.0158702
-0.00267235
0.0132646
-0.00333066
0.00918691
-0.00357362
0.00411101
-0.00338098
-0.00134751
-0.00278748
-0.00651518
-0.00187935
-0.0107368
-0.000783145
-0.013468
0.000336976
-0.0143537
0.00135722
-0.0133676
0.002133
-0.0106047
0.0025622
-0.0064728
0.00259636
-0.00158681
0.00224615
0.00332239
0.00158043
0.00751538
0.000716108
0.010354
-0.000186481
0.0113988
-0.00100006
0.0106034
-0.00158798
0.00811234
-0.00186348
0.00441502
-0.00180195
0.000208739
-0.00144143
-0.003742
-0.000870176
-0.0067625
-0.000208063
-0.00838574
0.000412876
-0.00842222
0.000898592
-0.00703098
0.00117135
-0.0045477
0.00120817
-0.00154546
0.00103439
0.00137205
0.00071147
0.0036904
0.000317248
0.00508441
-7.00492e-05
0.00544226
-0.000388534
0.00482374
-0.000590916
0.00346028
-0.000664571
0.00169679
-0.000617296
-0.00014322
-0.000470597
-0.00178374
-0.000253833
-0.00301536
-0.00369586
0.000527333
-0.0155347
0.00104977
-0.0156758
0.00152523
-0.0159381
0.00184587
-0.0164677
0.00200741
-0.0167771
0.00176979
-0.0177268
0.00126152
-0.0179704
-0.0194937
-0.00037434
-0.0167365
-0.000349323
-0.0161068
-0.000325096
-0.0164249
-4.57265e-05
-0.0160005
0.000300526
-0.016014
0.000809856
-0.0156408
0.00138133
-0.0154901
0.00203091
-0.0151773
0.00272859
-0.01491
0.00346569
-0.0145781
0.00422025
-0.0142077
0.00498411
-0.0137833
0.0057441
-0.0132983
0.0064851
-0.0127403
0.0072087
-0.0121182
0.00789287
-0.0114081
0.00853697
-0.0106252
0.00913207
-0.00975949
0.00966682
-0.00880618
0.0101374
-0.00777463
0.0105339
-0.00665995
0.0108507
-0.0054672
0.0110837
-0.00420455
0.011225
-0.00287487
0.0112723
-0.00149073
0.0112195
-5.47786e-05
0.0110668
0.00141142
0.0108099
0.00290617
0.0104499
0.00440734
0.00998815
0.00590016
0.00942501
0.00737688
0.00876402
0.00881066
0.00800863
0.0101958
0.00716487
0.0115013
0.00623905
0.0127177
0.00523903
0.0138217
0.00417369
0.0147944
0.00305272
0.0156215
0.00189163
0.016275
0.000698618
0.0167514
-0.000507123
0.01702
-0.00171607
0.0170772
-0.00290585
0.0168974
-0.00406356
0.0164928
-0.00517004
0.0158365
-0.00620808
0.0149338
-0.00716413
0.0137984
-0.00801799
0.0124178
-0.00875584
0.0108061
-0.0093605
0.00898127
-0.00982084
0.00696449
-0.0101255
0.00477545
-0.0102667
0.00244782
-0.010234
5.93523e-06
-0.010023
-0.00250488
-0.0096335
-0.00503937
-0.00906653
-0.00755318
-0.00832863
-0.00999923
-0.00742692
-0.0123194
-0.00637671
-0.0144607
-0.00519346
-0.0163649
-0.00389683
-0.0179833
-0.00251605
-0.0192623
-0.00107609
-0.0201546
0.000391871
-0.0206163
0.00185571
-0.020615
0.00328092
-0.0201383
0.00462925
-0.0191535
0.00586627
-0.0176739
0.00695777
-0.0157118
0.00787053
-0.0132821
0.00857672
-0.0104565
0.00905041
-0.00726612
0.00927538
-0.00380636
0.00923513
-0.000145489
0.00892912
0.00359244
0.00835644
0.00731316
0.00753568
0.0108956
0.00648101
0.0142179
0.00522425
0.0171577
0.00380101
0.0196087
0.00225136
0.0214657
0.000640025
0.022634
-0.000992512
0.0230372
-0.00258781
0.0226543
-0.00408209
0.0214427
-0.00542636
0.0194251
-0.00656185
0.0166383
-0.0074415
0.013167
-0.00802933
0.00911831
-0.00829596
0.00462624
-0.00822436
-0.000135914
-0.00781537
-0.00496834
-0.00707782
-0.00967119
-0.00603503
-0.0140422
-0.00474294
-0.0178479
-0.00323952
-0.0209123
-0.00161357
-0.0230406
7.49399e-05
-0.0241247
0.00174198
-0.0240694
0.00330591
-0.0228346
0.00468679
-0.0204452
0.00581043
-0.0169821
0.0066155
-0.0125933
0.00705594
-0.00749182
0.00710444
-0.0019472
0.00675128
0.0037696
0.00601989
0.0092779
0.00495409
0.0142849
0.00361045
0.0184542
0.00207171
0.0215053
0.000440892
0.023216
-0.0011638
0.0234159
-0.0026632
0.0221342
-0.00394811
0.0193714
-0.00492681
0.0152855
-0.00552922
0.0101443
-0.00571558
0.00430742
-0.00547076
-0.00180368
-0.0048181
-0.00771526
-0.00381228
-0.0129549
-0.00253618
-0.0170946
-0.00110186
-0.0197653
0.000354334
-0.0207127
0.00173416
-0.0199171
0.00290865
-0.0173606
0.00377055
-0.0132556
0.00424204
-0.00797128
0.00428568
-0.00200806
0.00389888
0.00407108
0.00313176
0.00962008
0.00206899
0.0140915
0.000828462
0.0169799
-0.000433447
0.017971
-0.0016139
0.0170507
-0.00257036
0.014221
-0.00319458
0.00981113
-0.00342045
0.00433689
-0.00322876
-0.0015392
-0.00265423
-0.00708971
-0.00177847
-0.0116126
-0.000727794
-0.0145187
0.000342035
-0.0154235
0.0013163
-0.0143418
0.00205423
-0.0113427
0.0024587
-0.00687727
0.0024846
-0.00161272
0.00214271
0.00366429
0.00149998
0.00815811
0.000669105
0.0111849
-0.000193426
0.0122614
-0.000969972
0.01138
-0.00152816
0.00867053
-0.00178533
0.00467218
-0.00171957
0.000142983
-0.0013687
-0.00409287
-0.000818942
-0.00731226
-0.00018409
-0.00902059
0.000405433
-0.00901174
0.000865248
-0.0074908
0.00111961
-0.00480206
0.0011482
-0.00157406
0.000976991
0.00154327
0.000665841
0.00400155
0.000289715
0.00546053
-7.69175e-05
0.00580889
-0.000376864
0.00512369
-0.000564994
0.00364841
-0.000631087
0.00176288
-0.000583684
-0.000190623
-0.000443595
-0.00192383
-0.00023891
-0.00322005
-0.00393477
0.000349916
-0.0158846
0.00069919
-0.0160251
0.00101503
-0.016254
0.00120181
-0.0166545
0.0013128
-0.0168881
0.0011216
-0.0175356
0.000842905
-0.0176917
-0.0186508
-0.000174551
-0.0165619
-7.12256e-05
-0.0162101
-3.17884e-06
-0.016493
0.00027803
-0.0162817
0.000596297
-0.0163323
0.00105861
-0.0161031
0.00157026
-0.0160018
0.00215903
-0.015766
0.00278772
-0.0155387
0.00345536
-0.0152457
0.00415241
-0.0149047
0.00485616
-0.014487
0.00556173
-0.0140039
0.00625754
-0.0134362
0.00692655
-0.0127872
0.0075652
-0.0120467
0.00816498
-0.0112249
0.00871833
-0.0103128
0.0092211
-0.00930895
0.00966142
-0.00821496
0.010033
-0.00703155
0.0103283
-0.00576251
0.0105451
-0.00442129
0.0106747
-0.00300452
0.0107142
-0.0015302
0.0106613
-1.93396e-06
0.0105119
0.00156084
0.0102672
0.00315085
0.00992004
0.00475454
0.00947808
0.00634211
0.00894095
0.00791401
0.00831127
0.00944034
0.00759233
0.0109148
0.00678993
0.0123037
0.00591018
0.0135975
0.00496047
0.0147714
0.00394561
0.0158093
0.0028843
0.0166828
0.00178055
0.0173788
0.000647572
0.0178844
-0.000499097
0.0181667
-0.00164188
0.01822
-0.00277455
0.0180301
-0.00387182
0.0175901
-0.00492177
0.0168865
-0.0059068
0.0159189
-0.00680968
0.0147012
-0.00761704
0.0132252
-0.00831307
0.0115021
-0.00888598
0.00955418
-0.00932145
0.00739996
-0.00960869
0.00506269
-0.00974144
0.00258057
-0.00970545
-3.00547e-05
-0.00950516
-0.00270517
-0.00913431
-0.00541022
-0.00859198
-0.00809551
-0.00789223
-0.010699
-0.00703224
-0.0131794
-0.00603628
-0.0154567
-0.00491171
-0.0174895
-0.00367779
-0.0192172
-0.00236704
-0.020573
-0.000999261
-0.0215223
0.000394199
-0.0220097
0.00178372
-0.0220045
0.00313629
-0.0214909
0.00441559
-0.0204328
0.00558845
-0.0188468
0.00662084
-0.0167442
0.00748974
-0.014151
0.0081559
-0.0111227
0.00860303
-0.00771326
0.0088121
-0.00401543
0.0087708
-0.000104195
0.00847637
0.00388687
0.00792892
0.0078606
0.00714419
0.0116803
0.00613986
0.0152223
0.0049436
0.0183539
0.0035892
0.0209631
0.00211803
0.0229368
0.000588372
0.0241637
-0.000962793
0.0245884
-0.00247383
0.0241653
-0.00389306
0.0228619
-0.00516512
0.0206972
-0.00624028
0.0177134
-0.00707173
0.0139984
-0.00762487
0.00967145
-0.00787338
0.00487475
-0.00780166
-0.000207633
-0.00740677
-0.00536323
-0.0067024
-0.0103756
-0.00570913
-0.0150354
-0.00447972
-0.0190773
-0.00305256
-0.0223395
-0.00150477
-0.0245884
9.37136e-05
-0.0257232
0.00167382
-0.0256495
0.00315592
-0.0243167
0.00446172
-0.021751
0.00552268
-0.0180431
0.00628194
-0.0133525
0.00669252
-0.0079024
0.00673127
-0.00198595
0.00639166
0.0041092
0.0056916
0.00997796
0.00467313
0.0153034
0.00339385
0.0197334
0.0019345
0.0229646
0.000394877
0.0247557
-0.00112907
0.0249398
-0.0025504
0.0235555
-0.00376329
0.0205843
-0.00468703
0.0162093
-0.00525159
0.0107088
-0.00542
0.00447582
-0.00518075
-0.00204293
-0.00455485
-0.00834116
-0.00359393
-0.0139159
-0.00237777
-0.0183108
-0.00102003
-0.021123
0.000362648
-0.0220953
0.00167008
-0.0212245
0.00278135
-0.0184719
0.0035935
-0.0140677
0.00403531
-0.0084131
0.00406959
-0.00204234
0.00369629
0.00444438
0.00296217
0.0103542
0.00194975
0.0151039
0.000768476
0.0181612
-0.000426107
0.0191656
-0.00154485
0.0181694
-0.00244919
0.0151254
-0.00303667
0.0103986
-0.0032448
0.00454502
-0.00305732
-0.00172669
-0.0025067
-0.00764033
-0.0016716
-0.0124477
-0.00067161
-0.0155187
0.000340564
-0.0164357
0.00126305
-0.0152643
0.00195935
-0.012039
0.00233784
-0.00725576
0.00235656
-0.00163144
0.00202671
0.00399413
0.00141265
0.00877217
0.000621171
0.0119764
-0.000195953
0.0130785
-0.00093096
0.012115
-0.00145676
0.00919633
-0.00169526
0.00491069
-0.001627
7.47208e-05
-0.00128928
-0.00443059
-0.000764911
-0.00783662
-0.000162548
-0.00962295
0.000393184
-0.00956747
0.000825267
-0.00792288
0.00106096
-0.00503775
0.00108248
-0.00159558
0.000915937
0.00170981
0.000619104
0.00429839
0.000263257
0.00581638
-8.10462e-05
0.00615319
-0.000361571
0.00540421
-0.000535373
0.00382221
-0.000594369
0.00182188
-0.000547613
-0.000237379
-0.000415132
-0.00205632
-0.000223249
-0.00341193
-0.00415801
0.000239648
-0.0161243
0.000493578
-0.016279
0.000724492
-0.0164849
0.000840578
-0.0167706
0.000926382
-0.0169739
0.000763894
-0.0173731
0.000610041
-0.0175379
-0.0180407
-6.67265e-05
-0.0164952
6.93366e-05
-0.0163461
0.000162696
-0.0165863
0.000448208
-0.0165672
0.000745221
-0.0166293
0.0011746
-0.0165325
0.00164276
-0.0164699
0.00218324
-0.0163065
0.0027681
-0.0161236
0.00338302
-0.0158606
0.00401957
-0.0155413
0.00467409
-0.0151416
0.00533327
-0.0146631
0.00597806
-0.0140809
0.00659692
-0.013406
0.00719298
-0.0126428
0.00775382
-0.0117858
0.00826857
-0.0108276
0.00873725
-0.00977763
0.00914835
-0.00862606
0.00949415
-0.00737735
0.00977025
-0.00603862
0.0099693
-0.00462034
0.0100871
-0.00312233
0.0101192
-0.00156233
0.0100684
4.89149e-05
0.0099235
0.00170573
0.00968798
0.00338638
0.0093634
0.00507911
0.00894369
0.00676183
0.00843435
0.00842335
0.00783889
0.0100358
0.00716011
0.0115935
0.0064025
0.0130613
0.00557215
0.0144278
0.00467611
0.0156675
0.0037255
0.0167599
0.00272198
0.0176863
0.00168158
0.0184192
0.000616503
0.0189495
-0.000463484
0.0192467
-0.00154389
0.0193004
-0.00260351
0.0190897
-0.00363735
0.0186239
-0.00462601
0.0178751
-0.00555347
0.0168463
-0.00640189
0.0155497
-0.00715974
0.013983
-0.00781362
0.0121559
-0.00835123
0.0100918
-0.00875912
0.00780785
-0.00902766
0.00533122
-0.00914678
0.0026997
-0.00911704
-5.97941e-05
-0.00892595
-0.00289626
-0.00857588
-0.0057603
-0.00806682
-0.00860457
-0.00740437
-0.0113614
-0.00659697
-0.0139868
-0.00565624
-0.0163974
-0.00459548
-0.0185502
-0.00343607
-0.0203766
-0.00219478
-0.0218143
-0.000909931
-0.0228072
0.000401088
-0.0233208
0.00170971
-0.0233131
0.00298355
-0.0227647
0.00418781
-0.021637
0.00529224
-0.0199512
0.00626369
-0.0177157
0.00707549
-0.0149628
0.00770235
-0.0117495
0.00812166
-0.00813256
0.0083126
-0.00420638
0.00827191
-6.35059e-05
0.00799169
0.0041671
0.0074746
0.00837769
0.00672993
0.012425
0.0057809
0.0161713
0.00465119
0.0194836
0.00337184
0.0222424
0.00198659
0.0243221
0.000545015
0.0256052
-0.0009166
0.02605
-0.00233529
0.025584
-0.00367364
0.0242003
-0.00486802
0.0218916
-0.0058772
0.0187226
-0.00665858
0.0147798
-0.00717684
0.0101897
-0.00740577
0.00510368
-0.00733413
-0.000279269
-0.00695825
-0.00573911
-0.00629068
-0.0110431
-0.00535809
-0.015968
-0.00419478
-0.0202406
-0.00285165
-0.0236826
-0.00138503
-0.0260551
0.00010996
-0.0272182
0.00159618
-0.0271357
0.00298971
-0.0257103
0.0042164
-0.0229777
0.00521183
-0.0190385
0.00591925
-0.0140599
0.00630172
-0.00828487
0.00633042
-0.00201465
0.00600745
0.00443218
0.00534599
0.0106394
0.00438158
0.0162678
0.00317467
0.0209404
0.00180032
0.024339
0.000349034
0.0262069
-0.00108242
0.0263713
-0.00241754
0.0248906
-0.00355594
0.0217227
-0.00442036
0.0170737
-0.00494703
0.0112355
-0.00509769
0.00462649
-0.0048665
-0.00227412
-0.00427157
-0.0089361
-0.00336237
-0.014825
-0.00221579
-0.0194574
-0.000933825
-0.022405
0.000363685
-0.0233928
0.00159298
-0.0224538
0.00263687
-0.0195158
0.00339671
-0.0148276
0.00380793
-0.00882431
0.00383329
-0.0020677
0.00347713
0.00480054
0.0027811
0.0110502
0.00182372
0.0160613
0.000708387
0.0192765
-0.000413218
0.0202872
-0.00146523
0.0192214
-0.00231445
0.0159746
-0.00286249
0.0109467
-0.00305377
0.0047363
-0.00287266
-0.0019078
-0.00235049
-0.00816249
-0.00156056
-0.0132376
-0.000614369
-0.0164649
0.00033351
-0.0173836
0.00120078
-0.0161316
0.00185309
-0.0126913
0.00220502
-0.00760769
0.0022174
-0.00164381
0.00190288
0.00430865
0.00132105
0.009354
0.000572437
0.012725
-0.000194863
0.0138458
-0.000885221
0.0128054
-0.00137703
0.00968814
-0.00159689
0.00513054
-0.00152772
5.54954e-06
-0.00120593
-0.00475238
-0.000710263
-0.00833229
-0.00014211
-0.0101911
0.000377137
-0.0100867
0.000780449
-0.00832619
0.000997763
-0.00525507
0.00101313
-0.00161094
0.000853103
0.00186983
0.000572488
0.004579
0.000238222
0.00615065
-8.28922e-05
0.00647431
-0.000343595
0.00566491
-0.000503246
0.00398186
-0.00055571
0.00187434
-0.000510304
-0.000282785
-0.000385918
-0.0021807
-0.000207159
-0.00359069
-0.00436517
0.000167042
0.000373929
0.000561667
0.000647276
0.000714709
0.000565536
0.000442741
2.36285e-06
0.000130898
0.000237966
0.000520533
0.000812308
0.00121281
0.00164353
0.00214734
0.00267677
0.00325236
0.00385005
0.00446597
0.00507491
0.00567673
0.00626173
0.00681416
0.00733222
0.00781751
0.00825632
0.00864268
0.00896688
0.00922383
0.00940504
0.00951632
0.00954783
0.00949621
0.00936076
0.00913858
0.00883023
0.00843657
0.00795998
0.00740222
0.00676622
0.00605784
0.00528238
0.00444477
0.00355308
0.00261703
0.00164443
0.000647659
-0.000361056
-0.00136849
-0.00236165
-0.00332687
-0.00425075
-0.00511675
-0.00590871
-0.00661461
-0.00722338
-0.00772579
-0.00810509
-0.00835607
-0.00846971
-0.00843991
-0.00826178
-0.00793278
-0.00746132
-0.00684274
-0.0060924
-0.00521287
-0.00422615
-0.00314665
-0.00199235
-0.000788513
0.000435104
0.00165719
0.00284671
0.0039737
0.00500751
0.00591804
0.006677
0.00726359
0.00765351
0.00783307
0.00779124
0.00752335
0.00704241
0.0063442
0.00545272
0.00439471
0.00320002
0.00190174
0.000539753
-0.000816994
-0.00214317
-0.00339514
-0.00451113
-0.00545324
-0.00618182
-0.00666492
-0.00687753
-0.00680819
-0.00645483
-0.00583114
-0.00496131
-0.00387118
-0.00262297
-0.00125629
0.00014021
0.00152684
0.00282772
0.00397234
0.00490052
0.00556031
0.00591511
0.00593788
0.00563115
0.00500921
0.00410514
0.00297414
0.00168577
0.000329177
-0.00100472
-0.0022519
-0.0033142
-0.00411845
-0.00460793
-0.00474536
-0.00452487
-0.00396607
-0.00311511
-0.00204519
-0.000838788
0.00036482
0.00151271
0.00248674
0.00319431
0.00357548
0.00359506
0.00325743
0.00260314
0.00170497
0.000658793
-0.00038692
-0.00137045
-0.00216305
-0.00267282
-0.00284854
-0.00267582
-0.00218524
-0.0014465
-0.000559703
0.000323522
0.00113338
0.00174099
0.00206685
0.00207464
0.00177676
0.00123014
0.000527964
-0.000188503
-0.000832948
-0.0012905
-0.00149247
-0.00142401
-0.00112024
-0.000655471
-0.000124564
0.000358161
0.000732775
0.000932382
0.000943259
0.000790842
0.000527252
0.00021553
-8.25892e-05
-0.000323816
-0.000469903
-0.00051634
-0.000472533
-0.000356656
-0.000191171
)
;

boundaryField
{
    freeSurface
    {
        type            calculated;
        value           nonuniform List<scalar> 
181
(
-0.0162913
-0.0164859
-0.0166726
-0.0168562
-0.0170414
-0.0172239
-0.0174151
-0.017598
-0.0164976
-0.0164747
-0.0166934
-0.0168498
-0.016921
-0.016933
-0.0169007
-0.0168103
-0.016653
-0.0164362
-0.016139
-0.0157575
-0.015272
-0.0146828
-0.0139911
-0.0131952
-0.0123038
-0.0113129
-0.0102164
-0.00901241
-0.00770155
-0.00629557
-0.00480155
-0.0032336
-0.00159385
0.000100538
0.00184118
0.00360856
0.00538747
0.00715549
0.00889994
0.0105936
0.0122295
0.0137697
0.0152033
0.0165051
0.0176516
0.0186224
0.0193918
0.0199463
0.0202554
0.0203079
0.0200828
0.0195891
0.018799
0.0177123
0.0163416
0.0146889
0.0127647
0.0105942
0.00818715
0.0055822
0.00281334
-8.95962e-05
-0.00307439
-0.00608929
-0.00907603
-0.01198
-0.0147371
-0.017277
-0.0195369
-0.0214561
-0.0229686
-0.024011
-0.0245444
-0.0245352
-0.0239542
-0.022764
-0.020985
-0.0186262
-0.0157217
-0.0123361
-0.00852248
-0.00438594
-2.16738e-05
0.00443499
0.00885863
0.0131232
0.0170628
0.0205416
0.0234371
0.0256204
0.0269672
0.0274067
0.0269102
0.0254522
0.0230075
0.0196647
0.0155084
0.0106728
0.00531629
-0.000348608
-0.00609246
-0.0116668
-0.0168379
-0.0213307
-0.0249308
-0.0274217
-0.0286147
-0.0285224
-0.0270111
-0.0241223
-0.0199667
-0.0147197
-0.00863967
-0.00203742
0.00473891
0.0112614
0.0171719
0.0220714
0.0256273
0.0275635
0.0277052
0.0261378
0.022785
0.017878
0.011725
0.00476392
-0.00249461
-0.00949491
-0.015676
-0.0205273
-0.0236114
-0.0245965
-0.0236017
-0.0204898
-0.0155351
-0.00920548
-0.00208728
0.00513818
0.0117045
0.0169595
0.0203227
0.0213329
0.0202049
0.0167672
0.0114564
0.00491201
-0.00208052
-0.00865307
-0.0139764
-0.0173517
-0.0182668
-0.0169414
-0.0132989
-0.00793354
-0.0016516
0.00460653
0.00990062
0.0134272
0.0145623
0.0134498
0.0101457
0.00533252
-6.29099e-05
-0.00505616
-0.00879705
-0.010722
-0.0105694
-0.00870081
-0.00545467
-0.00162182
0.00202225
0.00484259
0.00646237
0.00677243
0.00590614
0.00412795
0.00192078
-0.000326591
-0.00229658
-0.00375618
-0.00455634
)
;
    }
    walls
    {
        type            calculated;
        value           uniform 0;
    }
    floatingObject
    {
        type            calculated;
        value           nonuniform List<scalar> 
37
(
0.012888
0.013039
0.0131899
0.0133427
0.0134991
0.0136556
0.0138148
0.0139758
0.0141378
0.0143026
0.0144691
0.0146376
0.0148078
0.0149799
0.0151548
0.0153305
0.01551
0.0156895
0.0158726
0
0
0
0
0
0
0
0
0
0
0
0
0
0
0
0
0
0
)
;
    }
    frontAndBack
    {
        type            empty;
    }
}


// ************************************************************************* //
