/*--------------------------------*- C++ -*----------------------------------*\
  =========                 |
  \\      /  F ield         | OpenFOAM: The Open Source CFD Toolbox
   \\    /   O peration     | Website:  https://openfoam.org
    \\  /    A nd           | Version:  12
     \\/     M anipulation  |
\*---------------------------------------------------------------------------*/
FoamFile
{
    format      ascii;
    class       volScalarField;
    location    "8.96";
    object      p;
}
// * * * * * * * * * * * * * * * * * * * * * * * * * * * * * * * * * * * * * //

dimensions      [1 -1 -2 0 0 0 0];

internalField   nonuniform List<scalar> 
3829
(
-616.899
-616.898
-616.896
-616.893
-616.89
-616.885
-616.879
-616.872
-616.863
-616.854
-616.843
-616.83
-616.816
-616.8
-616.783
-616.764
-616.742
-616.719
-616.694
-616.666
-616.637
-616.605
-616.571
-616.534
-616.495
-616.454
-616.411
-616.366
-616.319
-616.269
-616.219
-616.166
-616.112
-616.057
-616.002
-615.945
-615.888
-615.831
-615.774
-615.718
-615.662
-615.608
-615.555
-615.503
-615.454
-615.406
-615.361
-615.319
-615.28
-615.243
-615.21
-615.18
-615.153
-615.129
-615.108
-615.091
-615.077
-615.065
-615.057
-615.05
-615.047
-615.045
-615.045
-615.046
-615.048
-615.051
-615.054
-615.056
-615.058
-615.058
-615.057
-615.053
-615.047
-615.038
-615.026
-615.01
-614.991
-614.967
-614.94
-614.908
-614.872
-614.833
-614.79
-614.744
-614.696
-614.645
-614.59
-614.537
-614.483
-614.43
-614.378
-614.329
-614.282
-614.239
-614.201
-614.168
-614.141
-614.12
-614.106
-614.1
-614.101
-614.108
-614.123
-614.143
-614.169
-614.2
-614.234
-614.271
-614.309
-614.347
-614.384
-614.418
-614.448
-614.473
-614.492
-614.504
-614.509
-614.506
-614.495
-614.477
-614.452
-614.422
-614.386
-614.348
-614.309
-614.27
-614.232
-614.199
-614.17
-614.148
-614.133
-614.126
-614.128
-614.138
-614.156
-614.179
-614.208
-614.239
-614.272
-614.304
-614.334
-614.359
-614.379
-614.393
-614.401
-614.401
-614.396
-614.385
-614.372
-614.356
-614.34
-614.327
-614.316
-614.31
-614.308
-614.312
-614.32
-614.332
-614.346
-614.361
-614.375
-614.386
-614.393
-614.396
-614.393
-614.384
-614.371
-614.354
-614.335
-614.316
-614.299
-614.284
-614.273
-614.268
-614.268
-614.273
-614.283
-614.296
-614.311
-614.327
-614.342
-614.355
-614.365
-614.372
-614.375
-614.375
-614.372
-614.367
-614.361
-614.355
-614.349
-614.344
-614.342
-614.341
-614.342
-614.344
-614.348
-614.351
-614.354
-614.355
-1775.35
-1775.35
-1775.35
-1775.35
-1775.34
-1775.34
-1775.34
-1775.33
-1775.32
-1775.32
-1775.31
-1775.3
-1775.29
-1775.27
-1775.26
-1775.24
-1775.22
-1775.19
-1775.17
-1775.14
-1775.11
-1775.07
-1775.04
-1774.99
-1774.95
-1774.9
-1774.85
-1774.8
-1774.75
-1774.69
-1774.63
-1774.57
-1774.5
-1774.44
-1774.37
-1774.3
-1774.24
-1774.17
-1774.1
-1774.04
-1773.97
-1773.91
-1773.85
-1773.79
-1773.74
-1773.68
-1773.64
-1773.59
-1773.55
-1773.51
-1773.48
-1773.45
-1773.43
-1773.41
-1773.39
-1773.38
-1773.37
-1773.36
-1773.36
-1773.36
-1773.37
-1773.38
-1773.38
-1773.39
-1773.41
-1773.42
-1773.43
-1773.44
-1773.45
-1773.46
-1773.46
-1773.46
-1773.46
-1773.46
-1773.45
-1773.43
-1773.42
-1773.39
-1773.36
-1773.33
-1773.29
-1773.24
-1773.2
-1773.14
-1773.09
-1773.03
-1772.97
-1772.9
-1772.84
-1772.78
-1772.72
-1772.66
-1772.61
-1772.56
-1772.51
-1772.48
-1772.45
-1772.43
-1772.41
-1772.41
-1772.41
-1772.42
-1772.44
-1772.47
-1772.5
-1772.54
-1772.59
-1772.63
-1772.68
-1772.73
-1772.77
-1772.82
-1772.85
-1772.88
-1772.91
-1772.92
-1772.93
-1772.92
-1772.91
-1772.88
-1772.85
-1772.81
-1772.77
-1772.72
-1772.68
-1772.63
-1772.58
-1772.54
-1772.51
-1772.48
-1772.47
-1772.46
-1772.46
-1772.48
-1772.5
-1772.53
-1772.57
-1772.6
-1772.64
-1772.68
-1772.72
-1772.75
-1772.77
-1772.78
-1772.79
-1772.79
-1772.78
-1772.77
-1772.75
-1772.73
-1772.71
-1772.69
-1772.67
-1772.67
-1772.67
-1772.67
-1772.68
-1772.7
-1772.71
-1772.73
-1772.75
-1772.76
-1772.77
-1772.78
-1772.77
-1772.76
-1772.75
-1772.73
-1772.71
-1772.68
-1772.66
-1772.65
-1772.63
-1772.63
-1772.63
-1772.64
-1772.65
-1772.66
-1772.68
-1772.7
-1772.71
-1772.73
-1772.74
-1772.75
-1772.75
-1772.75
-1772.74
-1772.74
-1772.73
-1772.72
-1772.72
-1772.71
-1772.71
-1772.71
-1772.71
-1772.71
-1772.72
-1772.72
-1772.72
-1772.73
-2801.63
-2801.63
-2801.63
-2801.63
-2801.63
-2801.63
-2801.64
-2801.64
-2801.64
-2801.64
-2801.64
-2801.63
-2801.63
-2801.62
-2801.61
-2801.6
-2801.58
-2801.56
-2801.54
-2801.51
-2801.48
-2801.44
-2801.39
-2801.35
-2801.29
-2801.23
-2801.17
-2801.1
-2801.03
-2800.95
-2800.88
-2800.79
-2800.71
-2800.62
-2800.54
-2800.45
-2800.36
-2800.27
-2800.19
-2800.1
-2800.02
-2799.95
-2799.87
-2799.8
-2799.74
-2799.68
-2799.62
-2799.57
-2799.53
-2799.49
-2799.46
-2799.43
-2799.41
-2799.4
-2799.39
-2799.39
-2799.39
-2799.4
-2799.41
-2799.43
-2799.45
-2799.47
-2799.49
-2799.52
-2799.55
-2799.58
-2799.61
-2799.63
-2799.66
-2799.68
-2799.69
-2799.71
-2799.71
-2799.72
-2799.71
-2799.7
-2799.68
-2799.66
-2799.63
-2799.59
-2799.54
-2799.48
-2799.42
-2799.36
-2799.29
-2799.21
-2799.14
-2799.06
-2798.98
-2798.9
-2798.82
-2798.75
-2798.68
-2798.62
-2798.57
-2798.52
-2798.49
-2798.46
-2798.45
-2798.45
-2798.46
-2798.48
-2798.51
-2798.55
-2798.6
-2798.65
-2798.72
-2798.78
-2798.85
-2798.91
-2798.97
-2799.03
-2799.08
-2799.12
-2799.15
-2799.17
-2799.18
-2799.17
-2799.14
-2799.11
-2799.07
-2799.02
-2798.96
-2798.89
-2798.83
-2798.77
-2798.71
-2798.66
-2798.61
-2798.58
-2798.56
-2798.56
-2798.57
-2798.59
-2798.62
-2798.66
-2798.71
-2798.76
-2798.81
-2798.86
-2798.91
-2798.94
-2798.97
-2798.99
-2798.99
-2798.98
-2798.97
-2798.94
-2798.92
-2798.89
-2798.86
-2798.83
-2798.81
-2798.8
-2798.8
-2798.81
-2798.83
-2798.85
-2798.87
-2798.9
-2798.92
-2798.94
-2798.95
-2798.96
-2798.95
-2798.94
-2798.92
-2798.89
-2798.87
-2798.84
-2798.81
-2798.79
-2798.78
-2798.77
-2798.78
-2798.78
-2798.8
-2798.82
-2798.84
-2798.86
-2798.88
-2798.9
-2798.91
-2798.92
-2798.92
-2798.92
-2798.91
-2798.9
-2798.89
-2798.88
-2798.87
-2798.87
-2798.87
-2798.87
-2798.87
-2798.87
-2798.88
-2798.88
-2798.89
-2798.89
-3710.76
-3710.76
-3710.77
-3710.78
-3710.79
-3710.8
-3710.82
-3710.84
-3710.85
-3710.87
-3710.89
-3710.91
-3710.92
-3710.93
-3710.94
-3710.94
-3710.93
-3710.92
-3710.91
-3710.88
-3710.85
-3710.8
-3710.75
-3710.69
-3710.62
-3710.54
-3710.45
-3710.36
-3710.26
-3710.15
-3710.04
-3709.92
-3709.81
-3709.68
-3709.56
-3709.44
-3709.32
-3709.2
-3709.08
-3708.97
-3708.86
-3708.76
-3708.67
-3708.59
-3708.51
-3708.44
-3708.38
-3708.32
-3708.28
-3708.24
-3708.22
-3708.2
-3708.19
-3708.18
-3708.19
-3708.2
-3708.23
-3708.25
-3708.29
-3708.33
-3708.37
-3708.42
-3708.47
-3708.52
-3708.57
-3708.63
-3708.68
-3708.73
-3708.77
-3708.81
-3708.85
-3708.87
-3708.89
-3708.9
-3708.91
-3708.9
-3708.88
-3708.85
-3708.82
-3708.77
-3708.71
-3708.64
-3708.57
-3708.48
-3708.39
-3708.29
-3708.19
-3708.09
-3707.98
-3707.88
-3707.78
-3707.69
-3707.6
-3707.52
-3707.45
-3707.4
-3707.36
-3707.33
-3707.32
-3707.32
-3707.34
-3707.37
-3707.42
-3707.48
-3707.55
-3707.63
-3707.71
-3707.81
-3707.9
-3707.99
-3708.07
-3708.15
-3708.22
-3708.27
-3708.31
-3708.33
-3708.33
-3708.32
-3708.29
-3708.25
-3708.18
-3708.11
-3708.03
-3707.95
-3707.86
-3707.77
-3707.69
-3707.62
-3707.57
-3707.53
-3707.51
-3707.5
-3707.52
-3707.55
-3707.59
-3707.65
-3707.72
-3707.79
-3707.86
-3707.93
-3707.99
-3708.04
-3708.07
-3708.09
-3708.09
-3708.07
-3708.05
-3708.01
-3707.97
-3707.92
-3707.88
-3707.84
-3707.82
-3707.81
-3707.81
-3707.82
-3707.84
-3707.87
-3707.91
-3707.94
-3707.98
-3708
-3708.02
-3708.02
-3708.02
-3708
-3707.97
-3707.94
-3707.9
-3707.87
-3707.84
-3707.81
-3707.8
-3707.79
-3707.8
-3707.81
-3707.83
-3707.85
-3707.88
-3707.9
-3707.93
-3707.94
-3707.96
-3707.97
-3707.97
-3707.96
-3707.95
-3707.94
-3707.93
-3707.92
-3707.91
-3707.9
-3707.9
-3707.9
-3707.9
-3707.91
-3707.92
-3707.92
-3707.93
-3707.93
-4516.05
-4516.06
-4516.07
-4516.1
-4516.13
-4516.17
-4516.21
-4516.26
-4516.31
-4516.37
-4516.43
-4516.49
-4516.54
-4516.59
-4516.63
-4516.66
-4516.68
-4516.69
-4516.69
-4516.67
-4516.64
-4516.59
-4516.53
-4516.45
-4516.35
-4516.24
-4516.11
-4515.98
-4515.83
-4515.67
-4515.51
-4515.34
-4515.17
-4514.99
-4514.82
-4514.65
-4514.49
-4514.33
-4514.17
-4514.03
-4513.89
-4513.76
-4513.64
-4513.54
-4513.44
-4513.36
-4513.29
-4513.23
-4513.19
-4513.15
-4513.13
-4513.13
-4513.13
-4513.15
-4513.17
-4513.21
-4513.26
-4513.31
-4513.38
-4513.45
-4513.53
-4513.61
-4513.69
-4513.77
-4513.86
-4513.94
-4514.03
-4514.1
-4514.18
-4514.24
-4514.3
-4514.34
-4514.38
-4514.4
-4514.41
-4514.41
-4514.39
-4514.36
-4514.31
-4514.25
-4514.18
-4514.09
-4513.99
-4513.88
-4513.76
-4513.63
-4513.5
-4513.37
-4513.23
-4513.1
-4512.97
-4512.84
-4512.73
-4512.63
-4512.54
-4512.48
-4512.42
-4512.39
-4512.38
-4512.39
-4512.42
-4512.47
-4512.54
-4512.62
-4512.72
-4512.84
-4512.96
-4513.08
-4513.21
-4513.33
-4513.44
-4513.55
-4513.64
-4513.71
-4513.75
-4513.78
-4513.78
-4513.76
-4513.72
-4513.66
-4513.57
-4513.47
-4513.36
-4513.25
-4513.13
-4513.01
-4512.91
-4512.82
-4512.75
-4512.7
-4512.67
-4512.67
-4512.69
-4512.74
-4512.8
-4512.89
-4512.98
-4513.07
-4513.17
-4513.26
-4513.34
-4513.4
-4513.44
-4513.45
-4513.45
-4513.42
-4513.38
-4513.33
-4513.27
-4513.2
-4513.14
-4513.1
-4513.06
-4513.05
-4513.05
-4513.07
-4513.1
-4513.14
-4513.19
-4513.24
-4513.29
-4513.32
-4513.34
-4513.35
-4513.34
-4513.32
-4513.28
-4513.24
-4513.19
-4513.15
-4513.11
-4513.08
-4513.06
-4513.05
-4513.06
-4513.08
-4513.1
-4513.13
-4513.16
-4513.19
-4513.22
-4513.25
-4513.26
-4513.27
-4513.27
-4513.26
-4513.25
-4513.23
-4513.22
-4513.2
-4513.19
-4513.19
-4513.18
-4513.18
-4513.19
-4513.2
-4513.2
-4513.21
-4513.22
-4513.22
-5229.12
-5229.13
-5229.17
-5229.22
-5229.29
-5229.38
-5229.48
-5229.6
-5229.73
-5229.86
-5230
-5230.13
-5230.27
-5230.39
-5230.5
-5230.6
-5230.68
-5230.74
-5230.78
-5230.79
-5230.76
-5230.71
-5230.63
-5230.52
-5230.38
-5230.21
-5230.02
-5229.81
-5229.58
-5229.35
-5229.1
-5228.85
-5228.6
-5228.35
-5228.11
-5227.87
-5227.65
-5227.43
-5227.23
-5227.04
-5226.86
-5226.71
-5226.56
-5226.44
-5226.33
-5226.24
-5226.17
-5226.11
-5226.07
-5226.05
-5226.05
-5226.06
-5226.08
-5226.13
-5226.18
-5226.25
-5226.33
-5226.43
-5226.53
-5226.64
-5226.75
-5226.88
-5227
-5227.13
-5227.25
-5227.38
-5227.5
-5227.61
-5227.71
-5227.81
-5227.89
-5227.96
-5228.01
-5228.05
-5228.07
-5228.07
-5228.05
-5228.01
-5227.95
-5227.88
-5227.78
-5227.67
-5227.54
-5227.4
-5227.24
-5227.08
-5226.91
-5226.73
-5226.55
-5226.38
-5226.22
-5226.06
-5225.91
-5225.79
-5225.68
-5225.59
-5225.53
-5225.5
-5225.49
-5225.5
-5225.55
-5225.62
-5225.72
-5225.83
-5225.97
-5226.12
-5226.28
-5226.45
-5226.62
-5226.78
-5226.93
-5227.06
-5227.18
-5227.27
-5227.33
-5227.36
-5227.36
-5227.33
-5227.27
-5227.18
-5227.07
-5226.94
-5226.79
-5226.64
-5226.48
-5226.33
-5226.19
-5226.08
-5225.99
-5225.93
-5225.9
-5225.9
-5225.93
-5226
-5226.09
-5226.2
-5226.32
-5226.45
-5226.58
-5226.69
-5226.79
-5226.86
-5226.91
-5226.92
-5226.91
-5226.88
-5226.82
-5226.74
-5226.66
-5226.57
-5226.49
-5226.43
-5226.38
-5226.36
-5226.37
-5226.4
-5226.44
-5226.5
-5226.57
-5226.64
-5226.69
-5226.74
-5226.77
-5226.77
-5226.76
-5226.73
-5226.68
-5226.63
-5226.57
-5226.51
-5226.46
-5226.43
-5226.41
-5226.4
-5226.41
-5226.43
-5226.46
-5226.5
-5226.54
-5226.58
-5226.61
-5226.64
-5226.65
-5226.66
-5226.66
-5226.65
-5226.63
-5226.62
-5226.6
-5226.58
-5226.57
-5226.56
-5226.55
-5226.55
-5226.56
-5226.57
-5226.58
-5226.59
-5226.6
-5226.61
-5860.44
-5860.49
-5860.58
-5860.71
-5860.87
-5861.06
-5861.28
-5861.54
-5861.82
-5862.11
-5862.4
-5862.7
-5862.97
-5863.23
-5863.46
-5863.66
-5863.81
-5863.92
-5863.99
-5864
-5863.96
-5863.87
-5863.74
-5863.55
-5863.31
-5863.03
-5862.72
-5862.37
-5862.01
-5861.65
-5861.28
-5860.91
-5860.55
-5860.21
-5859.88
-5859.56
-5859.27
-5858.99
-5858.74
-5858.51
-5858.3
-5858.12
-5857.95
-5857.81
-5857.69
-5857.59
-5857.52
-5857.47
-5857.45
-5857.44
-5857.46
-5857.49
-5857.55
-5857.63
-5857.72
-5857.83
-5857.95
-5858.09
-5858.24
-5858.39
-5858.56
-5858.73
-5858.9
-5859.08
-5859.25
-5859.42
-5859.58
-5859.73
-5859.88
-5860
-5860.12
-5860.21
-5860.28
-5860.33
-5860.36
-5860.37
-5860.34
-5860.3
-5860.23
-5860.13
-5860.01
-5859.87
-5859.7
-5859.52
-5859.32
-5859.11
-5858.9
-5858.67
-5858.45
-5858.23
-5858.02
-5857.82
-5857.64
-5857.49
-5857.35
-5857.25
-5857.17
-5857.13
-5857.13
-5857.16
-5857.22
-5857.32
-5857.45
-5857.6
-5857.78
-5857.98
-5858.19
-5858.41
-5858.62
-5858.83
-5859.02
-5859.19
-5859.34
-5859.45
-5859.53
-5859.56
-5859.56
-5859.52
-5859.43
-5859.32
-5859.17
-5858.99
-5858.8
-5858.6
-5858.4
-5858.21
-5858.04
-5857.9
-5857.78
-5857.71
-5857.68
-5857.69
-5857.74
-5857.82
-5857.94
-5858.09
-5858.25
-5858.42
-5858.58
-5858.72
-5858.84
-5858.93
-5858.99
-5859
-5858.98
-5858.92
-5858.84
-5858.74
-5858.62
-5858.51
-5858.41
-5858.33
-5858.27
-5858.25
-5858.26
-5858.3
-5858.36
-5858.44
-5858.53
-5858.62
-5858.69
-5858.75
-5858.78
-5858.79
-5858.77
-5858.73
-5858.67
-5858.6
-5858.53
-5858.46
-5858.4
-5858.36
-5858.33
-5858.33
-5858.34
-5858.37
-5858.41
-5858.45
-5858.5
-5858.55
-5858.59
-5858.62
-5858.63
-5858.64
-5858.64
-5858.62
-5858.6
-5858.58
-5858.56
-5858.53
-5858.52
-5858.51
-5858.51
-5858.51
-5858.52
-5858.53
-5858.54
-5858.56
-5858.57
-5858.57
-6418.66
-6418.72
-6418.86
-6419.07
-6419.36
-6419.75
-6420.2
-6420.69
-6421.21
-6421.74
-6422.26
-6422.76
-6423.23
-6423.66
-6424.05
-6424.38
-6424.65
-6424.86
-6425
-6425.07
-6425.06
-6424.97
-6424.8
-6424.55
-6424.22
-6423.82
-6423.35
-6422.83
-6422.3
-6421.76
-6421.23
-6420.72
-6420.24
-6419.78
-6419.35
-6418.95
-6418.58
-6418.24
-6417.94
-6417.67
-6417.43
-6417.22
-6417.05
-6416.9
-6416.79
-6416.7
-6416.64
-6416.61
-6416.6
-6416.62
-6416.67
-6416.74
-6416.83
-6416.95
-6417.08
-6417.24
-6417.41
-6417.6
-6417.8
-6418.01
-6418.23
-6418.46
-6418.69
-6418.92
-6419.14
-6419.36
-6419.58
-6419.77
-6419.96
-6420.12
-6420.27
-6420.39
-6420.48
-6420.55
-6420.59
-6420.59
-6420.57
-6420.51
-6420.42
-6420.3
-6420.15
-6419.97
-6419.77
-6419.54
-6419.29
-6419.03
-6418.76
-6418.48
-6418.21
-6417.94
-6417.68
-6417.43
-6417.21
-6417.02
-6416.86
-6416.73
-6416.65
-6416.6
-6416.6
-6416.64
-6416.73
-6416.86
-6417.02
-6417.22
-6417.45
-6417.7
-6417.97
-6418.24
-6418.51
-6418.77
-6419.01
-6419.22
-6419.4
-6419.54
-6419.63
-6419.67
-6419.66
-6419.6
-6419.49
-6419.34
-6419.15
-6418.93
-6418.69
-6418.44
-6418.19
-6417.95
-6417.74
-6417.56
-6417.43
-6417.34
-6417.3
-6417.32
-6417.39
-6417.51
-6417.66
-6417.85
-6418.05
-6418.26
-6418.46
-6418.64
-6418.78
-6418.89
-6418.95
-6418.96
-6418.93
-6418.85
-6418.74
-6418.61
-6418.46
-6418.32
-6418.19
-6418.09
-6418.03
-6418
-6418.01
-6418.07
-6418.15
-6418.25
-6418.36
-6418.47
-6418.56
-6418.63
-6418.67
-6418.68
-6418.65
-6418.6
-6418.53
-6418.44
-6418.35
-6418.27
-6418.2
-6418.15
-6418.12
-6418.12
-6418.14
-6418.17
-6418.22
-6418.28
-6418.34
-6418.39
-6418.43
-6418.47
-6418.49
-6418.49
-6418.48
-6418.47
-6418.44
-6418.41
-6418.39
-6418.36
-6418.34
-6418.33
-6418.33
-6418.33
-6418.34
-6418.36
-6418.38
-6418.39
-6418.4
-6418.41
-6912.59
-6912.72
-6912.97
-6913.35
-6913.87
-6914.51
-6915.24
-6916.11
-6917.06
-6918.03
-6919.01
-6919.95
-6920.81
-6921.59
-6922.27
-6922.84
-6923.28
-6923.61
-6923.81
-6923.88
-6923.82
-6923.62
-6923.28
-6922.81
-6922.2
-6921.47
-6920.62
-6919.71
-6918.8
-6917.94
-6917.15
-6916.43
-6915.78
-6915.19
-6914.67
-6914.2
-6913.78
-6913.4
-6913.08
-6912.79
-6912.54
-6912.33
-6912.15
-6912
-6911.9
-6911.82
-6911.78
-6911.77
-6911.79
-6911.85
-6911.93
-6912.04
-6912.17
-6912.34
-6912.52
-6912.73
-6912.96
-6913.2
-6913.46
-6913.74
-6914.02
-6914.31
-6914.59
-6914.88
-6915.17
-6915.44
-6915.71
-6915.95
-6916.18
-6916.39
-6916.57
-6916.72
-6916.83
-6916.92
-6916.96
-6916.97
-6916.94
-6916.87
-6916.76
-6916.61
-6916.43
-6916.21
-6915.96
-6915.68
-6915.38
-6915.06
-6914.73
-6914.39
-6914.06
-6913.73
-6913.42
-6913.12
-6912.86
-6912.62
-6912.43
-6912.28
-6912.19
-6912.14
-6912.14
-6912.2
-6912.31
-6912.48
-6912.68
-6912.93
-6913.21
-6913.52
-6913.85
-6914.18
-6914.51
-6914.83
-6915.12
-6915.38
-6915.59
-6915.76
-6915.86
-6915.91
-6915.89
-6915.81
-6915.68
-6915.48
-6915.25
-6914.98
-6914.68
-6914.37
-6914.07
-6913.78
-6913.53
-6913.31
-6913.15
-6913.05
-6913.01
-6913.04
-6913.13
-6913.28
-6913.47
-6913.7
-6913.95
-6914.21
-6914.45
-6914.67
-6914.84
-6914.97
-6915.04
-6915.04
-6915
-6914.89
-6914.75
-6914.58
-6914.4
-6914.22
-6914.07
-6913.95
-6913.87
-6913.84
-6913.86
-6913.93
-6914.03
-6914.16
-6914.3
-6914.43
-6914.54
-6914.62
-6914.67
-6914.68
-6914.64
-6914.58
-6914.49
-6914.39
-6914.28
-6914.18
-6914.1
-6914.05
-6914.02
-6914.01
-6914.04
-6914.08
-6914.14
-6914.21
-6914.27
-6914.33
-6914.39
-6914.42
-6914.44
-6914.45
-6914.44
-6914.41
-6914.38
-6914.35
-6914.32
-6914.29
-6914.27
-6914.26
-6914.25
-6914.26
-6914.27
-6914.29
-6914.31
-6914.33
-6914.34
-6914.35
-7348.11
-7348.28
-7348.62
-7349.15
-7349.87
-7350.83
-7352.15
-7353.89
-7356.18
-7358.06
-7359.61
-7360.93
-7362.04
-7362.97
-7363.76
-7364.44
-7365
-7365.41
-7365.67
-7365.78
-7365.71
-7365.48
-7365.09
-7364.52
-7363.75
-7362.75
-7361.37
-7359.47
-7358.05
-7356.87
-7355.9
-7355.08
-7354.35
-7353.7
-7353.13
-7352.63
-7352.18
-7351.79
-7351.45
-7351.16
-7350.91
-7350.71
-7350.55
-7350.42
-7350.33
-7350.28
-7350.27
-7350.29
-7350.34
-7350.43
-7350.55
-7350.71
-7350.89
-7351.11
-7351.35
-7351.61
-7351.9
-7352.21
-7352.53
-7352.87
-7353.21
-7353.56
-7353.92
-7354.27
-7354.62
-7354.95
-7355.27
-7355.57
-7355.85
-7356.09
-7356.31
-7356.49
-7356.63
-7356.73
-7356.78
-7356.79
-7356.75
-7356.67
-7356.53
-7356.35
-7356.13
-7355.87
-7355.57
-7355.23
-7354.87
-7354.49
-7354.1
-7353.7
-7353.3
-7352.91
-7352.54
-7352.19
-7351.88
-7351.6
-7351.38
-7351.21
-7351.1
-7351.05
-7351.06
-7351.14
-7351.28
-7351.47
-7351.73
-7352.03
-7352.37
-7352.74
-7353.13
-7353.53
-7353.93
-7354.3
-7354.65
-7354.96
-7355.21
-7355.4
-7355.52
-7355.57
-7355.54
-7355.44
-7355.27
-7355.04
-7354.75
-7354.43
-7354.07
-7353.7
-7353.34
-7353
-7352.7
-7352.45
-7352.26
-7352.15
-7352.11
-7352.15
-7352.26
-7352.45
-7352.68
-7352.96
-7353.26
-7353.57
-7353.86
-7354.11
-7354.32
-7354.46
-7354.53
-7354.54
-7354.47
-7354.34
-7354.17
-7353.96
-7353.74
-7353.53
-7353.34
-7353.19
-7353.1
-7353.07
-7353.11
-7353.19
-7353.32
-7353.47
-7353.64
-7353.79
-7353.93
-7354.02
-7354.08
-7354.08
-7354.04
-7353.96
-7353.86
-7353.73
-7353.61
-7353.5
-7353.41
-7353.34
-7353.31
-7353.31
-7353.34
-7353.39
-7353.46
-7353.54
-7353.61
-7353.68
-7353.74
-7353.78
-7353.8
-7353.8
-7353.79
-7353.76
-7353.73
-7353.69
-7353.65
-7353.62
-7353.6
-7353.58
-7353.58
-7353.59
-7353.6
-7353.62
-7353.65
-7353.67
-7353.69
-7353.69
-7732.13
-7732.34
-7732.77
-7733.47
-7734.51
-7735.96
-7737.9
-7740.21
-7743.59
-7746.39
-7748.85
-7751.05
-7752.99
-7754.65
-7756.04
-7757.13
-7757.95
-7758.52
-7758.86
-7758.96
-7758.83
-7758.44
-7757.77
-7756.77
-7755.44
-7753.83
-7751.82
-7748.61
-7746.77
-7745.46
-7744.24
-7743.18
-7742.34
-7741.69
-7741.14
-7740.66
-7740.25
-7739.89
-7739.57
-7739.3
-7739.07
-7738.89
-7738.75
-7738.65
-7738.59
-7738.56
-7738.58
-7738.63
-7738.72
-7738.85
-7739.02
-7739.22
-7739.45
-7739.72
-7740.02
-7740.34
-7740.69
-7741.06
-7741.45
-7741.86
-7742.27
-7742.69
-7743.11
-7743.53
-7743.94
-7744.33
-7744.71
-7745.06
-7745.39
-7745.68
-7745.93
-7746.14
-7746.31
-7746.42
-7746.48
-7746.49
-7746.44
-7746.34
-7746.18
-7745.97
-7745.7
-7745.39
-7745.04
-7744.65
-7744.23
-7743.78
-7743.32
-7742.85
-7742.38
-7741.93
-7741.5
-7741.09
-7740.73
-7740.42
-7740.16
-7739.96
-7739.84
-7739.79
-7739.81
-7739.9
-7740.07
-7740.31
-7740.61
-7740.97
-7741.38
-7741.81
-7742.27
-7742.74
-7743.2
-7743.64
-7744.05
-7744.4
-7744.69
-7744.91
-7745.05
-7745.1
-7745.06
-7744.94
-7744.74
-7744.46
-7744.12
-7743.73
-7743.31
-7742.88
-7742.46
-7742.06
-7741.71
-7741.42
-7741.21
-7741.08
-7741.04
-7741.1
-7741.24
-7741.46
-7741.74
-7742.07
-7742.42
-7742.78
-7743.12
-7743.41
-7743.65
-7743.81
-7743.89
-7743.89
-7743.8
-7743.65
-7743.43
-7743.18
-7742.92
-7742.67
-7742.45
-7742.29
-7742.18
-7742.15
-7742.19
-7742.3
-7742.45
-7742.64
-7742.83
-7743.01
-7743.17
-7743.28
-7743.34
-7743.34
-7743.29
-7743.2
-7743.07
-7742.93
-7742.79
-7742.66
-7742.56
-7742.48
-7742.45
-7742.45
-7742.49
-7742.55
-7742.63
-7742.72
-7742.8
-7742.88
-7742.94
-7742.99
-7743.01
-7743.01
-7742.99
-7742.96
-7742.92
-7742.88
-7742.84
-7742.8
-7742.77
-7742.76
-7742.76
-7742.77
-7742.79
-7742.81
-7742.84
-7742.86
-7742.88
-7742.89
-8070.85
-8070.95
-8071.15
-8071.43
-8071.77
-8072.11
-8072.28
-8072.74
-8087.84
-8087.3
-8086.91
-8086.45
-8086.02
-8085.55
-8085.08
-8084.62
-8084.21
-8083.85
-8083.52
-8083.24
-8083.01
-8082.82
-8082.65
-8082.53
-8082.45
-8082.41
-8082.41
-8082.46
-8082.55
-8082.68
-8082.85
-8083.06
-8083.31
-8083.59
-8083.92
-8084.27
-8084.66
-8085.07
-8085.51
-8085.96
-8086.44
-8086.92
-8087.41
-8087.9
-8088.38
-8088.86
-8089.32
-8089.75
-8090.16
-8090.54
-8090.87
-8091.16
-8091.4
-8091.59
-8091.72
-8091.78
-8091.79
-8091.73
-8091.61
-8091.42
-8091.18
-8090.87
-8090.51
-8090.1
-8089.65
-8089.16
-8088.65
-8088.12
-8087.58
-8087.04
-8086.52
-8086.03
-8085.57
-8085.15
-8084.8
-8084.51
-8084.29
-8084.15
-8084.09
-8084.12
-8084.24
-8084.44
-8084.72
-8085.08
-8085.49
-8085.96
-8086.47
-8087
-8087.54
-8088.07
-8088.57
-8089.03
-8089.44
-8089.77
-8090.01
-8090.17
-8090.22
-8090.17
-8090.02
-8089.78
-8089.46
-8089.06
-8088.61
-8088.13
-8087.63
-8087.15
-8086.69
-8086.29
-8085.97
-8085.73
-8085.59
-8085.55
-8085.62
-8085.79
-8086.05
-8086.38
-8086.76
-8087.16
-8087.59
-8087.97
-8088.3
-8088.57
-8088.75
-8088.84
-8088.82
-8088.72
-8088.53
-8088.28
-8087.99
-8087.68
-8087.39
-8087.14
-8086.95
-8086.84
-8086.81
-8086.86
-8086.99
-8087.17
-8087.38
-8087.61
-8087.82
-8087.99
-8088.12
-8088.18
-8088.18
-8088.12
-8088.01
-8087.87
-8087.71
-8087.54
-8087.4
-8087.29
-8087.21
-8087.17
-8087.18
-8087.22
-8087.29
-8087.38
-8087.48
-8087.58
-8087.66
-8087.73
-8087.78
-8087.8
-8087.8
-8087.78
-8087.74
-8087.7
-8087.65
-8087.6
-8087.56
-8087.53
-8087.52
-8087.52
-8087.53
-8087.55
-8087.57
-8087.6
-8087.63
-8087.65
-8087.66
-8369.97
-8370.01
-8370.07
-8370.17
-8370.27
-8370.38
-8370.48
-8370.61
-8391.01
-8390.69
-8390.43
-8390.12
-8389.78
-8389.42
-8389.06
-8388.71
-8388.39
-8388.09
-8387.81
-8387.57
-8387.37
-8387.2
-8387.06
-8386.97
-8386.91
-8386.9
-8386.94
-8387.01
-8387.14
-8387.3
-8387.51
-8387.77
-8388.07
-8388.4
-8388.78
-8389.19
-8389.64
-8390.12
-8390.62
-8391.15
-8391.69
-8392.24
-8392.8
-8393.36
-8393.91
-8394.45
-8394.97
-8395.47
-8395.93
-8396.35
-8396.73
-8397.06
-8397.33
-8397.54
-8397.68
-8397.75
-8397.76
-8397.69
-8397.55
-8397.33
-8397.05
-8396.7
-8396.29
-8395.82
-8395.31
-8394.76
-8394.17
-8393.57
-8392.96
-8392.36
-8391.77
-8391.21
-8390.69
-8390.23
-8389.83
-8389.5
-8389.26
-8389.11
-8389.05
-8389.09
-8389.23
-8389.47
-8389.79
-8390.19
-8390.67
-8391.2
-8391.78
-8392.38
-8393
-8393.6
-8394.17
-8394.69
-8395.14
-8395.51
-8395.78
-8395.95
-8396
-8395.94
-8395.77
-8395.49
-8395.11
-8394.66
-8394.15
-8393.6
-8393.04
-8392.49
-8391.98
-8391.53
-8391.16
-8390.9
-8390.74
-8390.71
-8390.8
-8391
-8391.29
-8391.67
-8392.11
-8392.57
-8393.04
-8393.48
-8393.85
-8394.15
-8394.35
-8394.44
-8394.42
-8394.29
-8394.07
-8393.78
-8393.45
-8393.1
-8392.77
-8392.49
-8392.27
-8392.15
-8392.12
-8392.18
-8392.33
-8392.54
-8392.78
-8393.04
-8393.28
-8393.48
-8393.61
-8393.68
-8393.68
-8393.61
-8393.48
-8393.32
-8393.14
-8392.96
-8392.8
-8392.67
-8392.59
-8392.55
-8392.56
-8392.61
-8392.69
-8392.79
-8392.9
-8393.01
-8393.1
-8393.17
-8393.22
-8393.25
-8393.24
-8393.22
-8393.18
-8393.13
-8393.07
-8393.02
-8392.98
-8392.95
-8392.93
-8392.93
-8392.94
-8392.97
-8393
-8393.03
-8393.06
-8393.08
-8393.1
-8635
-8635.02
-8635.08
-8635.16
-8635.27
-8635.4
-8635.51
-8635.69
-8659.74
-8659.58
-8659.43
-8659.21
-8658.95
-8658.67
-8658.38
-8658.08
-8657.8
-8657.54
-8657.3
-8657.09
-8656.91
-8656.76
-8656.65
-8656.58
-8656.55
-8656.57
-8656.63
-8656.73
-8656.89
-8657.09
-8657.34
-8657.64
-8657.98
-8658.37
-8658.8
-8659.28
-8659.78
-8660.32
-8660.89
-8661.48
-8662.09
-8662.71
-8663.34
-8663.97
-8664.59
-8665.19
-8665.78
-8666.33
-8666.84
-8667.32
-8667.74
-8668.1
-8668.4
-8668.63
-8668.79
-8668.87
-8668.87
-8668.79
-8668.62
-8668.38
-8668.06
-8667.67
-8667.21
-8666.68
-8666.11
-8665.49
-8664.83
-8664.16
-8663.48
-8662.8
-8662.15
-8661.53
-8660.95
-8660.44
-8660
-8659.64
-8659.37
-8659.21
-8659.15
-8659.21
-8659.37
-8659.63
-8660
-8660.46
-8660.99
-8661.59
-8662.24
-8662.91
-8663.6
-8664.27
-8664.9
-8665.48
-8665.98
-8666.39
-8666.69
-8666.87
-8666.92
-8666.85
-8666.65
-8666.33
-8665.91
-8665.4
-8664.83
-8664.21
-8663.58
-8662.97
-8662.4
-8661.9
-8661.5
-8661.21
-8661.04
-8661.01
-8661.12
-8661.34
-8661.68
-8662.11
-8662.6
-8663.12
-8663.65
-8664.13
-8664.55
-8664.87
-8665.09
-8665.19
-8665.15
-8665.01
-8664.75
-8664.42
-8664.05
-8663.65
-8663.29
-8662.97
-8662.73
-8662.6
-8662.57
-8662.65
-8662.81
-8663.05
-8663.33
-8663.61
-8663.88
-8664.1
-8664.25
-8664.32
-8664.31
-8664.23
-8664.09
-8663.91
-8663.71
-8663.51
-8663.34
-8663.2
-8663.11
-8663.07
-8663.09
-8663.14
-8663.23
-8663.34
-8663.46
-8663.58
-8663.68
-8663.76
-8663.81
-8663.83
-8663.83
-8663.8
-8663.75
-8663.7
-8663.64
-8663.58
-8663.54
-8663.5
-8663.49
-8663.49
-8663.5
-8663.53
-8663.56
-8663.6
-8663.63
-8663.65
-8663.67
-8869.68
-8869.7
-8869.73
-8869.77
-8869.83
-8869.89
-8869.92
-8869.97
-8897.97
-8897.89
-8897.75
-8897.59
-8897.39
-8897.16
-8896.92
-8896.68
-8896.43
-8896.2
-8895.99
-8895.79
-8895.63
-8895.5
-8895.41
-8895.36
-8895.35
-8895.39
-8895.47
-8895.6
-8895.79
-8896.03
-8896.32
-8896.66
-8897.05
-8897.48
-8897.97
-8898.49
-8899.06
-8899.66
-8900.29
-8900.95
-8901.63
-8902.32
-8903.01
-8903.71
-8904.39
-8905.06
-8905.7
-8906.31
-8906.88
-8907.4
-8907.86
-8908.26
-8908.59
-8908.84
-8909.01
-8909.09
-8909.09
-8908.99
-8908.81
-8908.54
-8908.18
-8907.75
-8907.23
-8906.65
-8906.02
-8905.33
-8904.61
-8903.87
-8903.12
-8902.37
-8901.65
-8900.97
-8900.34
-8899.77
-8899.29
-8898.9
-8898.61
-8898.44
-8898.38
-8898.45
-8898.63
-8898.93
-8899.34
-8899.84
-8900.44
-8901.1
-8901.82
-8902.56
-8903.32
-8904.06
-8904.75
-8905.39
-8905.94
-8906.38
-8906.71
-8906.9
-8906.96
-8906.87
-8906.64
-8906.29
-8905.82
-8905.25
-8904.61
-8903.93
-8903.24
-8902.57
-8901.94
-8901.4
-8900.96
-8900.64
-8900.47
-8900.44
-8900.56
-8900.82
-8901.2
-8901.67
-8902.22
-8902.79
-8903.37
-8903.9
-8904.36
-8904.72
-8904.95
-8905.05
-8905.01
-8904.83
-8904.55
-8904.18
-8903.76
-8903.33
-8902.92
-8902.57
-8902.31
-8902.17
-8902.14
-8902.23
-8902.42
-8902.68
-8902.99
-8903.31
-8903.6
-8903.84
-8904
-8904.08
-8904.07
-8903.97
-8903.82
-8903.61
-8903.39
-8903.18
-8902.99
-8902.84
-8902.75
-8902.71
-8902.73
-8902.79
-8902.89
-8903.02
-8903.14
-8903.27
-8903.38
-8903.46
-8903.51
-8903.53
-8903.53
-8903.49
-8903.44
-8903.38
-8903.32
-8903.26
-8903.21
-8903.18
-8903.16
-8903.16
-8903.18
-8903.2
-8903.24
-8903.28
-8903.31
-8903.34
-8903.36
-9077.53
-9077.54
-9077.56
-9077.58
-9077.61
-9077.64
-9077.66
-9077.69
-9109.15
-9109.1
-9108.98
-9108.84
-9108.67
-9108.47
-9108.25
-9108.03
-9107.81
-9107.59
-9107.39
-9107.22
-9107.07
-9106.95
-9106.87
-9106.83
-9106.84
-9106.9
-9107
-9107.16
-9107.38
-9107.65
-9107.97
-9108.35
-9108.78
-9109.27
-9109.8
-9110.38
-9111.01
-9111.67
-9112.36
-9113.08
-9113.82
-9114.58
-9115.34
-9116.1
-9116.84
-9117.57
-9118.27
-9118.94
-9119.56
-9120.12
-9120.62
-9121.05
-9121.41
-9121.68
-9121.86
-9121.95
-9121.94
-9121.83
-9121.63
-9121.33
-9120.94
-9120.46
-9119.89
-9119.26
-9118.56
-9117.81
-9117.03
-9116.21
-9115.4
-9114.59
-9113.8
-9113.06
-9112.37
-9111.76
-9111.24
-9110.82
-9110.51
-9110.33
-9110.27
-9110.34
-9110.55
-9110.88
-9111.33
-9111.89
-9112.54
-9113.27
-9114.05
-9114.87
-9115.69
-9116.49
-9117.25
-9117.94
-9118.54
-9119.02
-9119.37
-9119.57
-9119.63
-9119.52
-9119.27
-9118.88
-9118.36
-9117.74
-9117.04
-9116.3
-9115.54
-9114.81
-9114.13
-9113.54
-9113.06
-9112.72
-9112.54
-9112.52
-9112.65
-9112.94
-9113.36
-9113.89
-9114.48
-9115.11
-9115.74
-9116.32
-9116.81
-9117.2
-9117.45
-9117.55
-9117.5
-9117.3
-9116.99
-9116.58
-9116.12
-9115.64
-9115.19
-9114.81
-9114.54
-9114.38
-9114.36
-9114.46
-9114.67
-9114.96
-9115.3
-9115.65
-9115.97
-9116.23
-9116.4
-9116.48
-9116.46
-9116.36
-9116.18
-9115.96
-9115.73
-9115.49
-9115.29
-9115.14
-9115.04
-9115
-9115.02
-9115.09
-9115.2
-9115.33
-9115.47
-9115.6
-9115.72
-9115.8
-9115.86
-9115.88
-9115.87
-9115.84
-9115.78
-9115.72
-9115.65
-9115.58
-9115.53
-9115.5
-9115.48
-9115.48
-9115.5
-9115.53
-9115.57
-9115.61
-9115.65
-9115.67
-9115.69
-9261.63
-9261.64
-9261.65
-9261.67
-9261.68
-9261.7
-9261.71
-9261.73
-9296.29
-9296.24
-9296.14
-9296.01
-9295.85
-9295.67
-9295.47
-9295.25
-9295.04
-9294.84
-9294.65
-9294.48
-9294.33
-9294.23
-9294.16
-9294.13
-9294.15
-9294.22
-9294.35
-9294.53
-9294.77
-9295.07
-9295.43
-9295.84
-9296.32
-9296.85
-9297.43
-9298.06
-9298.74
-9299.46
-9300.21
-9300.99
-9301.79
-9302.61
-9303.43
-9304.25
-9305.06
-9305.85
-9306.6
-9307.32
-9307.99
-9308.59
-9309.13
-9309.6
-9309.98
-9310.26
-9310.46
-9310.55
-9310.54
-9310.42
-9310.19
-9309.87
-9309.44
-9308.92
-9308.31
-9307.62
-9306.86
-9306.05
-9305.2
-9304.32
-9303.44
-9302.57
-9301.72
-9300.92
-9300.18
-9299.52
-9298.96
-9298.51
-9298.19
-9297.99
-9297.94
-9298.02
-9298.25
-9298.61
-9299.1
-9299.71
-9300.42
-9301.21
-9302.06
-9302.94
-9303.82
-9304.69
-9305.51
-9306.25
-9306.89
-9307.4
-9307.78
-9307.99
-9308.05
-9307.93
-9307.65
-9307.22
-9306.66
-9305.98
-9305.23
-9304.42
-9303.61
-9302.81
-9302.08
-9301.45
-9300.94
-9300.58
-9300.39
-9300.37
-9300.52
-9300.84
-9301.3
-9301.87
-9302.51
-9303.2
-9303.87
-9304.5
-9305.03
-9305.44
-9305.7
-9305.81
-9305.74
-9305.53
-9305.18
-9304.74
-9304.23
-9303.72
-9303.23
-9302.83
-9302.53
-9302.36
-9302.34
-9302.46
-9302.69
-9303.01
-9303.38
-9303.75
-9304.1
-9304.37
-9304.56
-9304.64
-9304.62
-9304.5
-9304.31
-9304.08
-9303.82
-9303.57
-9303.36
-9303.19
-9303.09
-9303.05
-9303.08
-9303.16
-9303.27
-9303.41
-9303.56
-9303.7
-9303.82
-9303.91
-9303.97
-9303.99
-9303.98
-9303.94
-9303.88
-9303.81
-9303.74
-9303.67
-9303.62
-9303.58
-9303.56
-9303.56
-9303.58
-9303.62
-9303.66
-9303.7
-9303.74
-9303.77
-9303.79
-9424.71
-9424.72
-9424.72
-9424.74
-9424.75
-9424.76
-9424.77
-9424.78
-9462.11
-9462.07
-9461.97
-9461.85
-9461.7
-9461.51
-9461.32
-9461.11
-9460.9
-9460.7
-9460.51
-9460.34
-9460.2
-9460.1
-9460.03
-9460.01
-9460.04
-9460.13
-9460.27
-9460.47
-9460.74
-9461.07
-9461.45
-9461.91
-9462.42
-9462.99
-9463.62
-9464.3
-9465.03
-9465.8
-9466.61
-9467.45
-9468.31
-9469.18
-9470.07
-9470.94
-9471.81
-9472.65
-9473.46
-9474.23
-9474.94
-9475.59
-9476.16
-9476.65
-9477.06
-9477.36
-9477.56
-9477.66
-9477.64
-9477.51
-9477.27
-9476.91
-9476.45
-9475.89
-9475.23
-9474.49
-9473.68
-9472.81
-9471.9
-9470.96
-9470.02
-9469.08
-9468.18
-9467.32
-9466.53
-9465.83
-9465.24
-9464.76
-9464.41
-9464.21
-9464.15
-9464.25
-9464.5
-9464.89
-9465.42
-9466.08
-9466.84
-9467.69
-9468.6
-9469.54
-9470.49
-9471.42
-9472.29
-9473.08
-9473.76
-9474.31
-9474.7
-9474.93
-9474.98
-9474.85
-9474.55
-9474.08
-9473.47
-9472.75
-9471.94
-9471.08
-9470.2
-9469.36
-9468.58
-9467.9
-9467.36
-9466.98
-9466.78
-9466.76
-9466.93
-9467.28
-9467.77
-9468.39
-9469.08
-9469.81
-9470.54
-9471.2
-9471.77
-9472.21
-9472.48
-9472.59
-9472.52
-9472.28
-9471.9
-9471.42
-9470.88
-9470.32
-9469.81
-9469.37
-9469.05
-9468.88
-9468.86
-9468.99
-9469.25
-9469.59
-9469.99
-9470.39
-9470.76
-9471.05
-9471.25
-9471.33
-9471.3
-9471.18
-9470.97
-9470.72
-9470.45
-9470.18
-9469.95
-9469.78
-9469.68
-9469.64
-9469.67
-9469.75
-9469.88
-9470.03
-9470.18
-9470.33
-9470.46
-9470.55
-9470.61
-9470.63
-9470.62
-9470.58
-9470.51
-9470.44
-9470.36
-9470.29
-9470.23
-9470.2
-9470.18
-9470.18
-9470.2
-9470.23
-9470.28
-9470.32
-9470.37
-9470.4
-9470.42
-9569.17
-9569.18
-9569.18
-9569.19
-9569.2
-9569.21
-9569.21
-9569.23
-9609.04
-9609.01
-9608.9
-9608.78
-9608.63
-9608.44
-9608.24
-9608.03
-9607.82
-9607.61
-9607.42
-9607.25
-9607.11
-9607.01
-9606.95
-9606.94
-9606.98
-9607.07
-9607.23
-9607.45
-9607.74
-9608.09
-9608.51
-9608.99
-9609.54
-9610.15
-9610.82
-9611.55
-9612.33
-9613.15
-9614.01
-9614.9
-9615.82
-9616.75
-9617.68
-9618.62
-9619.54
-9620.43
-9621.29
-9622.1
-9622.86
-9623.54
-9624.15
-9624.67
-9625.1
-9625.42
-9625.63
-9625.73
-9625.7
-9625.56
-9625.3
-9624.92
-9624.43
-9623.83
-9623.13
-9622.34
-9621.47
-9620.55
-9619.58
-9618.58
-9617.58
-9616.58
-9615.62
-9614.72
-9613.88
-9613.14
-9612.51
-9612.01
-9611.65
-9611.43
-9611.38
-9611.49
-9611.75
-9612.18
-9612.74
-9613.44
-9614.26
-9615.16
-9616.13
-9617.13
-9618.14
-9619.12
-9620.05
-9620.88
-9621.6
-9622.18
-9622.6
-9622.83
-9622.88
-9622.74
-9622.41
-9621.91
-9621.26
-9620.49
-9619.63
-9618.71
-9617.78
-9616.88
-9616.06
-9615.34
-9614.77
-9614.37
-9614.16
-9614.15
-9614.34
-9614.71
-9615.24
-9615.9
-9616.64
-9617.42
-9618.18
-9618.89
-9619.49
-9619.95
-9620.24
-9620.35
-9620.26
-9620.01
-9619.6
-9619.09
-9618.51
-9617.91
-9617.36
-9616.9
-9616.57
-9616.39
-9616.37
-9616.51
-9616.79
-9617.16
-9617.58
-9618.01
-9618.4
-9618.71
-9618.91
-9619
-9618.97
-9618.83
-9618.61
-9618.34
-9618.05
-9617.78
-9617.54
-9617.36
-9617.25
-9617.21
-9617.24
-9617.33
-9617.47
-9617.62
-9617.79
-9617.94
-9618.08
-9618.17
-9618.23
-9618.25
-9618.24
-9618.19
-9618.13
-9618.05
-9617.97
-9617.89
-9617.84
-9617.79
-9617.78
-9617.78
-9617.8
-9617.84
-9617.88
-9617.93
-9617.98
-9618.01
-9618.03
-9697.15
-9697.15
-9697.15
-9697.16
-9697.17
-9697.18
-9697.18
-9697.19
-9739.23
-9739.2
-9739.1
-9738.96
-9738.81
-9738.62
-9738.41
-9738.2
-9737.98
-9737.76
-9737.56
-9737.39
-9737.25
-9737.14
-9737.09
-9737.08
-9737.12
-9737.22
-9737.39
-9737.63
-9737.93
-9738.31
-9738.75
-9739.27
-9739.85
-9740.5
-9741.21
-9741.98
-9742.8
-9743.67
-9744.58
-9745.52
-9746.49
-9747.47
-9748.46
-9749.44
-9750.41
-9751.36
-9752.26
-9753.12
-9753.91
-9754.63
-9755.27
-9755.82
-9756.27
-9756.6
-9756.82
-9756.92
-9756.9
-9756.74
-9756.46
-9756.06
-9755.54
-9754.9
-9754.16
-9753.33
-9752.41
-9751.44
-9750.41
-9749.36
-9748.3
-9747.25
-9746.24
-9745.28
-9744.41
-9743.63
-9742.97
-9742.44
-9742.06
-9741.84
-9741.79
-9741.9
-9742.19
-9742.64
-9743.24
-9743.98
-9744.84
-9745.79
-9746.82
-9747.87
-9748.94
-9749.98
-9750.95
-9751.83
-9752.59
-9753.2
-9753.63
-9753.87
-9753.92
-9753.77
-9753.42
-9752.89
-9752.2
-9751.38
-9750.47
-9749.5
-9748.52
-9747.57
-9746.7
-9745.95
-9745.35
-9744.93
-9744.72
-9744.71
-9744.91
-9745.31
-9745.87
-9746.57
-9747.35
-9748.18
-9748.98
-9749.73
-9750.36
-9750.84
-9751.14
-9751.25
-9751.16
-9750.88
-9750.45
-9749.9
-9749.29
-9748.66
-9748.08
-9747.59
-9747.24
-9747.06
-9747.04
-9747.2
-9747.49
-9747.88
-9748.33
-9748.79
-9749.19
-9749.52
-9749.73
-9749.82
-9749.78
-9749.64
-9749.41
-9749.12
-9748.82
-9748.53
-9748.28
-9748.09
-9747.98
-9747.94
-9747.98
-9748.07
-9748.21
-9748.38
-9748.55
-9748.71
-9748.85
-9748.95
-9749.01
-9749.03
-9749.01
-9748.96
-9748.89
-9748.81
-9748.73
-9748.65
-9748.59
-9748.55
-9748.53
-9748.53
-9748.56
-9748.6
-9748.64
-9748.69
-9748.74
-9748.78
-9748.79
)
;

boundaryField
{
    freeSurface
    {
        type            calculated;
        value           nonuniform List<scalar> 
181
(
-9757.26
-9757.26
-9757.26
-9757.27
-9757.28
-9757.29
-9757.3
-9757.31
-9800.41
-9800.38
-9800.27
-9800.12
-9799.97
-9799.77
-9799.56
-9799.33
-9799.11
-9798.89
-9798.68
-9798.5
-9798.36
-9798.25
-9798.19
-9798.18
-9798.23
-9798.34
-9798.52
-9798.76
-9799.07
-9799.46
-9799.92
-9800.45
-9801.05
-9801.72
-9802.45
-9803.24
-9804.08
-9804.98
-9805.91
-9806.88
-9807.87
-9808.88
-9809.9
-9810.91
-9811.91
-9812.87
-9813.8
-9814.68
-9815.49
-9816.24
-9816.89
-9817.45
-9817.91
-9818.25
-9818.47
-9818.57
-9818.54
-9818.39
-9818.1
-9817.68
-9817.14
-9816.48
-9815.72
-9814.86
-9813.92
-9812.92
-9811.87
-9810.78
-9809.7
-9808.62
-9807.58
-9806.6
-9805.7
-9804.91
-9804.23
-9803.69
-9803.3
-9803.08
-9803.03
-9803.15
-9803.44
-9803.91
-9804.53
-9805.29
-9806.18
-9807.16
-9808.21
-9809.3
-9810.39
-9811.45
-9812.45
-9813.36
-9814.13
-9814.75
-9815.2
-9815.44
-9815.49
-9815.33
-9814.97
-9814.42
-9813.71
-9812.87
-9811.93
-9810.93
-9809.93
-9808.95
-9808.06
-9807.29
-9806.68
-9806.25
-9806.03
-9806.03
-9806.24
-9806.65
-9807.23
-9807.95
-9808.76
-9809.6
-9810.43
-9811.19
-9811.84
-9812.33
-9812.64
-9812.75
-9812.65
-9812.37
-9811.92
-9811.35
-9810.72
-9810.08
-9809.48
-9808.98
-9808.62
-9808.43
-9808.42
-9808.58
-9808.88
-9809.29
-9809.75
-9810.22
-9810.64
-9810.97
-9811.19
-9811.28
-9811.24
-9811.09
-9810.85
-9810.55
-9810.24
-9809.95
-9809.69
-9809.5
-9809.39
-9809.35
-9809.39
-9809.49
-9809.63
-9809.8
-9809.98
-9810.14
-9810.28
-9810.38
-9810.44
-9810.46
-9810.44
-9810.39
-9810.32
-9810.24
-9810.16
-9810.08
-9810.01
-9809.97
-9809.95
-9809.96
-9809.98
-9810.02
-9810.07
-9810.12
-9810.17
-9810.2
-9810.22
)
;
    }
    walls
    {
        type            calculated;
        value           nonuniform List<scalar> 
240
(
-616.899
-1775.35
-2801.63
-3710.76
-4516.05
-5229.12
-5860.44
-6418.66
-6912.59
-7348.11
-7732.13
-8070.85
-8369.97
-8635
-8869.68
-9077.53
-9261.63
-9424.71
-9569.17
-9697.15
-614.355
-1772.73
-2798.89
-3707.93
-4513.22
-5226.61
-5858.57
-6418.41
-6914.35
-7353.69
-7742.89
-8087.66
-8393.1
-8663.67
-8903.36
-9115.69
-9303.79
-9470.42
-9618.03
-9748.79
-2.66027
-2.65939
-2.6576
-2.65486
-2.65111
-2.64632
-2.64041
-2.63333
-2.625
-2.61537
-2.60434
-2.59183
-2.57776
-2.56204
-2.54456
-2.52525
-2.50401
-2.48076
-2.45543
-2.42795
-2.39825
-2.36631
-2.3321
-2.29561
-2.25685
-2.21585
-2.17268
-2.1274
-2.08013
-2.03099
-1.98012
-1.9277
-1.87393
-1.81901
-1.76319
-1.70671
-1.64984
-1.59284
-1.536
-1.47961
-1.42396
-1.36933
-1.31615
-1.26467
-1.21517
-1.16789
-1.12304
-1.08084
-1.04146
-1.00502
-0.97165
-0.941426
-0.914399
-0.89059
-0.869986
-0.85254
-0.838172
-0.826751
-0.818109
-0.81203
-0.808261
-0.80651
-0.806447
-0.80771
-0.809907
-0.812623
-0.815424
-0.817862
-0.819483
-0.819834
-0.818462
-0.814939
-0.808861
-0.799854
-0.787578
-0.771759
-0.752183
-0.728711
-0.701316
-0.669662
-0.634041
-0.594685
-0.55187
-0.505923
-0.457261
-0.406392
-0.351812
-0.29839
-0.244713
-0.191556
-0.139742
-0.090113
-0.0435078
-0.000729159
0.0374643
0.0703794
0.0974342
0.118166
0.132209
0.13863
0.137826
0.130088
0.115769
0.0953341
0.0694134
0.038838
0.00459767
-0.0321849
-0.0702771
-0.10836
-0.145111
-0.179205
-0.20938
-0.234483
-0.253502
-0.265646
-0.270372
-0.267447
-0.256576
-0.238388
-0.213576
-0.183065
-0.148063
-0.110002
-0.0704774
-0.0311051
0.00618952
0.0398811
0.0684505
0.0906287
0.105407
0.112093
0.110198
0.100121
0.0827748
0.059217
0.0308599
-0.000615823
-0.0333695
-0.0655192
-0.0951735
-0.120744
-0.140925
-0.154843
-0.162113
-0.162646
-0.157241
-0.146937
-0.133176
-0.117549
-0.101999
-0.0881353
-0.0774543
-0.0711025
-0.0697275
-0.0734006
-0.0816972
-0.0936457
-0.107892
-0.1228
-0.136653
-0.147855
-0.15501
-0.157239
-0.15413
-0.145638
-0.132582
-0.115896
-0.0968597
-0.0778602
-0.0602912
-0.0455887
-0.0349674
-0.0298022
-0.0298341
-0.0348187
-0.044274
-0.057593
-0.0725697
-0.088167
-0.103126
-0.116229
-0.126543
-0.133489
-0.136871
-0.136862
-0.133972
-0.128979
-0.122764
-0.116351
-0.110544
-0.106043
-0.103311
-0.102509
-0.103505
-0.105902
-0.109101
-0.112404
-0.115112
-0.116646
)
;
    }
    floatingObject
    {
        type            calculated;
        value           nonuniform List<scalar> 
37
(
-7932.1
-7934.47
-7936.5
-7938.29
-7939.85
-7941.2
-7942.34
-7943.27
-7943.98
-7944.49
-7944.8
-7944.9
-7944.8
-7944.48
-7943.92
-7943.11
-7942.03
-7940.71
-7939.01
-8072.5
-8087.55
-8370.54
-8390.85
-8635.61
-8659.67
-8869.94
-8897.93
-9077.68
-9109.13
-9261.72
-9296.27
-9424.77
-9462.09
-9569.22
-9609.03
-9697.19
-9739.22
)
;
    }
    frontAndBack
    {
        type            empty;
    }
}


// ************************************************************************* //
