/*--------------------------------*- C++ -*----------------------------------*\
  =========                 |
  \\      /  F ield         | OpenFOAM: The Open Source CFD Toolbox
   \\    /   O peration     | Website:  https://openfoam.org
    \\  /    A nd           | Version:  12
     \\/     M anipulation  |
\*---------------------------------------------------------------------------*/
FoamFile
{
    format      ascii;
    class       volScalarField;
    location    "4.7";
    object      p;
}
// * * * * * * * * * * * * * * * * * * * * * * * * * * * * * * * * * * * * * //

dimensions      [1 -1 -2 0 0 0 0];

internalField   nonuniform List<scalar> 
3829
(
-612.256
-612.257
-612.258
-612.26
-612.263
-612.267
-612.272
-612.277
-612.283
-612.291
-612.299
-612.308
-612.319
-612.33
-612.343
-612.356
-612.371
-612.388
-612.405
-612.424
-612.444
-612.466
-612.489
-612.513
-612.539
-612.567
-612.596
-612.626
-612.658
-612.691
-612.726
-612.762
-612.799
-612.838
-612.878
-612.919
-612.962
-613.005
-613.049
-613.094
-613.139
-613.186
-613.232
-613.279
-613.326
-613.373
-613.42
-613.467
-613.514
-613.559
-613.604
-613.648
-613.691
-613.733
-613.774
-613.813
-613.85
-613.885
-613.919
-613.95
-613.98
-614.007
-614.032
-614.054
-614.075
-614.093
-614.107
-614.12
-614.131
-614.14
-614.147
-614.152
-614.155
-614.157
-614.158
-614.158
-614.157
-614.155
-614.153
-614.151
-614.149
-614.147
-614.146
-614.147
-614.148
-614.15
-614.154
-614.16
-614.167
-614.176
-614.186
-614.198
-614.211
-614.226
-614.241
-614.258
-614.275
-614.292
-614.309
-614.325
-614.341
-614.355
-614.368
-614.379
-614.388
-614.395
-614.4
-614.402
-614.401
-614.398
-614.392
-614.384
-614.375
-614.363
-614.351
-614.337
-614.323
-614.31
-614.296
-614.284
-614.273
-614.264
-614.257
-614.253
-614.25
-614.251
-614.253
-614.259
-614.266
-614.276
-614.287
-614.3
-614.314
-614.329
-614.343
-614.358
-614.372
-614.385
-614.396
-614.406
-614.414
-614.42
-614.424
-614.425
-614.425
-614.422
-614.417
-614.411
-614.403
-614.393
-614.383
-614.372
-614.361
-614.349
-614.338
-614.328
-614.318
-614.309
-614.302
-614.296
-614.291
-614.287
-614.286
-614.285
-614.287
-614.289
-614.293
-614.297
-614.303
-614.309
-614.316
-614.323
-614.329
-614.336
-614.342
-614.348
-614.353
-614.358
-614.361
-614.363
-614.364
-614.364
-614.363
-614.361
-614.357
-614.353
-614.348
-614.342
-614.336
-614.329
-614.322
-614.315
-614.309
-614.302
-614.296
-614.29
-614.286
-614.282
-614.28
-614.279
-1770.56
-1770.56
-1770.56
-1770.57
-1770.57
-1770.57
-1770.58
-1770.58
-1770.59
-1770.59
-1770.6
-1770.61
-1770.62
-1770.63
-1770.65
-1770.66
-1770.67
-1770.69
-1770.71
-1770.73
-1770.75
-1770.77
-1770.8
-1770.82
-1770.85
-1770.88
-1770.91
-1770.94
-1770.98
-1771.01
-1771.05
-1771.09
-1771.13
-1771.17
-1771.22
-1771.26
-1771.31
-1771.36
-1771.41
-1771.46
-1771.51
-1771.56
-1771.61
-1771.66
-1771.71
-1771.76
-1771.81
-1771.86
-1771.91
-1771.96
-1772.01
-1772.06
-1772.11
-1772.15
-1772.19
-1772.23
-1772.27
-1772.31
-1772.34
-1772.38
-1772.4
-1772.43
-1772.46
-1772.48
-1772.5
-1772.51
-1772.52
-1772.53
-1772.54
-1772.55
-1772.55
-1772.55
-1772.55
-1772.55
-1772.55
-1772.54
-1772.54
-1772.53
-1772.52
-1772.52
-1772.51
-1772.51
-1772.51
-1772.5
-1772.5
-1772.5
-1772.51
-1772.51
-1772.52
-1772.53
-1772.54
-1772.55
-1772.57
-1772.59
-1772.6
-1772.62
-1772.64
-1772.66
-1772.68
-1772.7
-1772.72
-1772.74
-1772.75
-1772.77
-1772.78
-1772.78
-1772.79
-1772.79
-1772.79
-1772.78
-1772.78
-1772.77
-1772.75
-1772.74
-1772.73
-1772.71
-1772.69
-1772.68
-1772.66
-1772.65
-1772.63
-1772.62
-1772.61
-1772.61
-1772.61
-1772.61
-1772.61
-1772.62
-1772.63
-1772.64
-1772.65
-1772.67
-1772.68
-1772.7
-1772.71
-1772.73
-1772.75
-1772.76
-1772.77
-1772.78
-1772.79
-1772.8
-1772.8
-1772.8
-1772.8
-1772.8
-1772.79
-1772.78
-1772.78
-1772.77
-1772.75
-1772.74
-1772.73
-1772.72
-1772.71
-1772.7
-1772.69
-1772.68
-1772.67
-1772.66
-1772.66
-1772.65
-1772.65
-1772.65
-1772.65
-1772.66
-1772.66
-1772.67
-1772.67
-1772.68
-1772.69
-1772.69
-1772.7
-1772.71
-1772.71
-1772.72
-1772.72
-1772.73
-1772.73
-1772.73
-1772.74
-1772.74
-1772.73
-1772.73
-1772.73
-1772.72
-1772.72
-1772.71
-1772.71
-1772.7
-1772.69
-1772.68
-1772.68
-1772.67
-1772.66
-1772.66
-1772.65
-1772.65
-1772.65
-1772.65
-2796.62
-2796.62
-2796.62
-2796.62
-2796.63
-2796.63
-2796.63
-2796.64
-2796.64
-2796.65
-2796.65
-2796.66
-2796.67
-2796.68
-2796.69
-2796.7
-2796.72
-2796.73
-2796.75
-2796.77
-2796.79
-2796.82
-2796.84
-2796.87
-2796.9
-2796.94
-2796.97
-2797.01
-2797.05
-2797.09
-2797.13
-2797.18
-2797.23
-2797.28
-2797.33
-2797.38
-2797.44
-2797.49
-2797.55
-2797.61
-2797.66
-2797.72
-2797.78
-2797.84
-2797.9
-2797.96
-2798.02
-2798.08
-2798.13
-2798.19
-2798.25
-2798.3
-2798.35
-2798.4
-2798.45
-2798.49
-2798.53
-2798.57
-2798.61
-2798.64
-2798.67
-2798.69
-2798.72
-2798.73
-2798.75
-2798.76
-2798.77
-2798.77
-2798.78
-2798.78
-2798.77
-2798.77
-2798.76
-2798.75
-2798.74
-2798.72
-2798.71
-2798.7
-2798.68
-2798.67
-2798.66
-2798.65
-2798.64
-2798.64
-2798.63
-2798.63
-2798.63
-2798.64
-2798.65
-2798.66
-2798.67
-2798.69
-2798.71
-2798.73
-2798.75
-2798.78
-2798.8
-2798.83
-2798.86
-2798.88
-2798.9
-2798.92
-2798.94
-2798.96
-2798.97
-2798.98
-2798.99
-2798.99
-2798.98
-2798.98
-2798.96
-2798.95
-2798.93
-2798.91
-2798.89
-2798.87
-2798.85
-2798.83
-2798.81
-2798.79
-2798.77
-2798.76
-2798.75
-2798.75
-2798.74
-2798.75
-2798.75
-2798.76
-2798.77
-2798.78
-2798.8
-2798.82
-2798.84
-2798.86
-2798.88
-2798.9
-2798.91
-2798.93
-2798.94
-2798.96
-2798.96
-2798.97
-2798.97
-2798.98
-2798.97
-2798.97
-2798.96
-2798.95
-2798.94
-2798.93
-2798.92
-2798.9
-2798.89
-2798.88
-2798.86
-2798.85
-2798.84
-2798.83
-2798.82
-2798.82
-2798.81
-2798.81
-2798.81
-2798.81
-2798.81
-2798.81
-2798.82
-2798.82
-2798.83
-2798.84
-2798.85
-2798.85
-2798.86
-2798.87
-2798.88
-2798.88
-2798.89
-2798.89
-2798.9
-2798.9
-2798.9
-2798.9
-2798.9
-2798.89
-2798.89
-2798.89
-2798.88
-2798.87
-2798.87
-2798.86
-2798.85
-2798.84
-2798.84
-2798.83
-2798.82
-2798.82
-2798.81
-2798.81
-2798.81
-2798.81
-3705.54
-3705.54
-3705.54
-3705.54
-3705.54
-3705.54
-3705.54
-3705.54
-3705.54
-3705.55
-3705.55
-3705.55
-3705.56
-3705.56
-3705.57
-3705.58
-3705.6
-3705.61
-3705.63
-3705.65
-3705.67
-3705.7
-3705.72
-3705.76
-3705.79
-3705.83
-3705.87
-3705.91
-3705.96
-3706.01
-3706.06
-3706.12
-3706.17
-3706.23
-3706.3
-3706.36
-3706.43
-3706.49
-3706.56
-3706.63
-3706.7
-3706.77
-3706.84
-3706.91
-3706.98
-3707.05
-3707.12
-3707.19
-3707.26
-3707.32
-3707.39
-3707.45
-3707.51
-3707.56
-3707.61
-3707.66
-3707.71
-3707.75
-3707.79
-3707.82
-3707.85
-3707.87
-3707.89
-3707.91
-3707.92
-3707.92
-3707.92
-3707.92
-3707.92
-3707.9
-3707.89
-3707.87
-3707.86
-3707.83
-3707.81
-3707.79
-3707.76
-3707.74
-3707.72
-3707.69
-3707.67
-3707.66
-3707.64
-3707.63
-3707.62
-3707.62
-3707.62
-3707.62
-3707.63
-3707.65
-3707.67
-3707.69
-3707.71
-3707.74
-3707.77
-3707.81
-3707.84
-3707.88
-3707.91
-3707.94
-3707.97
-3708
-3708.03
-3708.05
-3708.06
-3708.07
-3708.08
-3708.07
-3708.07
-3708.06
-3708.04
-3708.02
-3708
-3707.97
-3707.94
-3707.91
-3707.88
-3707.86
-3707.83
-3707.81
-3707.79
-3707.77
-3707.76
-3707.75
-3707.75
-3707.75
-3707.76
-3707.77
-3707.79
-3707.81
-3707.83
-3707.85
-3707.87
-3707.9
-3707.92
-3707.94
-3707.96
-3707.98
-3708
-3708.01
-3708.02
-3708.03
-3708.03
-3708.03
-3708.03
-3708.02
-3708.01
-3708
-3707.99
-3707.97
-3707.96
-3707.94
-3707.93
-3707.91
-3707.9
-3707.88
-3707.87
-3707.86
-3707.85
-3707.85
-3707.84
-3707.84
-3707.84
-3707.84
-3707.84
-3707.85
-3707.85
-3707.86
-3707.87
-3707.87
-3707.88
-3707.89
-3707.9
-3707.91
-3707.92
-3707.92
-3707.93
-3707.93
-3707.94
-3707.94
-3707.94
-3707.94
-3707.94
-3707.94
-3707.93
-3707.93
-3707.92
-3707.91
-3707.91
-3707.9
-3707.89
-3707.88
-3707.88
-3707.87
-3707.86
-3707.85
-3707.85
-3707.85
-3707.84
-3707.84
-4510.71
-4510.71
-4510.71
-4510.7
-4510.7
-4510.69
-4510.69
-4510.68
-4510.68
-4510.67
-4510.67
-4510.67
-4510.66
-4510.66
-4510.66
-4510.67
-4510.67
-4510.69
-4510.7
-4510.72
-4510.74
-4510.77
-4510.8
-4510.83
-4510.88
-4510.92
-4510.97
-4511.02
-4511.08
-4511.14
-4511.21
-4511.28
-4511.35
-4511.42
-4511.5
-4511.58
-4511.66
-4511.74
-4511.82
-4511.91
-4511.99
-4512.08
-4512.16
-4512.25
-4512.33
-4512.42
-4512.5
-4512.58
-4512.66
-4512.73
-4512.81
-4512.88
-4512.94
-4513.01
-4513.07
-4513.12
-4513.17
-4513.21
-4513.25
-4513.29
-4513.31
-4513.34
-4513.35
-4513.36
-4513.37
-4513.36
-4513.36
-4513.34
-4513.32
-4513.3
-4513.28
-4513.24
-4513.21
-4513.18
-4513.14
-4513.1
-4513.06
-4513.02
-4512.99
-4512.95
-4512.92
-4512.89
-4512.87
-4512.85
-4512.84
-4512.83
-4512.83
-4512.84
-4512.85
-4512.87
-4512.89
-4512.92
-4512.96
-4513
-4513.04
-4513.08
-4513.13
-4513.17
-4513.22
-4513.26
-4513.3
-4513.34
-4513.37
-4513.4
-4513.41
-4513.43
-4513.43
-4513.43
-4513.42
-4513.4
-4513.38
-4513.35
-4513.31
-4513.28
-4513.24
-4513.2
-4513.16
-4513.13
-4513.09
-4513.06
-4513.04
-4513.02
-4513.01
-4513
-4513
-4513
-4513.01
-4513.03
-4513.05
-4513.07
-4513.1
-4513.13
-4513.16
-4513.19
-4513.22
-4513.24
-4513.27
-4513.29
-4513.31
-4513.32
-4513.33
-4513.34
-4513.34
-4513.34
-4513.33
-4513.32
-4513.31
-4513.3
-4513.28
-4513.27
-4513.25
-4513.23
-4513.21
-4513.2
-4513.18
-4513.17
-4513.15
-4513.14
-4513.13
-4513.13
-4513.12
-4513.12
-4513.12
-4513.12
-4513.12
-4513.13
-4513.14
-4513.14
-4513.15
-4513.16
-4513.17
-4513.18
-4513.19
-4513.2
-4513.21
-4513.21
-4513.22
-4513.23
-4513.23
-4513.23
-4513.23
-4513.23
-4513.23
-4513.23
-4513.22
-4513.22
-4513.21
-4513.2
-4513.2
-4513.19
-4513.18
-4513.17
-4513.16
-4513.15
-4513.15
-4513.14
-4513.14
-4513.13
-4513.13
-4513.13
-5224.03
-5224.02
-5224.02
-5224.01
-5223.99
-5223.98
-5223.96
-5223.94
-5223.92
-5223.9
-5223.88
-5223.86
-5223.84
-5223.83
-5223.82
-5223.81
-5223.81
-5223.81
-5223.82
-5223.83
-5223.85
-5223.88
-5223.92
-5223.96
-5224
-5224.06
-5224.12
-5224.19
-5224.26
-5224.34
-5224.42
-5224.51
-5224.6
-5224.69
-5224.78
-5224.88
-5224.97
-5225.07
-5225.17
-5225.28
-5225.38
-5225.48
-5225.58
-5225.68
-5225.78
-5225.88
-5225.98
-5226.08
-5226.17
-5226.26
-5226.35
-5226.43
-5226.5
-5226.58
-5226.64
-5226.7
-5226.76
-5226.8
-5226.85
-5226.88
-5226.9
-5226.92
-5226.93
-5226.94
-5226.93
-5226.92
-5226.9
-5226.87
-5226.84
-5226.8
-5226.76
-5226.71
-5226.66
-5226.61
-5226.55
-5226.5
-5226.44
-5226.39
-5226.33
-5226.29
-5226.24
-5226.2
-5226.17
-5226.15
-5226.13
-5226.12
-5226.12
-5226.12
-5226.14
-5226.16
-5226.2
-5226.24
-5226.28
-5226.33
-5226.39
-5226.45
-5226.51
-5226.57
-5226.63
-5226.68
-5226.73
-5226.78
-5226.82
-5226.85
-5226.87
-5226.89
-5226.89
-5226.88
-5226.87
-5226.84
-5226.81
-5226.77
-5226.73
-5226.68
-5226.63
-5226.58
-5226.53
-5226.48
-5226.44
-5226.4
-5226.37
-5226.35
-5226.33
-5226.33
-5226.33
-5226.34
-5226.35
-5226.37
-5226.4
-5226.43
-5226.46
-5226.5
-5226.53
-5226.57
-5226.6
-5226.64
-5226.66
-5226.69
-5226.71
-5226.72
-5226.74
-5226.74
-5226.74
-5226.74
-5226.73
-5226.72
-5226.71
-5226.69
-5226.67
-5226.65
-5226.63
-5226.61
-5226.59
-5226.57
-5226.55
-5226.54
-5226.52
-5226.51
-5226.5
-5226.49
-5226.49
-5226.49
-5226.49
-5226.49
-5226.5
-5226.5
-5226.51
-5226.52
-5226.53
-5226.54
-5226.55
-5226.56
-5226.57
-5226.58
-5226.59
-5226.6
-5226.6
-5226.61
-5226.61
-5226.61
-5226.62
-5226.61
-5226.61
-5226.61
-5226.6
-5226.6
-5226.59
-5226.58
-5226.58
-5226.57
-5226.56
-5226.55
-5226.54
-5226.53
-5226.52
-5226.52
-5226.51
-5226.51
-5226.5
-5226.5
-5855.99
-5855.98
-5855.97
-5855.95
-5855.92
-5855.89
-5855.85
-5855.81
-5855.77
-5855.72
-5855.67
-5855.62
-5855.58
-5855.53
-5855.5
-5855.47
-5855.45
-5855.44
-5855.43
-5855.44
-5855.46
-5855.49
-5855.53
-5855.58
-5855.64
-5855.71
-5855.79
-5855.88
-5855.98
-5856.08
-5856.18
-5856.29
-5856.4
-5856.52
-5856.64
-5856.75
-5856.87
-5856.99
-5857.11
-5857.24
-5857.36
-5857.48
-5857.6
-5857.72
-5857.84
-5857.95
-5858.07
-5858.18
-5858.29
-5858.39
-5858.49
-5858.58
-5858.67
-5858.75
-5858.83
-5858.9
-5858.96
-5859.01
-5859.05
-5859.08
-5859.11
-5859.12
-5859.12
-5859.12
-5859.1
-5859.08
-5859.05
-5859
-5858.96
-5858.9
-5858.84
-5858.77
-5858.7
-5858.62
-5858.55
-5858.47
-5858.39
-5858.32
-5858.25
-5858.18
-5858.13
-5858.07
-5858.03
-5858
-5857.98
-5857.96
-5857.96
-5857.97
-5857.99
-5858.02
-5858.07
-5858.12
-5858.18
-5858.24
-5858.32
-5858.39
-5858.47
-5858.55
-5858.62
-5858.69
-5858.76
-5858.82
-5858.86
-5858.9
-5858.93
-5858.94
-5858.94
-5858.93
-5858.91
-5858.88
-5858.83
-5858.78
-5858.72
-5858.66
-5858.6
-5858.53
-5858.47
-5858.41
-5858.36
-5858.32
-5858.28
-5858.25
-5858.24
-5858.23
-5858.23
-5858.25
-5858.27
-5858.29
-5858.33
-5858.37
-5858.41
-5858.45
-5858.49
-5858.54
-5858.58
-5858.61
-5858.65
-5858.67
-5858.7
-5858.71
-5858.72
-5858.73
-5858.73
-5858.72
-5858.71
-5858.7
-5858.68
-5858.66
-5858.64
-5858.62
-5858.59
-5858.57
-5858.55
-5858.53
-5858.51
-5858.49
-5858.47
-5858.46
-5858.45
-5858.44
-5858.44
-5858.44
-5858.44
-5858.44
-5858.45
-5858.46
-5858.46
-5858.47
-5858.49
-5858.5
-5858.51
-5858.52
-5858.53
-5858.54
-5858.55
-5858.56
-5858.57
-5858.57
-5858.58
-5858.58
-5858.58
-5858.58
-5858.58
-5858.57
-5858.57
-5858.56
-5858.55
-5858.55
-5858.54
-5858.53
-5858.52
-5858.51
-5858.5
-5858.49
-5858.48
-5858.47
-5858.47
-5858.46
-5858.46
-5858.46
-6415.95
-6415.93
-6415.91
-6415.86
-6415.81
-6415.73
-6415.65
-6415.55
-6415.44
-6415.34
-6415.24
-6415.15
-6415.07
-6415
-6414.94
-6414.9
-6414.86
-6414.84
-6414.83
-6414.83
-6414.85
-6414.88
-6414.93
-6415
-6415.08
-6415.18
-6415.29
-6415.42
-6415.55
-6415.69
-6415.82
-6415.96
-6416.1
-6416.24
-6416.38
-6416.51
-6416.65
-6416.79
-6416.94
-6417.08
-6417.22
-6417.36
-6417.5
-6417.64
-6417.77
-6417.91
-6418.04
-6418.17
-6418.29
-6418.41
-6418.53
-6418.64
-6418.74
-6418.83
-6418.91
-6418.99
-6419.05
-6419.11
-6419.15
-6419.18
-6419.2
-6419.21
-6419.21
-6419.19
-6419.17
-6419.13
-6419.08
-6419.02
-6418.95
-6418.87
-6418.79
-6418.7
-6418.6
-6418.51
-6418.41
-6418.31
-6418.21
-6418.11
-6418.02
-6417.94
-6417.86
-6417.8
-6417.74
-6417.7
-6417.67
-6417.66
-6417.66
-6417.67
-6417.7
-6417.74
-6417.8
-6417.86
-6417.94
-6418.02
-6418.11
-6418.21
-6418.31
-6418.4
-6418.5
-6418.58
-6418.66
-6418.73
-6418.79
-6418.84
-6418.87
-6418.88
-6418.88
-6418.86
-6418.83
-6418.79
-6418.73
-6418.67
-6418.59
-6418.52
-6418.44
-6418.36
-6418.28
-6418.21
-6418.15
-6418.1
-6418.05
-6418.02
-6418.01
-6418
-6418.01
-6418.02
-6418.05
-6418.09
-6418.13
-6418.17
-6418.22
-6418.28
-6418.33
-6418.38
-6418.42
-6418.46
-6418.5
-6418.53
-6418.56
-6418.57
-6418.58
-6418.59
-6418.59
-6418.58
-6418.57
-6418.55
-6418.53
-6418.51
-6418.48
-6418.45
-6418.43
-6418.4
-6418.38
-6418.35
-6418.33
-6418.31
-6418.3
-6418.28
-6418.27
-6418.27
-6418.26
-6418.26
-6418.26
-6418.27
-6418.27
-6418.28
-6418.29
-6418.3
-6418.32
-6418.33
-6418.34
-6418.35
-6418.37
-6418.38
-6418.39
-6418.4
-6418.4
-6418.41
-6418.41
-6418.42
-6418.42
-6418.42
-6418.41
-6418.41
-6418.4
-6418.4
-6418.39
-6418.38
-6418.37
-6418.36
-6418.35
-6418.34
-6418.33
-6418.32
-6418.31
-6418.3
-6418.3
-6418.29
-6418.29
-6418.29
-6912.22
-6912.2
-6912.16
-6912.1
-6912.02
-6911.92
-6911.79
-6911.66
-6911.5
-6911.34
-6911.18
-6911.03
-6910.89
-6910.75
-6910.63
-6910.53
-6910.45
-6910.39
-6910.35
-6910.33
-6910.34
-6910.37
-6910.43
-6910.51
-6910.62
-6910.75
-6910.89
-6911.06
-6911.23
-6911.4
-6911.57
-6911.74
-6911.9
-6912.07
-6912.23
-6912.39
-6912.55
-6912.71
-6912.87
-6913.03
-6913.19
-6913.35
-6913.51
-6913.67
-6913.83
-6913.98
-6914.13
-6914.28
-6914.42
-6914.56
-6914.69
-6914.81
-6914.92
-6915.03
-6915.12
-6915.2
-6915.27
-6915.33
-6915.38
-6915.41
-6915.42
-6915.43
-6915.42
-6915.39
-6915.35
-6915.29
-6915.23
-6915.15
-6915.06
-6914.96
-6914.85
-6914.73
-6914.61
-6914.49
-6914.36
-6914.24
-6914.11
-6913.99
-6913.88
-6913.78
-6913.69
-6913.61
-6913.54
-6913.49
-6913.46
-6913.44
-6913.44
-6913.46
-6913.5
-6913.55
-6913.62
-6913.7
-6913.79
-6913.9
-6914.01
-6914.13
-6914.25
-6914.37
-6914.48
-6914.59
-6914.68
-6914.77
-6914.84
-6914.89
-6914.92
-6914.94
-6914.93
-6914.91
-6914.87
-6914.81
-6914.74
-6914.66
-6914.57
-6914.47
-6914.37
-6914.28
-6914.19
-6914.11
-6914.03
-6913.97
-6913.92
-6913.89
-6913.87
-6913.87
-6913.88
-6913.9
-6913.94
-6913.98
-6914.03
-6914.09
-6914.14
-6914.21
-6914.26
-6914.32
-6914.37
-6914.42
-6914.46
-6914.49
-6914.52
-6914.54
-6914.55
-6914.55
-6914.55
-6914.54
-6914.52
-6914.5
-6914.48
-6914.45
-6914.42
-6914.39
-6914.36
-6914.33
-6914.31
-6914.28
-6914.26
-6914.24
-6914.22
-6914.21
-6914.2
-6914.19
-6914.19
-6914.18
-6914.19
-6914.19
-6914.2
-6914.21
-6914.22
-6914.23
-6914.25
-6914.26
-6914.28
-6914.29
-6914.3
-6914.31
-6914.33
-6914.33
-6914.34
-6914.35
-6914.35
-6914.36
-6914.36
-6914.35
-6914.35
-6914.35
-6914.34
-6914.33
-6914.32
-6914.32
-6914.3
-6914.29
-6914.28
-6914.27
-6914.26
-6914.25
-6914.24
-6914.24
-6914.23
-6914.23
-6914.22
-6914.22
-7352.14
-7352.11
-7352.04
-7351.94
-7351.79
-7351.58
-7351.31
-7350.96
-7350.43
-7350.08
-7349.78
-7349.52
-7349.31
-7349.13
-7349
-7348.89
-7348.81
-7348.76
-7348.73
-7348.73
-7348.76
-7348.81
-7348.89
-7349.01
-7349.17
-7349.38
-7349.62
-7350.07
-7350.34
-7350.59
-7350.8
-7350.99
-7351.17
-7351.35
-7351.52
-7351.7
-7351.87
-7352.05
-7352.22
-7352.4
-7352.58
-7352.76
-7352.93
-7353.11
-7353.29
-7353.46
-7353.63
-7353.8
-7353.96
-7354.11
-7354.26
-7354.39
-7354.52
-7354.64
-7354.74
-7354.83
-7354.91
-7354.97
-7355.02
-7355.05
-7355.06
-7355.06
-7355.04
-7355
-7354.94
-7354.87
-7354.78
-7354.68
-7354.57
-7354.44
-7354.31
-7354.17
-7354.02
-7353.86
-7353.71
-7353.56
-7353.41
-7353.27
-7353.13
-7353.01
-7352.9
-7352.8
-7352.72
-7352.66
-7352.63
-7352.61
-7352.61
-7352.63
-7352.68
-7352.75
-7352.83
-7352.93
-7353.05
-7353.17
-7353.31
-7353.45
-7353.59
-7353.73
-7353.87
-7354
-7354.11
-7354.21
-7354.29
-7354.35
-7354.39
-7354.4
-7354.39
-7354.36
-7354.31
-7354.24
-7354.15
-7354.05
-7353.94
-7353.83
-7353.71
-7353.6
-7353.49
-7353.4
-7353.31
-7353.24
-7353.19
-7353.15
-7353.14
-7353.14
-7353.15
-7353.18
-7353.22
-7353.27
-7353.33
-7353.4
-7353.47
-7353.54
-7353.6
-7353.67
-7353.73
-7353.78
-7353.82
-7353.86
-7353.89
-7353.91
-7353.91
-7353.92
-7353.91
-7353.9
-7353.88
-7353.86
-7353.83
-7353.8
-7353.77
-7353.73
-7353.7
-7353.67
-7353.64
-7353.61
-7353.59
-7353.56
-7353.55
-7353.53
-7353.52
-7353.51
-7353.51
-7353.51
-7353.51
-7353.52
-7353.53
-7353.54
-7353.55
-7353.57
-7353.58
-7353.6
-7353.61
-7353.63
-7353.64
-7353.65
-7353.66
-7353.67
-7353.68
-7353.69
-7353.69
-7353.7
-7353.7
-7353.69
-7353.69
-7353.69
-7353.68
-7353.67
-7353.66
-7353.65
-7353.64
-7353.63
-7353.62
-7353.61
-7353.6
-7353.59
-7353.58
-7353.57
-7353.56
-7353.56
-7353.55
-7353.55
-7742.18
-7742.14
-7742.06
-7741.93
-7741.75
-7741.51
-7741.24
-7740.95
-7740.27
-7739.84
-7739.43
-7739.07
-7738.76
-7738.48
-7738.25
-7738.06
-7737.91
-7737.8
-7737.74
-7737.71
-7737.72
-7737.77
-7737.87
-7738.01
-7738.2
-7738.43
-7738.67
-7739.15
-7739.36
-7739.61
-7739.85
-7740.07
-7740.28
-7740.49
-7740.68
-7740.87
-7741.05
-7741.24
-7741.43
-7741.62
-7741.82
-7742.01
-7742.21
-7742.4
-7742.6
-7742.79
-7742.98
-7743.17
-7743.35
-7743.52
-7743.69
-7743.84
-7743.98
-7744.11
-7744.23
-7744.33
-7744.41
-7744.48
-7744.52
-7744.55
-7744.56
-7744.55
-7744.52
-7744.46
-7744.39
-7744.3
-7744.2
-7744.07
-7743.93
-7743.78
-7743.62
-7743.45
-7743.27
-7743.09
-7742.9
-7742.72
-7742.55
-7742.38
-7742.22
-7742.07
-7741.95
-7741.83
-7741.74
-7741.68
-7741.63
-7741.61
-7741.62
-7741.65
-7741.71
-7741.79
-7741.89
-7742.01
-7742.15
-7742.3
-7742.46
-7742.62
-7742.79
-7742.96
-7743.12
-7743.26
-7743.4
-7743.51
-7743.6
-7743.67
-7743.71
-7743.72
-7743.71
-7743.67
-7743.6
-7743.52
-7743.41
-7743.29
-7743.17
-7743.03
-7742.9
-7742.77
-7742.64
-7742.53
-7742.44
-7742.36
-7742.3
-7742.27
-7742.25
-7742.25
-7742.27
-7742.31
-7742.36
-7742.42
-7742.49
-7742.57
-7742.64
-7742.72
-7742.8
-7742.87
-7742.93
-7742.99
-7743.04
-7743.08
-7743.1
-7743.12
-7743.13
-7743.13
-7743.12
-7743.11
-7743.09
-7743.06
-7743.03
-7743
-7742.96
-7742.92
-7742.89
-7742.85
-7742.82
-7742.79
-7742.76
-7742.74
-7742.72
-7742.71
-7742.7
-7742.69
-7742.69
-7742.69
-7742.69
-7742.7
-7742.71
-7742.72
-7742.74
-7742.75
-7742.77
-7742.78
-7742.8
-7742.81
-7742.83
-7742.84
-7742.86
-7742.87
-7742.87
-7742.88
-7742.88
-7742.89
-7742.89
-7742.89
-7742.88
-7742.88
-7742.87
-7742.86
-7742.85
-7742.84
-7742.83
-7742.82
-7742.81
-7742.79
-7742.78
-7742.77
-7742.76
-7742.76
-7742.75
-7742.74
-7742.74
-7742.74
-8088.25
-8088.26
-8088.26
-8088.27
-8088.31
-8088.37
-8088.5
-8088.67
-8084.89
-8084.9
-8084.89
-8084.96
-8085.05
-8085.17
-8085.31
-8085.47
-8085.64
-8085.83
-8086.02
-8086.22
-8086.42
-8086.63
-8086.84
-8087.06
-8087.27
-8087.49
-8087.71
-8087.92
-8088.12
-8088.32
-8088.52
-8088.7
-8088.87
-8089.03
-8089.17
-8089.3
-8089.4
-8089.49
-8089.56
-8089.61
-8089.64
-8089.64
-8089.62
-8089.58
-8089.51
-8089.43
-8089.32
-8089.19
-8089.04
-8088.88
-8088.7
-8088.51
-8088.31
-8088.1
-8087.89
-8087.67
-8087.46
-8087.26
-8087.06
-8086.88
-8086.71
-8086.57
-8086.44
-8086.34
-8086.26
-8086.21
-8086.19
-8086.2
-8086.24
-8086.31
-8086.4
-8086.52
-8086.66
-8086.83
-8087
-8087.19
-8087.38
-8087.57
-8087.76
-8087.95
-8088.12
-8088.27
-8088.39
-8088.5
-8088.57
-8088.61
-8088.63
-8088.61
-8088.56
-8088.48
-8088.38
-8088.26
-8088.12
-8087.97
-8087.81
-8087.66
-8087.51
-8087.37
-8087.25
-8087.14
-8087.06
-8087
-8086.96
-8086.94
-8086.95
-8086.97
-8087.02
-8087.08
-8087.15
-8087.23
-8087.31
-8087.4
-8087.49
-8087.57
-8087.65
-8087.72
-8087.78
-8087.83
-8087.87
-8087.9
-8087.92
-8087.93
-8087.93
-8087.92
-8087.9
-8087.87
-8087.84
-8087.81
-8087.77
-8087.73
-8087.69
-8087.66
-8087.62
-8087.58
-8087.55
-8087.52
-8087.5
-8087.48
-8087.46
-8087.45
-8087.45
-8087.45
-8087.45
-8087.45
-8087.46
-8087.47
-8087.48
-8087.5
-8087.52
-8087.53
-8087.55
-8087.57
-8087.58
-8087.6
-8087.61
-8087.63
-8087.64
-8087.65
-8087.65
-8087.66
-8087.66
-8087.66
-8087.66
-8087.65
-8087.65
-8087.64
-8087.63
-8087.62
-8087.61
-8087.6
-8087.59
-8087.57
-8087.56
-8087.55
-8087.54
-8087.53
-8087.52
-8087.51
-8087.51
-8087.5
-8087.5
-8394.73
-8394.73
-8394.73
-8394.72
-8394.71
-8394.69
-8394.7
-8394.66
-8390.03
-8390.14
-8390.2
-8390.3
-8390.42
-8390.56
-8390.71
-8390.87
-8391.05
-8391.24
-8391.44
-8391.65
-8391.87
-8392.09
-8392.32
-8392.56
-8392.8
-8393.03
-8393.27
-8393.5
-8393.73
-8393.95
-8394.17
-8394.37
-8394.56
-8394.73
-8394.89
-8395.02
-8395.14
-8395.24
-8395.31
-8395.36
-8395.38
-8395.38
-8395.35
-8395.3
-8395.22
-8395.12
-8394.99
-8394.84
-8394.67
-8394.48
-8394.27
-8394.05
-8393.82
-8393.58
-8393.34
-8393.09
-8392.85
-8392.62
-8392.4
-8392.19
-8392
-8391.84
-8391.69
-8391.58
-8391.5
-8391.44
-8391.43
-8391.44
-8391.49
-8391.57
-8391.68
-8391.81
-8391.98
-8392.16
-8392.36
-8392.58
-8392.8
-8393.02
-8393.23
-8393.44
-8393.63
-8393.8
-8393.94
-8394.05
-8394.13
-8394.18
-8394.19
-8394.16
-8394.11
-8394.01
-8393.9
-8393.75
-8393.6
-8393.43
-8393.25
-8393.08
-8392.91
-8392.76
-8392.62
-8392.5
-8392.41
-8392.35
-8392.31
-8392.29
-8392.3
-8392.33
-8392.39
-8392.45
-8392.54
-8392.63
-8392.72
-8392.82
-8392.91
-8393.01
-8393.09
-8393.17
-8393.23
-8393.29
-8393.33
-8393.36
-8393.38
-8393.38
-8393.38
-8393.37
-8393.35
-8393.32
-8393.28
-8393.25
-8393.21
-8393.16
-8393.12
-8393.08
-8393.04
-8393
-8392.97
-8392.94
-8392.92
-8392.9
-8392.88
-8392.87
-8392.86
-8392.86
-8392.86
-8392.87
-8392.88
-8392.89
-8392.9
-8392.92
-8392.94
-8392.96
-8392.97
-8392.99
-8393.01
-8393.03
-8393.04
-8393.05
-8393.06
-8393.07
-8393.08
-8393.08
-8393.09
-8393.09
-8393.08
-8393.08
-8393.07
-8393.07
-8393.06
-8393.05
-8393.04
-8393.02
-8393.01
-8393
-8392.99
-8392.97
-8392.96
-8392.95
-8392.94
-8392.94
-8392.93
-8392.93
-8392.92
-8666.24
-8666.24
-8666.23
-8666.23
-8666.22
-8666.22
-8666.23
-8666.21
-8660.65
-8660.72
-8660.75
-8660.83
-8660.94
-8661.07
-8661.22
-8661.39
-8661.57
-8661.77
-8661.98
-8662.21
-8662.44
-8662.69
-8662.94
-8663.19
-8663.45
-8663.71
-8663.97
-8664.23
-8664.48
-8664.72
-8664.95
-8665.17
-8665.38
-8665.57
-8665.74
-8665.89
-8666.01
-8666.11
-8666.19
-8666.24
-8666.26
-8666.26
-8666.22
-8666.15
-8666.06
-8665.94
-8665.79
-8665.62
-8665.42
-8665.21
-8664.97
-8664.72
-8664.46
-8664.19
-8663.92
-8663.65
-8663.38
-8663.12
-8662.87
-8662.64
-8662.43
-8662.24
-8662.09
-8661.96
-8661.87
-8661.82
-8661.8
-8661.82
-8661.87
-8661.96
-8662.09
-8662.25
-8662.43
-8662.64
-8662.87
-8663.11
-8663.35
-8663.6
-8663.84
-8664.07
-8664.28
-8664.47
-8664.63
-8664.75
-8664.84
-8664.89
-8664.89
-8664.86
-8664.79
-8664.69
-8664.55
-8664.39
-8664.21
-8664.02
-8663.82
-8663.63
-8663.45
-8663.28
-8663.13
-8663
-8662.9
-8662.83
-8662.79
-8662.78
-8662.8
-8662.84
-8662.9
-8662.97
-8663.07
-8663.17
-8663.27
-8663.38
-8663.48
-8663.58
-8663.67
-8663.75
-8663.82
-8663.88
-8663.92
-8663.95
-8663.97
-8663.98
-8663.97
-8663.95
-8663.93
-8663.9
-8663.86
-8663.82
-8663.78
-8663.73
-8663.69
-8663.64
-8663.6
-8663.56
-8663.53
-8663.5
-8663.47
-8663.45
-8663.43
-8663.42
-8663.42
-8663.42
-8663.42
-8663.43
-8663.44
-8663.45
-8663.46
-8663.48
-8663.5
-8663.52
-8663.54
-8663.56
-8663.58
-8663.59
-8663.61
-8663.62
-8663.63
-8663.64
-8663.65
-8663.65
-8663.66
-8663.66
-8663.65
-8663.65
-8663.64
-8663.63
-8663.62
-8663.61
-8663.6
-8663.59
-8663.58
-8663.56
-8663.55
-8663.54
-8663.53
-8663.52
-8663.51
-8663.5
-8663.49
-8663.49
-8663.49
-8906.76
-8906.76
-8906.76
-8906.76
-8906.75
-8906.75
-8906.75
-8906.75
-8900.25
-8900.31
-8900.36
-8900.44
-8900.54
-8900.67
-8900.83
-8901
-8901.19
-8901.4
-8901.63
-8901.87
-8902.12
-8902.39
-8902.66
-8902.94
-8903.22
-8903.5
-8903.78
-8904.06
-8904.33
-8904.6
-8904.85
-8905.09
-8905.31
-8905.52
-8905.7
-8905.86
-8905.99
-8906.1
-8906.18
-8906.23
-8906.25
-8906.24
-8906.2
-8906.12
-8906.01
-8905.88
-8905.71
-8905.51
-8905.29
-8905.05
-8904.79
-8904.51
-8904.22
-8903.92
-8903.62
-8903.31
-8903.02
-8902.73
-8902.46
-8902.2
-8901.97
-8901.77
-8901.6
-8901.46
-8901.36
-8901.31
-8901.29
-8901.31
-8901.38
-8901.48
-8901.62
-8901.8
-8902.01
-8902.24
-8902.49
-8902.76
-8903.03
-8903.3
-8903.57
-8903.82
-8904.05
-8904.26
-8904.43
-8904.57
-8904.66
-8904.71
-8904.71
-8904.67
-8904.59
-8904.47
-8904.32
-8904.14
-8903.94
-8903.73
-8903.51
-8903.3
-8903.1
-8902.92
-8902.75
-8902.62
-8902.52
-8902.44
-8902.4
-8902.39
-8902.41
-8902.46
-8902.53
-8902.62
-8902.72
-8902.82
-8902.94
-8903.05
-8903.17
-8903.27
-8903.37
-8903.45
-8903.53
-8903.59
-8903.63
-8903.66
-8903.68
-8903.68
-8903.68
-8903.66
-8903.63
-8903.6
-8903.56
-8903.51
-8903.47
-8903.42
-8903.37
-8903.33
-8903.28
-8903.24
-8903.2
-8903.17
-8903.15
-8903.12
-8903.11
-8903.1
-8903.09
-8903.09
-8903.09
-8903.1
-8903.11
-8903.13
-8903.14
-8903.16
-8903.18
-8903.2
-8903.22
-8903.24
-8903.26
-8903.28
-8903.29
-8903.31
-8903.32
-8903.33
-8903.33
-8903.34
-8903.34
-8903.34
-8903.34
-8903.33
-8903.33
-8903.32
-8903.31
-8903.3
-8903.28
-8903.27
-8903.26
-8903.25
-8903.23
-8903.22
-8903.21
-8903.2
-8903.19
-8903.18
-8903.17
-8903.17
-8903.17
-9119.83
-9119.83
-9119.83
-9119.83
-9119.83
-9119.83
-9119.83
-9119.82
-9112.46
-9112.52
-9112.57
-9112.65
-9112.76
-9112.9
-9113.06
-9113.24
-9113.45
-9113.67
-9113.91
-9114.17
-9114.44
-9114.73
-9115.02
-9115.32
-9115.62
-9115.93
-9116.23
-9116.53
-9116.83
-9117.11
-9117.38
-9117.64
-9117.88
-9118.1
-9118.3
-9118.47
-9118.61
-9118.73
-9118.81
-9118.86
-9118.88
-9118.86
-9118.81
-9118.72
-9118.6
-9118.45
-9118.26
-9118.04
-9117.8
-9117.53
-9117.24
-9116.94
-9116.62
-9116.29
-9115.96
-9115.62
-9115.3
-9114.98
-9114.69
-9114.41
-9114.16
-9113.94
-9113.76
-9113.61
-9113.51
-9113.44
-9113.43
-9113.46
-9113.53
-9113.65
-9113.81
-9114
-9114.23
-9114.49
-9114.76
-9115.05
-9115.35
-9115.65
-9115.94
-9116.22
-9116.47
-9116.69
-9116.88
-9117.02
-9117.12
-9117.17
-9117.17
-9117.13
-9117.04
-9116.9
-9116.73
-9116.53
-9116.31
-9116.08
-9115.85
-9115.62
-9115.4
-9115.2
-9115.03
-9114.88
-9114.77
-9114.7
-9114.66
-9114.65
-9114.68
-9114.73
-9114.81
-9114.9
-9115.01
-9115.13
-9115.25
-9115.38
-9115.5
-9115.61
-9115.71
-9115.8
-9115.88
-9115.94
-9115.99
-9116.02
-9116.03
-9116.04
-9116.03
-9116.01
-9115.98
-9115.94
-9115.9
-9115.85
-9115.8
-9115.75
-9115.7
-9115.65
-9115.61
-9115.56
-9115.53
-9115.49
-9115.47
-9115.44
-9115.43
-9115.42
-9115.41
-9115.41
-9115.42
-9115.42
-9115.44
-9115.45
-9115.47
-9115.49
-9115.51
-9115.53
-9115.55
-9115.57
-9115.59
-9115.61
-9115.62
-9115.64
-9115.65
-9115.66
-9115.67
-9115.67
-9115.67
-9115.67
-9115.67
-9115.66
-9115.66
-9115.65
-9115.64
-9115.63
-9115.61
-9115.6
-9115.59
-9115.57
-9115.56
-9115.55
-9115.53
-9115.52
-9115.51
-9115.51
-9115.5
-9115.5
-9115.49
-9308.58
-9308.58
-9308.58
-9308.58
-9308.58
-9308.58
-9308.58
-9308.58
-9300.42
-9300.48
-9300.53
-9300.61
-9300.73
-9300.87
-9301.04
-9301.24
-9301.45
-9301.69
-9301.95
-9302.23
-9302.52
-9302.82
-9303.14
-9303.46
-9303.78
-9304.11
-9304.44
-9304.76
-9305.08
-9305.38
-9305.67
-9305.95
-9306.2
-9306.44
-9306.65
-9306.83
-9306.98
-9307.1
-9307.19
-9307.24
-9307.26
-9307.23
-9307.17
-9307.07
-9306.94
-9306.77
-9306.56
-9306.33
-9306.06
-9305.77
-9305.46
-9305.12
-9304.77
-9304.42
-9304.06
-9303.7
-9303.34
-9303
-9302.68
-9302.38
-9302.12
-9301.88
-9301.68
-9301.53
-9301.42
-9301.35
-9301.34
-9301.37
-9301.46
-9301.59
-9301.76
-9301.97
-9302.22
-9302.5
-9302.8
-9303.12
-9303.44
-9303.77
-9304.08
-9304.38
-9304.65
-9304.89
-9305.09
-9305.24
-9305.34
-9305.4
-9305.39
-9305.34
-9305.24
-9305.09
-9304.9
-9304.69
-9304.45
-9304.2
-9303.94
-9303.69
-9303.46
-9303.25
-9303.06
-9302.91
-9302.8
-9302.72
-9302.68
-9302.68
-9302.71
-9302.77
-9302.85
-9302.96
-9303.08
-9303.2
-9303.34
-9303.47
-9303.59
-9303.71
-9303.82
-9303.91
-9303.99
-9304.06
-9304.1
-9304.13
-9304.15
-9304.15
-9304.14
-9304.12
-9304.09
-9304.05
-9304
-9303.95
-9303.9
-9303.85
-9303.79
-9303.74
-9303.69
-9303.65
-9303.61
-9303.58
-9303.55
-9303.53
-9303.51
-9303.5
-9303.5
-9303.5
-9303.5
-9303.51
-9303.52
-9303.54
-9303.56
-9303.58
-9303.6
-9303.62
-9303.64
-9303.66
-9303.68
-9303.7
-9303.72
-9303.73
-9303.74
-9303.75
-9303.76
-9303.76
-9303.77
-9303.77
-9303.76
-9303.76
-9303.75
-9303.74
-9303.73
-9303.72
-9303.71
-9303.69
-9303.68
-9303.66
-9303.65
-9303.64
-9303.63
-9303.61
-9303.6
-9303.6
-9303.59
-9303.59
-9303.58
-9475.79
-9475.79
-9475.79
-9475.79
-9475.79
-9475.79
-9475.79
-9475.78
-9466.89
-9466.95
-9467.01
-9467.1
-9467.22
-9467.37
-9467.55
-9467.76
-9467.99
-9468.24
-9468.52
-9468.81
-9469.12
-9469.44
-9469.78
-9470.12
-9470.47
-9470.82
-9471.17
-9471.51
-9471.85
-9472.17
-9472.48
-9472.78
-9473.05
-9473.3
-9473.52
-9473.71
-9473.87
-9473.99
-9474.08
-9474.14
-9474.15
-9474.12
-9474.05
-9473.94
-9473.8
-9473.61
-9473.39
-9473.13
-9472.84
-9472.53
-9472.19
-9471.83
-9471.46
-9471.07
-9470.68
-9470.3
-9469.92
-9469.56
-9469.21
-9468.89
-9468.61
-9468.36
-9468.15
-9467.98
-9467.87
-9467.8
-9467.79
-9467.83
-9467.92
-9468.06
-9468.25
-9468.48
-9468.75
-9469.05
-9469.38
-9469.72
-9470.06
-9470.41
-9470.75
-9471.06
-9471.35
-9471.61
-9471.82
-9471.98
-9472.09
-9472.14
-9472.14
-9472.08
-9471.97
-9471.8
-9471.6
-9471.37
-9471.11
-9470.84
-9470.57
-9470.3
-9470.05
-9469.83
-9469.63
-9469.48
-9469.36
-9469.28
-9469.24
-9469.24
-9469.28
-9469.34
-9469.44
-9469.55
-9469.67
-9469.81
-9469.95
-9470.09
-9470.22
-9470.35
-9470.46
-9470.55
-9470.64
-9470.7
-9470.75
-9470.78
-9470.79
-9470.79
-9470.78
-9470.76
-9470.72
-9470.68
-9470.63
-9470.58
-9470.53
-9470.47
-9470.42
-9470.36
-9470.31
-9470.27
-9470.23
-9470.2
-9470.17
-9470.14
-9470.13
-9470.12
-9470.11
-9470.11
-9470.12
-9470.13
-9470.14
-9470.16
-9470.18
-9470.2
-9470.22
-9470.24
-9470.26
-9470.28
-9470.31
-9470.32
-9470.34
-9470.36
-9470.37
-9470.38
-9470.39
-9470.39
-9470.39
-9470.39
-9470.39
-9470.38
-9470.38
-9470.37
-9470.35
-9470.34
-9470.33
-9470.32
-9470.3
-9470.29
-9470.27
-9470.26
-9470.25
-9470.24
-9470.23
-9470.22
-9470.21
-9470.21
-9470.2
-9623.91
-9623.91
-9623.91
-9623.91
-9623.91
-9623.91
-9623.91
-9623.91
-9614.34
-9614.4
-9614.46
-9614.56
-9614.69
-9614.85
-9615.04
-9615.26
-9615.5
-9615.77
-9616.06
-9616.37
-9616.7
-9617.04
-9617.4
-9617.76
-9618.13
-9618.5
-9618.87
-9619.24
-9619.59
-9619.94
-9620.26
-9620.57
-9620.86
-9621.12
-9621.35
-9621.56
-9621.72
-9621.85
-9621.95
-9622
-9622.01
-9621.97
-9621.9
-9621.78
-9621.62
-9621.42
-9621.18
-9620.91
-9620.6
-9620.26
-9619.9
-9619.51
-9619.12
-9618.71
-9618.29
-9617.88
-9617.48
-9617.09
-9616.73
-9616.39
-9616.09
-9615.82
-9615.6
-9615.43
-9615.31
-9615.24
-9615.23
-9615.28
-9615.38
-9615.53
-9615.73
-9615.98
-9616.27
-9616.59
-9616.94
-9617.3
-9617.67
-9618.04
-9618.4
-9618.73
-9619.04
-9619.31
-9619.53
-9619.7
-9619.82
-9619.87
-9619.86
-9619.79
-9619.67
-9619.49
-9619.28
-9619.03
-9618.75
-9618.46
-9618.17
-9617.89
-9617.63
-9617.39
-9617.19
-9617.03
-9616.9
-9616.82
-9616.79
-9616.79
-9616.83
-9616.9
-9617
-9617.12
-9617.26
-9617.4
-9617.55
-9617.69
-9617.83
-9617.96
-9618.08
-9618.18
-9618.26
-9618.33
-9618.38
-9618.41
-9618.42
-9618.42
-9618.41
-9618.38
-9618.34
-9618.3
-9618.25
-9618.19
-9618.14
-9618.08
-9618.02
-9617.97
-9617.92
-9617.87
-9617.83
-9617.8
-9617.77
-9617.74
-9617.73
-9617.72
-9617.71
-9617.71
-9617.72
-9617.73
-9617.74
-9617.76
-9617.78
-9617.8
-9617.82
-9617.85
-9617.87
-9617.89
-9617.91
-9617.93
-9617.95
-9617.96
-9617.98
-9617.99
-9617.99
-9618
-9618
-9618
-9618
-9617.99
-9617.98
-9617.97
-9617.96
-9617.95
-9617.94
-9617.92
-9617.91
-9617.89
-9617.88
-9617.87
-9617.85
-9617.84
-9617.83
-9617.82
-9617.82
-9617.81
-9617.81
-9755.14
-9755.13
-9755.13
-9755.13
-9755.13
-9755.13
-9755.13
-9755.13
-9744.95
-9745.01
-9745.08
-9745.17
-9745.31
-9745.48
-9745.68
-9745.91
-9746.17
-9746.45
-9746.76
-9747.09
-9747.43
-9747.8
-9748.17
-9748.56
-9748.94
-9749.33
-9749.72
-9750.11
-9750.48
-9750.84
-9751.19
-9751.51
-9751.81
-9752.09
-9752.33
-9752.54
-9752.72
-9752.85
-9752.95
-9753
-9753.01
-9752.97
-9752.89
-9752.76
-9752.59
-9752.38
-9752.12
-9751.83
-9751.5
-9751.14
-9750.76
-9750.35
-9749.93
-9749.5
-9749.06
-9748.62
-9748.2
-9747.79
-9747.41
-9747.05
-9746.73
-9746.45
-9746.22
-9746.04
-9745.92
-9745.85
-9745.84
-9745.89
-9746
-9746.16
-9746.38
-9746.64
-9746.95
-9747.29
-9747.66
-9748.04
-9748.43
-9748.82
-9749.2
-9749.55
-9749.88
-9750.16
-9750.39
-9750.57
-9750.69
-9750.74
-9750.73
-9750.66
-9750.52
-9750.34
-9750.1
-9749.84
-9749.55
-9749.24
-9748.93
-9748.64
-9748.36
-9748.12
-9747.91
-9747.74
-9747.61
-9747.53
-9747.49
-9747.5
-9747.55
-9747.62
-9747.73
-9747.86
-9748
-9748.15
-9748.3
-9748.45
-9748.6
-9748.73
-9748.85
-9748.96
-9749.04
-9749.11
-9749.16
-9749.19
-9749.2
-9749.2
-9749.18
-9749.16
-9749.12
-9749.07
-9749.02
-9748.96
-9748.9
-9748.84
-9748.79
-9748.73
-9748.68
-9748.63
-9748.59
-9748.55
-9748.52
-9748.5
-9748.48
-9748.47
-9748.47
-9748.47
-9748.48
-9748.49
-9748.5
-9748.52
-9748.54
-9748.56
-9748.58
-9748.61
-9748.63
-9748.65
-9748.68
-9748.7
-9748.71
-9748.73
-9748.74
-9748.75
-9748.76
-9748.76
-9748.77
-9748.76
-9748.76
-9748.76
-9748.75
-9748.74
-9748.73
-9748.71
-9748.7
-9748.68
-9748.67
-9748.66
-9748.64
-9748.63
-9748.61
-9748.6
-9748.59
-9748.58
-9748.58
-9748.57
-9748.57
)
;

boundaryField
{
    freeSurface
    {
        type            calculated;
        value           nonuniform List<scalar> 
181
(
-9816.78
-9816.78
-9816.77
-9816.77
-9816.77
-9816.77
-9816.77
-9816.77
-9806.28
-9806.35
-9806.42
-9806.51
-9806.66
-9806.83
-9807.04
-9807.27
-9807.54
-9807.83
-9808.15
-9808.49
-9808.84
-9809.22
-9809.6
-9810
-9810.4
-9810.8
-9811.2
-9811.59
-9811.97
-9812.34
-9812.7
-9813.03
-9813.34
-9813.62
-9813.87
-9814.09
-9814.26
-9814.4
-9814.5
-9814.55
-9814.56
-9814.52
-9814.43
-9814.3
-9814.12
-9813.9
-9813.64
-9813.33
-9813
-9812.63
-9812.23
-9811.81
-9811.38
-9810.93
-9810.48
-9810.04
-9809.6
-9809.18
-9808.79
-9808.42
-9808.09
-9807.81
-9807.57
-9807.39
-9807.26
-9807.19
-9807.18
-9807.24
-9807.35
-9807.52
-9807.74
-9808.02
-9808.33
-9808.68
-9809.06
-9809.46
-9809.86
-9810.26
-9810.65
-9811.01
-9811.34
-9811.63
-9811.87
-9812.05
-9812.17
-9812.23
-9812.21
-9812.13
-9812
-9811.8
-9811.56
-9811.29
-9810.99
-9810.67
-9810.36
-9810.05
-9809.77
-9809.52
-9809.3
-9809.13
-9809.01
-9808.93
-9808.89
-9808.9
-9808.95
-9809.03
-9809.14
-9809.27
-9809.41
-9809.57
-9809.73
-9809.88
-9810.03
-9810.16
-9810.29
-9810.39
-9810.48
-9810.55
-9810.59
-9810.63
-9810.64
-9810.64
-9810.62
-9810.59
-9810.55
-9810.5
-9810.45
-9810.39
-9810.33
-9810.27
-9810.21
-9810.15
-9810.1
-9810.05
-9810.01
-9809.98
-9809.95
-9809.92
-9809.91
-9809.9
-9809.89
-9809.89
-9809.9
-9809.91
-9809.93
-9809.94
-9809.96
-9809.99
-9810.01
-9810.03
-9810.06
-9810.08
-9810.1
-9810.12
-9810.14
-9810.15
-9810.17
-9810.18
-9810.18
-9810.19
-9810.19
-9810.19
-9810.19
-9810.18
-9810.17
-9810.16
-9810.15
-9810.14
-9810.12
-9810.11
-9810.1
-9810.08
-9810.07
-9810.05
-9810.04
-9810.03
-9810.02
-9810.01
-9810
-9810
-9810
)
;
    }
    walls
    {
        type            calculated;
        value           nonuniform List<scalar> 
240
(
-612.256
-1770.56
-2796.62
-3705.54
-4510.71
-5224.03
-5855.99
-6415.95
-6912.22
-7352.14
-7742.18
-8088.25
-8394.73
-8666.24
-8906.76
-9119.83
-9308.58
-9475.79
-9623.91
-9755.14
-614.279
-1772.65
-2798.81
-3707.84
-4513.13
-5226.5
-5858.46
-6418.29
-6914.22
-7353.55
-7742.74
-8087.5
-8392.92
-8663.49
-8903.17
-9115.49
-9303.58
-9470.2
-9617.81
-9748.57
1.98235
1.98166
1.98024
1.97809
1.97515
1.97141
1.96684
1.9614
1.95505
1.94775
1.93948
1.93019
1.91985
1.9084
1.89582
1.88205
1.86707
1.85084
1.83331
1.81444
1.79421
1.77259
1.74954
1.72504
1.69908
1.67165
1.64273
1.61235
1.5805
1.5472
1.51249
1.47639
1.43895
1.40021
1.36023
1.31906
1.27684
1.23363
1.18951
1.1446
1.099
1.05282
1.0062
0.959263
0.912148
0.865001
0.817972
0.771213
0.724883
0.679139
0.634143
0.590056
0.547036
0.505241
0.464824
0.425931
0.388707
0.353279
0.319768
0.288283
0.258921
0.231741
0.206787
0.184109
0.163751
0.145787
0.131121
0.118556
0.107519
0.0985573
0.0915729
0.0864247
0.0829588
0.080987
0.0802949
0.0806549
0.0818305
0.0835748
0.0856351
0.0877553
0.0896812
0.0911652
0.0919707
0.0918797
0.0906979
0.0882603
0.0844508
0.0789162
0.0717094
0.0628592
0.0524256
0.0404968
0.0271913
0.0126567
-0.00290971
-0.0192641
-0.0361295
-0.0531951
-0.0701315
-0.0865736
-0.102203
-0.116664
-0.129627
-0.140797
-0.149913
-0.156765
-0.161209
-0.16316
-0.162436
-0.159207
-0.153612
-0.145829
-0.136111
-0.124776
-0.1122
-0.0987708
-0.0849783
-0.0712555
-0.0580617
-0.0458376
-0.0349949
-0.0259006
-0.0188621
-0.01412
-0.0118361
-0.0120794
-0.0149015
-0.0201823
-0.0277695
-0.0374341
-0.0488795
-0.0617554
-0.0756738
-0.0902186
-0.104963
-0.119479
-0.133359
-0.146222
-0.157727
-0.167581
-0.175548
-0.181455
-0.185196
-0.186726
-0.186069
-0.18331
-0.178588
-0.172097
-0.164069
-0.154774
-0.144504
-0.133567
-0.12227
-0.110938
-0.0998621
-0.0893221
-0.0795713
-0.0708293
-0.063282
-0.0570724
-0.0523011
-0.0490268
-0.0472655
-0.0469894
-0.0481341
-0.0505991
-0.0542527
-0.0589355
-0.064467
-0.0706509
-0.0772805
-0.0841436
-0.0910297
-0.0977342
-0.104063
-0.109839
-0.114903
-0.119118
-0.122374
-0.124585
-0.125696
-0.12568
-0.12454
-0.122306
-0.11904
-0.114827
-0.109775
-0.104011
-0.097681
-0.0909466
-0.0839808
-0.0769634
-0.0700795
-0.0635144
-0.057447
-0.0520493
-0.0474821
-0.0438915
-0.0414036
-0.0401216
)
;
    }
    floatingObject
    {
        type            calculated;
        value           nonuniform List<scalar> 
37
(
-7921.72
-7921.35
-7921
-7920.7
-7920.44
-7920.22
-7920.04
-7919.89
-7919.78
-7919.7
-7919.65
-7919.63
-7919.65
-7919.7
-7919.79
-7919.91
-7920.08
-7920.3
-7920.53
-8088.75
-8084.94
-8394.68
-8390.09
-8666.22
-8660.68
-8906.75
-8900.28
-9119.82
-9112.49
-9308.58
-9300.45
-9475.79
-9466.92
-9623.91
-9614.37
-9755.13
-9744.98
)
;
    }
    frontAndBack
    {
        type            empty;
    }
}


// ************************************************************************* //
