/*--------------------------------*- C++ -*----------------------------------*\
  =========                 |
  \\      /  F ield         | OpenFOAM: The Open Source CFD Toolbox
   \\    /   O peration     | Website:  https://openfoam.org
    \\  /    A nd           | Version:  12
     \\/     M anipulation  |
\*---------------------------------------------------------------------------*/
FoamFile
{
    format      ascii;
    class       surfaceScalarField;
    location    "14.7";
    object      phi;
}
// * * * * * * * * * * * * * * * * * * * * * * * * * * * * * * * * * * * * * //

dimensions      [1 0 -1 0 0 0 0];

internalField   nonuniform List<scalar> 
7429
(
0.000194125
-0.000194125
0.000392942
-0.000198816
0.0005951
-0.000202157
0.000800999
-0.000205899
0.00101114
-0.000210143
0.00122597
-0.000214831
0.00144588
-0.000219905
0.00167116
-0.000225285
0.00190206
-0.000230893
0.00213867
-0.000236614
0.00238096
-0.000242291
0.00262871
-0.000247748
0.00288163
-0.000252917
0.00313917
-0.000257538
0.00340068
-0.000261511
0.00366515
-0.000264463
0.00393162
-0.000266478
0.00419875
-0.000267123
0.00446508
-0.000266327
0.00472887
-0.000263792
0.00498845
-0.000259584
0.00524164
-0.000253183
0.00548629
-0.000244655
0.00572008
-0.000233791
0.00594066
-0.00022058
0.00614548
-0.000204813
0.00633184
-0.000186367
0.00649728
-0.000165437
0.0066393
-0.00014202
0.00675542
-0.000116121
0.00684345
-8.80262e-05
0.0069013
-5.78458e-05
0.00692684
-2.55392e-05
0.00692087
5.96141e-06
0.0068838
3.70752e-05
0.00681418
6.96245e-05
0.00671139
0.000102785
0.00657544
0.000135951
0.00640682
0.000168625
0.00620648
0.000200335
0.00597589
0.000230591
0.0057168
0.000259088
0.00543138
0.000285423
0.00512205
0.000309333
0.00479155
0.000330492
0.00444294
0.000348612
0.00407944
0.0003635
0.00370453
0.000374907
0.0033219
0.000382639
0.00293531
0.00038659
0.00254869
0.000386613
0.002166
0.000382692
0.00179132
0.000374685
0.00142849
0.000362829
0.00108179
0.000346697
0.000754666
0.000327123
0.000451234
0.000303432
0.000174526
0.000276708
-7.16924e-05
0.000246218
-0.000284823
0.00021313
-0.000461952
0.000177129
-0.000601048
0.000139096
-0.000700122
9.9074e-05
-0.000757736
5.76141e-05
-0.000774227
1.6491e-05
-0.000741481
-3.27469e-05
-0.000665316
-7.61649e-05
-0.000548072
-0.000117244
-0.00039155
-0.000156521
-0.000197928
-0.000193622
3.045e-05
-0.000228378
0.000290367
-0.000259917
0.000578118
-0.000287751
0.000888801
-0.000310682
0.00121686
-0.000328063
0.00155672
-0.000339857
0.00190201
-0.00034529
0.00224637
-0.000344354
0.0025825
-0.000336135
0.00290383
-0.000321328
0.00320293
-0.000299103
0.00347327
-0.000270342
0.00370779
-0.000234513
0.00390051
-0.000192728
0.00404562
-0.000145104
0.00413873
-9.31138e-05
0.00417576
-3.70299e-05
0.00414647
2.92948e-05
0.00405077
9.56923e-05
0.00389042
0.000160354
0.00366751
0.000222915
0.00338522
0.000282284
0.00304765
0.000337568
0.00265978
0.000387878
0.00222831
0.000431463
0.00176146
0.000466851
0.00126877
0.000492696
0.000761323
0.000507443
0.000250588
0.000510735
-0.000250571
0.00050116
-0.000729284
0.000478713
-0.00117266
0.000443373
-0.00156808
0.000395421
-0.00190386
0.000335778
-0.00216961
0.000265754
-0.0023562
0.000186592
-0.00245738
0.000101181
-0.00247022
1.28387e-05
-0.0023804
-8.98233e-05
-0.00219913
-0.000181268
-0.00193239
-0.00026674
-0.00158946
-0.000342928
-0.0011801
-0.00040936
-0.000718997
-0.000461105
-0.000221927
-0.00049707
0.000291628
-0.000513555
0.000801286
-0.000509658
0.00128494
-0.000483658
0.00172202
-0.00043708
0.00209206
-0.000370032
0.00237718
-0.000285125
0.00256245
-0.00018527
0.00263723
-7.47774e-05
0.00258635
5.08823e-05
0.0024116
0.000174747
0.00212219
0.000289414
0.00173021
0.00039198
0.00125166
0.000478542
0.000708198
0.000543467
0.000125708
0.00058249
-0.000465901
0.000591609
-0.00103442
0.000568521
-0.00154857
0.000514147
-0.00197815
0.000429579
-0.0022976
0.000319456
-0.00248625
0.000188649
-0.00253269
4.64346e-05
-0.00241714
-0.000115552
-0.00215483
-0.000262307
-0.00176247
-0.000392354
-0.00126331
-0.000499163
-0.00068767
-0.000575641
-7.41525e-05
-0.000613518
0.000535974
-0.000610126
0.00109895
-0.000562981
0.00157418
-0.000475222
0.00192635
-0.000352179
0.00212942
-0.000203066
0.00216863
-3.92101e-05
0.00202712
0.000141511
0.00172791
0.000299208
0.0012972
0.000430713
0.000769236
0.000527962
0.000190884
0.000578352
-0.000389457
0.000580341
-0.000917181
0.000527723
-0.001346
0.000428819
-0.00163801
0.000292008
-0.00176893
0.000130926
-0.00172311
-4.58199e-05
-0.00151426
-0.00020885
-0.00117336
-0.000340902
-0.000740743
-0.000432619
-0.000268378
-0.000472365
0.000185905
-0.000454283
0.000566505
-0.0003806
0.000828614
-0.000262109
0.000942471
-0.000113857
0.000890334
5.2137e-05
0.000688018
0.000202315
0.000370363
0.000317656
-1.47006e-05
0.000385063
-0.000408362
0.000393661
-0.00074605
0.000337689
-0.000974202
0.000228151
-0.00105517
8.09664e-05
-0.000963765
-9.14031e-05
-0.000715841
-0.000247924
-0.000346947
-0.000368894
9.00639e-05
-0.000437011
0.000527553
-0.000437489
0.000898043
-0.00037049
0.00114579
-0.000247748
0.00123582
-9.00269e-05
0.00115454
8.12822e-05
0.000927463
0.000227073
0.000599621
0.000327842
0.000233407
0.000366213
-0.000104141
0.000337548
-0.000353743
0.000249602
-0.000477895
0.000124152
-0.000465326
-1.25682e-05
-0.000336578
-0.000128748
-0.00013508
-0.000201498
8.13384e-05
-0.000216419
0.000253739
-0.000172401
0.000337079
-8.33401e-05
0.00031092
2.6159e-05
0.000185675
0.000125245
0.000185675
0.00021231
-0.000406434
0.000435642
-0.000422148
0.000664363
-0.000430877
0.000899789
-0.000441324
0.00114324
-0.000453598
0.00139604
-0.000467627
0.00165923
-0.00048309
0.00193372
-0.000499779
0.0022201
-0.000517273
0.00251872
-0.000535227
0.0028295
-0.000553076
0.00315223
-0.000570473
0.00348634
-0.000587026
0.00383082
-0.000602024
0.00418444
-0.000615129
0.00454564
-0.000625664
0.00491224
-0.000633073
0.00528195
-0.000636831
0.00565192
-0.000636301
0.00601914
-0.000631013
0.00638002
-0.000620461
0.00673109
-0.00060425
0.00706848
-0.000582047
0.00738825
-0.00055356
0.00768632
-0.000518643
0.00795895
-0.000477449
0.00820245
-0.00042987
0.00841359
-0.000376571
0.00858911
-0.000317541
0.00872664
-0.000253646
0.0088241
-0.00018549
0.00888051
-0.000114257
0.00889669
-4.1716e-05
0.00885906
4.3594e-05
0.00876669
0.000129442
0.00862376
0.000212552
0.00843343
0.000293116
0.00819924
0.000370145
0.00792505
0.000442812
0.00761462
0.000510773
0.00727132
0.000573885
0.00689747
0.000632939
0.00649574
0.000687158
0.00606874
0.00073633
0.00562038
0.000778853
0.00515431
0.000814683
0.00467479
0.000843021
0.00418675
0.000862943
0.00369396
0.000875435
0.00320169
0.000878861
0.00271438
0.000873915
0.00223615
0.000860928
0.00177266
0.000838168
0.00132724
0.000808255
0.000905357
0.000768579
0.000509703
0.000722776
0.000145807
0.000667328
-0.000183105
0.00060562
-0.000474185
0.000537298
-0.00072449
0.000463435
-0.000930534
0.000383174
-0.00108958
0.000298147
-0.00120134
0.000210828
-0.00126355
0.000119824
-0.00127595
2.8896e-05
-0.00123885
-6.98491e-05
-0.00115361
-0.000161406
-0.00102071
-0.000250147
-0.00084179
-0.000335439
-0.000619621
-0.000415791
-0.000357859
-0.000490141
-6.0762e-05
-0.000557014
0.00026619
-0.000614703
0.000618678
-0.00066317
0.000990616
-0.000700002
0.00137502
-0.000724258
0.00176524
-0.000735509
0.00215372
-0.000732838
0.00253288
-0.000715295
0.00289492
-0.000683365
0.00323217
-0.000636356
0.0035368
-0.000574971
0.00380164
-0.000499354
0.00401953
-0.000410621
0.00418472
-0.000310291
0.00429195
-0.000200341
0.00433504
-8.01238e-05
0.00430778
5.65531e-05
0.00420932
0.000194157
0.00404101
0.000328659
0.00380442
0.000459506
0.00350245
0.000584257
0.00313923
0.000700783
0.00272044
0.000806674
0.00225378
0.000898125
0.00174843
0.000972201
0.00121504
0.00102608
0.000665871
0.00105661
0.000113599
0.00106301
-0.000427821
0.00104258
-0.00094409
0.000994981
-0.00142112
0.000920407
-0.00184529
0.000819585
-0.00220334
0.000693836
-0.00248445
0.000546858
-0.00267944
0.000381587
-0.00278109
0.000202825
-0.00277806
9.81177e-06
-0.00267192
-0.000195961
-0.00246681
-0.000386379
-0.0021688
-0.000564752
-0.00178604
-0.000725692
-0.00133069
-0.000864708
-0.000818426
-0.000973366
-0.000268512
-0.00104698
0.000299366
-0.00108143
0.000861142
-0.00107143
0.00139426
-0.00101678
0.00187467
-0.000917486
0.00228095
-0.000776306
0.00259314
-0.000597319
0.00279532
-0.000387446
0.00287448
-0.000153946
0.00281741
0.000107955
0.00262719
0.000364968
0.0023123
0.000604307
0.00188418
0.000820096
0.00136162
0.0010011
0.000767421
0.00113767
0.000132442
0.00121747
-0.00051184
0.00123589
-0.00112999
0.00118667
-0.00168765
0.00107181
-0.00215168
0.000893603
-0.00249446
0.000662243
-0.00269384
0.000388024
-0.00273593
8.8522e-05
-0.0026056
-0.000245876
-0.00231734
-0.000550572
-0.00188823
-0.000821461
-0.0013422
-0.00104519
-0.000714721
-0.00120312
-4.57744e-05
-0.00128246
0.000613751
-0.00126965
0.00122008
-0.00116931
0.00172918
-0.000984322
0.00210208
-0.000725078
0.00231111
-0.000412094
0.00234039
-6.84883e-05
0.00217788
0.000304021
0.00184647
0.000630619
0.00137149
0.000905695
0.000795452
0.001104
0.000165162
0.00120864
-0.000459888
0.00120539
-0.00102466
0.00109249
-0.00147815
0.000882318
-0.00177897
0.000592819
-0.00190337
0.000255326
-0.00183527
-0.000113916
-0.00159361
-0.000450511
-0.00120874
-0.000725774
-0.000727176
-0.00091418
-0.000206947
-0.000992594
0.000288641
-0.000949871
0.000699273
-0.000791232
0.000976446
-0.000539282
0.00108869
-0.000226104
0.0010188
0.000122034
0.000786876
0.000434235
0.000428845
0.000675686
-1.0838e-06
0.000814993
-0.000437788
0.000830365
-0.000810828
0.000710729
-0.00106172
0.000479047
-0.00115041
0.000169651
-0.0010533
-0.000188509
-0.000787571
-0.000513655
-0.000390873
-0.000765593
7.76497e-05
-0.000905533
0.000544015
-0.000903854
0.000935325
-0.0007618
0.00119195
-0.000504378
0.00127744
-0.000175509
0.00118055
0.000178172
0.00092866
0.000478959
0.000572431
0.000684072
0.000180124
0.000758519
-0.000175628
0.000693301
-0.000431497
0.000505471
-0.000548867
0.000241521
-0.000518259
-4.31764e-05
-0.000363717
-0.00028329
-0.000134032
-0.000431182
0.000107179
-0.00045763
0.000295962
-0.000361184
0.000384255
-0.000171633
0.00035114
5.92744e-05
0.00020874
0.000267645
0.000394415
1.0766e-05
-0.0004172
2.71894e-05
-0.000438571
5.02582e-05
-0.000453945
8.34639e-05
-0.000474529
0.000129992
-0.000500125
0.000193232
-0.000530867
0.00027568
-0.000565537
0.00038073
-0.000604829
0.00051018
-0.000646722
0.000666331
-0.000691377
0.000850166
-0.00073691
0.00106243
-0.000782735
0.00130179
-0.000826391
0.0015688
-0.000869027
0.00186371
-0.000910043
0.00218662
-0.000948571
0.00253557
-0.000982025
0.00290754
-0.00100879
0.00329868
-0.00102744
0.003704
-0.00103633
0.0041185
-0.00103496
0.00453578
-0.00102154
0.00494944
-0.000995706
0.00535323
-0.000957348
0.00574021
-0.000905618
0.00610454
-0.000841779
0.0064385
-0.000763835
0.00673652
-0.000674586
0.00699119
-0.000572209
0.00719691
-0.000459366
0.00734813
-0.000336707
0.00743982
-0.000205951
0.00746677
-6.86692e-05
0.00744992
6.04489e-05
0.00738718
0.000192181
0.00727423
0.000325499
0.00711003
0.000457316
0.00689477
0.000585404
0.00662959
0.000707996
0.00631652
0.00082384
0.00595895
0.000931458
0.00556187
0.00103002
0.0051306
0.00111843
0.004671
0.00119593
0.00418799
0.00126187
0.00368732
0.00131535
0.00317408
0.00135627
0.00265313
0.00138389
0.00213059
0.00139797
0.00161083
0.00139862
0.00109962
0.00138513
0.000602915
0.00135763
0.000124226
0.00131686
-0.000329942
0.00126242
-0.000756586
0.00119522
-0.00114928
0.00111547
-0.00150452
0.00102257
-0.00181877
0.000919873
-0.002088
0.00080653
-0.0023083
0.000683733
-0.00247718
0.000552059
-0.00259529
0.000416254
-0.00265797
0.000273507
-0.00266658
0.000128435
-0.00260718
-3.05076e-05
-0.00249504
-0.000181986
-0.00232824
-0.00032821
-0.00210812
-0.000470266
-0.00183682
-0.000606736
-0.00151752
-0.000735091
-0.00115372
-0.000853942
-0.000750514
-0.000960219
-0.000313906
-0.00105131
0.000149674
-0.00112675
0.000633619
-0.00118395
0.00112943
-0.00122007
0.0016293
-0.00123538
0.00212424
-0.00122777
0.00260527
-0.00119633
0.00306264
-0.00114074
0.00348827
-0.00106198
0.00387207
-0.000958774
0.00420602
-0.000833305
0.00448085
-0.000685452
0.00469097
-0.00052041
0.00482896
-0.000338328
0.0048892
-0.000140361
0.00486413
8.16189e-05
0.00475451
0.000303773
0.00456113
0.000522045
0.00428545
0.000735185
0.00393048
0.000939229
0.00350107
0.00113019
0.00300461
0.00130314
0.00245067
0.00145206
0.00185052
0.00157235
0.00121718
0.00165942
0.000565461
0.00170833
-8.93005e-05
0.00171777
-0.000730248
0.00168353
-0.00133984
0.00160457
-0.00190201
0.00148258
-0.0023989
0.00131647
-0.00281722
0.00111215
-0.00314067
0.000870316
-0.0033585
0.000599417
-0.00346364
0.000307958
-0.00344352
-1.03063e-05
-0.00330328
-0.0003362
-0.00304465
-0.000645013
-0.00267386
-0.000935538
-0.00220179
-0.00119777
-0.00164288
-0.00142361
-0.00101741
-0.00159884
-0.000346811
-0.00171759
0.000342754
-0.001771
0.00102407
-0.00175275
0.00166862
-0.00166133
0.00224888
-0.00149774
0.00273768
-0.00126511
0.00311189
-0.000971534
0.0033517
-0.000627253
0.00344478
-0.000247028
0.0033725
0.000180239
0.00314341
0.000594052
0.00276391
0.000983809
0.00224867
0.00133533
0.00161931
0.00163047
0.000906432
0.00185054
0.000143432
0.00198047
-0.00062626
0.00200558
-0.00136356
0.00192397
-0.00202545
0.0017337
-0.0025748
0.00144295
-0.00297542
0.00106287
-0.00320259
0.0006152
-0.00323846
0.000124384
-0.00307479
-0.000409543
-0.00272434
-0.00090102
-0.00220408
-0.00134172
-0.00154801
-0.00170126
-0.000797748
-0.00195338
-2.93873e-06
-0.00207727
0.000781037
-0.00205363
0.00149648
-0.00188476
0.00209136
-0.0015792
0.00252244
-0.00115616
0.00275353
-0.000643182
0.00276623
-8.11905e-05
0.00255856
0.00051169
0.0021501
0.00103908
0.00157488
0.00148091
0.000880327
0.00179855
0.000130219
0.00195875
-0.00060853
0.00194414
-0.00126804
0.001752
-0.00178869
0.00140297
-0.00212473
0.000928857
-0.00224379
0.000374382
-0.00213663
-0.000221072
-0.00182467
-0.000762472
-0.00134428
-0.00120617
-0.000752683
-0.00150578
-0.000120248
-0.00162503
0.000470986
-0.0015411
0.00095478
-0.00127503
0.00127239
-0.000856893
0.00138766
-0.000341375
0.00128547
0.000224225
0.000989315
0.000730391
0.000542763
0.00112224
1.28214e-05
0.00134493
-0.000519268
0.00136245
-0.000970884
0.00116234
-0.00127339
0.000781555
-0.0013784
0.000274656
-0.00126372
-0.000303181
-0.000948957
-0.000828423
-0.000480323
-0.00123423
6.99005e-05
-0.00145576
0.000612687
-0.00144664
0.00106241
-0.00121152
0.00134941
-0.000791384
0.00143194
-0.000258031
0.00130251
0.000307596
0.000993992
0.00078748
0.000568566
0.0011095
0.000108241
0.00121885
-0.000298294
0.00109984
-0.000580175
0.000787353
-0.000693862
0.000355207
-0.000632438
-0.0001046
-0.000427058
-0.000488671
-0.0001383
-0.00071994
0.000157192
-0.000753121
0.000383375
-0.000587367
0.000484516
-0.000272775
0.00043765
0.000106141
0.000258704
0.000446591
0.000653119
-0.000127602
-0.000289597
-0.000233705
-0.000332466
-0.0003177
-0.00036995
-0.000367782
-0.000424446
-0.000374135
-0.000493771
-0.000324994
-0.000580007
-0.000214071
-0.00067646
-3.25296e-05
-0.000786369
0.000217343
-0.000896594
0.000535768
-0.0010098
0.000918112
-0.00111925
0.00136461
-0.00122923
0.00187187
-0.00133365
0.00243782
-0.00143498
0.00305641
-0.00152863
0.0037226
-0.00161476
0.00443084
-0.00169027
0.00517316
-0.00175111
0.00593954
-0.00179382
0.00672143
-0.00181822
0.00750664
-0.00182016
0.00828332
-0.00179822
0.00903681
-0.0017492
0.00975444
-0.00167498
0.0104206
-0.00157174
0.0110237
-0.00144489
0.011549
-0.00128914
0.0119897
-0.00111533
0.0123333
-0.00091579
0.0125795
-0.00070558
0.0127242
-0.000481395
0.0127707
-0.000252499
0.012727
-2.49138e-05
0.0125509
0.000236506
0.0122691
0.000474059
0.0118987
0.000695894
0.0114521
0.00090392
0.0109368
0.00110069
0.010359
0.00128575
0.00972513
0.00145772
0.00904361
0.00161298
0.00832194
0.00175169
0.00756854
0.00187183
0.00679109
0.00197339
0.00599709
0.00205586
0.00519326
0.00211918
0.00438861
0.00216092
0.00358905
0.00218344
0.00280213
0.0021849
0.002033
0.00216776
0.0012903
0.00212782
0.000577091
0.00207084
-9.90439e-05
0.00199299
-0.000732585
0.00189596
-0.00131936
0.001782
-0.00185531
0.00165141
-0.00233542
0.00150268
-0.00275518
0.00133963
-0.00310987
0.00116122
-0.00339595
0.000969817
-0.00361364
0.000769748
-0.003757
0.000559618
-0.00382927
0.000345772
-0.00382482
0.000123984
-0.00375148
-0.000103847
-0.00360772
-0.000325737
-0.00339218
-0.000543753
-0.00310739
-0.000755061
-0.00275738
-0.000956749
-0.00234689
-0.00114558
-0.00188147
-0.00131936
-0.00136839
-0.0014733
-0.000814022
-0.00160568
-0.000227021
-0.00171375
0.000383539
-0.00179451
0.00100787
-0.00184441
0.00163589
-0.00186339
0.00225661
-0.0018485
0.00285927
-0.00179899
0.00343168
-0.00171315
0.00396242
-0.00159272
0.00444093
-0.00143728
0.00485693
-0.0012493
0.00519941
-0.00102793
0.00546099
-0.000781987
0.00563077
-0.000508109
0.00570916
-0.000218752
0.00568128
0.000109501
0.00555068
0.000434369
0.00531773
0.000754994
0.00498353
0.00106938
0.0045518
0.00137097
0.00402969
0.0016523
0.00342584
0.00190699
0.00275203
0.00212587
0.00202253
0.00230185
0.00125333
0.00242862
0.000462395
0.00249927
-0.000331153
0.00251132
-0.00110619
0.00245856
-0.00184188
0.00234026
-0.00251797
0.00215868
-0.00311364
0.00191214
-0.00360907
0.00160758
-0.00399125
0.00125249
-0.0042447
0.000852871
-0.00435639
0.000419642
-0.00431601
-5.0685e-05
-0.00412959
-0.00052262
-0.00379911
-0.000975489
-0.00333144
-0.00140321
-0.00274017
-0.00178903
-0.00204423
-0.00211955
-0.00126738
-0.00237569
-0.000437435
-0.00254753
0.000414192
-0.00262263
0.00125437
-0.00259292
0.00204793
-0.0024549
0.00275918
-0.00220899
0.0033585
-0.00186443
0.00381299
-0.00142602
0.00410233
-0.000916597
0.0042083
-0.000352998
0.00411659
0.000271951
0.00383179
0.000878853
0.00336414
0.00145146
0.00272949
0.00196998
0.00195797
0.00240198
0.00108566
0.00272285
0.000155049
0.00291108
-0.000784324
0.00294496
-0.00168024
0.00281989
-0.00248282
0.00253627
-0.00314275
0.00210288
-0.00362107
0.00154118
-0.00388682
0.000880954
-0.00391929
0.00015685
-0.00370889
-0.000619936
-0.00326992
-0.00134
-0.00262883
-0.00198281
-0.00182266
-0.00250744
-0.000904398
-0.00287164
6.19098e-05
-0.00304358
0.0010093
-0.00300102
0.00186961
-0.00274507
0.00257998
-0.00228956
0.00308301
-0.00165919
0.00334315
-0.000903331
0.00333996
-7.7994e-05
0.00306795
0.000783699
0.00255496
0.00155208
0.00184181
0.00219406
0.000991587
0.00264878
7.68832e-05
0.00287346
-0.000809206
0.00283023
-0.00159613
0.00253893
-0.00220834
0.00201518
-0.00258842
0.00130894
-0.00270326
0.000489217
-0.00254464
-0.000379688
-0.00213739
-0.00116973
-0.00152972
-0.00181383
-0.000794186
-0.00224131
-1.70558e-05
-0.00240216
0.000704175
-0.00226234
0.00128588
-0.00185673
0.0016585
-0.00122952
0.00177657
-0.000459444
0.00163047
0.000370327
0.00124754
0.00111332
0.000683381
0.0016864
2.09737e-05
0.00200734
-0.000635639
0.00201907
-0.00119006
0.00171677
-0.00155802
0.00114951
-0.00168192
0.00039855
-0.00154111
-0.000443987
-0.00115839
-0.00121114
-0.000592111
-0.00180051
6.85733e-05
-0.00211644
0.000714561
-0.00209263
0.00124273
-0.00173969
0.0015706
-0.00111925
0.0016496
-0.000337032
0.00147644
0.000480756
0.00109167
0.00117225
0.000573453
0.00162772
2.08096e-05
0.00177149
-0.00045268
0.00157332
-0.000770053
0.00110473
-0.000880179
0.000465333
-0.000779037
-0.000205742
-0.000507295
-0.000760414
-0.000141339
-0.0010859
0.000224674
-0.00111913
0.000499365
-0.000862058
0.000616901
-0.000390312
0.000551627
0.000171415
0.000324512
0.000673706
0.000977631
-0.000545623
0.000256026
-0.00107265
0.000194561
-0.0015753
0.000132706
-0.00203957
3.98185e-05
-0.00244198
-9.13552e-05
-0.00276069
-0.000261295
-0.00300454
-0.000432616
-0.00316674
-0.000624163
-0.00327426
-0.000789078
-0.00329442
-0.000989636
-0.00320742
-0.00120626
-0.00299159
-0.00144506
-0.00263956
-0.00168568
-0.00215037
-0.00192417
-0.00152833
-0.00215067
-0.000783331
-0.00235976
7.12959e-05
-0.0025449
0.00101975
-0.00269956
0.00204436
-0.00281844
0.00312266
-0.00289652
0.00423019
-0.0029277
0.00534658
-0.0029146
0.00644555
-0.00284817
0.00750505
-0.00273448
0.00849697
-0.00256365
0.00940449
-0.00235241
0.0101978
-0.0020824
0.0108719
-0.0017895
0.0113965
-0.00144039
0.0117705
-0.00107952
0.0119842
-0.000695078
0.0120362
-0.000304504
0.0119403
7.09367e-05
0.0117474
0.000429382
0.0114456
0.000775859
0.0110377
0.00110382
0.0105318
0.00140985
0.00994016
0.00169231
0.00927659
0.00194932
0.0085538
0.00218051
0.00778257
0.00238422
0.00697315
0.0025611
0.00613511
0.00270987
0.00527766
0.00283083
0.00440881
0.00292471
0.00353809
0.0029899
0.00267028
0.00302873
0.00181459
0.00303914
0.000976329
0.00302315
0.000164768
0.00297932
-0.000617896
0.00291049
-0.00136169
0.00281464
-0.00206341
0.00269471
-0.00271669
0.00254925
-0.00331386
0.00237917
-0.00385024
0.00218779
-0.00432186
0.0019743
-0.00472511
0.00174288
-0.00505764
0.00149375
-0.00531306
0.00122524
-0.00549173
0.000948412
-0.00558642
0.000654309
-0.0055955
0.000354849
-0.00552046
4.89498e-05
-0.00536118
-0.000263127
-0.00512001
-0.00056691
-0.00479856
-0.000865207
-0.00439879
-0.00115482
-0.00392542
-0.00143012
-0.00338362
-0.00168738
-0.00277959
-0.00192339
-0.00212059
-0.0021323
-0.00141634
-0.00230993
-0.000675848
-0.00245424
9.00558e-05
-0.00256041
0.000869167
-0.00262352
0.00164947
-0.00264369
0.00241863
-0.00261765
0.00316135
-0.00254172
0.00386588
-0.00241768
0.00451934
-0.00224618
0.00510576
-0.0020237
0.00561517
-0.00175871
0.0060339
-0.00144666
0.00635339
-0.00110147
0.00656142
-0.000716137
0.0066549
-0.000312232
0.00662334
0.000141058
0.00646868
0.000589025
0.00618939
0.00103429
0.00578736
0.00147141
0.00526788
0.00189045
0.00463882
0.00228135
0.00391167
0.00263414
0.00310156
0.00293598
0.00222475
0.00317865
0.0013006
0.00335278
0.000351795
0.00344807
-0.000598339
0.00346145
-0.00152504
0.00338526
-0.00240408
0.00321931
-0.00320751
0.00296211
-0.00391545
0.00262007
-0.00450288
0.00219502
-0.00494665
0.00169626
-0.00523285
0.00113907
-0.0053527
0.000539493
-0.00529119
-0.000112197
-0.00505358
-0.000760229
-0.00464109
-0.00138798
-0.0040632
-0.00198111
-0.00333648
-0.00251574
-0.00248455
-0.00297149
-0.00153615
-0.00332409
-0.000526747
-0.00355693
0.000508711
-0.00365809
0.00152761
-0.00361182
0.0024863
-0.00341359
0.00334563
-0.00306833
0.00406617
-0.00258497
0.00461341
-0.00197326
0.00495458
-0.00125777
0.00507514
-0.000473558
0.00495869
0.000388402
0.00461131
0.00122623
0.00404027
0.00202251
0.00326956
0.00274069
0.00233394
0.0033376
0.00127634
0.00378045
0.000156677
0.00403075
-0.000975478
0.00407711
-0.00205108
0.00389549
-0.00300983
0.00349502
-0.00379465
0.0028877
-0.00435814
0.00210468
-0.00466217
0.00118498
-0.00468218
0.000176868
-0.00441754
-0.000884585
-0.00387998
-0.00187755
-0.00309805
-0.00276474
-0.00212342
-0.00348207
-0.00101802
-0.00397704
0.000142325
-0.00420392
0.00127465
-0.00413335
0.00229778
-0.0037682
0.00313323
-0.003125
0.00372265
-0.00224861
0.00401467
-0.00119536
0.00397767
-4.09917e-05
0.00363593
0.00112544
0.00300428
0.00218372
0.00213736
0.00306098
0.00111054
0.00367559
1.69087e-05
0.00396709
-0.00104598
0.00389311
-0.00197577
0.00346872
-0.00268724
0.00272664
-0.00311506
0.00173677
-0.00322422
0.000598377
-0.00300408
-0.000599826
-0.00248762
-0.00168619
-0.00173494
-0.00256651
-0.000834906
-0.00314134
0.00010459
-0.00334165
0.000971566
-0.00312931
0.00166094
-0.0025461
0.00209045
-0.00165903
0.0022126
-0.000581595
0.00201493
0.000567999
0.00153202
0.00159624
0.000834612
0.0023838
2.3561e-05
0.00281839
-0.000773775
0.0028164
-0.00144232
0.00238531
-0.00188248
0.00158968
-0.00202577
0.000541839
-0.00185227
-0.000617492
-0.00138915
-0.00167426
-0.000710142
-0.00247951
7.61081e-05
-0.00290269
0.000837691
-0.00285421
0.00145302
-0.00235502
0.00182505
-0.00149128
0.00189824
-0.000410216
0.00167315
0.000705841
0.00120122
0.00164418
0.000579295
0.00224964
-7.00549e-05
0.00242084
-0.00062458
0.00212785
-0.000981366
0.00146151
-0.00108605
0.000570017
-0.000938566
-0.000353225
-0.000591784
-0.0011072
-0.000139761
-0.00153792
0.000304354
-0.00156325
0.000632135
-0.00118984
0.000766688
-0.000524864
0.000679706
0.000258397
0.00039813
0.000955282
0.00137576
-0.00151251
0.00176854
-0.0029841
0.00166614
-0.00435977
0.00150838
-0.00557382
0.00125387
-0.00657921
0.000914035
-0.00730563
0.000465124
-0.00775394
1.56922e-05
-0.00778331
-0.000594795
-0.00759775
-0.000974636
-0.00716181
-0.00142557
-0.00654363
-0.00182444
-0.00574355
-0.00224513
-0.00477021
-0.00265903
-0.00362658
-0.0030678
-0.00231773
-0.00345951
-0.000852207
-0.00382528
0.000754234
-0.00415134
0.0024848
-0.00443013
0.00431167
-0.0046453
0.00620762
-0.00479247
0.00813581
-0.00485588
0.0100606
-0.0048394
0.0119305
-0.00471802
0.0137103
-0.00451428
0.0153327
-0.00418608
0.0167822
-0.0038019
0.0179614
-0.00326159
0.018933
-0.00276112
0.019523
-0.00203042
0.0198267
-0.00138316
0.0198128
-0.000681189
0.0195477
-3.94698e-05
0.0190746
0.000544071
0.018406
0.00109798
0.0175738
0.00160803
0.016609
0.0020687
0.0155396
0.0024792
0.0143908
0.00284116
0.0131841
0.00315601
0.0119381
0.00342648
0.0106693
0.00365306
0.00939048
0.00383988
0.00811353
0.00398682
0.00684734
0.00409702
0.00560105
0.004171
0.0043824
0.00420855
0.00319794
0.00421319
0.00205273
0.00418435
0.000953123
0.00412276
-9.68287e-05
0.00402927
-0.00109126
0.00390491
-0.00202506
0.00374844
-0.00289258
0.00356223
-0.00369005
0.00334671
-0.00441336
0.00310248
-0.00505791
0.00283234
-0.00561858
0.00253497
-0.00609197
0.00221627
-0.0064713
0.00187308
-0.00676037
0.00151431
-0.00694768
0.00113572
-0.00703868
0.000745308
-0.00702909
0.000345255
-0.00691862
-6.15198e-05
-0.00671281
-0.000468933
-0.00640792
-0.000871803
-0.00600647
-0.00126666
-0.00551374
-0.00164755
-0.00493436
-0.0020095
-0.00427498
-0.00234676
-0.00354348
-0.0026549
-0.00274982
-0.00292595
-0.00190454
-0.00315522
-0.00101791
-0.00334087
-0.000103097
-0.00347522
0.000825167
-0.00355178
0.00175433
-0.00357286
0.00266611
-0.00352943
0.00354864
-0.00342425
0.00438186
-0.00325089
0.00515329
-0.00301762
0.00584551
-0.00271592
0.00644533
-0.00235852
0.0069372
-0.00193854
0.00731111
-0.00147538
0.00755364
-0.00095867
0.00765951
-0.000418102
0.00762027
0.000180299
0.00743614
0.000773164
0.00710518
0.00136524
0.00662976
0.00194683
0.00601574
0.00250448
0.00527388
0.00302321
0.00441782
0.00349021
0.0034645
0.0038893
0.0024338
0.00420935
0.00134947
0.00443711
0.00023776
0.00455978
-0.000873943
0.00457315
-0.00195892
0.00447024
-0.00298224
0.00424262
-0.00392109
0.00390096
-0.00473829
0.00343728
-0.00541613
0.00287285
-0.00593014
0.00221027
-0.00625551
0.00146444
-0.00637597
0.000659956
-0.00628986
-0.00019831
-0.00599739
-0.0010527
-0.00549746
-0.00188791
-0.00480626
-0.00267231
-0.00393985
-0.00338215
-0.00292695
-0.00398439
-0.00180048
-0.00445056
-0.000602649
-0.00475476
0.000618588
-0.00487932
0.00181988
-0.00481311
0.00295063
-0.00454434
0.00396314
-0.00408083
0.00480547
-0.0034273
0.00544519
-0.00261298
0.00584212
-0.0016547
0.00597003
-0.000601469
0.00582718
0.000531247
0.00540944
0.00164398
0.00473048
0.00270146
0.00381629
0.00365488
0.00270847
0.00444542
0.00146495
0.00502397
0.000139848
0.00535585
-0.00118364
0.0054006
-0.00243901
0.00515086
-0.00355726
0.00461327
-0.00447039
0.00380083
-0.00512017
0.00275446
-0.00545938
0.00152419
-0.00546961
0.000187101
-0.00514444
-0.00120976
-0.00449945
-0.00252253
-0.0035717
-0.00369249
-0.00241843
-0.00463534
-0.00112042
-0.00527505
0.000239203
-0.00556355
0.00156069
-0.00545483
0.00274571
-0.00495323
0.00371211
-0.0040914
0.00437675
-0.00291325
0.00469848
-0.00151708
0.00463665
2.08361e-05
0.00421278
0.00154931
0.00345219
0.00294431
0.00242319
0.00408999
0.00121531
0.00488347
-6.65605e-05
0.00524896
-0.00130062
0.00512717
-0.00237449
0.00454259
-0.00318779
0.00353995
-0.00366452
0.0022135
-0.00375794
0.000691801
-0.0034717
-0.000886067
-0.00283947
-0.00231843
-0.00193456
-0.00347142
-0.000866141
-0.00420976
0.000242969
-0.00445076
0.00125632
-0.00414267
0.00205399
-0.00334377
0.00254047
-0.00214551
0.00265803
-0.00069915
0.00240448
0.000821544
0.0018163
0.00218442
0.000980032
0.00322007
1.78833e-05
0.00378054
-0.000923652
0.00375794
-0.00170845
0.00317011
-0.00221789
0.00209912
-0.00237868
0.000702628
-0.00216727
-0.000828898
-0.00161944
-0.00222209
-0.000824057
-0.0032749
9.0516e-05
-0.00381726
0.000970237
-0.00373393
0.00167325
-0.00305803
0.00208771
-0.00190574
0.00215241
-0.000474911
0.00187141
0.000986836
0.00130815
0.00220745
0.000578991
0.00297879
-0.000173603
0.00317343
-0.00080414
0.00275839
-0.00119795
0.00185533
-0.00129425
0.000666313
-0.0010972
-0.000550277
-0.00067236
-0.00153203
-0.000131864
-0.00207842
0.000391124
-0.00208624
0.000771332
-0.00157005
0.000921613
-0.000675145
0.000811344
0.000368665
0.000473663
0.00129296
0.00184942
-0.00269652
0.00446506
-0.00531484
0.00428447
-0.00772629
0.00391983
-0.00977147
0.00329905
-0.0112726
0.00241522
-0.0120857
0.00127822
-0.0123372
0.000267103
-0.0121744
-0.000757583
-0.0127992
-0.000349783
-0.0134764
-0.00074837
-0.0138056
-0.00149524
-0.0136098
-0.00244099
-0.012882
-0.00338681
-0.0116624
-0.00428733
-0.0100138
-0.00510813
-0.00802272
-0.00581639
-0.00575362
-0.00642044
-0.0032519
-0.00693184
-0.000566644
-0.00733056
0.00223625
-0.00759537
0.00508387
-0.0077035
0.00793115
-0.00768668
0.0106925
-0.00747936
0.0133117
-0.00713345
0.0156851
-0.00655955
0.0177881
-0.00590486
0.0194774
-0.00495095
0.0208584
-0.00414204
0.0215587
-0.00273071
0.0217102
-0.00153475
0.0213829
-0.000353837
0.0207306
0.000612815
0.0198084
0.0014663
0.0187059
0.00220044
0.0174824
0.00283156
0.0161763
0.00337482
0.0148193
0.00383618
0.0134325
0.00422794
0.012034
0.00455453
0.0106356
0.00482488
0.00924594
0.00504271
0.00787458
0.00521124
0.00652677
0.00533463
0.00520703
0.00541676
0.00392101
0.00545703
0.00267287
0.00545668
0.00146449
0.00542157
0.000301193
0.00534764
-0.000813157
0.00523711
-0.00187257
0.00508868
-0.00287593
0.00490827
-0.00381689
0.0046894
-0.00468754
0.00443288
-0.00548505
0.00414422
-0.00620602
0.00382345
-0.00684543
0.00347175
-0.00739251
0.00308205
-0.00784679
0.00267054
-0.00820292
0.00222922
-0.00846045
0.00177184
-0.00861093
0.0012862
-0.0086535
0.000787881
-0.00858741
0.000279167
-0.00840952
-0.000239409
-0.00812325
-0.000755203
-0.00772919
-0.00126587
-0.00722976
-0.00176608
-0.00662932
-0.002248
-0.00593389
-0.00270493
-0.00515106
-0.00312958
-0.00428896
-0.003517
-0.00335811
-0.00385681
-0.00237006
-0.00414326
-0.00133811
-0.00437282
-0.000275892
-0.00453745
0.000799052
-0.00462673
0.00187
-0.00464381
0.00292405
-0.00458347
0.00393679
-0.00443699
0.00489721
-0.00421131
0.00578006
-0.00390047
0.00657387
-0.00350973
0.00725775
-0.0030424
0.00781861
-0.0024994
0.00824271
-0.00189948
0.00851625
-0.00123221
0.00863183
-0.000533675
0.00858352
0.000228601
0.00836861
0.000988079
0.00798557
0.00174827
0.00743757
0.00249483
0.0067317
0.00321035
0.0058802
0.00387471
0.00489829
0.00447212
0.00380611
0.00498147
0.00262756
0.00538791
0.00138908
0.00567559
0.000121242
0.00582762
-0.00114699
0.00584139
-0.00238063
0.00570388
-0.00354512
0.00540711
-0.00460861
0.00496445
-0.00553746
0.00436612
-0.00629748
0.00363287
-0.00686601
0.00277881
-0.0072261
0.00182453
-0.00735914
0.000792997
-0.00724939
-0.000308065
-0.00689973
-0.00140236
-0.00631746
-0.00247018
-0.00551039
-0.00347938
-0.00450878
-0.00438377
-0.00334128
-0.00515189
-0.00204729
-0.00574455
-0.000670592
-0.00613146
0.000735439
-0.00628535
0.00211514
-0.00619281
0.00341134
-0.00584054
0.00456335
-0.00523284
0.00552617
-0.00439012
0.00624711
-0.00333392
0.00669586
-0.00210345
0.00683509
-0.000740694
0.0066641
0.000702236
0.00617597
0.0021321
0.00538779
0.00348965
0.00433448
0.00470819
0.00306423
0.00571567
0.00163595
0.00645225
0.00012226
0.00686955
-0.00139048
0.00691334
-0.00282313
0.00658351
-0.00409563
0.00588577
-0.00512371
0.00482891
-0.00585216
0.00348291
-0.00622944
0.00190147
-0.00622548
0.000183138
-0.00583964
-0.0015956
-0.00508696
-0.00327521
-0.0040154
-0.00476405
-0.00269346
-0.00595728
-0.00120516
-0.00676336
0.000345406
-0.00711412
0.00184445
-0.00695388
0.00318721
-0.00629599
0.00426922
-0.00517341
0.00501356
-0.00365759
0.00535039
-0.00185391
0.00526319
0.00010804
0.00475847
0.00205403
0.00387398
0.00382879
0.0026847
0.00527927
0.00129626
0.0062719
-0.000162281
0.0067075
-0.00156346
0.00652835
-0.00277153
0.00575066
-0.00367615
0.00444457
-0.00419118
0.00272852
-0.00426889
0.00076951
-0.00391469
-0.00124027
-0.00316747
-0.00306564
-0.00211537
-0.00452352
-0.000883274
-0.00544186
0.000387166
-0.0057212
0.00153964
-0.00529515
0.00243706
-0.00424118
0.00297535
-0.0026838
0.00308873
-0.000812532
0.00277622
0.00113405
0.00208302
0.00287762
0.00111208
0.00419101
3.24998e-06
0.00488937
-0.00107583
0.00483702
-0.00196835
0.00406263
-0.00254364
0.00267441
-0.00271659
0.000875578
-0.00246662
-0.00107887
-0.00183453
-0.00285418
-0.000925055
-0.00418437
0.000112749
-0.00485507
0.00110374
-0.00472492
0.00188794
-0.00384224
0.00233979
-0.00235759
0.00239319
-0.00052831
0.00205524
0.00132479
0.00140292
0.00285977
0.000570017
0.00381169
-0.000279301
0.00402275
-0.000980544
0.00345963
-0.00140633
0.00228111
-0.00149122
0.000751207
-0.00124372
-0.000797784
-0.000742577
-0.00203317
-0.000117751
-0.00270324
0.000479018
-0.00268301
0.00090754
-0.00199857
0.00107114
-0.000838745
0.000937293
0.000502513
0.000545506
0.00168475
0.00239493
-0.00628622
0.0107513
-0.01259
0.0105883
-0.0185815
0.00991127
-0.0237966
0.00851413
-0.0275832
0.00620188
-0.0292258
0.00292076
-0.0284808
-0.000477841
-0.0256494
-0.003589
-0.0245733
-0.00142585
-0.0235443
-0.00177745
-0.0224466
-0.00259285
-0.0209377
-0.00394993
-0.0190378
-0.00528667
-0.0167518
-0.00657337
-0.0140795
-0.00778048
-0.0110061
-0.00888973
-0.00755936
-0.00986718
-0.00381022
-0.010681
0.000176912
-0.0113177
0.00432931
-0.0117478
0.00858674
-0.0119609
0.0129103
-0.0120102
0.0171957
-0.0117647
0.0213828
-0.0113206
0.0252634
-0.0104401
0.0288168
-0.00945831
0.0313525
-0.00748659
0.0335485
-0.0063381
0.0334174
-0.00259958
0.0325227
-0.000639992
0.0309511
0.00121774
0.0290939
0.00246996
0.0270144
0.00354584
0.0248305
0.0043843
0.0226044
0.00505769
0.0203882
0.00559098
0.0182217
0.00600274
0.0161214
0.00632821
0.0141057
0.00657028
0.0121768
0.00675378
0.0103362
0.00688322
0.0085791
0.00696839
0.00690735
0.00700638
0.00531428
0.00700983
0.00379295
0.00697835
0.00234024
0.00690939
0.000958834
0.00680298
-0.000353766
0.00666024
-0.00159674
0.00648009
-0.00276864
0.00626058
-0.00386654
0.00600617
-0.00488872
0.00571158
-0.00583308
0.00537724
-0.0066931
0.00500424
-0.00746274
0.00459309
-0.00813698
0.00414599
-0.00871459
0.00365966
-0.00918774
0.00314369
-0.00955303
0.00259451
-0.00980219
0.002021
-0.00993805
0.00142206
-0.00995521
0.000805035
-0.00985101
0.000174963
-0.00962808
-0.000462335
-0.00928371
-0.00109957
-0.00882028
-0.0017293
-0.00824127
-0.00234509
-0.00755176
-0.0029375
-0.00675826
-0.00349843
-0.00586903
-0.00401881
-0.00489279
-0.00449324
-0.0038421
-0.0049075
-0.00273043
-0.00525494
-0.00157213
-0.00553111
-0.000384087
-0.00572549
0.000818895
-0.00582971
0.00201941
-0.00584432
0.00319184
-0.0057559
0.00432338
-0.00556853
0.00538889
-0.00527683
0.00637145
-0.00488303
0.00725491
-0.00439319
0.00801186
-0.00379935
0.00863295
-0.0031205
0.00909695
-0.00236348
0.00939669
-0.00153195
0.00951643
-0.00065341
0.00945823
0.000286794
0.00921246
0.00123385
0.00877947
0.00218126
0.0081628
0.0031115
0.00737189
0.00400125
0.00641942
0.00482718
0.00532295
0.00556858
0.00410518
0.00619925
0.00279305
0.00670003
0.0014155
0.00705315
4.86234e-06
0.00723825
-0.00140639
0.00725264
-0.0027718
0.00706929
-0.00406355
0.00669886
-0.00523479
0.00613568
-0.00626222
0.00539356
-0.0071028
0.00447345
-0.0077281
0.00340411
-0.00811247
0.00220889
-0.00823994
0.000920469
-0.0081078
-0.000440201
-0.00770918
-0.00180098
-0.00704532
-0.00313403
-0.00613911
-0.00438559
-0.00501069
-0.00551218
-0.00370137
-0.00646122
-0.00225232
-0.00719359
-0.000714952
-0.00766882
0.000853857
-0.00785416
0.00238982
-0.00772877
0.00383015
-0.00728087
0.00511366
-0.00651635
0.00618379
-0.00546025
0.00697963
-0.00412976
0.00746962
-0.00259344
0.00761949
-0.00089056
0.00741591
0.000905814
0.00686465
0.00268336
0.00597815
0.00437615
0.00479784
0.0058885
0.0033749
0.00713861
0.00177591
0.00805124
9.40138e-05
0.00855144
-0.00158875
0.0085961
-0.00318342
0.00817818
-0.00458569
0.00728805
-0.00572556
0.00596878
-0.00651915
0.0042765
-0.00692347
0.00230578
-0.00689614
0.000155811
-0.0064533
-0.00203843
-0.0056055
-0.00412302
-0.00440288
-0.00596667
-0.00292351
-0.00743665
-0.0012659
-0.00842096
0.000452953
-0.00883297
0.00211281
-0.00861373
0.00359332
-0.0077765
0.00478043
-0.00636052
0.00558204
-0.0044592
0.00594098
-0.00221284
0.0058225
0.000226515
0.00523683
0.0026397
0.00423472
0.0048309
0.00290295
0.00661104
0.00135997
0.00781488
-0.00026433
0.00833181
-0.0018099
0.00807391
-0.00313685
0.00707762
-0.00412128
0.005429
-0.00466856
0.0032758
-0.0047303
0.000831246
-0.0043074
-0.00166317
-0.00345106
-0.00392198
-0.0022635
-0.00571109
-0.000880576
-0.00682478
0.00053199
-0.00713377
0.0018064
-0.00656956
0.00279251
-0.0052273
0.00337115
-0.00326244
0.00347637
-0.000917754
0.00310641
0.00150401
0.00231612
0.00366791
0.00122222
0.00528491
-1.85765e-05
0.00613017
-0.0012201
0.00603854
-0.00220913
0.00505167
-0.00284056
0.00330584
-0.00301949
0.00105451
-0.00273087
-0.00136749
-0.00202057
-0.00356448
-0.00100868
-0.00519627
0.000139004
-0.00600275
0.00122874
-0.00581465
0.00208345
-0.00469695
0.00256561
-0.00283975
0.00260456
-0.000567259
0.00221284
0.0017165
0.00147834
0.00359428
0.000552911
0.00473712
-0.000381966
0.00495763
-0.00114379
0.00422146
-0.00159475
0.00273207
-0.00166581
0.00082226
-0.00137039
-0.0010932
-0.00079934
-0.00260423
-9.85179e-05
-0.00340406
0.000563107
-0.00334463
0.00103287
-0.00246833
0.0012065
-0.00101237
0.00105043
0.000658582
0.000609804
0.00212537
0.00300473
-0.0101393
0.0208905
-0.0203533
0.0208024
-0.0300107
0.0195686
-0.0380146
0.0165181
-0.0429554
0.0111426
-0.0438111
0.00377646
-0.0396523
-0.00463669
-0.032328
-0.0109133
-0.0300916
-0.00366225
-0.0311288
-0.00074018
-0.0333107
-0.000410946
-0.0341455
-0.00311513
-0.0333509
-0.00608127
-0.0309486
-0.00897575
-0.0272576
-0.0114714
-0.0226028
-0.0135446
-0.0172701
-0.0151998
-0.0114761
-0.016475
-0.0053915
-0.0174023
0.000839326
-0.0179786
0.0071282
-0.0182498
0.0133716
-0.0182536
0.0193965
-0.0177897
0.0250931
-0.0170171
0.0301916
-0.0155387
0.0348995
-0.0141662
0.0389572
-0.0115443
0.0423106
-0.00969151
0.0425478
-0.00283678
0.0398418
0.00206601
0.0359179
0.00514167
0.0317608
0.00662706
0.0279374
0.00736917
0.0244978
0.00782392
0.0214648
0.00809075
0.0187474
0.00830831
0.0163062
0.00844395
0.0140829
0.00855147
0.0120392
0.00861406
0.0101382
0.00865475
0.00835989
0.00866153
0.00668427
0.00864401
0.00509278
0.00859787
0.00358158
0.00852104
0.00214212
0.00841781
0.000761924
0.00828959
-0.000556187
0.00812109
-0.00181621
0.00792027
-0.00301467
0.00767855
-0.00415364
0.00739955
-0.00522914
0.00708167
-0.00623342
0.00671586
-0.00716003
0.00630385
-0.0080038
0.00584801
-0.00875957
0.00534887
-0.00942445
0.00481086
-0.00998666
0.00422188
-0.0104425
0.0035995
-0.0107867
0.00293877
-0.0110129
0.00224718
-0.0111176
0.00152679
-0.0110978
0.000785206
-0.0109505
2.76986e-05
-0.0106756
-0.000737304
-0.010273
-0.00150211
-0.00974419
-0.00225816
-0.00909265
-0.00299663
-0.00832336
-0.00370679
-0.00744322
-0.00437858
-0.00646122
-0.00500081
-0.00538842
-0.00556604
-0.0042368
-0.00605912
-0.00302034
-0.00647139
-0.0017534
-0.00679806
-0.0004537
-0.00702519
0.000856659
-0.00714007
0.00215868
-0.00714634
0.00343554
-0.00703276
0.00466497
-0.00679796
0.00581997
-0.00643182
0.00688566
-0.00594873
0.00783776
-0.00534529
0.00865624
-0.00461783
0.00932499
-0.00378924
0.00982337
-0.00286187
0.010143
-0.00185162
0.0102652
-0.000775574
0.0101956
0.000356351
0.00992056
0.00150894
0.00944319
0.00265864
0.00876678
0.00378792
0.0079017
0.00486634
0.00686282
0.00586607
0.00566892
0.00676248
0.00434514
0.00752302
0.00291899
0.00812618
0.00142272
0.00854942
-0.000108274
0.00876924
-0.00163244
0.00877681
-0.00311268
0.00854953
-0.00451021
0.00809639
-0.00577897
0.00740445
-0.00687721
0.0064918
-0.00778289
0.00537913
-0.00845236
0.00407358
-0.00886128
0.00261782
-0.00898998
0.00104917
-0.00883574
-0.00059444
-0.00838883
-0.00224789
-0.00765872
-0.00386415
-0.00666404
-0.00538027
-0.0054306
-0.00674562
-0.00399685
-0.00789496
-0.0024188
-0.00877164
-0.00074236
-0.00934527
0.000964472
-0.00956099
0.00263429
-0.00939859
0.00419829
-0.00884487
0.00559099
-0.00790905
0.00674346
-0.00661272
0.00760663
-0.00499293
0.00812678
-0.00311358
0.00828072
-0.0010445
0.0080522
0.00113433
0.00743869
0.00329687
0.00646815
0.00534669
0.00517444
0.0071822
0.00362104
0.00869201
0.00188992
0.00978236
5.74252e-05
0.0103839
-0.00177027
0.0104238
-0.003492
0.00989992
-0.00500736
0.0088034
-0.0062349
0.00719632
-0.00708446
0.00512605
-0.00750661
0.00272794
-0.00746668
0.000115882
-0.00696784
-0.00253726
-0.00603165
-0.00505921
-0.00471452
-0.0072838
-0.00310251
-0.00904865
-0.00130746
-0.010216
0.000558688
-0.0106991
0.00235258
-0.0104076
0.00394362
-0.00936754
0.00521666
-0.00763357
0.0060697
-0.00531224
0.00643385
-0.00257699
0.006284
0.000376371
0.00563124
0.00329246
0.00452975
0.00593239
0.00307225
0.00806854
0.00138709
0.00950004
-0.000365931
0.0100848
-0.00203451
0.00974249
-0.00345828
0.00850139
-0.00450436
0.00647508
-0.00507389
0.00384533
-0.00511284
0.000870203
-0.0046298
-0.00214621
-0.00367856
-0.00487321
-0.00237295
-0.0070167
-0.000864405
-0.00833333
0.000668054
-0.00866623
0.00204427
-0.00794577
0.00309989
-0.00628292
0.0037115
-0.00387405
0.0038057
-0.00101195
0.0033832
0.00192651
0.00250666
0.00454446
0.00130564
0.00648593
-4.53207e-05
0.00748112
-0.00134927
0.00734248
-0.0024165
0.0061189
-0.00309152
0.00398087
-0.00327551
0.00123849
-0.00295012
-0.00169288
-0.00217118
-0.00434342
-0.0010709
-0.00629655
0.000168011
-0.00724166
0.00133836
-0.00698501
0.00224925
-0.00560784
0.00275353
-0.00334404
0.00277751
-0.000591236
0.00233695
0.00215706
0.00153144
0.00439978
0.000527384
0.00574118
-0.000477038
0.00596205
-0.00128689
0.00503131
-0.0017552
0.00320038
-0.00181076
0.000877814
-0.00147194
-0.00143201
-0.00084033
-0.00323584
-7.53029e-05
-0.00416909
0.000638722
-0.00405866
0.00114109
-0.0029707
0.00132119
-0.00119248
0.0011452
0.00083458
0.000663309
0.00260726
0.00366804
-0.0134024
0.034293
-0.0274864
0.0348863
-0.0424618
0.034544
-0.0584606
0.0325169
-0.0751098
0.0277918
-0.0918242
0.0204909
-0.107524
0.0110629
-0.119919
0.00148147
-0.107898
-0.015683
-0.0949858
-0.0136522
-0.081989
-0.0134078
-0.0701571
-0.014947
-0.0593072
-0.0169311
-0.0493083
-0.0189747
-0.0399862
-0.0207934
-0.0311881
-0.0223427
-0.0227684
-0.0236196
-0.0145886
-0.0246547
-0.00652735
-0.0254636
0.00153708
-0.026043
0.00971971
-0.0264324
0.018114
-0.0266479
0.0269114
-0.0265871
0.036239
-0.0263447
0.046476
-0.0257758
0.0576868
-0.025377
0.0708211
-0.0246786
0.0659555
-0.00482588
0.0583848
0.00473397
0.049436
0.0110148
0.0418435
0.0127342
0.0351682
0.0133023
0.0299343
0.0126031
0.0255058
0.0122524
0.0217873
0.0118092
0.0185495
0.0115462
0.015765
0.0112285
0.0133145
0.0110019
0.0111357
0.0107929
0.00917031
0.0106201
0.00737003
0.0104618
0.00569346
0.0103206
0.00411666
0.0101747
0.00261759
0.0100201
0.00118186
0.00985354
-0.000188526
0.00965997
-0.00150258
0.00943514
-0.00275884
0.00917653
-0.00395989
0.0088796
-0.00509927
0.00853893
-0.00617116
0.00815356
-0.00717332
0.00771802
-0.008102
0.00723253
-0.0089497
0.00669571
-0.00970781
0.00610698
-0.0103669
0.00546991
-0.0109252
0.00478027
-0.0113735
0.0040478
-0.0117053
0.00327051
-0.0119157
0.00245754
-0.0119994
0.00161057
-0.0119528
0.000738583
-0.0117736
-0.000151486
-0.0114604
-0.00105055
-0.011013
-0.00194947
-0.0104336
-0.00283753
-0.0097258
-0.00370446
-0.00889468
-0.00453792
-0.0079479
-0.00532535
-0.00689526
-0.00605345
-0.00574629
-0.00671501
-0.00451518
-0.00729022
-0.00321743
-0.00776915
-0.00186958
-0.00814591
-0.000489818
-0.00840495
0.000903703
-0.00853359
0.00228889
-0.00853153
0.00364488
-0.00838875
0.00494316
-0.00809624
0.00616884
-0.00765751
0.00729674
-0.00707662
0.008299
-0.00634755
0.00916355
-0.00548237
0.00986747
-0.00449317
0.0103914
-0.00338576
0.010723
-0.00218331
0.0108481
-0.000900646
0.0107653
0.000439143
0.010467
0.00180731
0.0099517
0.00317389
0.00922774
0.00451188
0.0083038
0.00579027
0.00719603
0.00697384
0.00592518
0.00803333
0.00451674
0.00893146
0.00300135
0.00964156
0.00141264
0.0101381
-0.000213174
0.0103951
-0.00182783
0.0103915
-0.00339766
0.0101194
-0.00486831
0.00956704
-0.00621058
0.00874672
-0.0073738
0.00765502
-0.00831893
0.00632426
-0.00902228
0.00477693
-0.00944801
0.00304354
-0.0095783
0.00117946
-0.00940369
-0.000769052
-0.00891724
-0.00273433
-0.0081345
-0.00464688
-0.00706498
-0.00644979
-0.00575014
-0.00806047
-0.00421999
-0.00942511
-0.00253503
-0.0104566
-0.000755836
-0.0111245
0.00106115
-0.011378
0.00283567
-0.0111731
0.00449571
-0.0105049
0.00597151
-0.00938485
0.00719163
-0.00783284
0.00810044
-0.00590174
0.00864577
-0.00365891
0.00879931
-0.00119805
0.00854786
0.00138579
0.00788558
0.00395915
0.00683939
0.00639289
0.0054584
0.00856319
0.00380688
0.0103435
0.00196267
0.0116266
1.69711e-05
0.0123296
-0.00192083
0.0123616
-0.00374365
0.0117227
-0.00534888
0.0104086
-0.00663427
0.00848171
-0.00752688
0.00601866
-0.00796026
0.00316132
-0.00790716
6.27806e-05
-0.00736227
-0.00308216
-0.00635442
-0.00606706
-0.00494754
-0.00869068
-0.00323189
-0.0107643
-0.00131528
-0.0121326
0.000655899
-0.0126703
0.00255084
-0.0123026
0.00422806
-0.0110448
0.00556107
-0.00896658
0.00644878
-0.00619994
0.00681532
-0.00294354
0.00663754
0.000554152
0.00592658
0.00400342
0.00473866
0.0071203
0.00318307
0.00962414
0.0013998
0.0112833
-0.000462666
0.0119473
-0.00222157
0.0115014
-0.00371733
0.00999714
-0.00480784
0.0075656
-0.00539002
0.0044275
-0.00540932
0.000889508
-0.00487195
-0.00268359
-0.00384406
-0.0059011
-0.0024449
-0.00841586
-0.000839857
-0.00993837
0.000789427
-0.0102955
0.00224276
-0.0093991
0.00335125
-0.00739141
0.00398172
-0.00450452
0.00406319
-0.00109341
0.00359512
0.00239458
0.00264881
0.00549076
0.00136343
0.00777132
-7.48367e-05
0.00891939
-0.00145679
0.00872444
-0.00258288
0.00724498
-0.00328927
0.00468726
-0.00347302
0.00142224
-0.00311586
-0.00205004
-0.00228122
-0.00517805
-0.0011118
-0.00746598
0.00019686
-0.00855032
0.00142769
-0.00821584
0.00237894
-0.00655908
0.00289635
-0.00386145
0.00290478
-0.000599669
0.00242308
0.00263877
0.00156024
0.00526262
0.00049567
0.00680575
-0.000560444
0.00701816
-0.00140409
0.00587495
-0.00188176
0.00367806
-0.00192125
0.000917301
-0.00154561
-0.00180765
-0.000865417
-0.00391603
-5.05218e-05
-0.00498399
0.000702401
-0.00481158
0.00122788
-0.00349617
0.00141107
-0.00137567
0.00121844
0.00102721
0.000704333
0.00312137
0.00437238
-0.0135235
0.0478165
-0.0280847
0.0494475
-0.0446754
0.0511347
-0.0645873
0.0524288
-0.0889226
0.0521271
-0.11845
0.050018
-0.152974
0.0455876
-0.189842
0.0383491
-0.172228
-0.152194
-0.131526
-0.112002
-0.0940576
-0.0777529
-0.0628555
-0.0490913
-0.0361856
-0.0238894
-0.0119717
-0.000198368
0.0116254
0.0236784
0.0362439
0.049506
0.0638006
0.0789577
0.0952863
0.0748986
0.0155618
0.057827
0.0218056
0.0451139
0.0237278
0.0357763
0.0220718
0.0286822
0.0203964
0.0233968
0.0178885
0.0193457
0.0163035
0.0162804
0.0148745
0.0138316
0.0139949
0.0117797
0.0132804
0.00996843
0.0128131
0.00831929
0.0124421
0.00678123
0.0121582
0.00531047
0.0119326
0.00389943
0.0117316
0.00253921
0.0115349
0.00121294
0.0113464
-6.94838e-05
0.011136
-0.00131774
0.0109082
-0.00253536
0.0106528
-0.0037158
0.010357
-0.00485433
0.0100181
-0.0059455
0.0096301
-0.00698189
0.00918995
-0.00795649
0.00869263
-0.0088612
0.00813723
-0.00968799
0.00752251
-0.0104288
0.00684781
-0.0110744
0.00611551
-0.0116176
0.00532348
-0.0120505
0.00448061
-0.0123659
0.00358592
-0.0125578
0.00264952
-0.012621
0.00167376
-0.0125511
0.000668647
-0.012345
-0.000357609
-0.0120014
-0.00139414
-0.0115202
-0.00243066
-0.0109035
-0.00345425
-0.0101544
-0.00445351
-0.0092788
-0.00541355
-0.00828477
-0.00631938
-0.00718154
-0.00715669
-0.0059797
-0.00791685
-0.00469432
-0.00857561
-0.00334056
-0.00912291
-0.00193477
-0.0095517
-0.000497005
-0.00984271
0.000953123
-0.00998372
0.00239243
-0.00997084
0.00379826
-0.00979458
0.00514901
-0.00944699
0.00641906
-0.00892755
0.00758797
-0.00824554
0.00862771
-0.00738729
0.00951945
-0.00637411
0.0102445
-0.00521825
0.0107826
-0.00392378
0.0111205
-0.00252125
0.0112449
-0.00102504
0.0111513
0.000532737
0.0108338
0.00212478
0.0102912
0.00371653
0.00953049
0.00527257
0.00856468
0.00675608
0.0074074
0.00813112
0.00608144
0.0093593
0.00461369
0.0103992
0.00303586
0.0112194
0.00138073
0.0117933
-0.000301906
0.0120777
-0.0019818
0.0120714
-0.00360899
0.0117465
-0.00513713
0.0110952
-0.00652599
0.0101356
-0.00772941
0.00885843
-0.00870811
0.00730296
-0.00942569
0.00549451
-0.00986168
0.00347953
-0.00998906
0.00130684
-0.00979634
-0.000961775
-0.00928293
-0.00324775
-0.00845848
-0.00547133
-0.00733621
-0.00757206
-0.00596387
-0.00943281
-0.00436669
-0.0110223
-0.00260532
-0.012218
-0.000749654
-0.0129801
0.00114039
-0.013268
0.00298624
-0.013019
0.00471395
-0.0122326
0.00624276
-0.0109137
0.00750852
-0.0090986
0.00844864
-0.00684186
0.00900983
-0.0042201
0.00916036
-0.00134858
0.00888631
0.00165984
0.00819146
0.004654
0.00709684
0.0074875
0.00565196
0.0100081
0.00392518
0.0120703
0.00200019
0.0135516
-2.52131e-05
0.014355
-0.00204022
0.0143766
-0.00392955
0.0136121
-0.00559362
0.0120727
-0.0069201
0.00980819
-0.00783638
0.00693494
-0.00827445
0.00359939
-0.00820334
-8.32979e-06
-0.007625
-0.00366049
-0.00656495
-0.00712712
-0.00509205
-0.0101636
-0.00329761
-0.0125588
-0.00130913
-0.0141211
0.000739819
-0.0147192
0.00270144
-0.0142642
0.00443421
-0.0127775
0.0058072
-0.0103396
0.00671237
-0.00710512
0.00707714
-0.00330831
0.00687416
0.000757137
0.00611482
0.00476276
0.004868
0.00836711
0.00324397
0.0112482
0.00137808
0.0131492
-0.000548552
0.0138739
-0.00236809
0.0133209
-0.0039096
0.0115387
-0.00502628
0.00868227
-0.00561038
0.00501161
-0.00560838
0.000887507
-0.00503002
-0.00326195
-0.00394119
-0.00698994
-0.00247274
-0.00988431
-0.000795508
-0.0116156
0.000892207
-0.0119832
0.00239583
-0.0109027
0.00353638
-0.00853196
0.00417694
-0.00514508
0.00424456
-0.00116103
0.00374017
0.00289897
0.00274037
0.00649056
0.00139399
0.00911769
-0.000104226
0.0104176
-0.00153935
0.0101596
-0.00270407
0.0084097
-0.00342827
0.00541147
-0.00360809
0.00160206
-0.00322575
-0.00243239
-0.0023494
-0.0060544
-0.00113068
-0.00868469
0.000223632
-0.00990463
0.00149346
-0.00948567
0.00246875
-0.00753437
0.00299086
-0.00438356
0.00298401
-0.000592822
0.0024704
0.00315238
0.00156584
0.00616718
0.000459524
0.00791206
-0.000629548
0.00810724
-0.00149259
0.00673799
-0.00197213
0.00415761
-0.00199566
0.000940831
-0.00159084
-0.00221248
-0.00087509
-0.00463178
-2.45959e-05
-0.00583448
0.00075199
-0.00558816
0.00129103
-0.00403521
0.00147408
-0.00155872
0.00126859
0.0012327
0.000732023
0.00365793
0.0051044
-0.00179512
0.0496116
-0.00296519
0.0506175
-0.00316699
0.0513365
-0.00217572
0.0514375
-0.000737933
0.0506893
0.000947276
0.0483328
0.0015758
0.0449591
0.0399249
-0.00022009
0.0157818
0.00243326
0.0191523
0.00678035
0.0193807
0.00965542
0.0191968
0.0116467
0.0184051
0.0120774
0.0174578
0.0117636
0.0166173
0.0109107
0.0157275
0.00985503
0.0150506
0.00866945
0.014466
0.00746286
0.0140197
0.00624852
0.0136564
0.00503873
0.013368
0.00383905
0.0131322
0.0026436
0.0129271
0.00144863
0.0127299
0.00026201
0.012533
-0.00092016
0.0123181
-0.00209143
0.0120795
-0.00324204
0.0118034
-0.0043664
0.0114813
-0.00545933
0.0111111
-0.006512
0.0106828
-0.00751628
0.0101942
-0.00846374
0.00964009
-0.00934535
0.00901884
-0.0101522
0.00832938
-0.0108749
0.00757052
-0.011505
0.00674562
-0.0120329
0.00585134
-0.0124514
0.00489913
-0.0127526
0.00388708
-0.0129297
0.00282669
-0.012977
0.00172103
-0.0128899
0.000581578
-0.0126653
-0.000582189
-0.0123016
-0.00175793
-0.0117986
-0.00293364
-0.0111581
-0.00409468
-0.0103839
-0.00522772
-0.00948141
-0.00631607
-0.00845879
-0.00734199
-0.00732546
-0.00829002
-0.00609404
-0.00914826
-0.00477738
-0.00989227
-0.00339182
-0.0105085
-0.00195453
-0.010989
-0.00048485
-0.0113124
0.000994299
-0.0114629
0.00246366
-0.0114402
0.00389822
-0.0112291
0.00527466
-0.0108234
0.00656934
-0.0102222
0.00775507
-0.00943127
0.00881357
-0.0084458
0.00972103
-0.00728157
0.0104531
-0.00595033
0.0109971
-0.00446777
0.0113358
-0.00285999
0.0114575
-0.00114674
0.0113544
0.00063586
0.0110228
0.00245643
0.0104623
0.00427698
0.00967888
0.00605601
0.00868427
0.00775069
0.00749964
0.00931575
0.00614157
0.0107174
0.00463909
0.0119017
0.00302411
0.0128344
0.00133892
0.0134785
-0.000381713
0.0137983
-0.00209478
0.0137844
-0.00375104
0.0134028
-0.00531055
0.0126547
-0.00671963
0.0115447
-0.0079424
0.0100812
-0.00893701
0.00829757
-0.00966617
0.00622367
-0.0101006
0.00391394
-0.0102214
0.00142761
-0.0100155
-0.0011676
-0.00948754
-0.00377574
-0.0086361
-0.00632277
-0.00748818
-0.00871998
-0.00607489
-0.0108461
-0.0044392
-0.012658
-0.00263722
-0.01402
-0.000731656
-0.0148857
0.0011972
-0.0151969
0.0030838
-0.0149056
0.00484532
-0.0139941
0.0064072
-0.0124755
0.00769746
-0.0103889
0.00865057
-0.00779497
0.00921736
-0.00478688
0.00936576
-0.00149699
0.00907337
0.00195224
0.00835559
0.00537177
0.00722893
0.00861416
0.00574527
0.0114917
0.00397347
0.0138421
0.00199695
0.0155281
-6.70867e-05
0.0164191
-0.00212257
0.0164321
-0.00404915
0.0155387
-0.00574032
0.0137639
-0.0070878
0.0111557
-0.00801361
0.00786075
-0.00844859
0.00403437
-0.00836233
-9.45906e-05
-0.0077563
-0.00426652
-0.00666376
-0.00821965
-0.00514812
-0.0116792
-0.00331215
-0.0143947
-0.00128665
-0.0161466
0.000806406
-0.0168123
0.00280359
-0.0162614
0.0045635
-0.0145374
0.00595277
-0.0117288
0.00686137
-0.00801372
0.0072182
-0.00366514
0.00699306
0.000982279
0.00620315
0.00555268
0.00491931
0.00965095
0.00324912
0.0129184
0.00134341
0.0150549
-0.000620324
0.0158377
-0.00247025
0.0151709
-0.00403148
0.0130999
-0.00515609
0.00980688
-0.00573476
0.00559028
-0.00571441
0.000867154
-0.00510362
-0.00387274
-0.00397716
-0.00811639
-0.00246741
-0.0113941
-0.000752184
-0.0133308
0.000973186
-0.0137086
0.00250189
-0.0124314
0.00365582
-0.00968589
0.00429621
-0.00578547
0.00434955
-0.00121437
0.0038186
0.00342992
0.00278402
0.00752514
0.00139923
0.0105025
-0.000131646
0.0119485
-0.00159479
0.0116227
-0.00277808
0.00959299
-0.00350849
0.00614188
-0.00368148
0.00177505
-0.00328045
-0.00283341
-0.00237825
-0.0069566
-0.00113111
-0.00993184
0.000246584
-0.0112823
0.00153452
-0.0107736
0.00251837
-0.00851822
0.00303734
-0.00490252
0.00301631
-0.00057179
0.0024804
0.00368828
0.00155015
0.00709744
0.000420348
0.00904186
-0.000682778
0.00921036
-0.00155162
0.00760683
-0.00202606
0.00463205
-0.00203472
0.000949488
-0.00160892
-0.00263828
-0.000871123
-0.00536957
-3.87641e-06
-0.00670173
0.000786464
-0.00637851
0.00133023
-0.00457898
0.00151035
-0.00173884
0.00129596
0.00144709
0.000746661
0.00420723
0.00585106
0.000283137
0.0493285
0.000774494
0.0501262
0.00136334
0.0507477
0.0020406
0.0507603
0.00227795
0.050452
0.00224556
0.0483652
0.00127649
0.0459281
0.0412014
0.00133107
0.0144508
0.00280028
0.0176831
0.00446014
0.0177209
0.00554247
0.0181144
0.00649459
0.017453
0.00699158
0.0169608
0.00720732
0.0164016
0.00706045
0.0158744
0.00666226
0.0154488
0.00606474
0.0150635
0.00531917
0.0147653
0.00447669
0.0144989
0.00355363
0.014291
0.00258299
0.0141029
0.00157265
0.0139374
0.000532243
0.0137703
-0.000528059
0.0135933
-0.00160454
0.0133946
-0.00268054
0.0131555
-0.00375329
0.0128761
-0.00481601
0.0125441
-0.00585506
0.0121501
-0.00686265
0.0116904
-0.00782922
0.0111608
-0.00874435
0.0105552
-0.0095981
0.00987258
-0.0103807
0.00911198
-0.0110818
0.00827164
-0.0116923
0.0073561
-0.0122039
0.00636297
-0.0126074
0.00530259
-0.0128943
0.00417399
-0.0130583
0.00299072
-0.0130933
0.00175598
-0.0129943
0.000482552
-0.012758
-0.00081845
-0.0123827
-0.00213324
-0.0118687
-0.00344766
-0.0112173
-0.00474609
-0.0104324
-0.00601261
-0.00951963
-0.00722882
-0.00848639
-0.00837523
-0.00734351
-0.0094329
-0.00610214
-0.0103896
-0.00477632
-0.0112181
-0.00338231
-0.0119025
-0.00193754
-0.0124338
-0.00046102
-0.0127889
0.00102533
-0.0129492
0.00250006
-0.0129149
0.00393917
-0.0126682
0.00531949
-0.0122038
0.00661588
-0.0115186
0.00780486
-0.0106202
0.00886228
-0.00950322
0.00976848
-0.00818777
0.0105
-0.00668188
0.0110415
-0.0050092
0.0113753
-0.00319383
0.0114917
-0.00126311
0.0113796
0.000747917
0.0110417
0.00279437
0.0104737
0.00484495
0.00968277
0.00684694
0.00867983
0.00875363
0.00748245
0.0105131
0.00611377
0.012086
0.00460279
0.0134127
0.00298157
0.0144556
0.00128509
0.0151749
-0.000444556
0.015528
-0.00216462
0.0155045
-0.00382668
0.0150649
-0.00538854
0.0142166
-0.00680139
0.0129575
-0.00802364
0.0113035
-0.00901543
0.00928936
-0.00974296
0.0069512
-0.0101737
0.0043447
-0.0102867
0.00154064
-0.0100779
-0.00137644
-0.00953738
-0.00431625
-0.00867373
-0.00718642
-0.00751533
-0.00987837
-0.00608436
-0.0122771
-0.00444252
-0.0142998
-0.00262708
-0.0158354
-0.000710518
-0.0168023
0.00123078
-0.0171382
0.00312841
-0.0168032
0.00489905
-0.0157648
0.00646664
-0.0140431
0.00775952
-0.0116817
0.00871176
-0.0087472
0.00927937
-0.00535449
0.00941927
-0.00163689
0.00912013
0.00225137
0.00838351
0.0061084
0.00724652
0.00975115
0.00574708
0.0129912
0.00395888
0.0156303
0.00197167
0.0175153
-0.000104335
0.0184951
-0.00216743
0.0184952
-0.00410166
0.0174729
-0.00579465
0.0154569
-0.00714286
0.0125039
-0.00806009
0.00877798
-0.00848986
0.00446414
-0.00839217
-0.000192277
-0.00777034
-0.00488835
-0.00665999
-0.00933
-0.00513014
-0.0132091
-0.00328381
-0.016241
-0.0012403
-0.0181901
0.000856741
-0.0189093
0.00285734
-0.018262
0.00461663
-0.0162967
0.00600032
-0.0131125
0.00690081
-0.0089142
0.00724547
-0.0040098
0.00700308
0.00122468
0.00619805
0.0063577
0.00489498
0.010954
0.00320756
0.0146058
0.00129798
0.0169645
-0.000676059
0.0178117
-0.00252761
0.0170224
-0.00408555
0.0146578
-0.00520153
0.0109229
-0.00576756
0.00615631
-0.00573076
0.000830348
-0.00510065
-0.00450285
-0.0039551
-0.00926194
-0.00242376
-0.0129254
-0.00069331
-0.0150613
0.00103152
-0.0154334
0.00256117
-0.0139611
0.00371117
-0.0108359
0.00434234
-0.00641665
0.00438206
-0.00125409
0.00383491
0.00397707
0.0027822
0.00857785
0.00138266
0.011902
-0.000155489
0.0134866
-0.00162319
0.0130904
-0.00280677
0.0107766
-0.00353234
0.00686744
-0.0036964
0.0019391
-0.00328398
-0.00324583
-0.0023702
-0.00787038
-0.00111423
-0.0111878
0.00026471
-0.0126613
0.00155116
-0.0120601
0.00252932
-0.00949638
0.00303833
-0.00541154
0.00300488
-0.000538334
0.00245638
0.00423678
0.00151558
0.00803823
0.000380218
0.0101772
-0.000719856
0.0103104
-0.00158206
0.00846903
-0.00204556
0.00509555
-0.00204077
0.000944701
-0.00160212
-0.00307693
-0.000855154
-0.00611654
1.27153e-05
-0.0075696
0.000806165
-0.00717195
0.00134645
-0.00511926
0.00152127
-0.00191366
0.00130192
0.00166643
0.000749027
0.00476013
0.00660009
0.000770759
0.0485577
0.00167315
0.0492238
0.00267432
0.0497465
0.00364297
0.0497916
0.00432672
0.0497682
0.00438274
0.0483092
0.00285357
0.0474573
0.044055
-9.66564e-05
0.0145474
0.000889751
0.0166967
0.00229996
0.0163107
0.00339255
0.0170219
0.0042924
0.0165532
0.0047561
0.0164971
0.00501565
0.016142
0.00499125
0.0158988
0.00479263
0.0156474
0.00441145
0.0154447
0.0039008
0.0152759
0.00326727
0.0151324
0.00253515
0.0150232
0.00172337
0.0149147
0.000844688
0.0148161
-8.11767e-05
0.0146961
-0.00104473
0.0145569
-0.00203362
0.0143835
-0.00303946
0.0141613
-0.00405072
0.0138874
-0.00505565
0.013549
-0.00604679
0.0131412
-0.0070115
0.0126551
-0.0079398
0.0120891
-0.00882043
0.0114359
-0.00964391
0.0106961
-0.0103991
0.00986715
-0.0110766
0.00894915
-0.0116664
0.00794593
-0.012159
0.00685551
-0.0125458
0.0056894
-0.0128194
0.0044476
-0.0129724
0.0031437
-0.012998
0.00178162
-0.0128916
0.000376124
-0.0126498
-0.00106027
-0.0122714
-0.00251156
-0.0117558
-0.00396332
-0.0111047
-0.00539717
-0.0103216
-0.00679568
-0.00941293
-0.00813751
-0.00838611
-0.00940205
-0.00725106
-0.0105679
-0.00601853
-0.0116221
-0.0047038
-0.0125328
-0.00332232
-0.013284
-0.00189125
-0.0138648
-0.000429274
-0.0142509
0.00104162
-0.0144201
0.00250057
-0.0143739
0.00392424
-0.0140919
0.00528864
-0.0135682
0.00656934
-0.0127993
0.00774362
-0.0117945
0.00878822
-0.0105478
0.00967987
-0.00907942
0.0103994
-0.00740145
0.0109304
-0.00554016
0.0112553
-0.00351873
0.0113654
-0.00137317
0.0112513
0.000861941
0.0109094
0.00313631
0.0103416
0.00541276
0.00955284
0.00763568
0.00855638
0.00975009
0.00736727
0.0117022
0.00600905
0.0134443
0.00451018
0.0149115
0.00290108
0.0160647
0.00122085
0.0168552
-0.000492718
0.0172415
-0.00219253
0.0172043
-0.00383859
0.0167109
-0.00537969
0.0157577
-0.00677787
0.0143557
-0.00798358
0.0125092
-0.00896076
0.0102665
-0.00967375
0.00766419
-0.0100953
0.00476621
-0.0102056
0.00165098
-0.00999127
-0.00159078
-0.00944924
-0.00485828
-0.00858647
-0.0080492
-0.00743601
-0.0110288
-0.00601333
-0.0136997
-0.004383
-0.0159302
-0.002581
-0.0176374
-0.00068336
-0.0186999
0.00124427
-0.0190658
0.00312344
-0.0186824
0.00487797
-0.0175193
0.00642973
-0.0155949
0.00770686
-0.0129589
0.00864858
-0.00968893
0.00920503
-0.00591094
0.00933615
-0.00176801
0.00903493
0.0025526
0.00829559
0.00684774
0.00715799
0.0108888
0.00566672
0.0144824
0.00389024
0.0174068
0.00192586
0.0194797
-0.00013566
0.0205566
-0.00217782
0.0205373
-0.00409227
0.0193873
-0.00576269
0.0171273
-0.00709338
0.0138346
-0.00799272
0.00967732
-0.00840934
0.00488076
-0.00830305
-0.000298569
-0.00767747
-0.00551393
-0.00656723
-0.0104402
-0.00504682
-0.0147295
-0.00321114
-0.0180767
-0.00117917
-0.0202221
0.000888929
-0.0209774
0.00286463
-0.0202377
0.00459945
-0.0180315
0.00596013
-0.0144732
0.00684167
-0.00979573
0.00716911
-0.00433725
0.00691695
0.00147684
0.00610823
0.00716642
0.00480382
0.0122584
0.00312918
0.0162804
0.00123231
0.0188613
-0.000715519
0.0197595
-0.00254246
0.0188494
-0.00407704
0.0161924
-0.00517028
0.0120161
-0.00571776
0.00670379
-0.00566593
0.000778516
-0.00502895
-0.00513982
-0.00387979
-0.0104111
-0.00235594
-0.0144492
-0.000638804
-0.0167784
0.00106696
-0.0171392
0.0025768
-0.0154709
0.00370759
-0.0119667
0.00432202
-0.00703108
0.0043494
-0.00128147
0.00379501
0.00453146
0.00274236
0.00963051
0.00134848
0.0132959
-0.000174958
0.0150101
-0.0016263
0.0145417
-0.00279364
0.0119439
-0.00350486
0.00757867
-0.00365846
0.00209271
-0.00324165
-0.00366265
-0.00233006
-0.00878196
-0.00108236
-0.0124355
0.000277494
-0.0140211
0.00154515
-0.0133277
0.00250509
-0.0104563
0.00299842
-0.00590487
0.00295448
-0.000494393
0.00240248
0.00478877
0.00146542
0.0089753
0.000340097
0.0113026
-0.000741274
0.0113918
-0.00158617
0.00931393
-0.00203376
0.00554314
-0.00201732
0.000928265
-0.00157362
-0.00352063
-0.000828952
-0.00686121
2.94155e-05
-0.00842796
0.000812072
-0.00795461
0.0013416
-0.00564879
0.00150931
-0.00208137
0.00128873
0.00188701
0.000740562
0.0053083
0.00734065
0.000658727
0.047899
0.00139566
0.0484869
0.00216627
0.0489759
0.00284361
0.0491143
0.00328032
0.0493315
0.00313979
0.0484497
0.00214656
0.0484505
0.0462015
0.000153721
0.0143937
0.000895364
0.015955
0.00171932
0.0154867
0.00254249
0.0161987
0.00316898
0.0159267
0.00358293
0.0160831
0.00381518
0.0159098
0.00384073
0.0158732
0.0037113
0.0157768
0.00342713
0.0157289
0.00301373
0.0156893
0.00248067
0.0156655
0.00185746
0.0156464
0.00114519
0.0156269
0.00036524
0.015596
-0.000476149
0.0155375
-0.00136243
0.0154431
-0.00228138
0.0153025
-0.00322371
0.0151037
-0.00417788
0.0148415
-0.00513142
0.0145025
-0.00607467
0.0140845
-0.00699583
0.0135762
-0.00788415
0.0129774
-0.00872851
0.0122802
-0.00951913
0.0114867
-0.0102444
0.0105924
-0.0108952
0.00960004
-0.0114617
0.00851235
-0.0119336
0.00732743
-0.0123039
0.00605968
-0.0125639
0.00470762
-0.0127064
0.00328627
-0.0127255
0.00180072
-0.012616
0.000266527
-0.0123741
-0.00130213
-0.0119989
-0.00288674
-0.0114898
-0.00447238
-0.0108486
-0.0060384
-0.0100791
-0.00756518
-0.00918657
-0.00903006
-0.00817947
-0.0104091
-0.00706714
-0.0116803
-0.00586028
-0.012829
-0.00457356
-0.0138195
-0.00322227
-0.0146353
-0.00182265
-0.0152644
-0.000393523
-0.01568
0.00104398
-0.0158576
0.00246932
-0.0157992
0.0038594
-0.015482
0.0051911
-0.0148999
0.00644083
-0.0140491
0.00758445
-0.0129382
0.00860356
-0.0115669
0.00947174
-0.0099476
0.0101706
-0.00810031
0.0106858
-0.00605532
0.0109987
-0.00383167
0.0111018
-0.00147627
0.0109856
0.000978153
0.0106435
0.00347844
0.0100867
0.00596953
0.00931146
0.0084109
0.00833288
0.0107287
0.00716724
0.0128679
0.00583607
0.0147754
0.00436689
0.0163807
0.0027931
0.0176385
0.00114951
0.0184988
-0.000525856
0.0189169
-0.00218804
0.0188665
-0.00379449
0.0183174
-0.0052995
0.0172627
-0.00666293
0.0157191
-0.00783816
0.0136844
-0.00879015
0.0112185
-0.00948401
0.00835805
-0.00989181
0.00517401
-0.00999398
0.00175315
-0.0097783
-0.00180646
-0.00924329
-0.00539329
-0.00839711
-0.00889538
-0.00726504
-0.0121609
-0.00587295
-0.0150918
-0.00427011
-0.017533
-0.00250607
-0.0194014
-0.000647664
-0.0205583
0.00123952
-0.020953
0.00307744
-0.0205203
0.00479287
-0.0192347
0.00630929
-0.0171113
0.00755681
-0.0142064
0.00847564
-0.0106078
0.00901418
-0.00644947
0.00913639
-0.00189023
0.00883671
0.00285227
0.00810886
0.00757559
0.00698688
0.0120107
0.00552141
0.0159479
0.0037803
0.0191479
0.00185708
0.0214029
-0.000160725
0.0225744
-0.00215711
0.0225337
-0.00402808
0.0212583
-0.0056571
0.0187563
-0.00695311
0.0151306
-0.00782565
0.0105499
-0.00822414
0.00527925
-0.00811237
-0.000410342
-0.00749234
-0.00613396
-0.00640007
-0.0115325
-0.00490515
-0.0162244
-0.00310275
-0.0198791
-0.00111564
-0.0222092
0.000903045
-0.0229961
0.00283078
-0.0221654
0.0045209
-0.0197217
0.00584403
-0.0157963
0.00669622
-0.0106479
0.00700464
-0.00464566
0.00674883
0.00173265
0.00594622
0.00796903
0.00466262
0.013542
0.00302147
0.0179216
0.00115668
0.0207261
-0.00073875
0.021655
-0.00252017
0.0206308
-0.00401308
0.0176853
-0.00507245
0.0130755
-0.00559551
0.00722686
-0.00553317
0.000716176
-0.004897
-0.005776
-0.00376404
-0.0115441
-0.00226703
-0.0159463
-0.000586193
-0.0184592
0.00108116
-0.0188066
0.0025535
-0.0169433
0.00365268
-0.0130658
0.00424423
-0.00762264
0.00426079
-0.00129803
0.00370825
0.00508401
0.00266959
0.0106692
0.00129943
0.0146661
-0.000189605
0.0164991
-0.00160667
0.0159588
-0.00274421
0.0130815
-0.00343309
0.00826755
-0.0035756
0.00223521
-0.00316046
-0.00407779
-0.00226355
-0.00967887
-0.00104057
-0.0136585
0.000284869
-0.0153466
0.00151911
-0.014562
0.00245045
-0.0113877
0.0029236
-0.00637802
0.00287139
-0.000442184
0.00232408
0.00533608
0.00140322
0.00989615
0.000302739
0.012403
-0.000748328
0.0124429
-0.0015671
0.0101327
-0.0019951
0.00597114
-0.001969
0.00090216
-0.00152723
-0.0039624
-0.000794854
-0.00759358
4.36568e-05
-0.00926648
0.000805713
-0.00871667
0.00131858
-0.00616165
0.00147782
-0.00224061
0.00125923
0.0021056
0.000722791
0.00584474
0.00806344
0.000503569
0.0473954
0.00104832
0.0479421
0.00158234
0.0484419
0.00202962
0.048667
0.0023056
0.0490555
0.00210995
0.0486454
0.00151295
0.0490475
0.0477145
0.000187439
0.0142063
0.000805288
0.0153372
0.00135001
0.014942
0.00195693
0.0155918
0.00245242
0.0154312
0.00281796
0.0157176
0.00303206
0.0156957
0.00308297
0.0158223
0.00299983
0.0158599
0.00277844
0.0159502
0.00243419
0.0160336
0.00198145
0.0161182
0.00142741
0.0162004
0.000787865
0.0162665
7.54437e-05
0.0163085
-0.000699501
0.0163125
-0.00152546
0.0162691
-0.00238718
0.0161642
-0.00327322
0.0159897
-0.00417324
0.0157416
-0.0050779
0.0154072
-0.00597395
0.0149805
-0.00685065
0.0144529
-0.00769778
0.0138246
-0.00850339
0.0130858
-0.00925773
0.012241
-0.00995035
0.011285
-0.0105715
0.0102211
-0.0111123
0.00905323
-0.011563
0.00777807
-0.0119153
0.00641205
-0.0121617
0.004954
-0.0122954
0.00341991
-0.0123102
0.00181552
-0.0121996
0.000156006
-0.0119615
-0.00154032
-0.0115949
-0.00325328
-0.0110994
-0.00496794
-0.010476
-0.00666175
-0.00972916
-0.00831201
-0.00886323
-0.009896
-0.00788722
-0.0113852
-0.00680987
-0.0127576
-0.00564139
-0.0139975
-0.00439667
-0.0150643
-0.00309007
-0.0159419
-0.00173669
-0.0166178
-0.000356085
-0.0170606
0.0010326
-0.0172463
0.00240947
-0.0171761
0.0037518
-0.0168243
0.00503724
-0.0161853
0.00624319
-0.015255
0.00734771
-0.0140427
0.0083286
-0.0125478
0.00916474
-0.0107837
0.00983739
-0.00877296
0.0103308
-0.00654874
0.0106302
-0.00413102
0.0107251
-0.00157122
0.0106078
0.00109549
0.0102759
0.00381035
0.0097314
0.006514
0.00897813
0.00916417
0.00802871
0.0116781
0.0068988
0.0139978
0.00560883
0.0160654
0.00418667
0.0178029
0.00266335
0.0191618
0.00107355
0.0200886
-0.000545671
0.0205361
-0.00215194
0.0204727
-0.00370268
0.0198681
-0.00515666
0.0187167
-0.00647043
0.0170329
-0.00760464
0.0148186
-0.00852105
0.0121349
-0.00918892
0.00902592
-0.00957908
0.00556418
-0.00967416
0.00184823
-0.00946051
-0.00202012
-0.00893894
-0.00591485
-0.00811868
-0.00971564
-0.00701841
-0.0132612
-0.00566979
-0.0164405
-0.00411254
-0.0190903
-0.0024075
-0.0211065
-0.000607971
-0.0223578
0.00121734
-0.0227783
0.00299639
-0.0222993
0.00465418
-0.0208925
0.00612001
-0.0185771
0.00732577
-0.0154122
0.00821036
-0.0114923
0.00872637
-0.00696548
0.00884159
-0.00200545
0.00854514
0.00314872
0.00783654
0.00828418
0.00674641
0.0131009
0.00532278
0.0173715
0.0036383
0.0208324
0.00177104
0.0232701
-0.000179521
0.024525
-0.0021099
0.0244641
-0.00391725
0.0230657
-0.00548956
0.0203286
-0.00673732
0.0163783
-0.00757636
0.0113889
-0.00795288
0.00565576
-0.00783771
-0.000525514
-0.00723071
-0.00674096
-0.00616764
-0.0125956
-0.00471579
-0.0176763
-0.00296389
-0.021631
-0.00105156
-0.0241215
0.000901133
-0.0249488
0.00276187
-0.0240261
0.0043915
-0.0213513
0.00566459
-0.0170694
0.00647922
-0.0114626
0.00676882
-0.00493526
0.00651244
0.00198903
0.00572534
0.00875613
0.00447832
0.014789
0.00288511
0.0195148
0.001081
0.0225302
-0.000747156
0.0234831
-0.0024656
0.0223492
-0.00390263
0.0191223
-0.00491814
0.014091
-0.00541459
0.00772331
-0.00534424
0.000645824
-0.00471828
-0.00640197
-0.00361499
-0.0126474
-0.00215765
-0.0174036
-0.000523313
-0.0200936
0.00107695
-0.0204068
0.0024972
-0.0183635
0.00355412
-0.0141228
0.00411819
-0.00818671
0.00412527
-0.0013051
0.00358272
0.00562656
0.0025707
0.0116812
0.00123961
0.0159971
-0.000199419
0.0179381
-0.00156753
0.0173269
-0.00266413
0.0141781
-0.00332452
0.00892794
-0.00345553
0.00236623
-0.00304778
-0.00448555
-0.00217561
-0.010551
-0.000990192
-0.0148439
0.000287207
-0.016624
0.00147599
-0.0157507
0.00237038
-0.012282
0.00282004
-0.00682768
0.00276163
-0.00038378
0.00222597
0.00587174
0.00133185
0.0107903
0.000266178
0.0134687
-0.000742903
0.013452
-0.00152846
0.0109183
-0.00193404
0.00637672
-0.00190039
0.000868505
-0.00146648
-0.00439631
-0.000754991
-0.00830507
5.50055e-05
-0.0100765
0.000788797
-0.00945046
0.0012803
-0.00665316
0.00143014
-0.00239045
0.0012164
0.00231934
0.000697521
0.00636362
0.00876096
0.000356256
0.0470392
0.00073091
0.0475675
0.00109352
0.0480792
0.00135885
0.0484017
0.00153256
0.0488818
0.0013623
0.0488156
0.00102132
0.0493885
0.0487358
0.000263265
0.013943
0.000834936
0.0147655
0.00124885
0.0145281
0.00174216
0.0150985
0.00211197
0.0150614
0.00241223
0.0154173
0.00258574
0.0155222
0.00264219
0.0157659
0.00256498
0.0159372
0.00237544
0.0161398
0.00207115
0.0163379
0.0016635
0.0165259
0.00116319
0.0167007
0.000575885
0.0168538
-8.46391e-05
0.016969
-0.000804937
0.0170328
-0.00157689
0.0170411
-0.0023839
0.0169712
-0.00322002
0.0168258
-0.00407065
0.0165922
-0.00492573
0.0162623
-0.00577407
0.0158289
-0.00660559
0.0152844
-0.00740947
0.0146284
-0.00817405
0.0138504
-0.00888779
0.0129548
-0.00954764
0.0119448
-0.0101374
0.010811
-0.0106499
0.00956567
-0.0110778
0.00820594
-0.0114112
0.00674552
-0.0116442
0.00518698
-0.0117698
0.00354545
-0.0117825
0.00182828
-0.0116731
4.65934e-05
-0.0114415
-0.00177196
-0.0110882
-0.00360649
-0.0106116
-0.00544457
-0.0100118
-0.00726156
-0.00929492
-0.00902891
-0.00846357
-0.0107274
-0.00752667
-0.012322
-0.00649552
-0.0137888
-0.00537545
-0.0151176
-0.00418427
-0.0162554
-0.00293322
-0.0171929
-0.00163809
-0.017913
-0.000317815
-0.0183809
0.0010105
-0.0185746
0.00232672
-0.0184923
0.00361054
-0.0181081
0.00483937
-0.0174141
0.00599042
-0.0164061
0.00704648
-0.0150987
0.00798317
-0.0134845
0.00878022
-0.0115808
0.0094211
-0.00941385
0.00988999
-0.00701763
0.0101732
-0.00441421
0.0102604
-0.00165841
0.0101443
0.00121158
0.00982348
0.00413114
0.00929621
0.00704127
0.00857463
0.00988574
0.00766333
0.0125894
0.00657912
0.015082
0.00534189
0.0173026
0.00397883
0.0191659
0.00251871
0.0206219
0.000992028
0.0216152
-0.000551552
0.0220797
-0.00208937
0.0220106
-0.00357168
0.0213504
-0.00496201
0.020107
-0.006215
0.0182859
-0.00730009
0.0159037
-0.00817403
0.0130089
-0.00881073
0.00966263
-0.0091809
0.00593435
-0.00926906
0.00193639
-0.00906046
-0.00222872
-0.00855521
-0.0064201
-0.0077698
-0.0105011
-0.00671265
-0.0143183
-0.00541937
-0.0177337
-0.00392295
-0.0205867
-0.00229065
-0.0227388
-0.000565962
-0.0240825
0.00118147
-0.0245257
0.00288563
-0.0240035
0.0044736
-0.0224805
0.00587641
-0.01998
0.00702832
-0.0165641
0.00787295
-0.012337
0.00836189
-0.00745442
0.00847213
-0.00211569
0.00818045
0.00344041
0.00749799
0.00896663
0.00645098
0.0141479
0.00508507
0.0187374
0.00346542
0.022452
0.00167344
0.0250621
-0.000192428
0.0263908
-0.00204035
0.026312
-0.00376893
0.0247942
-0.00527211
0.0218318
-0.00646162
0.0175678
-0.00726088
0.0121882
-0.00761509
0.00600997
-0.00749715
-0.00064346
-0.00691008
-0.00732802
-0.00588626
-0.0136194
-0.00449062
-0.0190719
-0.00281124
-0.0233104
-0.000980175
-0.0259526
0.000886303
-0.0268153
0.002665
-0.0258048
0.00422104
-0.0229073
0.00543434
-0.0182827
0.0062058
-0.012234
0.00647652
-0.00520598
0.00622273
0.00224282
0.00546239
0.00951648
0.00426377
0.0159876
0.00272818
0.0210504
0.00100648
0.0242519
-0.000742237
0.0252318
-0.00238394
0.0239909
-0.00375504
0.0204935
-0.00471988
0.0150558
-0.0051872
0.00819063
-0.00511036
0.000568985
-0.00450307
-0.00700925
-0.0034391
-0.0137113
-0.00203695
-0.0188057
-0.000470995
-0.0216595
0.00105662
-0.0219344
0.00241392
-0.0197208
0.00342096
-0.0151298
0.0039542
-0.00871995
0.00395361
-0.00130452
0.00342664
0.00615353
0.0024507
0.0126571
0.00116969
0.0172782
-0.000204743
0.0193126
-0.0015125
0.0186347
-0.00255959
0.0152251
-0.00318683
0.00955518
-0.00330642
0.00248582
-0.00291063
-0.00488134
-0.00207138
-0.0113903
-0.000934205
-0.0159811
0.000285011
-0.0178432
0.00141919
-0.0168849
0.0022704
-0.0131333
0.00269419
-0.00725147
0.00263163
-0.000321226
0.00211344
0.00638994
0.00125451
0.0116492
0.000233951
0.0144893
-0.000726866
0.0144128
-0.00147405
0.0116654
-0.00185544
0.0067581
-0.00181602
0.000829083
-0.00139502
-0.0048173
-0.000711086
-0.008989
6.34761e-05
-0.010851
0.000763225
-0.0101502
0.00122995
-0.00711988
0.00136984
-0.00253034
0.00116322
0.00252596
0.000666447
0.0068604
0.00942741
0.00025036
0.0467888
0.000503423
0.0473144
0.000747513
0.0478352
0.000905827
0.0482434
0.00102079
0.0487669
0.000885654
0.0489508
0.000697079
0.0495771
0.0494329
0.000268365
0.0136746
0.000799963
0.0142339
0.00115738
0.0141707
0.00159631
0.0146595
0.00191254
0.0147451
0.00217221
0.0151577
0.00231885
0.0153755
0.00235928
0.0157254
0.00229571
0.0160007
0.00211792
0.0163176
0.0018488
0.016607
0.00147295
0.0169017
0.00101005
0.0171636
0.000467037
0.0173968
-0.000146938
0.017583
-0.000822686
0.0177085
-0.00154477
0.0177631
-0.00230521
0.0177316
-0.00309013
0.0176108
-0.00389021
0.0173923
-0.00469499
0.017067
-0.00549727
0.0166312
-0.00628142
0.0160686
-0.00704237
0.0153894
-0.00776229
0.0145703
-0.00843848
0.013631
-0.00905773
0.0125641
-0.00961689
0.0113701
-0.0101003
0.0100491
-0.0105019
0.00860753
-0.0108162
0.00705987
-0.0110359
0.00540664
-0.0111525
0.00366201
-0.0111643
0.00184017
-0.0110577
-6.00045e-05
-0.0108364
-0.00199332
-0.010499
-0.00394386
-0.0100457
-0.00589785
-0.00947429
-0.007833
-0.00879365
-0.00970954
-0.00800277
-0.0115182
-0.0071153
-0.0132095
-0.00613348
-0.0147706
-0.00507137
-0.0161797
-0.00394019
-0.0173866
-0.00275415
-0.0183789
-0.00152658
-0.0191405
-0.000273138
-0.0196343
0.000985495
-0.0198333
0.00223314
-0.0197399
0.00344938
-0.0193244
0.00461297
-0.0185777
0.00570455
-0.0174976
0.00670219
-0.0160964
0.0075906
-0.0143729
0.00834335
-0.0123335
0.00894695
-0.0100174
0.0093907
-0.00746137
0.00965565
-0.00467916
0.00973668
-0.00173944
0.00962235
0.00132591
0.00931498
0.00443852
0.0088138
0.00754245
0.00812461
0.0105749
0.00725764
0.0134564
0.00622703
0.0161126
0.00505149
0.0184782
0.00375618
0.0204613
0.0023688
0.0220093
0.00092352
0.0230605
-0.00054441
0.0235476
-0.00200133
0.0234675
-0.00340653
0.0227556
-0.00472447
0.0214249
-0.00591187
0.0194733
-0.00693883
0.0169307
-0.00776599
0.013836
-0.00836756
0.0102642
-0.00871616
0.00628295
-0.00879701
0.00201724
-0.00859538
-0.00243034
-0.00811393
-0.00690156
-0.00736672
-0.0112483
-0.00636031
-0.0153247
-0.00513191
-0.0189621
-0.00370913
-0.0220095
-0.00215856
-0.0242893
-0.000520939
-0.0257201
0.001137
-0.0261837
0.00275444
-0.0256209
0.00426103
-0.0239871
0.00559217
-0.0213111
0.00668334
-0.0176552
0.00748288
-0.0131365
0.00794248
-0.00791402
0.00804621
-0.00221942
0.00776209
0.00372452
0.00711246
0.00961627
0.00611534
0.015145
0.00481549
0.0200373
0.0032739
0.0239936
0.00156922
0.0267668
-0.000198426
0.0281585
-0.00195269
0.0280663
-0.00359115
0.0264327
-0.00501618
0.0232568
-0.00614037
0.018692
-0.00689553
0.0129433
-0.00722582
0.00634027
-0.00710744
-0.000761843
-0.00654544
-0.00789002
-0.00556881
-0.014596
-0.00423792
-0.0204028
-0.00264449
-0.0249038
-0.0009049
-0.0276922
0.000861124
-0.0285813
0.00254671
-0.0274904
0.00402043
-0.0243811
0.00516641
-0.0194287
0.00589223
-0.0129598
0.0061437
-0.00545745
0.00589441
0.00249211
0.00516768
0.0102432
0.00402477
0.0171306
0.00256456
0.0225106
0.000929004
0.0258875
-0.000726118
0.026887
-0.00228163
0.0255464
-0.00357876
0.0217906
-0.00448849
0.0159655
-0.00492497
0.00862711
-0.0048443
0.000488312
-0.00426183
-0.00759172
-0.00324413
-0.014729
-0.00191056
-0.0201393
-0.000421056
-0.023149
0.001023
-0.0233785
0.00230964
-0.0210075
0.00326152
-0.0160817
0.00376171
-0.00922013
0.00375505
-0.00129786
0.00324871
0.00665987
0.00231739
0.0135884
0.00109717
0.0184984
-0.00020604
0.0206158
-0.00144501
0.0198736
-0.00243651
0.0162167
-0.00302746
0.0101461
-0.00313605
0.0025944
-0.0027557
-0.00526168
-0.00195625
-0.0121897
-0.000873495
-0.0170638
0.000279
-0.0189957
0.00135193
-0.0179578
0.00215558
-0.0139369
0.00255213
-0.00764802
0.00248721
-0.000256309
0.00199084
0.00688631
0.00117332
0.0124667
0.000202953
0.0154596
-0.000702383
0.0153181
-0.00140756
0.0123706
-0.0017637
0.00711424
-0.00172032
0.000785704
-0.00131616
-0.00522146
-0.000664902
-0.00964026
6.92566e-05
-0.0115852
0.000730867
-0.0108118
0.00117051
-0.00755952
0.00130026
-0.00266009
0.00110253
0.00272368
0.000631161
0.00733176
0.0100586
0.000183561
0.0466052
0.000356169
0.0471418
0.000521441
0.0476699
0.000617141
0.0481477
0.000696642
0.0486874
0.00058448
0.0490629
0.000487183
0.0496744
0.0499201
0.000256941
0.0134177
0.000761157
0.0137297
0.00107817
0.0138536
0.00148596
0.0142517
0.00176625
0.0144648
0.0020147
0.0149092
0.00214641
0.0152438
0.00218841
0.0156834
0.00212853
0.0160606
0.00196627
0.0164798
0.00171921
0.0168541
0.00138003
0.0172409
0.000950703
0.017593
0.000439863
0.0179076
-0.000131845
0.0181547
-0.000765931
0.0183426
-0.00144248
0.0184397
-0.00215426
0.0184434
-0.00288927
0.0183458
-0.00364085
0.0181439
-0.00439877
0.017825
-0.00515185
0.0173843
-0.00588931
0.0168061
-0.00659764
0.0160977
-0.00727718
0.0152499
-0.00791066
0.0142644
-0.00849319
0.0131466
-0.00901418
0.0118911
-0.00947057
0.0105055
-0.00985041
0.00898737
-0.0101453
0.00735472
-0.0103482
0.00560958
-0.0104555
0.00376934
-0.0104584
0.00184305
-0.0103617
-0.00015669
-0.0101569
-0.00219809
-0.00983724
-0.00426357
-0.00940596
-0.00632912
-0.00887252
-0.00836644
-0.00822683
-0.0103552
-0.00748574
-0.0122593
-0.00664661
-0.0140486
-0.00572308
-0.0156941
-0.004725
-0.0171778
-0.00365918
-0.0184524
-0.00254316
-0.019495
-0.00138826
-0.0202954
-0.000210874
-0.0208117
0.000972521
-0.0210166
0.00214543
-0.0209129
0.00328865
-0.0204676
0.00438279
-0.0196718
0.00540884
-0.0185237
0.00634894
-0.0170365
0.00717797
-0.0152019
0.00788593
-0.0130415
0.00845361
-0.0105851
0.00886419
-0.00787195
0.00911235
-0.00492732
0.00918302
-0.00181011
0.00907513
0.0014338
0.00878424
0.0047294
0.00830823
0.00801846
0.00765806
0.0112251
0.00684014
0.0142743
0.00586872
0.017084
0.00476117
0.0195857
0.00354012
0.0216823
0.00223192
0.0233175
0.000867574
0.0244249
-0.00051112
0.0249263
-0.0018814
0.0248378
-0.00320449
0.0240787
-0.00444216
0.0226626
-0.00556166
0.0205928
-0.00652371
0.0178927
-0.00730376
0.0146161
-0.00786485
0.0108253
-0.00819132
0.00660943
-0.00826342
0.00208933
-0.00807338
-0.00262038
-0.00762248
-0.00735246
-0.00691464
-0.0119561
-0.00596503
-0.0162743
-0.00480948
-0.0201177
-0.00347151
-0.0233474
-0.00200096
-0.0257599
-0.000464631
-0.0272565
0.00109358
-0.0277419
0.00261758
-0.0271449
0.00403615
-0.0254057
0.0052853
-0.0225602
0.00631387
-0.0186838
0.00706418
-0.0138868
0.00749411
-0.00834395
0.00758623
-0.00231153
0.00731823
0.00399252
0.0067024
0.0102321
0.00576027
0.0160871
0.00453258
0.021265
0.00307777
0.0254484
0.00146958
0.028375
-0.000192585
0.0298207
-0.00184473
0.0297184
-0.00338741
0.0279754
-0.00472592
0.0245953
-0.0057813
0.0197474
-0.00649135
0.0136534
-0.00679486
0.00664378
-0.00667993
-0.000876766
-0.00614561
-0.00842434
-0.00522252
-0.0155191
-0.00396947
-0.0216558
-0.00246849
-0.0264048
-0.000824174
-0.0293365
0.000830734
-0.0302362
0.00241669
-0.0290764
0.00379962
-0.025764
0.00487486
-0.020504
0.00555292
-0.0136379
0.00578376
-0.00568829
0.00554298
0.00273289
0.00485516
0.010931
0.00377356
0.0182121
0.00239619
0.023888
0.000851906
0.0274318
-0.000699775
0.0284386
-0.00216224
0.0270089
-0.00338025
0.0230086
-0.00423286
0.0168182
-0.00463619
0.00903045
-0.00455495
0.000407068
-0.00400162
-0.00814505
-0.00303903
-0.0156916
-0.0017796
-0.0213987
-0.000377154
-0.0245515
0.000980249
-0.0247359
0.00219116
-0.0222184
0.00308324
-0.0169738
0.00354963
-0.00968653
0.00353757
-0.00128579
0.00305633
0.00714111
0.00217556
0.0144692
0.00102255
0.0196514
-0.000203579
0.0218419
-0.00136839
0.0210385
-0.00230045
0.0171487
-0.00285267
0.0106984
-0.00295064
0.00269237
-0.00258911
-0.0056232
-0.00183378
-0.0129451
-0.000812512
-0.0180851
0.00026976
-0.0200779
0.00127721
-0.0189653
0.00203067
-0.0146904
0.00239924
-0.00801659
0.00233319
-0.000190256
0.00186257
0.00735693
0.00109094
0.0132383
0.000176621
0.016374
-0.00067132
0.016166
-0.00133238
0.0130317
-0.00166296
0.00744481
-0.00161685
0.000739594
-0.00123266
-0.00560564
-0.000617751
-0.0102552
7.26441e-05
-0.0122756
0.000693503
-0.0114327
0.0011047
-0.00797072
0.00122432
-0.0027797
0.00103684
0.00291116
0.000593161
0.00777544
0.0106517
0.000136414
0.000267698
0.000390085
0.000453102
0.00051375
0.000407753
0.00035726
0.000290215
0.000798033
0.00106691
0.00151428
0.00173484
0.00199573
0.00209548
0.00214904
0.00207777
0.00193308
0.00169394
0.00137543
0.000978468
0.000507898
-3.08142e-05
-0.000621473
-0.00125588
-0.00192062
-0.0026067
-0.00330636
-0.00401213
-0.00471402
-0.00540458
-0.00606744
-0.00669894
-0.00729033
-0.00783275
-0.00832038
-0.0087462
-0.00909921
-0.00937384
-0.00956322
-0.00966291
-0.00966873
-0.00957661
-0.00938314
-0.00908659
-0.00868643
-0.00818598
-0.00758562
-0.00689295
-0.00611174
-0.00525131
-0.00432048
-0.00332819
-0.00228664
-0.00121118
-0.000113656
0.000990934
0.0020862
0.00315422
0.00417657
0.00513593
0.00601398
0.00678873
0.00745221
0.00798225
0.00836503
0.00859481
0.0086611
0.00855776
0.00828268
0.00784068
0.00722995
0.00646391
0.00555389
0.00451687
0.00337535
0.00215333
0.000879663
-0.000412957
-0.00169191
-0.00293108
-0.00408469
-0.00513305
-0.00603188
-0.00675661
-0.00728057
-0.0075845
-0.00765226
-0.007478
-0.0070577
-0.0063953
-0.00551701
-0.00443204
-0.00318938
-0.00181615
-0.000368474
0.00107327
0.00249701
0.00382299
0.00499263
0.00595633
0.00665885
0.0070621
0.0071432
0.006894
0.00631212
0.00542749
0.00427613
0.00291463
0.00141127
-0.000144542
-0.00168821
-0.00313027
-0.00438169
-0.00536685
-0.00602846
-0.00631133
-0.00620217
-0.00570083
-0.0048376
-0.00366951
-0.00226858
-0.000723954
0.000809344
0.00229019
0.00358152
0.00458538
0.00521623
0.00542865
0.00519997
0.00455243
0.00353808
0.00224753
0.000801969
-0.000645415
-0.00201274
-0.00314964
-0.00394377
-0.00431771
-0.00423894
-0.00371768
-0.00281752
-0.00164147
-0.00032589
0.000936276
0.00206863
0.00290076
0.00333315
0.00331792
0.002864
0.00203685
0.000954991
-0.00019083
-0.0012779
-0.00214848
-0.00266226
-0.00275109
-0.00241139
-0.00170504
-0.000749895
0.000258908
0.00119846
0.00190115
0.00224281
0.00217764
0.00173442
0.00101131
0.000155675
-0.000634328
-0.00125031
-0.00155539
-0.00150839
-0.00114617
-0.000570525
7.37331e-05
0.000652362
0.00103506
0.00114544
0.000969341
0.000554343
)
;

boundaryField
{
    freeSurface
    {
        type            calculated;
        value           nonuniform List<scalar> 
181
(
0.0464688
0.0470105
0.0475475
0.0480847
0.0486267
0.0491689
0.0497249
0.0502773
0.0131275
0.0132219
0.0135848
0.0138044
0.0142443
0.0146483
0.0151441
0.0156299
0.0161319
0.0166245
0.0170932
0.0175594
0.0179899
0.0183782
0.0186934
0.0189333
0.0190741
0.0191082
0.0190318
0.0188435
0.0185307
0.0180861
0.0174966
0.0167606
0.0158814
0.0148558
0.013689
0.0123787
0.0109313
0.00934038
0.00762935
0.00579896
0.00386903
0.00184887
-0.000248815
-0.00239156
-0.00456012
-0.00672928
-0.00886689
-0.0109556
-0.012952
-0.0148298
-0.0165546
-0.0181086
-0.0194447
-0.0205365
-0.0213709
-0.0219092
-0.0221212
-0.0220081
-0.0215356
-0.0206942
-0.0194831
-0.0179145
-0.0159767
-0.013705
-0.0111152
-0.00825472
-0.00515709
-0.0018764
0.00153713
0.00500449
0.00846046
0.0118358
0.0150403
0.017994
0.0206228
0.0228238
0.0245395
0.0256985
0.026219
0.0261167
0.0253179
0.0238162
0.0216411
0.0187915
0.0153408
0.0113492
0.00691336
0.00215709
-0.00279465
-0.00777275
-0.0126185
-0.0171526
-0.0212026
-0.0245901
-0.0271331
-0.0287041
-0.0291836
-0.0285687
-0.0267316
-0.0237299
-0.0196475
-0.0145894
-0.0087472
-0.00239264
0.00424172
0.010814
0.0169718
0.0224164
0.0268099
0.0298784
0.0313765
0.0312621
0.0294175
0.0258467
0.0207326
0.014315
0.00692666
-0.000985933
-0.00892568
-0.0163824
-0.0228239
-0.0278057
-0.0308811
-0.0317695
-0.0305572
-0.0270553
-0.0215078
-0.0142687
-0.00590071
0.00296156
0.0115786
0.0192265
0.0251785
0.0288773
0.029886
0.0283762
0.0241455
0.0176123
0.00940439
0.000328289
-0.00866631
-0.0165918
-0.0225748
-0.0258671
-0.0259981
-0.0233507
-0.0178059
-0.0101189
-0.00127056
0.00759502
0.0152964
0.0207332
0.0229877
0.0221255
0.0180193
0.0112121
0.00278119
-0.0059629
-0.0136514
-0.0190402
-0.0210867
-0.0199049
-0.015393
-0.00835825
-0.000125091
0.00780015
0.0139615
0.0172296
0.0169561
0.0136477
0.0077499
0.000692591
-0.00596786
-0.0108308
-0.0129198
-0.0120113
-0.00835342
-0.00289009
0.00308726
0.00819044
0.0112061
)
;
    }
    walls
    {
        type            calculated;
        value           uniform 0;
    }
    floatingObject
    {
        type            calculated;
        value           nonuniform List<scalar> 
37
(
-0.0332965
-0.0336864
-0.0340764
-0.034471
-0.0348752
-0.0352794
-0.0356908
-0.0361069
-0.0365253
-0.0369509
-0.0373813
-0.0378164
-0.0382562
-0.0387009
-0.0391526
-0.0396067
-0.0400704
-0.040534
-0.0410072
-5.42101e-20
0
0
0
0
0
0
0
0
0
0
0
0
0
0
0
0
0
)
;
    }
    frontAndBack
    {
        type            empty;
    }
}


// ************************************************************************* //
